## ListNet
## Epochs = 1500
## No. of features = 30
1 2 3 4 5 6 7 8 9 10 11 12 13 14 15 16 17 18 19 20 21 22 23 24 25 26 27 28 29 30
0
0 0 0.08655876920695055
0 1 0.06474332990486895
0 2 -0.04795396155965297
0 3 -0.09566035438250205
0 4 0.025663625008335796
0 5 0.0855696229225538
0 6 0.04507616559932661
0 7 0.05993248985259099
0 8 0.05235330203156125
0 9 0.0776832060952593
0 10 0.004392346971754214
0 11 -0.0575170809094025
0 12 0.03273321915265008
0 13 -0.04329643264021344
0 14 0.06711813820084768
0 15 -0.023946069288766737
0 16 -0.07875702520014197
0 17 0.008513162275854096
0 18 -0.0982659918577646
0 19 0.07325136697658235
0 20 0.07576416449978068
0 21 -0.06928964986513877
0 22 -0.01977979165165973
0 23 0.016318415129223128
0 24 0.04680833261275666
0 25 0.05977101506324354
0 26 0.032128609643056395
0 27 -0.009366403712892112
0 28 -0.06281552089788515
0 29 -0.07663889464858258
0 30 0.05183975771069527
