## LambdaRank
## Epochs = 100
## No. of features = 30
## No. of hidden layers = 1
## Layer 1: 10 neurons
1 2 3 4 5 6 7 8 9 10 11 12 13 14 15 16 17 18 19 20 21 22 23 24 25 26 27 28 29 30
1
10
0 0 0.01973147359504517 -0.07913479657188459 0.0847959251846073 0.04440210586560726 -0.0031835041873919793 -0.09660516944365566 -0.02965518269212915 0.00980479465690821 0.0662006181313468 0.09163771953381188
0 1 -0.06094977831859586 0.04668907929174773 -0.0991019008273367 -0.09030661050131189 -0.05250325154523264 0.08900156128386531 -0.05233563970942027 -0.009771788586605162 -0.0510197466106682 -0.029353175880097487
0 2 0.009041194024567304 0.014735953637330665 0.023433070512340316 0.06473052504818294 -0.040895670423967245 -0.02605867212067568 0.0166328683757292 -0.025838648078133256 -0.007406190507080734 -0.018555207573950024
0 3 -0.06799434067648319 0.027009241060658183 -0.04824165408469577 -0.0793305902487757 0.021246981266025578 0.04052007473581602 0.07464270751795263 0.02396412148457448 0.020900274018294442 0.007225905429054697
0 4 0.09034289296561393 -0.08269640694233418 0.009020822134271503 0.04639747722529052 0.05239210831777494 0.07699943403435842 0.09968812051283488 0.012573378159779613 -0.04503917003782181 -0.003983145947748035
0 5 -0.07936853962774768 -0.08478019590926522 0.048310190788282956 0.03247089689829008 -0.07581647955232072 0.035921249911750344 0.07517030108322056 0.09653843826262193 0.03591248952217971 0.047957763542206176
0 6 -0.09563297750425781 0.03697470679946424 0.07705549585870795 -0.08742895318683266 0.08361518832440935 0.005689821400168562 -0.010907956601928719 0.04948538990278836 -0.0031568091122682524 -0.0951527708997492
0 7 -0.08961487789118576 0.011598997067451629 -0.09690824603459827 0.0976802317739714 0.09179777139064803 0.012314952387429877 -0.052048417398698366 0.0307568085098186 0.04786546499821688 -0.08474116836438916
0 8 0.09697188977872699 0.08676223453532345 0.002427570180272303 0.02970476759653551 -0.023829152141770435 0.07898459243065453 0.026368528610113764 0.009586207875254623 -0.04605259319730475 -0.05857114801793311
0 9 -0.016425996806054322 0.07934277324905883 0.06660776426855174 0.07135912355476337 -0.07364308503458049 -0.04989235023453735 0.07984531322507356 -0.012034416147970585 0.0018346058407500677 0.09502600230224209
0 10 -0.03497563407125403 0.09919522488893774 -0.05237233358599674 -0.07228179386113745 0.05640794753798783 -0.07348677718169495 -0.02898619234789761 0.02705028244977258 0.05826019578327759 0.06762910308586947
0 11 0.07494633109512425 -0.08835377687047616 0.09056740193290172 -0.04944766316853268 0.08842962108492541 0.04538986501619934 0.02384869840761341 0.0758168697319481 -0.049557278304901024 -0.014237889708205416
0 12 0.013197347710954377 0.023807457836105998 -0.09896904352292961 0.06624821650155967 0.0816308887044263 0.0851225562243452 0.07535901055093129 0.09047671833616008 0.02906350050043789 -0.01921371202508286
0 13 -0.006909645242901217 0.007013228103132619 -0.0035294750003108744 -0.061389938176090224 0.052306165593827475 -0.029395226659620174 0.06760390179130252 0.0729595204160775 -0.003232719562454312 0.0995858189861251
0 14 -0.05618049576929325 -0.0027100824137051595 0.09400154277180857 0.08321301223418896 0.048235901511638236 -7.097329942938157E-4 -0.010911120295315782 -0.01729034430161565 -0.07005311767461028 -0.08902680942038468
0 15 -0.05862381927563867 -0.04976437740740738 -0.005315265156451851 -0.047239567032017975 -0.019413213149418924 -0.09517634140828828 0.013025540310936216 -0.014843416421667673 -0.03732990286201171 -0.0588383521958765
0 16 0.04379130262937953 0.047760145684956075 -0.06815380105673695 0.04928502840041797 -0.0018196526839582363 0.09137039478960826 -0.06455345096552156 0.0066343559833821715 0.020800196114814772 0.04874480470656754
0 17 0.0059231277699464836 0.024365110415351415 -0.009491430370503932 -0.029577220016759404 0.0393222891581109 -0.030701753962609563 0.074689729709542 0.062151854870094295 0.07740474616959787 -0.02591253991625823
0 18 -0.051367022968784586 0.04010599739837186 0.07310912314535545 0.04328725431007895 -0.046197561088054055 -0.051729007763163935 -0.016945501310770814 -0.01449433210206364 -0.06026984006352548 -0.01208906879381294
0 19 -0.001192520388825954 -0.06555605185409995 0.06345644612737655 -0.07533672013481889 0.046097377335141264 0.07241771107778333 0.07984483621435018 -0.05630487411105975 -0.026287902764398758 -0.02993004387340879
0 20 -0.0857367348962585 -0.032088823303658504 -0.00695958385627069 0.06537559181925398 -0.03842422249979674 0.024487250601914586 -0.0786716113262811 0.04346042139866401 0.026971290106945153 0.08816573275169867
0 21 -0.0803175297396927 -0.061075358524793254 0.08422373842516553 0.04141781403759151 -0.011676039401194658 0.030245706406435535 -0.0049029083809647486 -0.08012728908751718 0.06734356716422096 -0.08101276523073674
0 22 -0.0910412236314336 0.01040093386430069 -0.06936601203261897 -0.09410127024066754 0.08645955985755223 0.019263193068435422 0.034740817735275424 0.0916278090011994 -0.06686953300348178 0.0789874638663556
0 23 -0.09206894136450887 -0.07062179472255825 -0.024709079045538686 0.04651076810272055 0.0525756794999419 0.06507819844248748 -0.024681641241936968 -0.07611991055026196 -0.04851592673273921 -0.060264378913014
0 24 0.008672719532979168 0.010973588500796898 0.07492580941119946 0.06405636663475173 0.09763919748576984 -0.05699338010622954 0.009697241572010245 -0.06033085778606551 -0.07130476341038514 -0.07136351347348936
0 25 0.04142896654301356 -0.03147772489477843 0.007352484092163847 -0.01700759482133114 0.0032910883726464256 0.03831769135154187 0.02639446231718061 0.04410015775667633 -6.152729504509996E-4 0.08944837828787693
0 26 -0.018865025176532137 0.06103259426225942 0.013779888787564275 -0.014444982048756846 -0.030320803023551657 -0.04668671695125539 0.08422230009736555 -0.07870933408985317 -0.03875968408092348 -0.03962173383330032
0 27 0.016488067643661432 0.04555612133976592 0.08913923751809584 0.01053619630995931 0.0805040467229953 -0.09116843717255299 -0.042620356210462756 0.08806720906566308 0.062001359791660306 -0.028383020214409315
0 28 0.056593473628730115 -0.06179217614871246 0.08787512023379632 0.07930907997267599 -0.036963019682661725 0.02984818598487511 0.04821187505438507 -0.06448802147075768 0.0942163421075008 0.09410751528121655
0 29 -0.04772709694267982 0.04404907629614757 -0.0908426362553516 -0.03099825365344352 -0.04605962611800519 0.05446035821415862 -0.08868970842250354 0.08215048443857846 -0.08523787277086689 0.033163967670876884
0 30 -0.09038977626875443 -0.030430257777471652 0.018722275586977435 -0.011339493987934456 -0.04250291503149656 -0.036117867203097426 0.048789971022696096 0.07951060212095279 -0.08127974224024713 0.09843572191550187 0.004841166548430926
1 0 0.09414641559123957
1 1 -0.016236096620559866
1 2 -0.06736700981855334
1 3 -0.014194464311003753
1 4 -0.04757320880889957
1 5 -0.009744619950652032
1 6 0.008023577742278694
1 7 -0.004960751626640489
1 8 0.027404230087995564
1 9 -0.08377565443515697
