## RankNet
## Epochs = 100
## No. of features = 30
## No. of hidden layers = 1
## Layer 1: 10 neurons
1 2 3 4 5 6 7 8 9 10 11 12 13 14 15 16 17 18 19 20 21 22 23 24 25 26 27 28 29 30
1
10
0 0 -0.104648911132417 -0.07534779867741659 0.20766408017069599 -0.08605992907213837 0.2811598713717184 -0.16546398185198305 0.0782368993134191 -0.19715399801670366 0.19308726293035786 0.06625678749980742
0 1 -0.00414119584784094 0.12437289890464565 -0.13615352068695272 -0.008828818507010795 -0.16826222639777938 0.1077087255750483 -0.10557009560776191 0.04876178493974807 0.019589458116333464 0.036827384003961613
0 2 -0.06709816724268029 -0.11242645846458557 0.4212792053690723 -0.2902819133760816 0.45733231958638265 -0.2151353268198142 0.06942666417745201 -0.5576536613786749 0.1496931078662628 0.20249171990488632
0 3 -0.06688394820081285 -0.37092008305458923 1.047490316781236 -0.5380714945790745 0.8383930132625221 -0.7078828226728306 0.16084235746627848 -1.0431835859474872 0.28153508534919985 0.3883067388262034
0 4 -0.025126094140944303 -0.12878055720672255 0.40824211079711603 -0.13963223991283782 0.33316087649960646 -0.33719526632629165 0.06265244038110006 -0.45483551643306785 0.05010155803187605 0.09221925549186917
0 5 0.009179727892905182 -0.013997898540523145 0.10928164064165266 0.0011106000601799001 0.07978877567245353 -0.10857091199616356 0.07126641021054797 -0.12549219269046663 -0.039370405399105024 0.07084215919726054
0 6 0.08826865231316398 -0.017064373888046415 0.08778665831415955 -0.05615372511622773 0.14487005397858918 -0.03983181574385574 -0.06116029979578292 -0.06075953173748847 0.043978111239677986 -0.003625598187351414
0 7 -0.026901153849403215 -0.12101438132738696 0.24349690736004653 -0.09063885811446343 0.20149944444177292 -0.10285860012006516 0.12182297401389107 -0.30320679248211313 0.07832569269789894 0.04435626665853825
0 8 -0.015379742895735416 -0.08278194060217507 0.3221848818506613 -0.13937993437320206 0.20317465894253775 -0.2643593800425436 0.07513260149727341 -0.34795929609919707 0.20019186457373075 0.18871075566821477
0 9 0.042549048489056294 0.011641077502954634 0.1042031510452511 -0.0607012144061938 0.09322339148263074 -0.12391686068340585 0.12448004258977449 -0.07152091210079711 0.037121340987684485 0.13319005718593568
0 10 -0.08172067538610653 -0.06821381871909638 0.26297312628267105 0.007959104692649025 0.07488504068588932 -0.17921726259821485 0.1326296242269874 -0.10929315712654998 -7.573769576469863E-4 0.07490819774447696
0 11 0.008153261913457987 -0.02013619680656223 0.1148280387466382 -0.07567383317725361 0.17892322830263366 -0.16836657334937244 0.018650571080786684 -0.22726306983390185 0.032713546692935025 0.07502351807868166
0 12 0.029075112858711935 0.08238608433350679 -0.02410492470911935 -0.07270483731416146 -0.0701552008228181 -0.09462398602017509 -0.0213821062780553 0.056790835024458586 -0.025046868737869536 0.030663208974285223
0 13 0.04228193806947477 0.008356383377886445 0.29969681265810705 -0.020133279160216438 0.2623245094624821 -0.06000351478161104 -0.04663008006208119 -0.32730147519737013 0.16155954158090735 0.04440410735208033
0 14 0.09639774526713793 0.43498386572540265 -1.162644176656756 0.5180846075018339 -0.9410099508551835 0.6914043954683581 -0.1296035013920086 0.8562780899367728 -0.4583421351451223 -0.26802369953446176
0 15 0.06238950599393232 0.07274077648450289 -0.40675127957413926 0.1456674174713901 -0.16670103298871738 0.13623118383283855 0.01484172136454144 0.151917026696407 -0.04193061638299569 -0.09291665404020245
0 16 -3.125701474668169E-5 -0.010537722803839855 -0.022112666214714347 -0.006884241152156481 -0.10372823842985927 0.011124149367478827 -0.058979917740597895 0.04636770825572371 0.03702844016785062 0.007657062095592031
0 17 2.5548771875417097E-4 -0.007539021596952941 0.2585529987359573 -0.022890475266219037 0.26009080481786806 -0.17872344861331768 -0.024245467886313696 -0.25920720943355513 0.11405534258694561 0.1282680466620247
0 18 0.014044897640043281 0.09670595507679909 -0.2538308314719339 0.06591556286770232 -0.2247205410223664 0.10108381739040069 0.059306998468602955 0.13096322741039604 0.0017576994416131967 0.032279334787139034
0 19 -0.0033112105812370817 -0.21813356189638916 0.4644112692121491 -0.102055510697811 0.3515453247609118 -0.2528488981960905 0.13138032512012912 -0.3560474727353532 0.23359889135134368 0.19995676109500446
0 20 -0.0862818624355345 -0.0857931536215429 0.2770986648294331 -0.23100594870851968 0.2808197498095292 -0.297144891382195 0.0418887807868736 -0.4071394514894685 0.05066604472912257 0.037465793519021906
0 21 0.07106961512920892 0.019388656402220872 0.21882258197319773 -0.05504005992105901 0.10937737835447128 -0.15366210833658356 -0.0310419316548273 -0.19371408739328003 0.12907300158337684 0.09956348691373812
0 22 -0.09560185603537014 -0.11770359874458294 0.04818528069891823 -0.02825070307943527 0.02956493614008046 -0.021647709659773515 -0.016281638101836804 -0.19877717163258177 -0.003946790770832648 0.14067707998741194
0 23 0.08156001749690701 -0.0559908230239425 -0.10439914936353568 0.12400818239899712 -0.086514608494928 0.017559219023018602 -0.08399637113101223 0.13267656835882663 -0.048719927968006914 -0.036003475933084506
0 24 -0.02783099995383176 -0.056601972733552906 -0.13921538547556903 4.385172768681083E-4 0.008152563218774583 -0.016863285471259426 0.057624645735048774 0.07793552067057648 0.026335401610424358 0.04713665257554947
0 25 -0.02764092987149768 -0.002803100526087784 -0.07326911612828264 -0.1028696876837692 0.06758940766600426 -0.052014379211417626 0.08103403294672126 -0.07184723613621675 0.0053419259659206655 -0.04805626512767404
0 26 -0.025095928285298597 -0.033522267068126194 -0.10186427294104855 0.0735345070533533 -0.09742992447831328 0.14960805665872068 -0.12040086325349886 0.1245496001065894 -0.050522166580893584 0.04744393127651438
0 27 0.032943254753640884 0.04769504631519809 -0.17193942375603466 0.11646366051083244 -0.07089116136208788 0.1545069709296823 0.07859643058188791 0.127871401486858 -0.051773762506815556 -0.11910562417762768
0 28 0.016193026651361055 0.04307855250427013 -0.032939249741972675 -0.015306796707602929 0.07672765255212947 0.06684730925853655 0.03994702954436401 0.01873190463707215 0.030342246347201163 -0.06481819648994838
0 29 -0.013694236303869805 -0.006612306962501323 0.02491876988029593 -0.08544218816584433 0.11307092343322604 -0.1378697479598047 0.10154439251436943 -0.24304918949840515 0.094162379944757 0.1054006088490173
0 30 -0.0805157787714625 -0.00741002350826704 -0.14383548627188586 0.09609675427234009 -0.1057081786513468 0.11519937548092929 0.03525557910427433 0.040601709627193075 -0.1426694684943616 -0.03353093972226825 -0.45714502054359923
1 0 -0.2737994546488132
1 1 -0.7685598739459032
1 2 1.8408541557929607
1 3 -1.0068869347072111
1 4 1.4907789626312002
1 5 -1.3771916869904153
1 6 0.18341726218537602
1 7 -1.8320211822655843
1 8 0.5612918776171919
1 9 0.5183604181588102
