## ListNet
## Epochs = 1500
## No. of features = 30
1 2 3 4 5 6 7 8 9 10 11 12 13 14 15 16 17 18 19 20 21 22 23 24 25 26 27 28 29 30
0
0 0 -0.0502247872880726
0 1 -0.017145427495606828
0 2 0.023089584725234577
0 3 0.030118451267427283
0 4 -0.08937628090384725
0 5 -0.020331056023724575
0 6 -0.03392958769031924
0 7 -0.03915035899958618
0 8 0.01845614035960044
0 9 -0.002680591785532773
0 10 2.1320369520857544E-4
0 11 -0.03851049314995734
0 12 -0.04648533703020414
0 13 0.07613473785963965
0 14 -0.09923441122371869
0 15 -0.08721809824176668
0 16 0.015898114284331088
0 17 0.0683949879758271
0 18 -0.08110342720408534
0 19 0.039797088097463275
0 20 -0.07650765507180755
0 21 0.02875353318561543
0 22 -0.0980727209940596
0 23 -0.05512105761539018
0 24 -0.00656868846207795
0 25 -0.06971691877085938
0 26 -0.09144366536516046
0 27 -0.02551808794035951
0 28 -0.09014733279448613
0 29 0.027861159179353594
0 30 0.02116682566702366
