## LambdaRank
## Epochs = 100
## No. of features = 30
## No. of hidden layers = 1
## Layer 1: 10 neurons
1 2 3 4 5 6 7 8 9 10 11 12 13 14 15 16 17 18 19 20 21 22 23 24 25 26 27 28 29 30
1
10
0 0 0.08565395148472311 0.09494012644706953 -0.09881131642290682 -0.03667747235737497 0.054893182442375114 -0.007170794534087839 -0.08500142432509418 -0.08526722732216534 0.05861933185547999 0.08633882633883659
0 1 -0.06871169262725776 -0.01050954086347956 0.03561665153549556 0.07116605367508846 0.035379436288534336 0.09736147368682586 -0.07621391155535283 0.06706241884087595 0.05647933324247456 -0.02885780521069004
0 2 -0.006710728716081074 -0.010957924616565301 0.0915676875960645 0.08447082836199016 -0.0039008981275161086 -0.07357590484213285 0.0360884860478241 0.0872171747125925 0.05609324802240172 0.04056534276845852
0 3 0.02959250465203949 -0.031775922611228656 0.01954599008162921 -0.04318822868336623 -0.009704754308736319 0.01898937914770869 -0.06157142995770935 0.08937117071738536 -0.0381148535217405 0.007472132304062038
0 4 0.043491068764483894 -0.06538107555956704 -0.033656216241388946 -0.06710119067949777 -0.07214492216964774 -0.03073175094009327 -0.013767292863199436 0.08900988804959359 0.0422011272148433 -0.03545132556136683
0 5 -0.0885864800867113 0.057885711499498435 0.09644938389086703 -0.022563258612004703 -0.05077866193500799 0.044996480850769 -0.05661939879507154 -0.061529525746061124 -0.07438386014478085 -0.015057954427883916
0 6 -0.015025060767291222 0.07815581765059694 -0.06956383094294705 0.07024882726626787 0.032032073956643196 0.009092984341244368 0.04014463801972246 -0.07292938737490694 -0.05385539817849813 0.009349302172319803
0 7 0.05569465162669595 0.09943746841205585 -0.05189106183535282 -0.0857423933280378 -0.08149328000239262 0.07686115702125529 0.0847321570688243 -0.010500968236857798 0.005103664617447194 -0.04701903704945038
0 8 0.0019854930684745625 0.09654566387690297 0.06315032258269689 -0.08172118508505279 -0.041441292398058015 -0.07491272467018759 -0.09536055891645734 0.04799135563316947 -0.017606322358674827 -0.02654494155705193
0 9 -0.05123358612117411 0.08384071827755388 -0.0668545279750765 -0.06168686294367798 0.029973126962192856 0.09749265063432987 0.08975549623699194 0.027858586648343474 -0.061530113923409485 0.05010391558753425
0 10 0.029398386934278285 -0.055908946303229914 0.025118432731392817 0.014300454068282745 0.03336842687459686 0.018943324175050062 0.0588997505623426 0.02748971507501561 -0.07403471390319387 -0.08901361672791246
0 11 0.03557477109710176 0.07549273304263536 0.0436115780511787 0.02490853025505797 0.06493939159768783 -0.04675498939468715 0.09725241273033289 -0.012483591803142697 -0.03969826606670407 -0.09800659924831695
0 12 0.0928513701343306 -0.013543725741748723 0.056685482218031255 -0.05576902378044014 0.060381106559582794 -0.04231638877609682 0.030211236091438352 -0.06342863441262671 0.04481309623826296 -0.009417137084993867
0 13 -0.06665117645590726 0.0431464347452628 0.07963121339141677 0.01690521585564326 -0.08006406784514893 -0.012867603455991054 -0.0881940272140826 -0.08697836066420019 -0.014339373569767971 -0.03969265081838907
0 14 -0.060008342912571164 -0.03529482418975005 0.08027008463418882 -0.05751209488341874 0.01655085196632292 -0.07718890282904338 0.02986743262481148 -0.008609400553912683 -0.05978172782595414 0.06944051556887755
0 15 -0.06980261376277228 0.08291535261373559 0.005628919846259349 -0.040355419704166014 -0.05261719553870016 0.06019196936114416 2.203124308551349E-4 -0.06797417878493661 0.004635607268807283 -0.038598152413136036
0 16 -0.06811384567307065 -0.08537156090382289 -0.011261654755293279 -0.05286695211196852 -0.06385495124181241 -0.09185985846350311 0.032930637779673456 -0.046629065531211863 0.08194257284489521 -0.03935422450298667
0 17 -0.019817495543008976 -0.06578170167416124 0.03717356246200865 -0.05232115806162892 0.07633006101008738 -0.07059473782435213 -0.026981671030332888 -0.00343238526350431 0.05016515961955335 -0.0601770526005398
0 18 9.207845937136042E-4 -0.04463169894185536 0.03820736836548781 0.019714743464276048 0.07360399675758263 -0.03980836189482301 0.05848041246200459 0.05272176205957639 0.06563853484591613 -0.08880144939242107
0 19 0.07767898017165993 0.09003769819185935 0.006775388575009834 0.08088521863307435 -0.07963999271432513 -0.07748969470226429 -0.006609112541378099 -0.02760346293470902 -0.029947539639984467 -0.06501622689576006
0 20 -0.08508600226522098 -0.05700052980958855 -0.018638511634909514 -0.012720615141799016 0.053896584687912585 -0.045429165137953406 0.06113608507533504 0.022198934795643447 -0.06002765314253834 -0.07801580782653926
0 21 6.151720375288064E-4 0.08728427788051209 0.03038013662669524 -2.2764905645197576E-4 -0.08192534273003772 -0.023131235182141434 -0.01088431756700281 0.022048579269269872 -0.05968520979209245 -0.0033833668071110217
0 22 0.05117290024756457 0.08851701845373566 0.06493780967762275 -0.08354161116864606 0.0693357043116192 0.01085926114487424 -0.07654290182333834 -0.034861583701614796 0.0246768748481951 -0.08353151814772355
0 23 0.035778633865830675 -0.047848608231285686 0.03717805222590444 0.07841070109155399 0.0976846835729778 0.08982769758653636 -0.018821044010651922 0.01570713897127292 -0.03454279120940587 0.016775490053950223
0 24 -0.024020638073481464 0.06135637908586671 0.09406707682621146 -0.04787808692724795 -0.08270240940444064 -0.08788278071821792 -0.06773561882283884 -0.0024091485639571534 -0.05536066196220003 0.06761598180563536
0 25 -0.04330187363296448 0.0049809234200912655 0.036351667233941086 0.04110459040815441 0.09847577121078989 -0.008564734144665014 0.03170354170864368 -0.00155352857485263 -0.04257104875737857 -0.0994270160500421
0 26 0.07266768970559094 0.015787050214862312 0.03732757276412159 -0.06351406202994221 -0.03724980249146235 0.053699654850541644 0.08500195118708176 -0.08273281274861334 0.029946125641927872 -0.07853684969710487
0 27 0.047793845628051605 -0.04289147815409401 0.02136135511415113 0.08248052801350073 -0.05963242445013144 -0.07384990946832974 -0.026674074037753893 -0.09633218209167575 0.06216285520261017 0.08007969475978759
0 28 -0.020095477477879067 0.04094107835076457 0.05897946374816431 -0.01006377113163212 0.07682507473491722 0.08799237748378662 0.07582021297591524 -0.03183019454958488 0.07334808053448626 -0.037284606409855515
0 29 -0.09550206079925716 -0.07043266569922167 -0.019449483334430303 0.09147277744027907 -0.07709800099235654 -0.04853023349030077 0.05624475394759194 0.02338571399282368 -0.07088229266322413 -0.05119906796329362
0 30 0.022974259286545628 0.03722684766526051 -0.07103662030701705 -0.03237557904432115 0.0012468850175590227 0.0908932567789661 0.0233736761578483 0.05114084470075366 -0.03896825139850302 0.06967349663014262 -0.031708132475614215
1 0 -0.030703485012054988
1 1 0.007546961307525612
1 2 -0.01581192016601572
1 3 -0.08722057938575706
1 4 -0.045970302075147976
1 5 -0.048921309411525726
1 6 0.04554934054613112
1 7 0.006175696849822948
1 8 -0.004984361119568357
1 9 0.029303794726729296
