## RankNet
## Epochs = 100
## No. of features = 30
## No. of hidden layers = 1
## Layer 1: 10 neurons
1 2 3 4 5 6 7 8 9 10 11 12 13 14 15 16 17 18 19 20 21 22 23 24 25 26 27 28 29 30
1
10
0 0 -0.12418297769286901 0.30687580348046556 0.29962408059101214 -0.3246941134322731 -0.49669826251219384 -0.3101196218178431 0.1471151325430017 -0.06064204409896402 -0.38697627657318795 -0.4664268474220776
0 1 -5.687135194284031E-4 -0.22127222316544143 -0.1705347737682257 0.23941378865981922 0.25299128298763585 0.22150355822867912 -0.00825192486733493 0.01620761752293685 0.21998937506790026 0.1824480038982679
0 2 -0.008770209044642195 0.45024423698171134 0.5457155313209823 -0.6611007724768281 -0.8885572279731402 -0.6831371411868643 0.30426050690793427 -0.054471251584940004 -0.6968748666966118 -0.8463343652314554
0 3 -0.2243105301674351 1.128988424849828 1.2346262610579106 -1.4595547079855626 -2.28628230353999 -1.4746685756017897 0.6333187904851298 -0.19462233554001565 -1.7439277977851915 -1.9143183903679175
0 4 -0.10564793363157027 0.3464883004382643 0.38698738778393427 -0.46233525623511407 -0.9155678532245541 -0.5948581910158178 0.28381073412719 -0.08224238001049419 -0.7330793019425976 -0.7416993839585382
0 5 -0.11130770676992992 0.09900756498167727 0.1589917589252992 -0.058221022082600146 -0.22180919429937146 -0.19267558987671962 0.025988294325471947 -0.009562799982924409 -0.1572170170441349 -0.1670164509110435
0 6 0.010711397119705042 -0.005461269480083233 0.0740878668423297 -0.06423985814793125 -0.08857877767236534 -0.09810496878267574 0.01964280540381303 0.02572582161680338 -0.05171944966781212 -0.15504052682569297
0 7 -0.09091982260262588 0.36585669089776834 0.25132891355334297 -0.428910033203499 -0.4964348875439889 -0.2612870268797979 0.17116444401426203 -0.09901546586419029 -0.3863087179128409 -0.4511137973290828
0 8 -0.050161771169435224 0.3266415679474263 0.4068689453158858 -0.41794750514609014 -0.6401591630324095 -0.3277982360332118 0.15809224693600407 -0.1272255110328756 -0.47872027858263827 -0.5310175537932665
0 9 0.01644420966964187 0.19522328797054567 0.10057593645629356 -0.12193132196140723 -0.3804923502842015 -0.13771565027510824 0.13583452445422642 -0.02253882810265347 -0.23294276870582883 -0.2756399893048827
0 10 0.012267556495394941 0.1361776918171971 0.27942372679317157 -0.29400768326289595 -0.4008841203856995 -0.2378387342063794 0.11031294347391016 -0.1018458146131095 -0.3035919040655172 -0.3188805957296237
0 11 -0.009872297803329922 0.004682117566958575 0.045341855824864316 -0.16677277043069474 -0.3640877454775704 -0.2228561172912903 -0.02610633398711625 0.07930886768552083 -0.1658535741910637 -0.1516934478637597
0 12 -0.08400128459657384 0.061764580064867874 -0.022527749574877735 -0.04836645430791794 -0.041744474472370355 0.04830449983018834 -0.0580886266950431 0.06684741286696927 -0.08570878616748623 -0.01527800275991682
0 13 -0.0121002491729062 0.18673493219285953 0.24283687383937858 -0.2339584164349487 -0.4859278896420701 -0.2211003665233314 0.16084183206264976 0.053321198985927507 -0.43554027545348184 -0.28698493231502903
0 14 0.18965222462211392 -1.2078918560487732 -1.2396170980476935 1.2935911497655184 1.9179687916149901 1.2232205436116736 -0.5533658434057579 0.1521525604917062 1.4783648437912205 1.573721418098612
0 15 -0.03889966523232895 -0.4394612833424612 -0.42118265287830253 0.39145829810276245 0.5814582191762588 0.4057514953130538 -0.11442415022547567 0.13325848450636316 0.4819893958551417 0.39400173113695186
0 16 0.06460575085150821 -0.014481654379886525 0.018792384095334447 -0.07264730829952484 -0.05173138450472115 -0.025088768086279675 0.06402566756204926 0.08285606559560167 0.020805791645013057 -0.05443874277920695
0 17 -0.10886212721973498 0.2447691076963631 0.32662357248206814 -0.37381711495741315 -0.5630820416529965 -0.36859918719605245 0.11738133925514029 0.0028875605530827336 -0.5004282008143618 -0.48792810957218624
0 18 -0.029457749393471427 -0.11925424099230353 -0.22459455927317887 0.1458075449115093 0.13490481542147587 0.09656429105235213 0.04036675976476508 -0.05384644294029429 0.1916892975808304 0.05414167802575007
0 19 -0.14677695467156085 0.41366184782916443 0.45345717836587623 -0.4569773782285843 -0.8821742829103313 -0.5717674658047964 0.19977082153163286 -0.10117110104042122 -0.5839704825408434 -0.7507304489944673
0 20 0.020848079900521933 0.3480935092055321 0.3922335746098284 -0.5333668990629059 -0.7812631908083224 -0.4404709081435931 0.10983412508313058 0.014599921250443414 -0.6640571387196452 -0.5772783148081879
0 21 0.04048966689478486 0.24968271280085813 0.21877241996011515 -0.21306895145965168 -0.35850284843421726 -0.23475079317160363 0.052926319704327214 -0.05201109059336195 -0.2759972891634047 -0.43156204757561123
0 22 0.05490224202224778 0.11499650199517862 0.11110419393234634 -0.23246908470061123 -0.3052640227457687 -0.26503447577407413 0.05356958092584081 0.030116522275129235 -0.2696911200864962 -0.26313403735043184
0 23 0.06293472746539541 -0.1155917959342755 -0.011496989423736413 0.035619555894956384 0.25254994548419557 0.11056518515709106 -0.0393774000975705 -0.07406379498991851 0.08801869348376631 0.23050057139102653
0 24 0.007935050295504894 -0.12638451006637458 -0.08205083832075431 0.13823692457097994 0.15288130902615243 0.10273954066496307 -0.01969895630672676 -0.06028248626442646 0.021450998348802475 0.07837926588284266
0 25 -0.013918321634325237 -0.1304422022490774 -0.08561197448646736 -0.22533045830582857 -0.28905901002527956 -0.162222068984193 0.03005809649878869 0.04370717959808315 -0.2495350695561467 -0.21153836698113326
0 26 0.05884556618179692 -0.06513728218893053 -0.2436215360614238 0.10424021225721412 0.2780218322037561 0.02748835395203109 -0.13375964198287357 0.015190892659945757 0.08778403419575757 0.12466136008520093
0 27 0.018795286385187397 -0.22444153307755238 -0.16203640297075744 0.16991955343762702 0.21506792279607287 0.057238127192514414 -0.03470609589823197 0.04926240715335452 0.22207977400752751 0.25089672382982425
0 28 -0.05724789669312327 0.008777242392813394 -0.0055493376539559785 0.03776929580100943 0.02025069833800963 -0.015334635466729956 0.03529801241320195 -0.09628794594361015 -0.06718166670968051 -0.032350774523827
0 29 -0.02256511780987135 0.055919577786720354 0.025048685703515657 -0.27124986453308336 -0.3609253211352833 -0.1560551876397536 -0.06654234940969476 -0.10255487649539799 -0.2022793026787482 -0.3724613753453577
0 30 0.0597565112456722 -0.2639319601835882 -0.20209164157039244 0.00453810500507831 -0.07179754780943524 0.05498860322670242 -0.12864949747011714 0.0639920920709931 0.013757003325819942 -0.026875229680012717 -0.4956461112127136
1 0 -0.47343410413132614
1 1 1.9100085273317966
1 2 2.0438201736519117
1 3 -2.433311673526017
1 4 -3.4013831472782763
1 5 -2.444067589939467
1 6 0.9188760629402123
1 7 -0.45214759019647516
1 8 -2.836942426266938
1 9 -2.906593843957614
