## LambdaRank
## Epochs = 100
## No. of features = 30
## No. of hidden layers = 1
## Layer 1: 10 neurons
1 2 3 4 5 6 7 8 9 10 11 12 13 14 15 16 17 18 19 20 21 22 23 24 25 26 27 28 29 30
1
10
0 0 -0.09139504447032215 0.0706908215377042 -0.024207579861445144 -0.05999630928741396 -0.05657151989286487 0.0067565953021656465 -0.03346786301871011 -0.005347652066754761 -0.01147670725522752 -0.06013261344521196
0 1 0.03887603323320464 -0.0888627681235345 0.0772623719028913 -0.07565209099887518 0.052981319488630885 0.020296116136188636 0.04428924515822845 0.07497284614715746 0.0034205551956460662 0.03693368115935904
0 2 0.03546906284229707 -0.046123714530339165 0.056791371995196994 -0.017513042081422615 0.020864561802646203 0.06388241922796678 -0.02814951480330933 0.006779187740464575 -0.03603503218997665 -0.014988663918765325
0 3 -0.0273727105808109 0.01789358529150651 -0.09087957325247258 -0.04358992845853408 0.06299514544076631 -0.07779618597108144 -0.09618490933791708 -0.09860105925774704 0.07175326063632716 0.06178879926344827
0 4 -0.0018967140133589987 -0.09432012602746186 0.04143164190065591 -0.04170609800667179 0.010706081601202034 0.04455353872924789 0.06980704832405951 0.03744376749395267 -0.025665436844871437 -0.03359921616712161
0 5 0.04051863592357346 0.016621341994758794 0.001699716052330079 0.02959445126714954 0.09340383454574729 0.03854534048957952 -0.08394128595794577 -0.017920959859447555 0.04487250344776865 0.07241946550621114
0 6 -0.06670557665371508 -0.0625820765305354 0.03926327543171702 0.050242271136613906 -0.05212202096838408 0.05742370412792935 0.016809273402891678 0.034433680259472216 -0.062005662817281725 0.035478213427713075
0 7 0.047454117267533825 -0.089431333188059 0.04078864013564148 -0.04564132134832288 0.011005841594029933 -0.046782089012586514 0.08902797679519044 -0.08937153226899884 6.517079008602037E-4 -0.04553524225225684
0 8 -0.08287682870175622 0.035287664581008266 0.08958197202779364 0.009920368989285546 0.07144759994550232 0.08850136992826886 0.02481007127908498 -0.09776071789813556 0.07989770237534866 -0.012630135663272417
0 9 0.01827598356790459 -0.02457680946475689 0.0357632341713415 -0.019806524703997505 0.0379799830105725 -0.004733995018334652 -0.0785771869925465 0.060975817478432656 -0.06172213687811933 0.013134923105851955
0 10 0.04216943813057509 -0.05968529745560185 0.01574011769598884 0.09645619563529587 -0.0903820749457649 -0.09735090259169597 0.0946506983427012 -0.08929753087767905 -0.01737969983753233 -0.07772148941107831
0 11 0.07197675607869794 -0.008235444854427069 -0.0687685866665339 0.037604343251726235 -0.0038520513950851426 0.0020771176695907213 0.09193230764330843 -0.0672984463988757 0.07329325532474182 -0.03803314859230659
0 12 -0.004469218572174371 0.02657222518885625 -0.05315417879136519 0.0820991507418193 -0.04851650616859857 -0.022978438374555845 0.033215979777737804 -0.024517139824060424 0.013560644982434299 0.020170671807634977
0 13 -0.025122586736283557 0.055136466467865845 -0.023126763413741223 -0.0046866053422430125 -0.0580795682207371 0.06660011416461896 0.018321233900092316 -0.025628910759319893 0.06989233585744184 -0.005620095668790281
0 14 -0.024366630088790284 0.05963322769748339 -0.03950982569189086 -0.035685434968630934 0.04998483508804509 0.026948269602739366 -0.019903994494843695 -0.006713230221169573 0.057051850298001486 0.09200384186663742
0 15 0.012161205033790869 -0.05433410579476782 -0.026012568673789056 0.05251569194489156 0.05539477464739459 -0.048303119495946525 0.07055296423296557 -0.09728491254212494 0.028917768440138058 -0.040780191169942595
0 16 -0.0738328359493944 0.06514478129953626 0.026912115485323816 0.02618272642594396 0.06350833542077504 -0.007831946782393262 -0.013824735798735966 0.040938876623041895 0.012427645073231706 -0.07641082035285414
0 17 0.06828548276191225 0.08104984561947383 0.0176908217242327 0.01272703980678254 0.0996751790391557 -0.09844057083895522 0.0075401463707585594 0.02045795916988083 -0.05830823877428242 -0.09109649568223206
0 18 0.040634404515455524 -0.045371523652739144 -0.06121207233721794 0.035910019732696426 -0.06134081152877527 -0.040292400172096544 0.01873958855950601 -0.07035282614609711 -0.04637712360238867 -0.06289393307837783
0 19 0.099532977498692 0.04816156361016122 0.00767320467843399 -0.06127950631171453 -0.045580975287914154 -0.009402073432036584 -0.09321840959052628 0.04675754113552805 0.037064545015318834 -0.02564642079078697
0 20 0.019897763707964176 -0.06853699549934393 0.021181630133840265 -0.07063160996540545 -0.06309058504201782 0.005867474456496627 0.02861660185929547 0.0664369861329306 -0.053687090783020634 -0.005806558004061819
0 21 0.053216347406935614 -0.0327258502490037 -0.059245764003105265 0.06554200551136032 0.004073398266953411 0.03947257160800797 0.07897370625725968 -0.0599929678616766 -0.03195883983569151 -0.026168720964885234
0 22 -0.04145074861200104 -0.06475899418287906 -0.08946188008494474 -0.007033072718630564 0.07817239954990413 0.006289239650438359 0.009369356248638716 0.020923762604036465 -0.03695460740876477 0.002430402635239419
0 23 0.07821026384148694 -0.0250907462962538 -0.011923592841665994 -0.021898897601935714 0.03467895929874961 0.05245606856892669 -0.0929758331716561 0.09974398622187323 -0.04649025570452956 0.07223935150041645
0 24 -0.07939606030952945 0.09596155245265228 0.005456645361931614 0.0972380048939471 0.058312683877282466 -0.07242343342763378 -0.03450081456872829 -0.08102180937102663 0.025608307182700015 -0.0936972823015
0 25 0.01592979050717351 0.03401734996526917 0.0098787226314331 0.03006573754794621 0.039477337181082435 -0.06950858474062947 -0.07213204209063441 0.05117833491083897 -0.012066296626134669 -0.05291598448455316
0 26 0.06368324576477169 0.045480126848096214 0.09100046486437034 -0.09823698258914579 0.07325112920185707 0.009477561260154489 0.08471495667880415 0.09551887683328794 0.03246168347035421 -0.05929208124155955
0 27 0.0027381324210853024 -0.09996387210541108 0.024946931708858564 0.016455219718140873 0.062355906749421805 -0.04437353444824749 0.023675471776828556 -0.016329808729205083 -0.024431082709470576 0.058206490114014214
0 28 0.0779251287108229 0.050335096638412465 -0.08283336586189763 0.08955941146371094 -0.08801550144574041 -0.04905867228163827 0.03726805655145879 -0.030401785845438616 0.03261577218257453 -0.047120505668351804
0 29 0.054431277745730096 0.03929245062663398 -0.06055924255541915 0.049287242601189656 0.06405683190108487 0.04194662797546388 0.01722084164806041 0.036124633212691624 0.04007246767536863 0.06036711004071142
0 30 0.018097736921739122 -0.09458907128304618 -0.020297331573010738 0.005755719595489952 0.02002028803533767 -0.02439078439671588 -0.01014627395701201 -0.07913841773054707 0.09152698065826842 0.003417601849115458 0.017438972368836764
1 0 0.056935865432023905
1 1 0.0998062938451781
1 2 0.09092332422733365
1 3 0.09902748465538046
1 4 0.07592675834894257
1 5 -0.012742549180984681
1 6 -0.020078117027879115
1 7 -0.056317009031772156
1 8 0.017836952582001325
1 9 0.05275284126400894
