## LambdaRank
## Epochs = 100
## No. of features = 30
## No. of hidden layers = 1
## Layer 1: 10 neurons
1 2 3 4 5 6 7 8 9 10 11 12 13 14 15 16 17 18 19 20 21 22 23 24 25 26 27 28 29 30
1
10
0 0 -0.0010776693505079133 -0.08736062175279521 -0.09637289918672186 0.09827930405618251 0.06085678427913497 0.017403597619644617 -0.04695614371931163 -0.04851652209145101 -0.08724192321279547 -0.036359934528510086
0 1 -0.025103879372102195 -8.713005197627475E-4 0.056277761000020084 -0.05740094389425455 -0.06334759360177879 -0.08734122678076135 -0.024674340135701623 -0.02879805759029191 0.08775078174731864 0.007334396190062069
0 2 -0.03866127400478382 -0.06982614642962294 -0.04057031329486209 -0.010664021093185089 -0.0581138669033788 -0.09918173869112132 0.0978726794572016 -0.07729798021785972 -0.06963150160049791 0.020550912218131188
0 3 0.05077932174234038 0.06101897205100776 0.04370529089465327 0.05393831337158033 -0.0227047344028824 0.06109405760057548 -0.04239546798841514 -0.046149363787575656 0.06411501090484864 -0.029425928315748834
0 4 -0.09804180279407713 0.01090821416690587 0.015327456142212825 -0.0905627183904628 -0.0805202066882978 0.07131635110910127 0.013184185955202266 0.09976559026903051 0.09309861829896646 -0.07182356707542009
0 5 -8.872964898770969E-4 -0.09239096095236626 0.08263023284419135 -0.0354310080646015 -0.02883055801883522 -0.02108843916576961 -0.09185973826718832 -0.014030344275614356 0.028772635257681325 -0.08058905148293577
0 6 -0.06836704528852428 -0.07371618895717585 -0.019767415684604307 0.04321542701111367 0.014795363610813963 0.00374955860721292 0.025557977363970433 -0.019567624188130475 -0.07620676272992506 -0.02101105439726686
0 7 -0.08573483332307137 0.057510289088235814 0.07076135768467084 0.06264550816273072 0.0023612984040945616 -0.06457559029940241 0.011236811073647502 -0.02851090037374769 -0.09180307813657868 0.022439925973802257
0 8 -0.09916294341967319 0.03873354028488691 -0.005259518272133172 0.017673767734610685 0.054262515145932236 0.012125066634327252 -0.043448916551329236 0.06642577350930871 0.005116431015013132 -0.06896876892963796
0 9 0.009705873226672128 -0.06178708113612145 0.07273765928146635 -0.07593002569280073 -0.03916921912540916 -0.09780967603602621 0.08661682279397494 -0.030099689717984254 -0.0013930537673953517 -0.0575098950730405
0 10 -0.09477218975031046 -0.07673907997986551 -0.08890829549591296 0.06669366491897226 -0.08065796447019784 0.014072705492604322 0.09329059487406442 -0.013525752536488564 -0.04167283220631021 -0.022539827047806552
0 11 -0.0273723654444215 -0.05309003546960888 -0.08133684393739868 -0.08205563697851086 0.06627783523536987 0.06930330967876056 -0.026404710631848693 -0.025465347461638754 -0.061793547157484294 -0.08510071333996251
0 12 0.009442882535946589 0.07193634412168301 0.043612760109654224 0.04846677259028657 -0.06526461931306138 0.045469962601288674 -0.02590043602620087 3.25967311170522E-4 -0.026838078558347512 -0.07420415228859113
0 13 0.025016074049160137 -0.07276345021251705 0.058613860630512354 -0.09924921191346318 -0.03853133522842588 0.01111602771162419 -0.03329269386425206 -0.0962162968997882 0.04713150682671144 0.04355117692854672
0 14 -0.0373725031924741 -0.023669714992246314 -0.08413880585037528 -0.04071253803912535 0.09135778129603792 -0.0765969628429134 -0.048828544621820534 0.031087186381233874 0.08529907596425462 0.008256057214650947
0 15 -0.06507396812064585 -0.028532753109735496 -0.05591743275894617 0.026616871425966485 -0.04870371221775075 0.031026730461631825 0.07944653098348411 -0.04725414468796211 -0.09013570420794446 -0.034460529826524144
0 16 0.015255282344566877 0.0042263401118566475 0.07205213213714758 0.07434489062979889 0.010377707396898254 0.07084609366239672 -0.0013556646093757382 0.08359790877793521 0.06523661073266916 0.05367023874980187
0 17 -0.08246453656541203 -0.0023605514316474272 -0.07439301441092677 -0.05191448820799986 -0.05702142474681785 0.029904174169242136 -0.07071063956818197 0.05994553241005403 0.0010390098165046833 0.04384163394522894
0 18 0.04957818379889502 -0.007667704851160128 0.014907560628624297 0.037288080283725364 0.09327774777795836 0.0034845398061074456 -0.023542578150718894 0.0545543243982263 0.09799524624136878 0.032075926520256634
0 19 0.09101109520989743 0.09922444191088725 -0.08163621295479807 -0.017838591431911296 0.06604441141468859 0.0062684291635093 0.05508663829663882 0.035999045087785154 -0.08388478346896923 -0.048902173057416495
0 20 0.059167376723121376 0.08188774067334424 -0.002015011185682276 -0.036047954581535646 0.09892946347238582 0.07881223125024114 -0.08977344723376815 0.032530721125672325 -0.05395587174836248 -0.09694900372028298
0 21 0.06550657493790975 0.09127642248893839 0.012675132208789044 0.015428743693783322 -0.052707487062940254 0.04317654856236761 0.0512428367045886 -0.037265119448818385 -0.03918816585489757 0.03535116804928652
0 22 0.07787487116637891 0.0973078283062238 0.018973128585829398 -0.041385276699743775 -0.07082295072903551 0.07059862311823226 -0.05173229471548537 0.0955282174602681 -0.06590032737336689 0.09733718724365188
0 23 -0.09435221882571514 -0.011175160680605985 -0.09338543757369001 -0.08502903602088335 0.04837680562359126 0.06722962923694373 0.0151694856370424 -0.04966758710725859 -0.021264658242674404 0.02050409855359463
0 24 -0.09386187076975298 -0.07116636319680449 -0.012632688312604405 0.011200279353549189 -0.009988802313215514 0.02417777573526207 -0.026183286684460995 0.09429693845210683 0.04914267201077322 0.04779541022109948
0 25 -0.054632063319105126 0.003398069411362188 -0.09817660280477745 -0.07466652251839594 -0.0029506486033656115 0.01443781049494285 0.0318561928773192 0.027902142748326142 0.0912034034503803 0.024143575191780023
0 26 -0.014004472049022682 0.03270572499730678 -0.03189819636983342 -0.0011899159789330919 -0.01119357499859801 -0.06006542760541822 -0.08207928898359167 -0.09983611464797604 -0.09599666827893404 -0.03535156808632157
0 27 -0.052922456969712664 0.04762230722219404 -0.01492194404819613 -0.09946474446059736 0.0018230862791757453 0.03091529216945044 0.01236535520625926 -0.007963336801977645 0.03882197663918892 0.007560324069543803
0 28 0.028362051231700016 -0.08673824135816217 0.05792442218624461 -0.06900777147482853 0.034632330717594945 -0.04245361612757617 0.04055753516892095 -0.0584935424493587 -0.034029417268538954 -0.04273912287974182
0 29 0.08657605856238879 -0.02918452270186279 -0.02400329820434501 -0.039301973367367064 -0.09890083379473415 0.09046218034480817 0.01717186294778032 0.00635325103338975 0.085273877144001 0.048469801333925235
0 30 0.02623657399613642 -0.04416475472155501 0.011537367072016493 0.009041190214198738 -0.03237894281666722 0.014745604914956903 0.058206344786994775 0.06248819899284484 -0.05655306006905041 0.010176099459033331 -0.004535096697509385
1 0 0.019579332321882116
1 1 -0.005929708480834983
1 2 -0.043617427349090174
1 3 0.0937446579337127
1 4 -0.09000729769468248
1 5 -0.07244192063808437
1 6 0.06537747383117758
1 7 0.027244340628385676
1 8 -0.04288712888956109
1 9 0.02888005413115014
