## RankNet
## Epochs = 100
## No. of features = 30
## No. of hidden layers = 1
## Layer 1: 10 neurons
1 2 3 4 5 6 7 8 9 10 11 12 13 14 15 16 17 18 19 20 21 22 23 24 25 26 27 28 29 30
1
10
0 0 0.2771475659786523 -0.018742127705125806 -0.056290928013820365 -0.06974816581159417 -0.37834911119259246 -0.0336215857974318 -0.22270850456639193 0.02089569513899024 0.041491881807102664 0.2588536180152967
0 1 -0.15717888885438056 -0.01787787618641161 0.08194870606304966 0.04797289375183139 0.22457462432633568 -0.037599672239675815 0.07440783393767413 0.05421092456034281 -0.05471848049477024 -0.06559125397778853
0 2 0.4131433500981353 -0.27102669976379784 -0.3017227337520097 -0.006226913015806427 -0.6592133819459781 0.06350861232410933 -0.43512964008598526 -0.17136563912662642 0.33128703358312395 0.342332722288134
0 3 0.9503901245586323 -0.43823680152376104 -0.5589274120742046 -0.056746103726522314 -1.6530562007623177 -0.07297827694395073 -1.0334588372157174 -0.1325081347930256 0.5448550513250952 0.8685067813887246
0 4 0.4315644721091598 -0.17155487017157828 -0.15268886653180705 -0.029700737738714844 -0.4741631469186846 0.020775289652386175 -0.4449980165784146 -0.14869712232635687 0.3012522798835744 0.28775328450858495
0 5 0.029673119330303786 0.011556453990419373 -0.11924296310329109 -0.08261866599004843 -0.18383001334246196 -0.04667024026609214 -0.0790552934354171 0.03479861547974797 0.041455187044778394 0.131366860147534
0 6 0.09376508461894034 -0.08995918742468757 -0.05708470973550104 0.05080517914646036 -0.19555407988720444 0.03029778856260535 -0.1019740040116499 -0.1157505908372309 0.002235014729576356 0.14414159307946536
0 7 0.16746067804038434 -0.19413192997521467 -0.15301902565296746 0.0018256864696980233 -0.44755527778625365 0.09022601063376962 -0.2817070192651797 -0.1000786971950375 0.053537681833687734 0.2003831128589405
0 8 0.3385009540888674 -0.20908424415273244 -0.1212622818670986 -0.07635833594931614 -0.46161172999490396 0.10202508711439355 -0.3296051962311928 -0.15215407643808387 0.1850104919555273 0.2371781629667126
0 9 0.06814567260713103 -0.11219593576091197 -0.15951408648915671 -0.05142251832604731 -0.31965145933685996 0.04049816061725522 -0.10550591985053705 -0.13075174023871833 0.039562151021146234 0.17040341489987737
0 10 0.22926860212756797 -0.10601034104436133 -0.1307685447194489 -0.10109870316586336 -0.2531120700044973 0.024289601118667674 -0.23420138212878205 -0.04397527286550745 0.17796473081611852 0.0696782742012888
0 11 0.1210627862086642 -0.11999724069276434 -0.0621099905948768 0.008947817155893472 -0.17762216819656576 0.06869805956311528 -0.1696435655122896 -0.003412576575271108 0.13464557448430842 0.02616657250598583
0 12 -0.007593398419960032 0.0566615839577689 -0.05110566363461214 -0.06165125592007314 -0.15402090971290738 0.06855980570219809 -0.10105657779033403 0.04472231815519293 0.10061995012992435 0.025410485645022605
0 13 0.16292113455748197 -0.010189072091085428 -0.18798389062472845 0.05901324758636809 -0.2341670843546577 -0.0555617519283722 -0.1297784916546832 -0.13269006874519604 0.18764972110102968 0.20219002513626855
0 14 -1.007073474901557 0.35350408852356136 0.6012740972450865 0.20799686911162793 1.3119279941109385 -0.04630968080187233 0.9902235164379649 0.10938263778390857 -0.5653968756309277 -0.9154994598733632
0 15 -0.261167462431366 0.17172655910341703 0.08205318396438689 0.12205542889948426 0.43979747998723606 -0.010268025271880834 0.2853049785102622 0.07287516382903977 -0.19775455440838613 -0.2638454995128805
0 16 -0.06058502676153948 0.025290429262720782 -0.06406195925922753 -0.04232820348139215 -0.07131918087642969 -0.07223987786074577 -0.027404608129681946 0.044483555800507654 -0.053405984494830375 0.09931816282557189
0 17 0.29518817117512425 -0.14497747692151267 -0.060150291734491226 -0.11190409317635315 -0.41197627670245635 -0.04220767615355861 -0.3184523431023676 0.03622532339552016 0.1656142933170787 0.12554525446679035
0 18 -0.08100006990494087 0.08835275397631763 -0.06415575537181353 0.024035580649881146 0.058454943120056814 0.08518207708563857 -0.008791845246832318 -0.0418390683302096 -0.0626347783345991 -0.0188551975589745
0 19 0.3971358377905575 -0.10184847126723522 -0.2003195232508076 -0.06764894663222058 -0.572799943950661 -0.047328272649371894 -0.3790665258920832 -0.08292351280665637 0.2784477714052772 0.30338542556467285
0 20 0.22352400131392527 -0.13692022851752528 -0.1951822780173247 -0.10974284552812318 -0.42831429808460353 -0.016327263518121707 -0.4409488731576672 0.026605848048698918 0.19846205982933274 0.2300758784659887
0 21 0.19962699924892 0.003710013537681031 -0.18965241049740955 -0.01137431450188597 -0.355034925585899 -0.057061494564369986 -0.11041846657448795 0.019019130514968553 0.17188437088186329 0.15680225226935762
0 22 0.06332655392211106 -0.03206990884014969 -0.030660092270705326 0.008152837216182285 -0.2387713313062005 -0.018547531549829417 -0.16806893180019708 0.028718588787741545 0.1333526796083582 0.036369680199147075
0 23 -0.03533828767929481 -0.027319219478367747 0.13038516643725873 -0.07413163067330408 0.20801776709007294 0.051549614804108884 0.19258804686137412 0.09310901983458096 -0.12418101166479756 -0.11213422685168252
0 24 -0.137134661623287 0.11712042966617794 -0.0019037798090860904 0.09007353825307537 -0.018834670836857012 0.041288083031355415 -0.01047855284874261 0.02631845619546606 5.205428015457E-4 -0.07967734708946875
0 25 -0.07278632690928585 -0.0475439491800654 -0.01779860213654066 0.055721947833600356 -0.20589281059974926 -0.06739981648058148 -0.122883178074666 -0.07378199889249563 0.1091518358768256 0.002837204199990091
0 26 0.0034362916180413145 0.07883750545185526 0.07623151871904736 0.04851314788013701 0.0990359668013578 0.015842526007474985 -0.030137975237002426 -0.040748826584524604 0.03454297674608509 -0.1368165344708288
0 27 -0.02168958163987381 0.007196224381039173 0.09056455206170877 0.09067125667795987 0.14274230553494058 -0.03058126842026946 0.0913638220806912 0.04544488682460934 -0.1457392230827301 -0.07540918976682036
0 28 0.05692785987014012 -0.018644161979793666 -0.04662195259747535 0.05929640273960161 0.06729547038698412 -0.014845658422174073 -0.08041763156858117 -0.090546926284962 0.05229969103687416 0.08216153587411668
0 29 -0.0690494978465026 -0.10060059447396597 -0.08123839828210165 0.010505101428927277 -0.19479423614513783 -0.08817108754145565 -0.16700833878447235 0.04368121864090745 0.09961694168700078 0.07359549440016334
0 30 -0.14074168223203198 -0.02506278483271636 0.08636792088434395 0.03617089132445402 -0.007541206815247012 0.0273979000045807 0.003690377347199603 0.05478464241980161 -0.05888493177163507 -0.17748415419377814 -0.3235493841388447
1 0 1.6222468556242022
1 1 -0.8639740439355742
1 2 -1.1352700305733066
1 3 -0.37970058798709305
1 4 -2.565497823882243
1 5 -0.1098881393581739
1 6 -1.875808390772621
1 7 -0.4312803782256558
1 8 0.978222594446019
1 9 1.4335599342630398
