## ListNet
## Epochs = 1500
## No. of features = 30
1 2 3 4 5 6 7 8 9 10 11 12 13 14 15 16 17 18 19 20 21 22 23 24 25 26 27 28 29 30
0
0 0 0.09649960435081649
0 1 0.06434947067408797
0 2 -0.03651704145386088
0 3 -0.009485111656735054
0 4 0.025026267656120506
0 5 0.022204426303468444
0 6 0.08112769783830695
0 7 0.0057782838708252795
0 8 -0.06478739483883529
0 9 0.03292498155349133
0 10 0.08531017707686234
0 11 0.0648587909155251
0 12 -0.061051368583905766
0 13 -0.013827131368687004
0 14 -0.08563594389999662
0 15 0.03219248956691565
0 16 -0.06291786042203823
0 17 -0.08344560570321866
0 18 0.027727441363499222
0 19 0.0766060771804076
0 20 0.0012455775597054422
0 21 -0.09805954351049744
0 22 -0.09934051142334306
0 23 0.05341301743491281
0 24 -0.07238688334699003
0 25 -0.07650650162923592
0 26 -0.08490604093364633
0 27 0.036497063824247146
0 28 -0.0013494773809040175
0 29 -0.05388874997492981
0 30 0.019198423251509666
