## LambdaRank
## Epochs = 100
## No. of features = 30
## No. of hidden layers = 1
## Layer 1: 10 neurons
1 2 3 4 5 6 7 8 9 10 11 12 13 14 15 16 17 18 19 20 21 22 23 24 25 26 27 28 29 30
1
10
0 0 0.09160002361467079 0.007024670633387212 -0.02540689895883028 -0.022397273835578796 -0.03969674073293654 0.0759507771957354 -0.08077227398894589 -0.07159383263065587 -0.013411356718521093 -0.09063525158116378
0 1 -0.08754773905040832 0.09190064029871108 0.082487772382522 -0.05798320594271144 -0.0595879500376305 -0.0261917494020207 0.09254901842881838 -0.05337686336634224 -0.09369875222253031 0.07815417818977044
0 2 -0.08678467214273705 0.021797187665585156 -0.07177599328271261 -0.04152206603893202 -0.0029249453158184404 -0.08522929627192477 0.07022268666970369 0.04366520982411719 -0.024586094425756447 0.031935898935082856
0 3 0.022259138898184646 0.031183494726465335 0.06724540709664417 -0.06426538555956895 -0.09805263545003326 -0.07239909982239388 -0.058338398834789564 -0.07963062341011197 -0.019733289646631763 0.021189375169940013
0 4 0.011053500930139829 -0.040064403857440825 -0.08419544165080474 0.009051494139157077 0.09482582406532745 -0.06484557448041278 0.045538369032075574 0.08724379844962228 0.08126077852518256 0.043257342180190346
0 5 7.656168441359689E-4 -0.042346553003856965 0.0755366178866024 0.025483902067160214 -0.025415418451675387 0.04850574782139462 -0.05431794848313956 0.09243535875509998 -0.040572998260660575 -0.09011390090912001
0 6 0.08736378768690112 0.04853135368936754 -0.01516269110534648 -0.03458911211328432 0.07385973416875198 -8.029719428533011E-4 -0.07338194755725595 0.05879340700467936 0.09919221427907186 -0.0253049016291415
0 7 -0.04593399898807754 0.07119874469412193 -6.173786539467473E-4 -0.0035558835509687825 -0.08959053501502738 0.09227619889137315 0.06383419128321866 -0.04111979896433869 0.08673537345884234 -0.04519664206743682
0 8 0.050316056291931116 0.05486411628291058 -0.08199609803419851 -0.03438844805662882 0.03569041906476645 0.09763789215266079 -0.017360835228952914 0.05222894697470299 -0.06176011513041739 0.07020172740126432
0 9 -0.09086445960223834 -0.05957445189451495 -0.09163874997993199 0.02286191830937376 0.026074482358209847 -0.0332748944509611 0.02680370845312853 0.012111662253694248 0.010950211511729058 0.05500169251340504
0 10 -0.06387302165250831 -0.014545492647210093 0.07170132071756498 -0.05123523020875199 -0.057800210975103315 0.04173755845601596 0.04864301209863721 0.05565342832657749 -0.01743920467560329 0.013801425872333371
0 11 0.07154315800844628 -0.0706399579579754 -0.08584788470045696 0.08638970353178915 -0.0672086736616118 -0.06747053573815373 0.02647753527779663 -0.007956815043914338 -0.008269526134262416 0.03397104020792086
0 12 0.01656223138082878 0.09751252242226627 -0.056857621943999015 -0.027890239585960673 0.040344243105744054 0.018134155677103598 0.07002326695630721 -0.05261802967050464 -0.08024391665915856 0.09642745297047854
0 13 0.02702941881652717 0.08759959359763338 0.03962232452611441 -0.011117052043756162 -0.05903783336687292 0.05642213614652176 -0.05418776757636469 -0.031852722225350905 -0.001992831383645849 0.016207154274995368
0 14 0.022057156195479773 -0.03902766518220255 -0.038510281564184574 -0.06511714651464778 -0.04762412341526064 0.09958545780048798 -0.06449791541732681 0.06678812475652841 -0.07149756046506567 0.005686031020436738
0 15 0.004919195107379792 0.07916023767693922 0.0794636638912082 -0.09635257385043333 0.0850353723666287 0.046953847411495234 0.09464506402407567 -0.009574219423644373 0.09810904109671148 -0.005268319775187115
0 16 0.07732117122999087 0.007095815455494536 0.02222146640936593 0.0813086125720423 -0.03677605912824508 -0.007331706965806723 0.09264976931823925 -0.05688793098223295 -0.08822846074821782 0.0512664486210156
0 17 -0.09669529985564311 -0.0708589117125645 0.005269897145333884 0.0011672725900497842 -0.03183156187945745 -0.0033573251019270584 0.08219447863008764 0.03342324135245759 -0.059123311703298945 -0.07686307128080148
0 18 -0.06062651470163023 0.04998792039468925 0.09597656713546876 0.053583750615700386 0.07722657207863005 0.07557693654921437 0.009829913591532392 0.08560800867531138 -0.059579728383083425 0.04627508702516919
0 19 0.01691382905210242 0.09650284576013894 0.026910046092435184 0.028287399719020636 -0.04431323507745967 -0.03405272193847831 0.057349512444270834 -0.016768569050432846 0.0804296945333974 0.03776545836498298
0 20 -0.04511329628989396 0.08391341245750525 -0.029040559109329067 -0.0012758367118281017 0.002392473144030787 0.0362575610472159 0.08033535401273224 -0.003741719133281332 0.06029788084677421 -0.04226203429678142
0 21 0.03081056649813172 -0.09588247310702176 -0.08043292495635888 0.06358117730491984 -0.013611594190277949 -0.0015793913844490517 -0.021496864572952478 -0.0022401121466268715 0.05513331456145008 0.09413190826610318
0 22 -0.09454373268747389 -0.03727056722648474 -0.029541558460004315 0.05513920449809038 -0.0029276802665058085 0.0758838478191606 -0.06859146048446811 -0.009811145658479806 0.08587557873945939 -0.09137227423814931
0 23 0.07612417996159529 0.05941501074568131 -0.07502645490298944 0.05285821328849395 0.007981402337395955 0.09952664420868036 0.03009596548688468 0.07874346154631276 -0.0041536633901051185 0.02017784609788453
0 24 -0.04035578202037552 0.06053284811038391 0.0026163162477146704 -0.034790995003662506 0.06702031901486757 -0.012379897218704134 -0.020340959885236407 -0.07164206847822106 -0.05323698458831922 -0.09569701617059644
0 25 0.06225855399872281 0.09479793685459979 0.04745234266007082 0.061230138535050736 0.004762733818164066 -0.09013668489768512 0.07047117210627679 -0.024676427613287227 -0.007820908755245798 -0.06217809597256874
0 26 0.004325718454430008 0.06255339172168685 -0.028820393404497237 -0.04597180173911753 0.0012956081869463054 -0.07890846604480531 -0.04465008655055675 -0.02193701122705494 -0.08259923543225849 -0.03581060196860873
0 27 -0.043313148915467656 0.061190018067191196 -0.05637717980464615 0.09097732365566424 -0.010189702153352253 -0.001365534324666588 -0.084291262618165 -0.010179765894158461 -0.02041697712148543 0.06596420267818688
0 28 -0.011429752871363776 -0.047903637006098884 -0.04130230171737978 0.0978422520267917 -0.014720242783985276 0.0031509429053461152 0.06848049090522103 0.07054732852329033 -0.03545105650358676 0.0588108912275242
0 29 -0.044677883321949 0.0801443182147819 -0.034657991449846645 -0.008906034564692425 -0.05650795847179738 -0.09643639681272316 -0.0520501410429249 0.061810510224466514 0.06728286730947654 0.06675770185231235
0 30 -0.0956496687818731 -0.015410887652353924 0.02791498098996457 -0.06879507326506236 0.04803455675492114 0.04036346880470291 -0.026091452329739563 0.014030162571539318 -0.022378740248354272 0.03216213397376862 -0.021633470430970404
1 0 0.05479197576642051
1 1 0.08488003164529757
1 2 -0.014181601814925525
1 3 0.03330317884683686
1 4 -0.031080896034836755
1 5 0.01831493899226192
1 6 -0.09805769473314235
1 7 0.009435313753783559
1 8 0.028293211013079033
1 9 0.04783787578344392
