## ListNet
## Epochs = 1500
## No. of features = 30
1 2 3 4 5 6 7 8 9 10 11 12 13 14 15 16 17 18 19 20 21 22 23 24 25 26 27 28 29 30
0
0 0 -0.003056949687775523
0 1 -0.08216106310834537
0 2 -0.07841895254334913
0 3 -0.033050282230788715
0 4 -0.03546455624886909
0 5 0.004245631324902972
0 6 0.055300276162671
0 7 -0.017507051214103782
0 8 -0.09737770809457852
0 9 0.0962855560287009
0 10 -0.08977932795029861
0 11 -0.003173620766507536
0 12 0.09189098694579255
0 13 -0.08240762148735739
0 14 0.019513230168632364
0 15 -0.017812145313396626
0 16 0.06865899524823704
0 17 -0.012063239068910192
0 18 -0.01213138095747571
0 19 -0.08556611513160903
0 20 -0.09644298075192798
0 21 0.00849200101110828
0 22 -0.046769659286381514
0 23 -0.030530465571935433
0 24 0.010409081302432587
0 25 0.050339503071215895
0 26 -0.060321584527310845
0 27 0.02389421776202257
0 28 -0.00309190216005515
0 29 0.04595202337861531
0 30 0.04230901598930359
