## RankNet
## Epochs = 100
## No. of features = 30
## No. of hidden layers = 1
## Layer 1: 10 neurons
1 2 3 4 5 6 7 8 9 10 11 12 13 14 15 16 17 18 19 20 21 22 23 24 25 26 27 28 29 30
1
10
0 0 -0.0865914406628337 -0.010858512380344893 0.06794059056036751 0.21282250204451894 0.16663989606855123 0.15873739704790282 -0.27029342725991656 -0.043412820397374104 0.25586022998283353 -0.21822517192160076
0 1 -0.026172289160996575 0.08879239403329527 -0.10751621209442104 0.013842586478640524 -0.23346098279904565 -0.01979000626887985 0.06736502598336815 0.13983234229565591 -0.059969854583459506 0.18388143641386084
0 2 -0.010828343696499078 -0.08256167856873119 0.2267791446702391 0.33670277529258225 0.44695245698199476 0.19686196910376055 -0.5427046487653094 -0.24526972626293553 0.4489758240893745 -0.4680231533255535
0 3 -0.3136746431854571 -0.029743348285970354 0.689467303938346 0.5271398848180842 0.9266441379737769 0.3902306287976033 -0.9801476944199288 -0.5239862551503028 0.8708828851570901 -1.1242779764968105
0 4 -0.13941726346534403 -0.037266004606499335 0.28828844059913095 0.16810308332238288 0.3375098220637288 0.24359826672051002 -0.4222017118511815 -0.15576720349036322 0.3087095687918106 -0.40888315379998175
0 5 0.05456999064412292 0.08495394539891452 0.06115801878474052 0.044666763092907555 0.0025437313599075365 0.0014993953528815716 -0.12171176283558152 0.027841985638336935 0.1526534101051827 -0.15091107974516668
0 6 -0.05606281642067149 0.09170063906096228 0.047500457512667855 -0.011921372775188779 0.032979127763751226 0.02331491903859647 -0.10612843882380954 -0.049332339082070756 0.1118193497945931 -0.15263470212976624
0 7 -0.04062619227363676 -0.09390895262544458 0.2469277057503484 0.0460494564935449 0.2652048886619152 0.05253399291425949 -0.23058151951637523 -0.08983362885497755 0.2190824826900334 -0.17604613862812302
0 8 -0.1269679670885426 0.036515121498641216 0.2535558547820539 0.11098657441962921 0.2982927333241792 0.13150091644206982 -0.2728503789775613 -0.08948995242200787 0.20262955349296796 -0.31620894794604837
0 9 -0.0015820532307164706 -0.04371334105406853 0.017464788235381078 0.10229247460817385 0.21121649923668379 0.034094926797209074 -0.2004243634455229 -0.024620571734558647 0.2285990864104607 -0.09418449584946444
0 10 -0.027435106568509393 0.03590479581603792 0.12773353438561713 0.05877419999113981 0.29995240125997275 0.17316983348212542 -0.2643480400638781 -0.07042488159552772 0.20106945786632058 -0.13555306065821157
0 11 -0.07151929245420005 0.034892250764477196 0.10963517003172979 0.05896674251884362 0.13992352994279536 0.14129072318120126 -0.1164257768997224 -0.03474937047612268 0.08925015874306112 -0.2393344303627622
0 12 0.06721115650814492 0.08800696141256317 0.06714476370967264 -0.023626314788834837 0.029104322792584687 -0.08596980617924502 -0.024834220873682287 0.05664669588772876 -0.0669710210825973 -0.04829781497631819
0 13 -0.1386585093830658 0.001650837178734427 0.1516770909532273 0.21727132525764933 0.24338849975915364 0.08560916041963486 -0.14129885558025201 -0.07397784023714989 0.17034738022904183 -0.2746318197908137
0 14 0.29772194560159776 0.015170444608251213 -0.7001900652476777 -0.5466249639337809 -1.056965707130141 -0.43370842307820906 0.7990837199454168 0.4922199971714196 -0.8877713443600046 0.9835972363355269
0 15 0.06678854037693148 0.0337413780573349 -0.22757124907771473 -0.2600985632990951 -0.3561771235125674 -0.17878416675120556 0.18395088275616137 0.07962481771641475 -0.30972228255430484 0.2938205017211151
0 16 -0.016876573081597814 0.014890550196503987 0.0975857514175291 -0.07740009378975769 -0.018296680580090225 0.07192269284623277 -0.05471779153575871 0.05931871398853715 0.07790574906226187 0.007983055052187403
0 17 0.03167614416594143 -0.06065439185744662 0.2278564822951808 0.10581955861925729 0.17180532895164968 0.18571622887716113 -0.22637737558313795 -0.017844291162985304 0.12544206188521195 -0.26952963373218436
0 18 -0.007723386451667956 -0.01962943293384566 -0.06651453659559313 -0.12427945194198818 -0.07260141097457304 -0.01822355435267486 -0.027684864705157075 -0.03664746881882427 -0.05851808394302042 0.026212276213216146
0 19 -0.09713887589626437 0.005460555317842545 0.3092612454860208 0.22000036711725077 0.3853879053868574 0.14078176981703042 -0.4613575156749856 -0.13839616925695422 0.33438284257409634 -0.40738265015940567
0 20 -0.06679853822447851 0.053662437135799955 0.30645875240937503 0.13564581590081237 0.3112333961563244 0.12489481460874623 -0.433904249939718 -0.18849829160748363 0.23447857645811357 -0.3039237794541732
0 21 0.047619593793159526 0.08156570055270071 0.046380274173229444 0.191705586257637 0.23521578868983095 0.16586519766661076 -0.13769181078964665 -0.1714575438837132 0.22924920600026827 -0.2563838077473151
0 22 0.04376773908542095 0.018477573107288325 0.1912272845331437 0.12764006037415437 0.058434303317726255 0.01822606613200263 -0.22513864805137546 -0.030773886380945987 0.15260759696728832 -0.14105263910086652
0 23 -0.011533040763495315 0.09647436190691475 -0.017027069170002334 -0.10568589189028597 -0.012185087231953114 -0.10319888848732198 0.108520444906235 0.11685103805011382 0.029441565982500244 6.625043730292578E-4
0 24 0.09293270544522955 -0.07220676114116224 -0.02078859648080066 -0.04070877973704291 -0.14935334978207948 0.010779801711877694 0.04186754885451096 0.015886982266025477 -0.13331369822050093 0.11097572435484407
0 25 0.04281876298213776 -0.0729736676749109 5.229514837484566E-4 0.03350742519630881 -0.11306651806236652 -0.03653687644622446 -0.1679386419381689 -0.027376468502479868 -0.14001582481639932 -0.06252053041620981
0 26 -0.027942890922555703 0.0778363275141283 -0.013922238349358903 0.021298356214997857 0.016601763887494236 -0.04226344416100104 0.10723572701490229 0.03326048235734395 -0.07952717739039102 0.09761338641296202
0 27 -0.07322002670350652 0.09758270172465236 -0.13641367583347974 -0.14033000892796765 -0.13394535694596538 0.011656271384008198 0.13932720547360472 -0.04578444169256697 -0.04197992020316612 0.16206484715037142
0 28 -0.009999001398682594 0.08856324851512909 -0.08647666126489639 0.05545855686068535 0.026492994278669357 0.0012037217384204268 0.04089471697807312 0.09316389262676239 -0.07287668436765671 -0.02033861353993416
0 29 0.07915578855870915 0.07844497864873537 -0.049974722996592565 0.07894405071491106 -0.019775824339924076 0.08867001380747108 -0.09444625475202297 -0.11242809913663801 -0.12877632981182374 -0.1591917995210214
0 30 0.015018706297705166 0.017560293783519584 -0.12188409169357604 -0.1763325695778993 -0.2090970094717775 -0.11983684745180637 0.01351285633965544 0.09715186229335958 -0.22876833366157803 0.05839979110830148 -0.40252999056022665
1 0 -0.618679408125446
1 1 -0.2104089356011956
1 2 1.1316725115187092
1 3 0.8758380754655363
1 4 1.6443005800077624
1 5 0.6673942978132354
1 6 -1.77355540110814
1 7 -0.9900244170186273
1 8 1.4352427365964207
1 9 -1.9634719930436395
