## LambdaRank
## Epochs = 100
## No. of features = 30
## No. of hidden layers = 1
## Layer 1: 10 neurons
1 2 3 4 5 6 7 8 9 10 11 12 13 14 15 16 17 18 19 20 21 22 23 24 25 26 27 28 29 30
1
10
0 0 0.010149245835047234 0.04764020878806502 0.056410573075977966 0.057556552594161425 0.012363016852790227 0.004446389956898035 0.07734355677828389 0.08065401493435431 0.09009695030132735 -0.05419674573758454
0 1 0.004982569934764766 -0.09772659613984262 0.026308184015435554 0.03318827905716749 0.07669314517049303 0.07720133552338383 0.03337538363033643 0.013563778729710154 -0.03769729910333511 -0.026889753178094507
0 2 0.08798279129204077 0.05731749201834341 0.07966443070926765 0.040292034419703714 0.09466575475694414 -0.0702996332416644 -0.04565019211978067 0.023682404417898966 9.483402867853842E-4 -0.02647668817130924
0 3 -0.09952535823441713 -0.09980944322360413 0.07886817778282862 -0.031525704312572955 -0.09519589869221633 0.04072529225177837 0.09522074203208354 0.03454752034794567 0.08401919079066814 -0.02990645439988776
0 4 -0.01604494266420204 -0.07654776425500985 -0.06691194524117466 0.09120471485857447 0.02943567407671668 0.08557414546433 0.03167710897034644 -0.05159987176080086 0.025592984863233404 0.08953316174767018
0 5 -0.016583613606963726 -0.023239745513381704 -0.04248782293485476 -0.01968977117650154 -0.005383089399955686 5.406691067926988E-4 -0.07161840119477118 0.02081868121895304 0.09081614212532625 0.06844863217447328
0 6 0.019369258995309568 -0.06704704180908684 -0.03983274876872808 -0.009113234859491386 0.03644868545771206 -0.0064393073186741956 0.05606106063969578 0.07595858716158607 0.060390243446530927 -0.02191275407713765
0 7 -0.06288246790298115 -0.07650038349364738 0.06424948300777321 -0.001245868882614197 -0.02391272277083148 -0.06823887980584997 0.06839444939348835 0.054754283912507175 0.07680861098200621 -0.02559777499403817
0 8 -0.05169101784711396 0.005602596585853714 0.08098297531097504 -0.08006501596339356 0.09337541437251153 0.0048204782498435395 0.07013869871199385 -0.0706191312178155 0.08761682935174848 0.09072761406487567
0 9 0.05657540759229522 0.0669530700879006 -0.09894023646248203 -0.020780293412636465 0.05568114967345886 0.04418185308612404 -0.06868203204009599 -0.052800734283456364 -0.08631145340802143 0.094379107388202
0 10 0.040090183095327254 -0.04204922913365414 -0.055563276945753255 -0.057744820592206605 0.04288088802589425 -0.050868897842694744 0.054936235322689625 0.04411869315712095 -0.06677114164791192 0.038309485818766316
0 11 0.07887468515870082 -0.09419984103122286 0.05797182283193065 0.008674831651606046 0.026535957884251084 -0.09904917990717488 -0.09261743990490133 0.04987737498901241 -0.06275853739305112 -0.056418364453381366
0 12 0.0166684525579078 -0.08541064833534208 0.09534361694019214 0.09270969538748815 -0.09339233512280433 -0.09646352606955548 0.07238793095722927 0.020689361770569802 0.06570083868676352 -0.045595518735604745
0 13 0.015249238860332458 -0.03494552168473928 -0.02450275673092197 0.04682319492587405 0.08098824396058435 -0.06874744109986156 0.07044554974628114 -0.0830516011673212 0.0914469665399666 0.05009533783706652
0 14 0.07221114769740397 0.06708672725606468 -0.0750231405840103 0.09721687472573066 -0.05236625698771192 -0.07905417189143103 0.04216465102546857 -0.08876650062073192 -0.07768154060619732 -0.0900935073016514
0 15 -0.055787621717476 0.028505535521303513 -0.09105872841185408 -0.09983158258032247 0.0638359931490111 0.09984198036243197 0.0986870864046421 -0.07349585575581338 -0.032756151475968616 -0.07168817585424299
0 16 -0.01782558328119784 -0.06339915090307233 0.057879239174212206 0.07383719927099698 0.09814527773745595 0.039113400397575375 0.029549167196416887 -0.007417667693165096 -0.052827948491653336 -0.030833898990348847
0 17 0.002263287406829516 -0.09401529324745427 0.07410328752632143 0.011164769143954525 -0.04818230982678176 -0.09558771560125996 0.0627337441581997 0.002099169996574673 -0.07610259999881457 -0.05659702704144744
0 18 -0.07051555165328452 0.09591118103798696 0.06227788151244136 0.029651332748317643 -0.04079692786471408 -0.021438213344705304 -0.07045026301204198 0.04632625899859085 -0.03331811508310167 0.07037266051250635
0 19 -0.03500419621348291 0.08628544291793654 0.03627013933733557 -0.02245600581117389 0.043494099261003054 0.07884013730031003 -0.0013307506840677266 0.07252582254448067 0.08236492659225389 0.04449077281529397
0 20 0.08534226306197412 0.0679841312280594 -0.003437228868885441 -0.04597210656226803 -0.04625781145679756 -0.010809881343754298 0.027621208340975888 -0.07259175112021402 -0.02015653821583946 0.06473707290566753
0 21 -0.027092627369515447 0.025598064088006686 0.0013699708575103417 0.03527754004191925 -0.01747933477817752 0.007303140250040348 0.0582306906653841 -0.057914484595908165 -0.04759542141227597 -0.042072177311719194
0 22 -0.04333340208835194 -0.03812374570926982 -0.09580040741797935 0.07349927324758547 0.09904930194628037 0.03578463759012737 -0.06929821394243561 -0.08876513896590911 0.016556571460388702 0.07610215215444743
0 23 0.05550906266242783 -0.018562171279385142 -0.07980110477271812 0.09933571907581074 0.0931082125922041 0.04895387401063017 0.014568985219497921 -0.03243107886681172 0.01440681417399898 0.06014961780834008
0 24 -0.06724600847594271 -0.07707693687680169 -0.06045740794166333 -0.0764144494487255 0.057860098404497184 -0.06075980788303554 0.0855985815672381 -0.07119604740439889 -0.08764524103732597 0.09006515225656431
0 25 -0.0491251673963076 0.02203179169236321 0.03263850689308738 0.07878719518969893 -0.038247130155487565 -0.05098245940618233 0.021705351759780785 -0.09724606274901146 0.0790007542240905 -0.01781768151287119
0 26 -0.07996866417294979 -0.0040262011726772155 -0.0692549430824661 -0.05608377220044546 0.01653530394536434 0.07611273732539431 -0.011374165668864138 -0.05447974930000894 -0.04970872161721149 -0.04953741350101218
0 27 -0.03188980436011149 0.09008909513308096 -0.09144641428108251 -0.018988299348384793 -0.049220339394084274 0.014166864770619066 0.05877520414790295 0.02182143063644406 0.09153544756315807 0.0757823144584524
0 28 -0.03971834123204817 0.049624480221241024 -0.07257299125405492 -0.04445493954062438 -0.01809406295151931 0.08880659190765622 0.00479128949819114 -0.058795739072568166 -0.05316647896489318 0.0905882269108767
0 29 0.0664738153506836 -0.08501067374570796 -0.017749239478609492 0.010333815992883166 0.04230196220541915 -0.01641148191663658 0.021477068229822278 0.036262374738721126 -0.02515000758590136 0.08324059241749174
0 30 0.07760499375834322 -0.027804136499403092 -0.031125058745452797 0.022108316913823745 0.006677740085756483 0.013905316661132594 0.009715810284334377 -0.02762123418158878 0.09535755020643553 -0.09819571547756048 0.09647364914417283
1 0 -0.08477966487407665
1 1 -0.04869478195905689
1 2 -0.0012006163597106745
1 3 0.07040895521640805
1 4 -0.08332902938127427
1 5 -0.011681186966598091
1 6 -0.04021995514631261
1 7 -0.06034772470593427
1 8 -0.05305969715118462
1 9 -0.001997214509174261
