## ListNet
## Epochs = 1500
## No. of features = 30
1 2 3 4 5 6 7 8 9 10 11 12 13 14 15 16 17 18 19 20 21 22 23 24 25 26 27 28 29 30
0
0 0 0.009980946907373282
0 1 0.03700397046984609
0 2 0.08153619611404789
0 3 -0.0250778820302077
0 4 -0.07277660622360851
0 5 -0.06049985088078241
0 6 -0.026389155460999594
0 7 -0.04524554223708215
0 8 0.04663241556716728
0 9 0.07657864802084796
0 10 -0.08282385971011762
0 11 0.08125801962304649
0 12 -0.02189442286098346
0 13 -0.09841835983600489
0 14 -0.08363045835285532
0 15 -0.019870052275862242
0 16 -0.05180908705537535
0 17 0.009841950106789938
0 18 -0.02153124654638579
0 19 0.011428921102466617
0 20 0.06884571257312341
0 21 -0.0013653858314278857
0 22 0.023983096668571114
0 23 -0.07751506717820525
0 24 0.013629442462016882
0 25 -0.03200400042334627
0 26 -0.011514897477617143
0 27 -0.04369141561192371
0 28 -0.09424019568957236
0 29 -0.02325380134683373
0 30 0.07749510556459427
