## RankNet
## Epochs = 100
## No. of features = 30
## No. of hidden layers = 1
## Layer 1: 10 neurons
1 2 3 4 5 6 7 8 9 10 11 12 13 14 15 16 17 18 19 20 21 22 23 24 25 26 27 28 29 30
1
10
0 0 0.2529194518318525 0.013896422483783717 0.03444580439600412 -0.1879669078066739 -0.10359372914518286 0.28997254488239427 -0.09809159101934306 0.2521935148547638 -0.13787924916022878 -0.1328997672706253
0 1 -0.2541601733470506 0.0416490906052563 -0.052093285092960705 0.1460590506716694 0.10245452407428492 -0.16861893927607113 0.043835244548079126 -0.024720991839961893 -0.017327674535847503 0.08378286709276454
0 2 0.5975188294529654 -0.02040659250137754 0.08806159433420531 -0.1744771837533448 -0.14268615084967376 0.5161190184915022 -0.27241636864120244 0.33715279959060923 -0.3515234919210014 -0.14598236158622166
0 3 1.201419404328115 -0.07419112341008595 0.2994629604067757 -0.4452720327591683 -0.4520658104095624 1.172195006809577 -0.7240420707606392 0.7556007947025379 -0.5629997805993622 -0.3868828218772974
0 4 0.535022340478652 -0.062399705842790656 0.07384584419361398 -0.1957757230466535 -0.2542162830885875 0.46858172125162334 -0.33375822150961837 0.18624003321978325 -0.3041516333770962 -0.06946185632525474
0 5 0.06631310037654282 0.011694038598684123 0.007023841763770266 -0.062466646944162346 -0.1290435500138761 0.13322201885541035 0.005779915191361393 0.09151179632338548 -0.04646625545580905 -0.0344329742664132
0 6 0.046397188242183175 -0.004731785801384103 -0.0021521431236021767 -0.025775136190601282 0.0024128164038961647 0.1897570034768601 -0.14622874059599872 0.0803975776213682 -0.13058902317258173 0.021490747563504855
0 7 0.18704436604328376 -0.005468519487184977 -0.012138788209801266 -0.07291115797312303 -0.09993254527234557 0.36054758445449225 -0.053771838512376546 0.24923067559497114 -0.09099291676315292 -0.11151922417388399
0 8 0.25174061332624037 -0.04111801005720257 0.14978868265677375 -0.1985511146572546 -0.14202207656717955 0.2957980367519622 -0.21160778662570956 0.08836508393265938 -0.14258759381078023 -0.1734061166062003
0 9 0.2173976459865045 0.0730198026394173 0.08544041743569304 0.0034044459367799035 -0.11983350373568495 0.19924946109013963 -0.11571717658949453 0.016748299431369656 -0.07867744559112125 0.04619785125838157
0 10 0.23817159145306036 -0.06239874917660968 0.1589492798985678 -0.012439158116425295 -0.07522200093711329 0.2496263493080035 -0.2247192684100208 0.03745710336559897 -0.08428621845194083 0.013966626013995674
0 11 -0.011223029102355543 -0.07045449894266467 0.015757956534353152 -0.05557129221051201 -0.011125023103557754 0.0477766751141621 -0.09751545726583824 0.025267618180734794 -0.08938304875518725 -0.02248170455773145
0 12 -0.020386123033961288 0.07040556142024847 0.018107123157950926 -0.10105240434744894 -0.09735550142273822 -0.04491983766536098 0.03082504143729328 -0.08157123468100468 -0.10658971688366946 -0.1019336040654634
0 13 0.34319734026770116 -0.09523885354264718 0.08030745688912728 -0.018155288712676663 -0.20110292258251158 0.20302235262673546 -0.12647637350586963 0.052067446401774894 -0.12675579661055017 -0.05070491939831709
0 14 -1.351421676941461 0.08808314074673747 -0.3467876057342703 0.36651425224699374 0.40702489521867413 -1.294738399603397 0.5530574517869689 -0.6776470380769047 0.6770865050854145 0.26289067515330183
0 15 -0.4590112806507415 0.11847463671709012 -0.14517982523468825 0.08637796871367236 0.12486038512808434 -0.3420547982794272 0.11319588687460606 -0.20012470509803876 0.059239658397624434 0.07840096656960129
0 16 -0.001243317475702585 -0.07026650694897538 -0.07277675280681718 0.034285014921974236 0.02194914990776993 0.07342476683531297 0.058767567269786394 0.05690409689224651 0.036557219291205895 -0.0360746370710422
0 17 0.35076591687365205 -0.1070740265329055 0.16159223778342227 -0.026105533593026392 -0.18033740982640512 0.2179519017338093 -0.12889983237268918 0.08555243963465209 -0.14368292885860962 -0.04239916686815926
0 18 -0.10081770391657342 0.039907799061005035 0.01869762708291327 0.02189669012140208 0.06706992348326297 -0.12979078523587276 0.050877540095391964 -0.027822036471924116 0.014408085708032944 -0.014674763552414804
0 19 0.3802560646427862 -0.09949769276076305 0.12654972212926324 -0.13951807748347514 -0.2759912040231519 0.42217464117469067 -0.17514278075436762 0.24661163151530624 -0.23632918032320638 -0.170674409848439
0 20 0.44773931689216045 -0.053187712771067236 0.06175385203360424 -0.2226068209332615 -0.08529628831899937 0.47500106024673866 -0.2618148684009346 0.21755782145318514 -0.14268193671308385 -0.13859913702011492
0 21 0.2340332050840591 -0.11113286945996306 0.15723399260002638 -0.040676277009225055 -0.031031391834908047 0.25327086497181256 -0.19539904821307258 0.0465763448389646 -0.10872146670445715 -0.03693057684594798
0 22 0.1492999568118181 0.06521581356207838 -0.0057115453373529045 0.026512670093303815 -0.10593781788348267 0.17567101470400037 -0.16296162488028737 0.08924725983297255 -0.1555374840895339 -0.08733456600681677
0 23 -0.07309298148202381 0.10204919945938669 0.033860782640891145 0.04900246875777771 -0.03135573225243713 -0.1793125718319028 0.13801986647890668 -0.03569276382447353 0.051874701787878744 0.014008137407299798
0 24 -0.19586218748596118 -0.01559055901588372 -0.012856776763919336 0.12620443343670834 -0.029452277783482368 -0.1541483424498843 0.1514443301537867 -0.004902050400148735 -0.004085005506471379 0.039118446552145664
0 25 -0.04206308942430334 0.02353250351192519 0.01809626492709734 -0.1257191340356427 -0.07731320501178643 -0.07156868942058049 -0.024901464358248238 -0.021106913972263858 -0.1587085234070765 -0.003968208562733804
0 26 -0.13115719474740792 0.06061679341112574 -0.003922144483500206 0.05159121722452369 0.07365696126645536 -0.038520190986710404 0.0739306062885298 -0.05888004198496002 0.14574561370789793 0.11434844560542129
0 27 -0.14131980842462014 0.016209752243006467 -0.09203874681953997 0.054618150279851056 0.11901596170984452 -0.22296258046924883 0.009483936403578417 -0.03929101792789353 0.05144027506336334 0.11469129475080321
0 28 0.019135361537337303 -0.07251555472612381 0.07868838310241699 0.03693915531039238 0.01908443495631218 -0.012103104963898659 -0.02012481726706028 0.056925851851701736 0.03867967799305916 -0.020269203931093216
0 29 -0.025358307691712517 -0.09636375003283647 0.10874561458122524 -0.05975081542643609 0.028743927245584496 0.06712230389408701 -0.11434598686505591 0.007329268154467491 -0.11165685637870149 -0.06354401532116781
0 30 -0.20925564883597136 -0.01018868430094087 -0.04234878756845817 0.03515883949451614 -0.039810157733429004 -0.33244499466696636 0.02178633093348207 -0.09959407167330182 0.10696660470789408 0.07240893101630937 -0.5037705774315147
1 0 2.0973533572120098
1 1 -0.359548160490881
1 2 0.44280430311038455
1 3 -0.8914660445864674
1 4 -0.9676044056651502
1 5 2.043677833548624
1 6 -1.2880643183865417
1 7 1.0638072825050355
1 8 -1.2439605445348378
1 9 -0.7436027383856099
