## ListNet
## Epochs = 1500
## No. of features = 30
1 2 3 4 5 6 7 8 9 10 11 12 13 14 15 16 17 18 19 20 21 22 23 24 25 26 27 28 29 30
0
0 0 -0.042613737232202506
0 1 0.038104263543909535
0 2 -0.09136049854120065
0 3 0.07894078975916388
0 4 -0.05591283793872436
0 5 0.07261779256638802
0 6 0.022995689719031157
0 7 0.054434456296129495
0 8 -0.06514988354428211
0 9 0.05138752735292718
0 10 -0.010412833704016787
0 11 0.054943877531426745
0 12 -0.03259383670333687
0 13 0.06672112780197335
0 14 -0.010856260866022928
0 15 -0.07683645743089926
0 16 -0.011459435638743153
0 17 0.09888407682680839
0 18 0.04804152828825394
0 19 0.042754355036277725
0 20 0.019603285947630104
0 21 0.07817210030860804
0 22 0.050208321817290846
0 23 -0.09761043972640308
0 24 0.06992932751317142
0 25 0.04349058113823108
0 26 -0.02047177422705044
0 27 0.049874758126472234
0 28 0.05948160908646163
0 29 0.02169679943643504
0 30 0.037835605442523956
