## RankNet
## Epochs = 100
## No. of features = 30
## No. of hidden layers = 1
## Layer 1: 10 neurons
1 2 3 4 5 6 7 8 9 10 11 12 13 14 15 16 17 18 19 20 21 22 23 24 25 26 27 28 29 30
1
10
0 0 -0.14492657794576297 0.025523984963422435 -0.027917450451907633 -0.039251421882143485 0.26749811155069214 0.15813872751080219 0.27530612709611463 -0.0012229660297235353 0.05992323835302008 -0.2109692428152776
0 1 0.02370506701659003 0.049700476883157846 0.08703978971107097 -0.0364064179860294 -0.20914193344871806 -0.135650195685809 -0.17030659942358942 0.09100996588663768 -0.10694634498631204 0.17010801243494805
0 2 -0.1681034081062441 0.10645421103744693 0.06549744280745874 -0.09111652177303325 0.665827088394532 0.20317629144217336 0.4278994557004415 -0.19806366823071989 0.05192471975760371 -0.4609145175564381
0 3 -0.2563662366392261 0.17685412791221053 0.0016902437531025336 -0.3540378672813137 1.2754743883840236 0.42809764881114576 0.8243825608478197 -0.33237223530151844 0.1611685551958933 -0.9184727200912269
0 4 -0.19092337812143986 0.1591650300311858 0.05290904616908242 -0.09453997727923164 0.5707435605779428 0.11951558075061904 0.37118835386441096 -0.04245492619613022 -0.035995704294078966 -0.3688478756371049
0 5 -0.02542970904385835 0.03026482610351833 -0.0058862776158235906 -0.04122116302989509 0.14063215596615877 0.0033371832369241223 0.11862834654297734 -0.08826347260600072 -0.04556426275972461 -0.05947268513280341
0 6 -0.07560026909080578 -0.04317865732620062 0.05592122668709586 0.018905750362557438 0.1377719786144294 0.018777382906045397 0.043802926495775905 -0.0823638274999784 0.08989747225253626 -0.17925163733716143
0 7 -0.06215978679041318 0.057156634919219275 -0.05071594692142031 -0.02543736280550318 0.42220265707249627 0.08347829774665187 0.1398908956928766 -0.14811445286449298 0.031951687789556565 -0.29928188660183197
0 8 -0.031202070270345814 0.011778126648547719 0.08155284378116057 -0.1588808328018003 0.3305771475296652 0.21472176868335452 0.3035257348845438 -0.14775826597858663 0.08666191859226662 -0.1897978408899042
0 9 0.04685841272929461 0.0728587188143171 -0.0741282040203316 0.035989985107107034 0.23798201625084928 0.13005662805500343 0.17727626096125648 -0.027518396860252717 0.06351969264456749 -0.2239445839792552
0 10 0.007749770925888722 0.06173328729706808 0.08699162045294982 0.019894761259064694 0.3188838079994672 0.1700308460523419 0.20198270298283522 -0.17070014642933629 0.019676057319185893 -0.19029110281922715
0 11 -0.12792194783870708 -0.0179297855441475 0.08170646242541492 0.025494359165429727 0.09387136996396674 -0.00980229463539703 0.08106164383924117 -0.1330707525173338 -0.08376312012757052 -0.24866287790511946
0 12 0.03697663541564756 0.010014495329473167 0.08068030738388289 0.0051038701944070754 0.009695541650536862 0.04358358623438069 0.02227731419857043 -0.10457106548631696 -0.06363194406979633 -0.09015150752188947
0 13 -0.0015784391931152298 -0.034039219964902306 0.0028658128416128186 -0.05935084442205713 0.20917976576644975 0.012179175831915813 0.2783319339361995 -0.003937250108294044 -0.05004549306258486 -0.15063923220646716
0 14 0.30253920248802346 -0.1933518272236246 -0.05448015210820165 0.2383085984476343 -1.460240315183107 -0.5212465939130981 -0.9581136558793402 0.3539703475454929 -0.14869533014949057 0.8312256840361539
0 15 0.17157393866709897 -0.16584659415950745 -0.03294091529696696 0.029499514505819995 -0.4482965759801252 -0.10275639044754198 -0.29534208062976786 0.08027435438344441 -0.01905504189808232 0.2300663308050448
0 16 0.06689920484028014 0.07674618894752795 -0.05568737093149244 -0.08339925556642289 -0.05878191763668909 0.08951432738703517 0.07468361857607123 -0.04772988128754177 0.0647302232050472 0.0480493861796978
0 17 -0.05809310416576927 0.12966341120823896 0.09295772890661963 0.0057726731298960495 0.3733770643588535 0.09418570402259112 0.11426536891836987 -0.09660134074800115 0.04340400796279962 -0.19183353159441832
0 18 0.07182613184642976 -0.06497462305497195 -0.033737234760990734 0.04295768771448685 -0.21585528791625658 -0.05798915558756456 0.013040914979175845 0.005145540496954532 -0.009082505974096378 0.016092189574194584
0 19 -0.008416950060016606 0.054836204101256274 -0.013656901645337907 -0.21290174594950603 0.504019771857239 0.20458903360929356 0.31018200546854774 -0.2127792340298669 0.09792236780692805 -0.29726959967644906
0 20 -0.15780526022925365 0.12359153404150328 0.07977846383309352 -0.10179806406293149 0.472436252497659 0.2373489048478158 0.34350920081659786 -0.04631028758860455 -0.04085664910630818 -0.23374860597219646
0 21 0.039476493937231384 0.0327601718843897 0.051134457007119875 -0.0038743924593120193 0.2737384049885719 0.016573774662175318 0.19763830206449348 -0.15936102617982834 0.0025238976444065665 -0.18210081295239858
0 22 0.016455498366020515 0.07721112908608303 -0.02910259396201534 -0.10744640685132892 0.2706630116659561 0.03762328127140103 0.15057570133597234 -0.11265577532336683 -0.05792696733217474 -0.07980553865559699
0 23 0.02374346379646747 -0.01159568817582125 0.006343614929673081 -0.019566988399557724 -0.15887472244456088 0.0515565804500734 -0.11610814062629406 0.034422042404313076 0.04054256934256871 0.029372038100054485
0 24 0.04640510006895536 -0.08345461436137043 -0.09546793084991434 0.020981567505819178 -0.06271417725443512 -0.03220903964847766 -0.1103306512523484 0.04516936857606798 -0.0855412081222176 0.08322633406562967
0 25 0.021862151696632977 -0.033865147089469666 -0.016245111615058316 0.04963701382183184 -0.13546269136431327 -7.200332680437154E-4 0.07105596044439189 0.020335894177761424 0.07342138461707264 -0.14841130143371456
0 26 -0.006815882713378795 0.019451250349710316 -0.038719149374511486 0.04725235677571379 -0.1670984669263452 0.013853135206440312 -0.034359917234340426 -0.05302716434487093 -0.051179160848047134 -0.003263227173590725
0 27 0.0752900473111283 -0.08720034269970303 -0.007279868709249759 0.0825748762564792 -0.1467556562891974 -0.0675031392769166 -0.10383236708343861 0.0616199876452534 0.08508894199891942 0.004997438809991431
0 28 -0.01409374832325446 -0.09901769360361022 0.08193060077768853 0.036419245015134986 -7.703357043979313E-4 0.038356593513151536 0.018547213069904627 -0.09999747445964918 -0.005583193452524191 -0.08847237415989198
0 29 -0.12105877236957527 0.0671979500060231 0.06088442592269411 0.0315997874705151 -0.09260400874047559 -0.04385229343301366 0.05055020557884698 -0.042748470543192627 0.029621340348985357 -0.04517123164297647
0 30 0.009693732769365382 -0.08966207087404249 -0.06793602119720434 0.08547325060583415 -0.37294416003899755 -0.10088973313975186 -0.24367148041957665 0.031577174291394755 0.08452604614064578 -0.008642227849958363 -0.316837190503004
1 0 -0.6565427927646122
1 1 0.26871490510584967
1 2 -0.012675350126631716
1 3 -0.6309690810830021
1 4 2.3109584343772904
1 5 0.728559459127991
1 6 1.524570297247359
1 7 -0.7821980836375725
1 8 0.09769756855488071
1 9 -1.662616715861059
