## RankNet
## Epochs = 100
## No. of features = 30
## No. of hidden layers = 1
## Layer 1: 10 neurons
1 2 3 4 5 6 7 8 9 10 11 12 13 14 15 16 17 18 19 20 21 22 23 24 25 26 27 28 29 30
1
10
0 0 -0.01045041571083432 -0.03071797787523265 -0.5448452268623135 -0.14561320451725387 0.12603082630260704 0.20177522959346825 0.07597572099215458 -0.07829679195930778 -0.24803512537523523 -0.3730016545579519
0 1 0.043434453890074685 -0.01883452681062824 0.32854518787120546 -0.04995830581423994 -0.11500310930503571 -0.07859175709538412 0.008067091692886063 0.08519978750420384 0.23632052958568456 0.2110512527179571
0 2 0.06151303427717842 -0.17317142650962922 -0.8881688365236077 -0.11589851259163969 0.1214421864070817 0.384957606961747 -0.06375575873308759 0.009490879252793695 -0.47604259702637713 -0.7507535568645349
0 3 0.02521983572243405 -0.6213781501416026 -1.9289282698040684 -0.15344475239737634 0.22728721396922752 0.9576526379168793 0.01722922676101588 -0.16053057276050464 -1.0043171932869712 -1.7176757331270887
0 4 0.055046423844598555 -0.14073255847045285 -0.728834362302768 -0.14758146118011703 0.17252915648034703 0.3317594156728718 0.08737391191561734 3.814038757313496E-4 -0.39107634242807043 -0.6599505544552444
0 5 0.05374439533576212 -0.11991371713094084 -0.17275342793899723 -0.06495890377215552 0.0084215521920003 -0.04405440509771205 0.060699035084405835 -0.02234559682009166 -0.004804361456169097 -0.015322073216188203
0 6 -0.00540743736842915 -0.03731234129891509 -0.30386211315916134 -0.08128471235993481 0.059341588782366256 0.05637790822473804 -0.049719915529234354 0.009166888448664224 -0.11367182046451367 -0.1740015912764037
0 7 -0.029595671833980985 -0.09942126666814027 -0.4361702059550937 -0.05292355491626384 0.12990874887948176 0.3040960691441396 0.004965686709263043 -0.015499359988596166 -0.28389214482114805 -0.4478466354398641
0 8 -0.09674995055262944 -0.09258826885716576 -0.6241650927054696 -0.06917306425995232 0.13994912614381141 0.30913506617950387 0.05215259372527433 -0.06396594112371934 -0.3212181775837319 -0.4950130056820864
0 9 0.08793328984480385 -0.07088204898667072 -0.2926013367588806 -0.01538097793322804 0.033626138933459886 0.21262584422432998 -0.07031895325829203 -0.07470697505964206 -0.22884323902219283 -0.21722390994129373
0 10 -0.033940843953828174 -0.11360126917691576 -0.34337803020251034 0.017598666892457725 -1.108728057470261E-4 0.1629741392129466 0.015086531136267858 -0.015848224854029393 -0.24986810352313804 -0.33902431963370777
0 11 0.007626687202805353 -0.06354882869859575 -0.3657026286073992 0.03585622972452081 0.10520736477291329 0.1924206302979959 0.08410359130306683 -0.022483482843676055 -0.24788492251523433 -0.22547731488072817
0 12 -0.05793394870831309 -0.09992117272591475 -0.16119435375425997 0.044322354638978094 -0.00989102191310107 0.019128029910739988 0.011455414093340659 0.06744578829259833 -0.020154478425615557 -0.1693755991974066
0 13 0.05457633225885094 -0.03487091988232083 -0.399272223832084 -0.08932440866773401 2.4722702094536007E-4 0.10994527307189435 0.027369430246691504 -0.10721793930151165 -0.19994450753770499 -0.44803594834884636
0 14 -0.043738601694532336 0.5766106997026297 1.6643513428248544 0.29060712353067164 -0.1760472767458259 -0.9499960457705466 -0.13741975605158285 0.14032391387944562 0.9107839564673906 1.4075240167835235
0 15 0.0758203742567052 0.12350635575234091 0.25254441454592225 -0.002741478120769511 0.004536496401212882 -0.3565103052528717 0.04388536237796764 0.03540131541458013 0.18889995233982385 0.24922552474190326
0 16 -0.08156227083861008 0.09444474050847626 0.023251894377367403 0.028549009479096332 0.04690124252068144 -0.06694129214315488 0.03206817716737635 -0.024526693267617278 -0.06907638477372464 0.04922040092151875
0 17 -0.04022241331756517 -0.03655498918223056 -0.47378461141218875 -0.10749513896947639 -0.011822537837778745 0.1280974582605459 0.003058471205656906 -0.0961542590494303 -0.19453613166810363 -0.3092932391596481
0 18 -0.09948458903547462 0.030761870401319502 0.1439287491859188 0.07909820498656192 -0.06869699577250267 0.020850253828594373 -0.09745664828641677 0.027262287753200932 0.07389688944102946 0.04574031203973808
0 19 -0.015737785428058884 -0.15332396795660402 -0.6708784317025649 -0.150825481266273 -0.014857856509126677 0.4362689905223435 0.004331822892082768 -0.115438947708023 -0.3885521978610592 -0.7025050644559544
0 20 0.005074305643668057 -0.09593618390311424 -0.7044454805627633 -0.10268818057598053 0.03684256184389404 0.3562961933249129 0.10153021660977628 -0.1170051138322615 -0.3898121054924824 -0.6349386534661153
0 21 0.036151358006249024 -0.17525789643358358 -0.31124847651613047 0.02668405842710459 0.13211242486316963 0.22949960325266563 0.09058382604347963 -0.001816407699504193 -0.12218094626109977 -0.3196803549249639
0 22 0.008479540524022392 -0.13291675610051354 -0.20289596729822798 0.06116757667237496 0.022647646024599545 0.03994622962660843 0.07986969148915798 -0.012102100708804367 -0.10362278565707612 -0.12835862276321666
0 23 -0.04243333497151756 -0.009639642397951152 0.09979435961616663 -0.026575569198344064 0.06046663592853659 -0.1464134416805071 0.01091180951762646 0.03384314171111569 0.11679577551709303 0.09500852793448049
0 24 0.09425817969536024 -0.08000012666041592 -0.030001225610487212 0.052340755272394617 -0.10874024386402473 0.04914208290231611 -0.03437528154013922 0.08147006910954434 0.01234475242948218 0.08069416646870946
0 25 0.028211037430452314 -0.003203585498638426 -0.238197750282352 -0.018427770508007455 -0.010075021723767084 0.03572014010324683 -0.010542662117806712 0.0680032819363091 -0.021476675450835845 -0.13502020850862306
0 26 -0.022247444040765698 0.12738119178573917 0.18383048828946785 0.0669534743529293 -0.006134329711138702 -0.1723376037449178 -0.027412885560923146 0.013226362848332587 0.08991161447552753 0.15906104786144418
0 27 -0.07863751585963656 0.051155321546247114 0.18713010474026928 -0.011201806825168342 -0.06423793551178753 -0.05509734845092319 -0.006286026645993148 -0.05449292064883734 0.10863342160269711 0.05945579012162396
0 28 0.03255768926482148 0.07852304462335309 -0.052443647134009605 0.06894669519282569 0.09311610250486745 0.023595230507322627 -0.07463284632765353 0.04795101984277247 -0.03791553787453952 0.07283165209935312
0 29 -0.09107689346094493 -0.01920985523976017 -0.39147326169714425 -0.12698400017254657 -0.05362866946132915 0.10322818603368875 -0.08992260740416076 -0.049774523511132256 -0.2810956286562496 -0.3389223499004364
0 30 -0.05614842279832517 -0.07856354943319908 -0.05199903654952984 -0.03736501981194276 0.03582834821359356 -0.057062564240263174 -0.019791780504412118 0.06555158766186638 0.03178292639333998 -0.10724643968577899 -0.1697651334301219
1 0 -0.021544042443580793
1 1 -0.9845972092236582
1 2 -2.9304682920517924
1 3 -0.4947715653657636
1 4 0.3415138286635336
1 5 1.6521855027261745
1 6 0.07914894879459494
1 7 -0.356349868796945
1 8 -1.7927909072484491
1 9 -2.6049191456407894
