## RankNet
## Epochs = 100
## No. of features = 30
## No. of hidden layers = 1
## Layer 1: 10 neurons
1 2 3 4 5 6 7 8 9 10 11 12 13 14 15 16 17 18 19 20 21 22 23 24 25 26 27 28 29 30
1
10
0 0 -0.0950334881179715 -0.32257298984575106 0.34233269831816 0.0023435829784543894 7.087053755548366E-4 0.17685450208792525 -0.040665466596831984 -0.29571031041691687 -0.117775260023004 0.1684869061232325
0 1 -0.0120865491901806 0.2166026860309288 -0.22528176147309617 -0.0882918695961589 -0.019714016384782672 0.017191430409671714 -0.07590052347329693 0.16999108181273886 0.10533083352760358 -0.04775482239900196
0 2 -0.062174331961699025 -0.6101717602162128 0.47512245698293537 0.20179220145527 -0.05434284171629577 0.1164833608160387 0.007877739935057361 -0.6164663044191916 -0.20249698087551463 0.31188767743120993
0 3 0.011506198448365488 -1.1998886593860603 1.0544289981574146 0.4284236200445486 -0.40153369134773925 0.23203691179336317 0.14166788359512428 -1.6372902790866601 -0.6561354470133819 0.5669397165768338
0 4 0.0027340818198569967 -0.4602924619224925 0.46193654261373 0.18499807120222989 -0.14822901774884337 0.14313546850287012 0.1281579953912997 -0.6294041480296951 -0.2741835145113535 0.2342077343214078
0 5 -0.07666513444881634 -0.14427978300183347 0.040140303643560964 -0.015692288295163937 -0.08357732855449407 -0.0744234990166387 0.01902662342149368 -0.19045682911906608 -0.10601691407621917 0.03782518181471147
0 6 -0.10226934895685356 -0.0693945916016927 0.04339034356866016 -0.020701189215372392 0.01709120222157102 0.09641050197086819 -0.055628418357721046 -0.2751417404573727 -0.04604785338996887 0.0720211077957448
0 7 0.045334773343006105 -0.3711303652555919 0.18476066439064348 0.033549219592856 -0.059473331683634785 0.003317527057846103 -0.039945239840599445 -0.44916909616677925 -0.049965747620727564 0.19948941025206834
0 8 0.03163014876915543 -0.35175505636572646 0.27692251609016544 0.023966362007624392 -0.17833320999102195 0.15059606205397225 0.08513446445021745 -0.3776750844451749 -0.09824616017980718 0.16104773728637203
0 9 0.04480175293786512 -0.20918043337930442 0.0737139459167715 0.147913345296731 -0.04195999889040423 0.0911125708179327 0.05262997297216422 -0.31263229605073845 -0.14070802081853756 0.17580262369482116
0 10 0.05054343891380508 -0.20620674498270633 0.2127405167458042 -0.003947540754824813 -0.06436094944962038 -0.008499192016796421 0.09002504895433887 -0.28773599336464833 -0.137370319905563 0.031421873188453825
0 11 0.0860362901454259 -0.2080278080037724 0.1248708188072559 -0.0025870702518167796 -0.045069258826025436 0.10757467737697507 0.08755945496821517 -0.23589398380054338 0.004905642995814533 0.133409918570781
0 12 -0.04321871910968868 0.05126247701179713 0.06077300359925955 -0.06117970241339486 -0.025290553977588996 -0.03859484817245932 -0.06266242188082205 0.019656719364410383 -0.06145870611228626 0.07452789093307075
0 13 -0.06865118211293032 -0.3176529924718464 0.25049774899883015 0.16744607505996428 0.003876898936274507 0.010889957591909225 0.04987102470979346 -0.2717203865804334 -0.08787900121660647 0.17167728175267594
0 14 0.09603010339068907 0.9668568184637569 -0.9041541952874483 -0.24358258613985023 0.3439934476187364 -0.3822845659436787 -0.1658225175147449 1.3303564610448442 0.5167059426486904 -0.4254616002291263
0 15 -0.024380260106720963 0.22982905539419202 -0.33059217299015103 -0.17786731128356958 0.06699250298430684 0.005908995157151981 -0.05986209699871601 0.2477745173683569 0.05377425575745623 -0.08725900320569095
0 16 -0.04882496719971388 -0.14553754785962902 0.08698708575210541 0.0020734159000242386 -0.0174872385109141 -0.04998147504612012 0.020858308924791544 -0.004131379675710473 0.019606194394352575 0.0031320230625217693
0 17 0.03808865404895245 -0.3762445236830124 0.24519810676668238 0.04195707235281052 -0.17094125042418273 0.1171876384363307 0.021169989730862628 -0.4312336445463716 -0.08810337076201118 0.21789101901457786
0 18 0.043550106738954764 0.059005461426099595 -0.1502382841292988 -0.10055553413402024 0.10715550079233549 0.06979817656562769 -0.05058120360678422 0.08722146408770211 0.079008568184609 -0.04209532606700571
0 19 -0.08261137904158923 -0.4699299569466741 0.39154814194268395 0.03354226578587481 -0.17271019690810926 0.1000927871390408 0.06678413854259324 -0.5245007796723485 -0.10596076829927109 0.2657210804388063
0 20 -0.03820722173325235 -0.3525059845969659 0.387305156271843 0.11144735678261908 -0.11759752857263091 0.18257779704149574 0.034481827677652906 -0.4946369015221748 -0.2147929263844287 0.27490416925322836
0 21 -0.0490214038011259 -0.1885841087421584 0.2676128719925439 0.10529386714650903 -0.12323263701796063 0.08407313727592026 -0.017969154552842526 -0.28766318432395654 -0.09123743815163242 0.10649370231043723
0 22 0.04081209204808205 -0.23999982664672942 0.10516870313170386 0.010436572614045262 -0.03675707698895222 0.04429981481333294 -0.07155800301306821 -0.28331262319475314 -0.07491442912196877 0.06472728630400197
0 23 -0.05712369881069604 0.12302120110040354 -0.18180133082792962 0.052441834870462306 0.13580488376859196 -0.06470216357364258 0.034966244989907073 0.15230420513002785 0.1615182519777414 -0.1391821162669893
0 24 0.04508862981125725 0.006061917529338941 -0.16732758498472813 -0.10631241192428649 0.10072318961981724 0.01588827105931743 -0.10294198529656574 0.2074998839500656 0.04031418428025783 0.0014630619731012802
0 25 -0.00895985783991252 -0.2172187399217237 0.03858435218595263 0.04970720842922467 0.013377082308944558 0.035588476004464964 0.03326979191262326 -0.3774924727676542 -0.187513358438549 0.12344535467191393
0 26 0.005964456864323752 0.00456177086979114 -0.1462129252807056 0.019129873558058532 0.06576118184620247 -0.10302178158399321 -0.02755808739118535 0.1133009443627061 -0.00791239931021921 -0.03865436060863604
0 27 0.02870692314211625 0.06820073191792879 -0.09422368519857373 -0.09367877361741644 -0.00952239308216147 -0.11388979692990231 0.04833806217136785 0.06770656713107802 -0.03439380597400516 -0.0072860700554135864
0 28 -0.007562998230573007 0.001784221313224872 0.041785356647256015 0.02054396050892987 0.07372533436871183 -0.07007004734786092 0.028720089684065135 -0.0827979122649756 -0.07523641820299141 -0.011288808085994775
0 29 -0.08941495085758075 -0.16884988571964207 -0.1518359366360485 -0.06217091970432106 -0.08072617735866627 0.051995401327343115 -0.06947186807004412 -0.06036369462920582 0.013832846355403026 0.023459541550164272
0 30 -0.029320050620456253 0.07137517280371292 -0.2652931475842571 -0.002724873852881528 -0.025215296349039695 -0.0018481103204714957 -0.1103561844977172 0.07338087133663497 0.0456661477087577 -0.02433339158755408 -0.4418484020970404
1 0 -0.1949728238543208
1 1 -2.0465251922889567
1 2 1.748101388984538
1 3 0.503203404415405
1 4 -0.7478274083613536
1 5 0.4648718133008327
1 6 0.16582718148368034
1 7 -2.559048234125084
1 8 -1.0942142562795503
1 9 0.9021375892074808
