## RankNet
## Epochs = 100
## No. of features = 30
## No. of hidden layers = 1
## Layer 1: 10 neurons
1 2 3 4 5 6 7 8 9 10 11 12 13 14 15 16 17 18 19 20 21 22 23 24 25 26 27 28 29 30
1
10
0 0 0.08956711156397094 -0.13884724616178615 -0.3955046017877536 0.03635388173999973 0.37792437847775806 0.21184882099444827 -0.15966153552395496 -0.265307299302824 -0.13058961437256061 -0.10425403867956025
0 1 -0.12319353439794758 -0.058037194478905624 0.22739685377393515 0.11829389690470157 -0.3282451106326583 -0.01556987040191902 -0.003587369788283509 0.24471638073925928 0.05253115695072787 0.09647409889490112
0 2 0.1394578460488019 -0.16329346262105923 -0.721504057777857 -0.07688415020643184 0.4888297907373984 0.2842393237215275 -0.2777975438298156 -0.48956767564745435 -0.1014719369111508 -0.15721231303618566
0 3 0.4495656618681153 -0.2836144927338003 -1.6869723238007739 -0.2453481840751833 1.2335047325879975 0.537022277101114 -0.5259341966432286 -1.3282983430859596 -0.2845950803402077 -0.35932555680338285
0 4 0.16580642155473196 -0.13440048371222046 -0.5954436168349067 -0.04806717144977908 0.5405352721275659 0.09372974157552243 -0.19966608446636927 -0.37865475842033397 -0.10155062168895454 -0.1806311298389203
0 5 0.003055794519593876 -0.09609427595096638 -0.016289524992994547 0.07324648132347665 0.1559879784255966 0.13219243655605833 0.001985242604358291 -0.14821016340700469 -0.10898673587193551 -0.04591354954576372
0 6 0.05775548809232344 -0.09564829982280808 -0.15974548944516898 0.012206169520393446 0.13586764325714776 0.12961240545940808 -0.08475120116145442 -0.1947081369402721 -0.04363038328872251 0.047032404349051565
0 7 0.16337312259510514 0.018705239309028794 -0.31984690155874035 -0.0969406182343524 0.3518232536058846 0.0843572448099864 -0.2164388629264859 -0.3699819458499365 -0.028412073133302282 -0.17662478289237152
0 8 0.12901705710596126 -0.1291238011438557 -0.40049591472769 0.011353904299655595 0.31048126582240265 0.08783836841208523 -0.05258587926821294 -0.3762969644661787 0.013292688779114839 -0.2002650168542378
0 9 0.03697127954358775 -0.0838523512737899 -0.16137039251760973 -0.01929998526018927 0.2587491992160786 0.13956394970882596 -0.05808440635933115 -0.14467653559603705 -0.05370104614624562 0.015560624175450032
0 10 0.16573610480098105 -0.11360396254699659 -0.28639450398065647 0.06636954142759721 0.34570382723776183 0.13523820784813836 -0.1903405498628959 -0.20276968362647457 0.04879064408956632 -0.0754494480223388
0 11 0.010966115609035763 -0.12524914814852187 -0.266587156289448 -0.10212107841632556 0.21045235210698512 0.04459065029251906 0.023969630907697333 -0.1499633770167426 0.03694814813701513 0.012939993693847818
0 12 0.017274136128576336 -0.02731838733365498 -0.1048821218564958 -0.026258849384982474 0.007758319461666352 -0.05858383816891868 -0.07036658243618446 -0.09057267698673303 0.06901466174135618 -0.09320738320026577
0 13 0.019217605864025166 -0.00961954128410098 -0.24732414050196896 0.004555790875268281 0.1899753294479988 0.13973211283410764 -0.04006073754498229 -0.3456762453669688 0.050409367477201816 7.971347671940805E-4
0 14 -0.48030891990163116 0.27926267179328607 1.3634161226694854 0.1202607649200902 -1.2689418266420456 -0.5515842403916805 0.4863283878914155 1.0472522091640954 0.11751560008942447 0.36874029090284854
0 15 -0.11250090267149505 -0.020400775143873246 0.290195589026764 0.03705137294441861 -0.44118584391819704 -0.10577343218568938 0.14604134882754216 0.17888440858900453 -0.042641361554374896 0.009491041541329842
0 16 -0.017561748939114184 -0.04001302379184532 -0.08502901211624823 0.08798814191052892 0.034685514295263876 -0.08121449460940355 0.030247541588506895 -0.018819917759686937 -0.08566767240277116 -0.01577987391604677
0 17 0.13799166049165223 -0.017548401613690347 -0.3789853843255983 0.06370058695633202 0.2548378600432861 0.10101862150616396 -0.14192259482588676 -0.2869524021767723 -0.1400782152957126 -0.11705123440063259
0 18 0.014906490783034564 -0.08261708185327288 -0.0072400818004657325 -0.06353470892360939 -0.014370003948643944 -0.035025910645145 0.06531256418312367 0.11616323884843158 0.008744472559940902 -0.02962242209096595
0 19 0.08475670787503606 -0.005757213434774528 -0.5710766423429806 -0.14737694067914645 0.519450038719752 0.11994513706932139 -0.261545106381102 -0.38669027580339904 -0.09928009772411735 -0.18720659833559233
0 20 0.037377396602290655 -0.02915448001906721 -0.45317942368139547 0.05396762577347969 0.3671126571978204 0.15931912302433374 -0.07021484959501104 -0.36172303883235774 -0.00393943485092561 -0.05618654460220922
0 21 0.01723215093527111 0.010602244438018748 -0.31327104226006525 -0.11354989746802209 0.0945329961324378 0.05400948161881567 -0.08029080736244848 -0.16804970884856005 0.011615953633870402 0.03398792876574953
0 22 0.012287208992868665 -0.10602894489285045 -0.14632245236263935 -0.005010707480037197 0.1503471878200037 -0.020580664222810748 -0.15812239079376195 -0.23501935705516708 0.00611402066591863 -0.13639265699717856
0 23 -0.025928275458588158 -0.0807636605102176 0.11288921839700589 0.056770687800755955 -0.09038385440193898 -0.037392937250946084 -0.011445829891131857 -0.0014672464645940886 -0.04999030589286862 -0.062322896018575796
0 24 0.03894934884122673 -0.055102351412562034 0.054057053918498396 0.012125202682774363 -0.1427421610358955 -0.029334027795907037 0.11652821650519588 -0.04208810542738964 -0.07133725931840255 0.09126951832902377
0 25 0.016799774571039098 -0.0012543595832014561 -0.11819505206333518 0.028971740808398275 -0.14923335221093645 0.01604544478546078 -0.06280067038228472 -0.11241337829659905 9.37683538753972E-4 -0.09706444971172246
0 26 0.03226275067867974 -0.030911220203158948 0.023926704731729722 0.07760030520625044 -0.08912983044182433 -0.014302041518033284 0.012162944453226935 -0.021427145070074594 0.04550227829142272 0.10274197722379956
0 27 -0.1311002117445618 -0.05759520132371803 0.09374295009750065 -0.0775610291067816 -0.13243669511243888 0.03130966380513726 0.0379270699857199 0.10147951985146161 0.09553964317048824 0.13573802492499185
0 28 0.058805470896174016 -0.022340229684656394 -0.055143654774599885 0.0036481054665689016 -0.08811572240782604 0.029441317152317452 -0.06730440222238494 0.03861072467841978 0.052259081898455746 0.05149278033589247
0 29 0.03296079073863269 -0.07952543380877486 -0.23147410544594155 -0.1024571800367403 0.06959719717926831 -0.0605124570104386 -0.024230806859030573 -0.1414464527695618 -0.012629895999455071 -0.03794251439741009
0 30 -0.030238966993047626 -0.053889173835879545 0.05798886078948984 0.03305985772419243 -0.21924524227406578 -0.12536497880570616 0.055003509957865473 -0.08349925590646698 0.07507907865737025 0.06226958312023253 -0.3892098825700195
1 0 0.6910770888899043
1 1 -0.5453136437490458
1 2 -2.5867342426839484
1 3 -0.37299093221762997
1 4 2.1687718218852394
1 5 0.8394853138996335
1 6 -1.0060221598289878
1 7 -2.044436876892782
1 8 -0.4311137119252776
1 9 -0.7571382919587386
