## LambdaRank
## Epochs = 100
## No. of features = 30
## No. of hidden layers = 1
## Layer 1: 10 neurons
1 2 3 4 5 6 7 8 9 10 11 12 13 14 15 16 17 18 19 20 21 22 23 24 25 26 27 28 29 30
1
10
0 0 -0.0712265599182885 -0.046358536867889655 0.03801672640301596 0.0929777771886008 0.09001497722398592 0.097362295510816 -0.02744528376705472 -0.031293348909963395 -0.008957358259630914 0.032315070497444295
0 1 -0.08761119157290968 0.040425616665040354 0.09370755031259918 -0.04349779367297176 -0.04959164933097276 -0.0865065858609049 0.07995758331635831 0.025963481555510086 -0.06475584274627273 0.002679793416461694
0 2 -0.019183963982595812 -0.07068114160091679 -0.07170868999720201 -0.01828368085871403 0.0057207331029688275 -0.09662529898720973 0.09937556712146012 -0.08362869814274727 0.012359339543058744 -0.045091184750567205
0 3 0.061079725524408615 -0.05304349558991961 -0.08255958977180192 0.010085120161556146 0.008660427137970356 -0.04781489061627428 0.06174151995882836 0.07309980328925231 0.09902849173580228 0.07310253001317735
0 4 -0.0046159367660244 -0.04205202780061105 -0.06873713284574068 2.844831285207714E-4 0.05612125580775035 0.06941587233590352 -0.026591863401136197 0.06295169978637967 -0.09447186281896368 -0.03933033158565232
0 5 0.05350001589405355 -0.03239352786364986 -0.014963992583665393 0.06647539809763192 0.037722214677624155 -0.05453044304476914 -0.05303068546142481 0.04826937615661152 -0.08711548580885058 -0.03263782169935642
0 6 0.06974165210057756 0.04628894146168648 -0.03283742363874816 -0.034287119107448055 -0.07192328739695361 0.050611157510102506 0.07926296111070959 -0.08647886638589268 0.09687708594826143 0.09839693677923181
0 7 0.06111213976288954 0.09789701154979268 -0.06935371499055798 -0.0762736557837012 0.040406256415743795 0.013535736836372145 -0.029884927248814447 -0.03503012263086413 0.012942928887068493 -0.06365574049201891
0 8 0.04120691103914141 -0.08468467556007742 0.09686759089162673 0.01637566738168607 0.002588260386074725 0.018127856075217268 0.04440539225662854 -0.08123564168353913 0.040752575887923505 -0.032466108768069206
0 9 -0.051791017852039635 0.039564007268962885 -3.20120989729989E-4 0.07837868995151125 -0.042301463273616176 -0.09697908160245845 0.026806406229369445 0.07013611705208292 0.06250120591949525 0.06280563249112932
0 10 -0.021023905702308717 0.031385370129150256 -0.06283320541301603 -0.06214159028355697 -0.044547926676781716 0.035232864778854144 0.03014866553853035 0.0770442284599543 0.07332506069414652 0.02098357009038594
0 11 -0.0022799715507781588 -0.09530930696389131 -0.0287338138409275 0.03457373931659945 0.022162651816685523 0.017349515177856628 0.06336208598399236 -0.04482834555950249 0.08277772887334199 0.03534359336521022
0 12 -0.043449847929448386 -0.03325907675017144 -0.07338012750295558 -0.05134064548984907 0.04754051329200516 -0.042282138311509156 -0.061416344267066665 -0.04642139793640337 0.09828056449914976 0.09269999544508771
0 13 -0.03633025610908371 0.047098826208837416 -0.05284017738813784 0.04984255661465353 0.09567250154304756 -0.06095053891986594 0.004749137782751123 0.02580020220557665 0.0767588379931328 -0.0693457766987876
0 14 -0.0920432933413412 0.053865515754884144 0.02401502585238156 0.07233212674943447 -0.06305354094972541 0.06127333115489489 0.034613812373962674 0.07756056477626445 0.025572578951079065 -0.09603086629182572
0 15 0.04403245131334534 -0.013478062001594005 -0.09325591403879568 -0.035054274600962915 0.0965492122505202 -0.02522374185066598 -0.0468966715077408 0.011287011769123384 -0.09675857673155126 -0.08225687215048082
0 16 0.050265160795717044 -0.051177934764119554 0.050603442395818564 0.0836335000670567 -0.09323766413008527 0.003833653700451805 0.09042135111642248 0.0012625341633887316 0.08780317240575305 -0.08011748504604208
0 17 0.01848174781658309 0.03930721156106182 -0.009655588872371277 -0.0903784270054595 -0.022064297930416678 0.02137938081696886 0.059387374247832685 -0.08633123634628949 0.08662835350454494 0.03889981378149553
0 18 0.016470339745183027 -0.06686133345790948 0.07905452000699784 0.007321975277802709 0.07235921296551029 -0.0035076037915056047 0.08134911338588313 0.0801645525077754 -0.058965620605180756 0.07776667056239438
0 19 -0.030343103320523236 0.06534203980132126 -0.033336850307145435 -0.09955615228234152 0.058811475821126974 0.07311118707913555 0.04006710550173865 -0.0935730531793712 -0.03959417898336166 0.09995071674341227
0 20 -0.04994532496187034 -0.09897886232757643 -0.005885262650945923 0.019944340922962378 0.06356107102132616 -0.026294142757101263 -0.058426981997336695 0.01050761351674143 0.07844203887688121 -0.05541104877307353
0 21 -0.0719860733753936 0.08777383640123465 0.03931137323545823 0.03833123119653819 -0.0837726772800825 0.06474241138941456 -0.031185279093773787 -0.09171067960591144 -0.07847994601638138 -0.07292669618417605
0 22 0.02822525722312394 -0.02449173740874915 0.08637293229345375 -0.009666792942820263 0.08364608543289961 -0.050066186119054584 0.0748921686373715 0.08024391668486423 0.02767432165625212 -0.07223260175161876
0 23 -0.04471512230747465 0.006990463020107342 -0.04609531030777156 -0.020287629249381014 0.03991879660178705 0.0671714639141278 0.0258441825634041 -0.03067452967474142 0.041820683640162525 0.0037562826637661615
0 24 0.08790360664341258 -0.03794984702213331 -0.04518638475441489 0.025392703579922862 0.075638169868925 -0.042820943119741176 0.008588590513128765 -0.07493659785577035 0.030414875994979367 0.07079790938716006
0 25 0.029787271643221376 -0.09953558579817551 -0.06589624855471936 0.021457451448417493 -0.02165079816055921 0.09911690387525234 -0.04702950139396785 -0.03553956335961278 -0.054932049207046606 0.06626887744169961
0 26 -0.09130901109999329 -0.07386360332434286 -0.08891117699919526 0.05359777886214624 0.03493277392477423 -0.012589329718609748 0.03492305474402109 0.023558352165409163 0.04896688875040499 0.0048580372493864194
0 27 0.08132962178201375 -0.040427406019449046 0.048777462559074704 -0.05185893277254963 -0.06550723343031505 -0.06238072230533744 0.011917406265342226 0.05419376145628542 -0.09352080366237056 -0.07937830033471809
0 28 0.009252500884916571 0.08625187681459427 0.09402156526853833 0.021241582775854695 -0.058272997374071676 0.04746290610243714 0.04202372129744379 0.02949343970726574 0.027533495960371752 -0.0963659744601543
0 29 -0.003647174365070135 0.046384961259721455 -0.05689506150012225 -0.06615493886763776 -0.03405046569754232 -0.025361321117578536 -0.009177333897328836 -0.09345809215917529 -0.006604031157684766 0.007134192061497654
0 30 -0.02789009238328672 0.007296891979784261 -0.07774819794277228 -0.03864105708901928 0.09707314562629393 -0.016269806987265496 3.773657290773436E-4 -0.03647720096187923 -0.0436210158759111 -0.07540449313978645 -0.0618838965892784
1 0 0.03663427382707559
1 1 -0.06658171117305606
1 2 -0.06494750082492734
1 3 -0.039549775421619957
1 4 -0.026916801929473683
1 5 0.013238388113677493
1 6 -0.06641613692045255
1 7 -0.03917865082621536
1 8 -0.09196986258029936
1 9 0.003341257572174047
