## RankNet
## Epochs = 100
## No. of features = 30
## No. of hidden layers = 1
## Layer 1: 10 neurons
1 2 3 4 5 6 7 8 9 10 11 12 13 14 15 16 17 18 19 20 21 22 23 24 25 26 27 28 29 30
1
10
0 0 0.27126035856657915 0.2641706265666147 0.09160583743272697 0.028113131449751624 0.04319317084120533 0.1743359568881328 -0.03887491862709804 -0.37400798474760955 -0.2949553447696382 0.12359089494043005
0 1 -0.34601706985272396 -0.1659070180647949 0.011082514612232554 -0.08850429980965302 -0.16096366096958659 -0.26717772387624006 -0.030107065941740455 0.18909355152557142 0.19362973637852374 0.04448040804891279
0 2 0.6980098473131683 0.3762248332805412 0.11596278089498341 0.0139046997981096 0.24540749045738244 0.41672288195825674 0.004477507006235787 -0.6340131458936108 -0.3391902822123381 0.12562231365428825
0 3 1.3146406996896058 0.7093590399193265 0.12976350151017715 0.1814710865683671 0.45623141017898916 1.0426932837793497 -0.08163665499201683 -1.3143880422057168 -0.7875274007412477 0.2523604788200538
0 4 0.6182149072511857 0.21548390774516607 0.025866827744115715 0.1422455049597425 0.10823301046903933 0.5070366002619459 -0.08893078956203818 -0.6247093447604486 -0.373639033616906 0.1967779665367634
0 5 0.1066199343119631 0.07715426153376856 0.03859728480647887 -0.07776961868514018 -0.054170620934169154 0.07629840894868034 -0.08100988552038704 -0.08487397965314594 -0.010757828073600782 0.08158847087298154
0 6 0.07370501142867118 0.13418502183401274 0.04727821034654312 -0.012365131282728821 0.10145946059150344 0.056416694947955585 -0.04143549173378181 -0.07197852079900748 0.005882903099403102 -0.011695011125148183
0 7 0.4276108211910578 0.12760105016176235 0.07075927718328712 0.0716268196167985 0.20892411794917426 0.30471273771282215 -0.08315633766063038 -0.39688692408889714 -0.307175238744971 0.11649949415777702
0 8 0.4925205971754165 0.1584142391026095 0.00922637438032967 0.07724995720787523 0.19884150544945645 0.2313375671398421 -0.022043513826657087 -0.428595654033062 -0.3352219080603287 0.07518936851609426
0 9 0.16369279046394894 0.03495045717555922 0.11508100553723027 0.01341612733855678 0.15826676002577106 0.08097706501700551 -0.04670929134490989 -0.2985456551483975 -0.13930111059485223 0.09363818595422536
0 10 0.30759596693508884 0.12112754332134795 0.009851022423833282 -0.05468646767528659 0.16036260644612643 0.09849060933738397 -0.09088333845126823 -0.2589066899055438 -0.2540412267843752 0.031306782243813135
0 11 0.15554424707304113 0.13888969104165885 -0.06785753723336384 -0.05486695442529343 0.025975728574161888 0.06774069448892865 -0.1075696898956002 -0.128236194508071 -0.1299993568111841 0.10882914665601416
0 12 0.0384055375477022 0.05056103010203219 -0.050613836683953584 -0.02958964309394617 -0.08138796182663945 0.0842876266708759 -0.09537031741655472 -0.11618973772425015 0.07600386821206799 0.04189706666793411
0 13 0.26448281637409926 0.1039439423372508 0.10257150627075856 -0.048557440754513626 0.14006242787428427 0.33194212869804846 -0.04290305007215183 -0.37642661507981834 -0.24688409095699798 0.016321591101326006
0 14 -1.5597353993575318 -0.6985523156935548 -0.23856957296069808 -0.22806843509247526 -0.3858653537252329 -1.1842904687101738 0.04021552806810745 1.2265603737563244 0.854085206881193 -0.23629379460385094
0 15 -0.5446430488427941 -0.28334652251806874 -0.1255132938425844 -0.16250607639557788 -0.17435124786920508 -0.5373496838363743 0.029383636152556836 0.40808173520543156 0.19981984052593824 -0.051064452206477394
0 16 -0.02578309756079173 0.08224926295335087 -0.09703749136843787 -0.009565264969158016 -0.08818681097005761 0.012473659886164777 -0.08175630379112424 0.1016969173007126 -0.0767253594525675 -0.0718688480320399
0 17 0.2929361592204461 0.21355584985007592 0.06734753533497477 0.13548000813470165 0.21446421870181495 0.2667412016083187 -0.005328849248043817 -0.238606767015002 -0.27624481074639207 0.12196516911391599
0 18 -0.15817877300500466 -0.1568549177490568 0.06294820496059948 -0.027087578517821946 -0.08344518820141739 -0.1742445109086072 0.10348320666814166 0.023879409900079362 0.08351351348627924 -0.10714272629790908
0 19 0.49076884815169425 0.22811212964592326 0.08099123159696962 -0.013420067868063558 0.15600666059584914 0.48803411335923563 -0.08394988914330914 -0.4655851293174806 -0.363022566959168 0.0890009871757253
0 20 0.4579959719734442 0.27312114199111753 0.1615659770726953 0.16212692259079473 0.25673104289379933 0.3031114882290121 0.04707052026458937 -0.39075777888168783 -0.41158831731545736 0.04282880456940189
0 21 0.298716433031683 0.048502556420765223 0.14068423877291114 0.0789389521788809 0.023648461913729654 0.1567177235956576 -0.11498356698632092 -0.29543854900661776 -0.12973314651759293 0.0672459005528207
0 22 0.1461492999915991 0.07783309831297262 0.11660149538830494 0.05396069638717642 0.06917408834352481 0.1289613443650475 -0.03311525115522906 -0.16108170065547348 -0.1500586619634155 -0.03853794641015481
0 23 -0.19021999816692833 0.020061377751483235 0.06486127996479371 0.05959541911603751 -0.10936451388304406 -0.1074024777062179 -0.056003469296691914 0.07392525275245741 -0.0024508788282030214 -0.07386910974033971
0 24 -0.21893299583987275 -0.14990985099515072 -0.0361452848905984 0.021768187962932384 0.012159557798761586 -0.071392012351281 0.022904000722120173 0.14180438194761014 0.17181194611091924 0.07046049935101088
0 25 -0.012318170851218481 0.08066725723377288 0.08437921995394851 -0.01186262617513349 0.07775427612984351 -0.016988072769373187 0.03764793444712224 -0.17134927801658442 -0.03846610326505299 -0.08256664052156092
0 26 -0.08946113001522442 -0.1186894539638215 -0.051810414129568674 -0.02200537091971836 0.03677862691795165 -0.11433183866378718 -0.027520491805589794 0.048327246413934294 0.16082814549130314 0.030938491169206803
0 27 -0.1451262557203096 -0.14914578082176871 -0.09944714997994336 -0.0202834553065801 -0.093316030288436 -0.15447161914372715 0.06390783717018533 0.09351131440996521 0.17150417388375194 -0.029902666530833285
0 28 0.017273846467967414 0.0950062287365739 0.03231122199467271 0.03422364583022518 -0.028755172359265387 -0.010655073693721418 -0.07204834891503885 -0.02579850506684539 -0.06627000851429511 -0.08402046974058133
0 29 -0.1861226980434744 -0.015560592422099473 0.10024112631614056 -0.08464720704141589 -0.0074788143249210634 -0.12739698427787144 0.08372845318197886 -0.1820300463499022 -0.12493081907233869 9.705950171880447E-4
0 30 -0.33776199195352635 -0.1349002295965356 0.034244324518359945 -0.06270684301343274 -0.1611226653422408 -0.21622478553757077 0.023064105112471974 0.012477665334095093 0.09351738487998006 -0.11533056826509167 -0.6820600068659747
1 0 2.3923306470634937
1 1 1.1280852318926224
1 2 0.22639892906657041
1 3 0.1924268703519849
1 4 0.7021544599820783
1 5 1.81244299886517
1 6 -0.35434435168239636
1 7 -2.365331827473561
1 8 -1.7581350104948366
1 9 0.30628981541075395
