## RankNet
## Epochs = 100
## No. of features = 30
## No. of hidden layers = 1
## Layer 1: 10 neurons
1 2 3 4 5 6 7 8 9 10 11 12 13 14 15 16 17 18 19 20 21 22 23 24 25 26 27 28 29 30
1
10
0 0 -0.4086649616176239 -0.00849514937917643 -0.252233010027531 0.18159758960282196 0.12339648196796227 -0.3942859541934655 -0.009111933422964258 -0.15505378522361313 -0.3539776656134717 -0.1256325753119719
0 1 0.17282115198237405 -0.035751094004570806 0.24324548524107442 -0.13311230853066716 -0.04732378378662019 0.2817353875636937 0.0787630650353625 0.06103928542054431 0.13591473405643056 0.1788177271399581
0 2 -0.640158081920986 -0.07835351466855195 -0.6486103430436678 0.5257271850830002 0.1379047373677257 -0.896368756537152 -0.17081761333925702 -0.26237392672675103 -0.37225130574924464 -0.3480264260308666
0 3 -1.4605666776490482 0.005513280415013095 -1.3571918873681759 1.0779897946152504 0.28145377340653316 -1.9680342501356545 -0.36929949323452843 -0.5496104738364764 -1.045266986692687 -0.9489662549263835
0 4 -0.535151503115185 0.08566581046839145 -0.46818519413578236 0.4853401405222395 0.09331349795248724 -0.7385648325719167 -0.21681659363729877 -0.2669237866723925 -0.33542630088356906 -0.34210654259469203
0 5 -0.15825419107332978 0.015348582521937208 -0.10650416957110498 0.02171420541991018 0.09858820751295577 -0.02417907788037581 -0.0025041757215230965 -0.10698108606762778 -0.059947226557883586 -0.0707939734580694
0 6 -0.06788813574260812 -0.0013253295672980474 -0.127656478705132 0.10573656015777404 0.08232884937648739 -0.31055756389260425 0.013113842534491967 -0.010564933732370996 -0.04548728056204456 -0.10227129480593629
0 7 -0.2733519511682682 -0.0028616036757781625 -0.40874099076408776 0.25372627977675627 0.08047147602356297 -0.4464395885114205 -0.17933081286938493 -0.24362844019658755 -0.3829332076366253 -0.26931105331975885
0 8 -0.4146262966821856 0.06801566950415289 -0.44471406778111694 0.3057671143033185 0.058909917861500564 -0.5209349550492257 -0.13721732117502458 -0.05783685282478291 -0.407419887327003 -0.16735266125954515
0 9 -0.18186039894676304 0.040446674392154706 -0.11569568574247291 0.1580560217049919 0.05120587098777502 -0.3330928513628222 -0.1134835011691227 -0.09985572773240531 -0.1690570623968274 -0.07454194393755864
0 10 -0.28257953502450917 -0.07941234116774493 -0.37360449395917117 0.17723748874458223 0.1162746386608916 -0.380710792141045 -0.17534677283584402 -0.20964964961895383 -0.29104358575035877 -0.11122042730776366
0 11 -0.20972446306263393 -0.06042534291566161 -0.14638326192183507 0.05010874147508389 -0.02888566150610532 -0.26857458560699277 -0.16873797375958857 -0.13648142156305865 -0.18645859733054052 -0.24722985333943667
0 12 -0.12492367183440575 0.09945632346613195 -0.15112411557348546 0.024806816616459774 0.03417023200677152 -0.1819661643070621 1.3830896358160183E-5 0.07163308794861142 -0.1015926450128264 -0.07362596009364823
0 13 -0.2535970847064643 0.07517804446937477 -0.3118325204868456 0.21701791870453926 0.08692891131201164 -0.44968671814347994 -0.08250844886967426 -0.1261987496020616 -0.3001398229128613 -0.19437058787673608
0 14 1.285205264879287 -0.11775380693470394 1.0827526645553864 -1.053449120662554 -0.3438144030672109 1.5929332258250928 0.400063022449776 0.5152863410916093 0.9581924169630092 0.6933707165927746
0 15 0.3066768702971146 0.021121813494994836 0.2896502564189594 -0.32628756074717485 -0.04211699291583753 0.3468412646488073 0.06294783761788984 0.20780835038528722 0.21662357158550305 0.29879230284513214
0 16 -0.018673882986179977 -0.021272538877200205 -0.053591392614274536 0.038354340813068905 0.006166808897980079 -0.06934888294833624 0.08897135842569608 -0.10093816760233752 0.013703462059984961 0.09156437030141841
0 17 -0.415302421942839 0.07242229011913563 -0.3771899766032384 0.3133440168033818 0.166975991569833 -0.5004477185592515 -0.1733114176862251 -0.16575165461543775 -0.32225583420556403 -0.2828991833259218
0 18 0.11164397703847768 -0.041293120456006575 -0.003517226875712981 -0.0588144665872703 0.0586854618987886 0.09487304294168758 0.06463349248340333 -0.01391735306183091 8.763271881053335E-4 0.12252658179099088
0 19 -0.5184542662871895 -0.02954395767426627 -0.44165531280457127 0.32187444036466534 0.150243528767079 -0.734182801895376 -0.11514678031038919 -0.13391997695232719 -0.46614018639771854 -0.2545376859580572
0 20 -0.5661141126435817 0.09370233699118481 -0.46798511911490365 0.35270763858517457 0.16483310430698914 -0.5709752807513317 -0.16889390020519005 -0.1819437953762616 -0.34678355872646655 -0.32288495107290155
0 21 -0.17551144901304389 0.006007986833699142 -0.255376200124563 0.17359249120428538 0.06871572600973895 -0.17958979160467523 -0.04184756232051027 -0.10814198027756855 -0.1686824413715033 -0.21025081577322854
0 22 -0.18259608817647197 0.003839987807892177 -0.1252875028681394 0.12566175386377604 -0.0504976325166255 -0.1626252854753474 -0.0602854059146157 -0.09720436919488146 -0.2269802836939043 -0.13405413545309194
0 23 0.11883255614267882 -0.09383375900088269 0.05632629562691817 -0.0515588785002554 -0.08056836101611131 0.049381369891156976 0.01957951877088891 0.03751283993039536 0.05262693533410201 0.05593681391175115
0 24 -0.04283365248332697 0.018594301288836636 0.0736078449898033 -0.07259947037272538 0.032197836229056455 0.1560507434665724 -0.013773536885078168 0.06785424244102076 -0.001056781713916979 0.042503022110544894
0 25 -0.26362494971750755 -0.04688811406612346 -0.1615998664984109 -0.06331946644643832 -0.06877484897030994 -0.28624986536281416 0.03098466540470433 0.008339529641889297 -0.09833538750641883 -0.06025463734911719
0 26 -0.004372912189680605 -0.04174359326887113 0.058083602086658144 -0.13770101829427273 -0.041902413006959995 0.0030577152108408317 0.10938646451520255 -0.05171747935661672 0.08675776554095528 -0.024888886557590566
0 27 0.2152219144805415 -0.0073692364326507324 0.059333985815391344 -0.19685256066751045 -0.001146303678967698 0.18256684185384983 -0.04367011057856704 0.11439711311450541 0.05602297595615351 0.06568051041759311
0 28 0.0014534194077009338 -0.07374566011465954 0.04439303501988419 0.08362104824993044 -0.0852747514739175 -0.0824713220853379 0.06488705662356045 -0.0822521020278096 0.06389932354861688 -0.04445450040647923
0 29 -0.24934766761830152 -0.0657731226949673 -0.19595391365258327 0.04467153371951759 0.08656399834208549 -0.4375803104802009 0.01952428412841008 -0.17402503521707308 -0.19196424592233047 -0.07759140001866817
0 30 -0.08501867477259609 -0.044719580264559335 -0.08106596792721175 -0.0857330843625668 -0.10645048254299369 -0.15569795709989698 0.0069239220841402 0.03042583119499309 0.006033342766770579 -0.06691421487076163 -0.14022016527740158
1 0 -2.3205423525337716
1 1 0.054063440125025106
1 2 -2.1495740932765477
1 3 1.8597944068623626
1 4 0.5464615540096354
1 5 -2.7948597755108766
1 6 -0.7804990629584759
1 7 -1.0490318773746237
1 8 -1.845137113638208
1 9 -1.5110665996602444
