## LambdaRank
## Epochs = 100
## No. of features = 30
## No. of hidden layers = 1
## Layer 1: 10 neurons
1 2 3 4 5 6 7 8 9 10 11 12 13 14 15 16 17 18 19 20 21 22 23 24 25 26 27 28 29 30
1
10
0 0 0.07324642048443046 0.07924782806670198 -0.06315787540264718 -0.02114174065849163 0.05821446162379494 0.008580108531797538 0.07350755860152107 -0.0412564972987165 0.06867660296049045 -0.060685506099090215
0 1 -0.052673894961404163 0.09271804684091108 -0.062148663215945456 0.006732099023433831 -0.06298189759213282 -0.08124420674157076 -0.04024055212665909 0.05384678243194015 -0.021328387833939064 0.09829321400842264
0 2 -0.01670842904669858 -0.003543703368408921 -0.07905108321485191 -0.0538068808780366 0.03760001131771816 0.005356082682372603 0.09208285533309472 -0.09111069107322509 -0.07771888831171908 0.02905297329378553
0 3 0.08775417538367848 0.07092056864694934 -0.05596455239621542 0.06668912791455964 -0.023312806214971848 -0.0828594649685312 0.09634304868457433 0.05443153450117961 0.036139501745418724 -0.05363035694977423
0 4 -0.010624275539345893 -0.07381273716151608 0.004638067928261407 0.07413240226286918 -0.09504354448127823 -0.05096741397555255 0.07546164258392579 0.058730122734337586 0.013041877990966509 -0.023425767253255025
0 5 0.063656011749532 0.08512729359765965 0.08373083575157694 0.08573756377297846 0.09875941863467223 0.03592466922833759 0.007345603193269315 0.05573240084721009 -0.07304890158832314 -0.07786381891655757
0 6 0.0370413591644981 -0.026456248184595067 -0.045968781058329196 -0.07015650255866475 0.049802378357213295 0.08155399120767708 0.07248075471118899 0.08866374728653607 -0.07823824630719185 -0.05548345540095428
0 7 0.05267672714016672 -0.08955823864538989 -0.03984540455269276 0.014121664184904043 0.04482373088883011 0.012829850158496126 0.040610177206852456 -0.016302801405013723 0.04481294361762083 -0.043846659801751627
0 8 -0.03573092825156882 -0.09233067723378915 -0.011091843354338887 0.009348950707747156 -0.0019537798084051945 -0.04134725650993535 -0.006217860765323218 -0.08338426755066203 0.013037296006790327 -0.0066532643801389514
0 9 -0.03356127839700312 -0.01802537999837621 -0.012894916704245578 -0.03498425426107523 0.07092602260314931 -0.09393878932603589 -0.04923753809761135 0.0639870020518286 0.04152339594883621 0.006853811097248718
0 10 0.06475653284671433 -0.01066224433495583 -0.017250899851832563 0.06715297851832301 -0.04252058236702198 0.052882666989440476 0.019140046782621312 -0.09196458400655601 0.06762933344105254 -0.005780601337088141
0 11 -0.0655277501764611 0.011943992625656787 -0.09807435782903291 -0.09541476214876042 -0.019837430835516277 -0.09791472827464102 -0.034432982598248 0.023355858161043845 -0.006532679579456203 -0.03680094356126792
0 12 0.04006237946043476 0.09703647659218534 -0.09669150416195131 0.05072176829899292 0.09155646765485491 -0.07411301661382536 -0.012422919989464626 0.05804832536518631 -0.03238396828069408 0.03066170417894555
0 13 0.06328735159051482 -0.02148214015627936 0.061901770930933506 0.018056771825720495 -0.007363217818606596 -0.014267775097374182 0.016630386753432355 -0.01653899552554857 0.024433384295242853 0.06282052842086483
0 14 0.09091880689490192 0.02906047047878492 -0.09953570749504188 -0.0918509482871477 -2.1541106224241181E-4 0.08397216277072361 0.04130036414425311 -0.006023758620884457 0.011494336651421251 0.03157494902412634
0 15 -0.001632381738772643 0.09170409145452176 -0.05303310535632778 0.026275871840945535 0.02030036672778627 0.011214201849868214 0.06808728270703435 0.08308827314892613 -0.09183827224718026 -0.09252464976023765
0 16 0.09576909134162534 0.0856486509042071 -0.04027017559968475 0.08850643420209484 -0.04631044100949602 -0.001400824405240966 -0.09209411519882837 -0.09012677178584604 -0.08808743136223614 0.028537916903207963
0 17 -0.05742411639402011 -0.03205394883079367 -0.078113449313533 -0.06000637478856519 0.06566416068733667 0.018625133605935644 0.050003168171088234 -0.09871375082372258 0.0522734192597886 0.035547277675099014
0 18 -0.018693898287420137 -0.001437058338622028 -0.06107576811469971 0.08269901100384272 0.07440748560194749 0.058649437093017856 0.008447544534676504 0.08059615187927734 -0.015574144349793435 -0.04103420288234446
0 19 0.05417793903314745 0.057028029449671946 0.014142940424849523 -0.05599699333511704 -0.03738454277366495 -0.016576003270693657 -0.01572793075585796 -0.06118935775651025 0.06543046166798049 -0.03203552822321395
0 20 0.05179974431012864 -0.07629456260176362 -0.08862943485418297 0.0739029266261661 -0.0813178012772133 -0.019203555995542222 -0.05432985984108338 0.011588241598213285 0.08538601376359227 -0.06817972348544553
0 21 -0.010114239912608373 -0.07858770885406038 0.009847236456979588 0.017737779596961403 -0.01786816661691555 -0.09251554988660576 0.08812157256669531 0.052632380723260985 0.04783568046986568 0.060551171709335376
0 22 -0.07937394760408416 -0.011854825113560811 -0.04508668964911908 -0.08112253146305871 -0.025489965660488962 0.052397863414237245 0.09946958225831347 -0.07326288558422386 0.06451399409800015 -0.0512092269395758
0 23 -0.004583419206771699 0.026657412588799858 -0.03785802325214827 -0.003000243441731192 0.0612922374180567 -0.06736609814934795 -0.09392408088238814 -0.0814256441220332 0.06697072534226162 -0.07692650948947369
0 24 -0.021766391548264735 -0.03164706175374339 0.03291114911170442 -0.08579055279248099 -0.044980202593131194 0.05338920569799267 0.08923701218077983 0.08608604841289696 0.0681702373179824 -0.015388789616053953
0 25 -0.06921018572680791 -0.07298856823328456 0.09635460527764116 0.014373501803782418 -0.012951061834002998 -0.02967078705237738 -0.04075206857680821 -0.054776306191590116 0.0941173814491711 -0.015769424491289378
0 26 0.08412915681436604 0.07951438344768091 0.053266239093576834 -0.006886268868782387 -0.002592485464598821 -0.024617082314714444 -0.015294856195715741 0.05848524885489304 0.03231323581205371 -0.0082328277255684
0 27 -0.08064015631880685 0.03568639654509696 -0.02435643617736373 0.08741888448730016 -0.004655090629427077 -0.05993188318384838 0.05333166380443295 0.03325813717513944 -0.022452288283043707 -0.06963126196037309
0 28 -0.03224571789837516 0.08210748433507498 -0.03386069457758817 -0.08478953681368012 0.03907381742612373 -0.01718203357775536 0.03590238838818974 0.09303216643941475 -0.0787443816883921 0.023096274560747337
0 29 -0.07931264930171632 -0.04695231747917128 -0.0885707704333059 -0.03488496027901548 0.029968315829240998 0.07338949432768072 -0.044695440043804546 -0.07164788866177292 -0.03609327524067366 0.0473858382996582
0 30 -0.06557904083640288 -0.07475345151633295 -0.02031710188933807 -0.020390818090061626 0.04489796913199564 0.05749203916294085 -0.08515010973654506 -0.05889861650605727 0.07389478438651566 0.0026241564085868916 -0.026031166315078475
1 0 0.04262307286262558
1 1 -0.005408376455307039
1 2 0.037599753588437854
1 3 0.07653025537729423
1 4 -0.0055715679191053235
1 5 -0.06583623588085195
1 6 -0.005435621831566039
1 7 0.07421585172414827
1 8 -0.021348750218748717
1 9 -0.02278109267354009
