## RankNet
## Epochs = 100
## No. of features = 30
## No. of hidden layers = 1
## Layer 1: 10 neurons
1 2 3 4 5 6 7 8 9 10 11 12 13 14 15 16 17 18 19 20 21 22 23 24 25 26 27 28 29 30
1
10
0 0 -0.1872392698665221 0.16532521884984472 0.06386978913450705 -0.22041323795343298 0.10240793404956276 0.08091553978976676 0.1379033081606247 -0.16648658595970595 0.055272200871906235 0.165176992975969
0 1 0.19434260190134783 -0.0851099810415709 -0.16351490840219438 0.21779727518921996 -0.14855471838205533 -0.07080644406657188 -0.1410610751032719 0.07701672353385092 -0.097026430427726 0.004534571211041198
0 2 -0.2509235398636647 0.12376322981397272 0.1519479932909818 -0.5737586699568672 0.24649437671256483 0.043582592517833946 0.25737474990905695 -0.4505460585032589 0.009609502031174786 0.055667234682004456
0 3 -0.8108504366122871 0.47244106607944286 0.4993662930790904 -1.1252225894290875 0.6666200315990352 -0.033049470350805854 0.6391339137584607 -1.2623981175220815 0.3034041061544642 0.43837446316289735
0 4 -0.26398102135655127 0.25648920913151757 0.13637743866413216 -0.3514570998153161 0.28809914590802177 0.018963554288828906 0.20681608423545747 -0.5132778575542941 0.009366274241220312 0.0759808702886733
0 5 -0.14041455144155562 -0.02639355118737717 0.02174336728923409 -0.1933062356312959 0.02329613688927301 0.05746085116548741 0.11433784819409126 -0.18400866270574642 0.11778197434392342 0.09934665715780769
0 6 -0.12004691721748591 0.004847388172756558 0.1441640735762154 -0.03464875022328495 0.1252467580197748 -0.050130900271805126 0.13173308961052876 -0.07924690553936138 -0.06102444149137339 0.02426582860201367
0 7 -0.19330984118101985 0.028422532655627608 0.1817735087233894 -0.3448706118223731 0.09052820840496215 -0.03598397613135609 0.22232102854388403 -0.31128173797151426 0.12069673523749522 0.0642889315932038
0 8 -0.29218973518855534 0.20839175304238514 0.08373783052826687 -0.32239617353493205 0.11875571022030622 0.03151434543516839 0.10544097078615515 -0.2214791262985 0.13375007166254174 -0.010583097271935368
0 9 -0.07381349738171539 0.025053396163996235 0.04841542043511605 -0.24375564523892373 -0.014190059115374024 0.06439294414447759 0.03113837309057666 -0.12292581700529746 -0.016706556960531038 -0.04238922600457396
0 10 -0.11163468590387579 0.12727470570419722 0.17591723862272698 -0.2637252701589908 0.14965541040233085 -0.006428484065008447 0.15271401146465277 -0.20347242154543188 0.13226471383596056 0.04010884507917436
0 11 0.004026333809145313 0.0017351922453742407 0.05571840332712032 -0.08627455000948005 0.0868866044700054 0.028462211064730437 0.05782295893340929 -0.2373851571466421 0.09044609907502806 0.0546838083766842
0 12 -0.015311641821592987 -0.003829990525934395 -0.047686488996106155 0.06007125217434176 -0.02389334154021816 -0.029456087698046043 -0.07388399986211847 0.059413666047494186 -0.05491320322723227 0.08669583350249548
0 13 -0.21817507594743235 0.16105525688585057 0.005939938765841447 -0.24031545864431278 0.11406222334036784 -0.006831799336797929 0.2275610296593731 -0.32218189868838726 0.07490297177180498 0.11259756069774861
0 14 0.7879763632958433 -0.5207152603208344 -0.403043552623277 1.1015838807323188 -0.5489352857039 0.02932962414794183 -0.644999301216485 1.1536885508696573 -0.2382427411960154 -0.43459259032196845
0 15 0.23575788947303383 -0.1938870478309519 -0.0667293718765075 0.16700351853014636 -0.1055467586687806 -0.035666875411683216 -0.18009138434889269 0.3246213496097568 0.03709512124031304 -0.1424855406094912
0 16 -0.07396466456145312 0.02453845700179988 0.08331267798923409 0.04425218130244831 0.039017220564153236 -0.0688096706490817 -0.05191310134614642 0.015745113269001052 0.0825094684420466 -0.083977952340778
0 17 -0.11078930637016235 0.15149031297165538 0.1737807755726913 -0.17860126296596238 0.12073040760875817 -0.01767943135122505 0.1524374182536541 -0.2125492203151533 -0.003069502788231332 0.1603126190624084
0 18 -0.008610587764907782 -0.07389746289948941 0.06493341460649857 -0.1142223740810176 0.08679147854123886 0.016561388259339532 -0.08262525915433747 0.010362653798357341 0.026364734306525264 0.048924161729488554
0 19 -0.22807598343295057 0.12266003868939708 0.23854786942243833 -0.390579917306646 0.248452143905181 0.05347515232284398 0.22003622793762642 -0.4671635032652541 0.03947979364466552 0.144224604063826
0 20 -0.20277481579127968 0.1021499845050971 0.07643476054483733 -0.28753087722657217 0.1832985708116343 -0.07532699965411906 0.177045348326886 -0.4042396523614162 0.15627255874216495 0.17185258145243806
0 21 -0.1529967118808515 0.08681559039949273 0.07047934075961076 -0.2105170635564578 0.051651599842449235 -0.03907974256355083 0.15422535515090957 -0.13299875590482158 0.1344651512486922 0.12600511143774976
0 22 -0.036803599637980904 0.0015566832345633135 0.023540458178526152 -0.09103504697239811 0.09130787150483383 0.02812095722669304 -0.0010159941320591489 -0.14091249282493293 0.02407926456585844 0.10656617275146621
0 23 0.0847422784554239 -0.0680272123949277 -0.11237672192162645 0.03834208008988783 -0.03397134005099294 -0.09414304279077174 -0.06722218830932597 0.015043366136464996 -0.0621752526191222 0.042314375244033156
0 24 0.12481189944579517 -0.04755631161459434 -0.05012372617890845 0.1376808637117517 -0.05789840355362124 0.07343019591370394 -0.09425428269219902 -0.02979338166180899 -0.06453088247858656 0.006992816655674775
0 25 -0.01109350924951551 0.03998214986120752 0.05954757531895139 -0.1570516414514903 -0.09512901792928072 -0.01706444455053764 -0.002383007683885262 -0.14971144527262217 -0.04610129142444859 0.030374979618281145
0 26 0.10647240962109124 0.06573110423207135 -0.010379274235627645 0.10767704751489579 0.008007557197437603 -0.03327158835407576 -0.0960327688112477 -0.008251396979652265 -0.07046748296818879 0.08234113813283303
0 27 -0.0025390387047627087 -0.04914026944825248 -0.050482990260763264 0.03204235365106588 -0.12168876643823445 -0.07403812843510127 -0.07076443747076415 0.03463886520896372 0.05005754601337199 -0.024886457912450043
0 28 -0.08466869592666626 0.0013229846954345703 -0.0900551825761795 0.03471418097615242 -0.03432859107851982 0.008288627490401268 0.03131103515625 -0.09967876970767975 -0.04902298375964165 -0.053149301558732986
0 29 -0.17167705941184355 -0.07911600820010357 -0.07724539564308938 -0.2085984049989134 0.054481420358262776 0.087571430238782 0.05494470683670488 -0.05215920988674662 0.08936156107014367 -0.05315493322086051
0 30 0.07949721845829807 -0.15428174973923464 -0.10870341715080481 0.050725920860752886 -0.12515856446246207 -0.055196545834892356 -0.003235693577082818 0.034745126129210366 -0.07310166708626527 -0.1312792746480498 -0.3388084598179808
1 0 -1.4888076281557512
1 1 0.7526951140520745
1 2 0.6926799965294071
1 3 -1.9905778720855485
1 4 0.9593705066631775
1 5 -0.10385545794496605
1 6 1.0315540695666907
1 7 -2.1219105667175517
1 8 0.33820708532946797
1 9 0.5998025548872364
