## LambdaRank
## Epochs = 100
## No. of features = 30
## No. of hidden layers = 1
## Layer 1: 10 neurons
1 2 3 4 5 6 7 8 9 10 11 12 13 14 15 16 17 18 19 20 21 22 23 24 25 26 27 28 29 30
1
10
0 0 0.08527378737926483 -0.08451080322265625 -0.05128924921154976 0.005820447113364935 -0.023733127862215042 -0.04516870528459549 -0.04902873560786247 -0.09274539351463318 0.032137058675289154 0.07763577997684479
0 1 0.035518985241651535 0.05673301964998245 0.052514780312776566 0.047313809394836426 0.04002448916435242 0.06862850487232208 -0.021501202136278152 0.08899272978305817 -0.04855045676231384 -0.030253052711486816
0 2 -0.011008912697434425 0.09130919724702835 -0.029710132628679276 0.004599034786224365 0.04200468212366104 0.004890364594757557 0.08156811445951462 -0.046988386660814285 0.06549756228923798 -0.06948614120483398
0 3 0.08287332206964493 -0.03469500690698624 0.049865297973155975 -0.03244407847523689 0.07242734730243683 -0.07739491760730743 -0.0742899626493454 -0.048556841909885406 -0.08629100024700165 0.06629636138677597
0 4 0.004343628883361816 -0.009612882509827614 -0.054113756865262985 0.0859154537320137 -0.01765923574566841 0.05090683698654175 -0.09307801723480225 -0.06920086592435837 0.05514124780893326 0.021516870707273483
0 5 0.04078191518783569 -0.024074822664260864 -0.09631549566984177 0.08533202856779099 0.03684169054031372 0.09744546562433243 -0.09618691354990005 0.04061334207653999 0.09707645326852798 0.07135938853025436
0 6 -0.07536840438842773 -0.007298403885215521 0.023845314979553223 0.0052010356448590755 0.025263827294111252 -0.03330964595079422 0.06143885850906372 -0.047709159553050995 0.07573235780000687 0.01380259357392788
0 7 0.036383938044309616 -0.04306882619857788 -0.07393108308315277 -5.909681203775108E-4 0.019102919846773148 0.046450525522232056 0.039927463978528976 0.0029113769996911287 0.005575323011726141 -0.04610656946897507
0 8 0.09719236940145493 -0.0452411063015461 -0.04548206925392151 -0.061497826129198074 0.024229366332292557 -0.05305826663970947 0.03676939010620117 -0.04991251975297928 0.037365205585956573 -0.08323439210653305
0 9 -0.06565164029598236 0.0076518296264112 0.0941210612654686 0.0021753073669970036 -0.09577913582324982 -0.09609540551900864 -0.001603668904863298 -0.0418769009411335 6.292879697866738E-4 -0.05782325938344002
0 10 -0.02499988116323948 -0.03173821419477463 0.0891362652182579 -0.013458562083542347 -0.017527872696518898 0.012275022454559803 0.09615655243396759 -0.046009503304958344 -0.03509267047047615 0.08580292016267776
0 11 -0.0965745598077774 -0.08622623980045319 -0.05641317367553711 0.04870956391096115 0.05468485504388809 -0.00985262356698513 0.0025324164889752865 0.08011175692081451 0.03894417732954025 0.04564034193754196
0 12 -0.03839241713285446 -0.032493509352207184 0.016268867999315262 -0.07160675525665283 -0.0435493066906929 -0.08134732395410538 -0.08975996822118759 -0.04625555872917175 -0.0591241717338562 0.04289150983095169
0 13 -0.05907057970762253 -0.08134311437606812 -0.05372944474220276 0.061612166464328766 -0.0635869950056076 0.013261211104691029 -0.002380198333412409 0.0026793181896209717 0.015177011489868164 -0.07122062146663666
0 14 -0.03929435461759567 -0.05821242928504944 0.0394662544131279 -0.07215775549411774 0.02800520695745945 0.09092120081186295 -0.022434789687395096 0.09465037286281586 0.09035427868366241 0.09382359683513641
0 15 0.002583914902061224 -0.09711618721485138 -0.04970204830169678 0.040543489158153534 0.0580047145485878 0.04918197914958 0.07308855652809143 -0.03711641579866409 -0.012386977672576904 -0.039348430931568146
0 16 -0.042095523327589035 -0.06328243762254715 -0.024339402094483376 -0.00694002490490675 -0.042806096374988556 0.008921158500015736 -0.030348652973771095 0.0218167956918478 -0.04152781516313553 -0.0695844367146492
0 17 0.08328717201948166 0.0014386356342583895 -0.004839080385863781 -0.06400837004184723 -0.06558654457330704 -0.01161075197160244 -0.0300387442111969 0.07603676617145538 0.059025246649980545 0.04460238292813301
0 18 0.07522309571504593 -0.003564119338989258 0.021536678075790405 0.006318992469459772 -0.01698402687907219 0.017906958237290382 -0.05552542209625244 -0.07282158732414246 -0.018116718158125877 0.09843804687261581
0 19 0.051886606961488724 0.09572499990463257 -0.05774454027414322 0.00936899147927761 -0.05925540253520012 0.045870207250118256 0.06191376596689224 0.028242189437150955 -0.05897066742181778 0.08515425771474838
0 20 0.07397975027561188 0.018994301557540894 -0.022818738594651222 0.047514356672763824 -0.02100125513970852 -0.06637874245643616 0.09283049404621124 0.09180118143558502 -0.06487856805324554 0.05308586359024048
0 21 0.05023673176765442 -0.061639659106731415 0.07511629164218903 -0.06607497483491898 0.03414401412010193 -0.05036383122205734 -0.02386048436164856 -0.06443339586257935 0.029575223103165627 -0.02272549271583557
0 22 -0.08325491100549698 -0.027503270655870438 0.06922586262226105 -0.08931480348110199 -1.804172934498638E-4 -0.029067838564515114 -0.08361951261758804 0.06449432671070099 0.03408607840538025 -0.051064543426036835
0 23 0.09030254185199738 0.06413599848747253 0.06989018619060516 -0.058593202382326126 -0.03430049866437912 -0.015564173460006714 0.05982392281293869 -0.006913113407790661 -0.07926537096500397 0.058845799416303635
0 24 -0.005609756801277399 -0.04067398980259895 -0.0015751778846606612 0.01593240536749363 -0.06551139056682587 0.07580111920833588 0.0581042543053627 -0.09214654564857483 0.05956152081489563 0.02525617554783821
0 25 -0.0824645534157753 0.05311893671751022 -0.05066828802227974 0.04132067412137985 0.014225577935576439 0.08952049165964127 0.09932056069374084 0.09910004585981369 -0.0809522271156311 -0.041797004640102386
0 26 -0.025257129222154617 0.03862186521291733 -0.033857233822345734 -0.007602381519973278 -0.06073413044214249 0.016202855855226517 -0.08444663882255554 0.09573957324028015 -0.046919554471969604 0.08968465030193329
0 27 -0.0017438947688788176 -0.022156769409775734 0.0074634673073887825 0.07668954133987427 0.0075102089904248714 -0.06590957194566727 0.031436752527952194 0.08022286742925644 0.05033574625849724 -0.015988195315003395
0 28 0.011601036414504051 0.07174959033727646 -0.04855839163064957 -0.043522052466869354 0.01336681842803955 -0.0582984983921051 0.06667370349168777 0.02811233326792717 0.09481631219387054 -0.03719811514019966
0 29 0.03023187443614006 -0.05190640687942505 -0.05881226807832718 -0.05972415953874588 -0.0901743471622467 0.05051629990339279 0.09448326379060745 0.08323939144611359 -0.01914498768746853 -0.07599669694900513
0 30 -0.09184019267559052 -0.0882796123623848 -0.08345245569944382 0.007485884241759777 -0.06976449489593506 0.07501937448978424 0.03350602835416794 -0.06982660293579102 -0.0024385929573327303 0.09112276881933212 -0.03497876971960068
1 0 -0.05727078765630722
1 1 0.09033213555812836
1 2 0.059517569839954376
1 3 -0.08383612334728241
1 4 0.044242698699235916
1 5 0.09301088005304337
1 6 -0.04571342468261719
1 7 0.00327838072553277
1 8 0.04452239349484444
1 9 -0.02018793299794197
