## ListNet
## Epochs = 1500
## No. of features = 30
1 2 3 4 5 6 7 8 9 10 11 12 13 14 15 16 17 18 19 20 21 22 23 24 25 26 27 28 29 30
0
0 0 -0.04859385365226645
0 1 -0.06975025216505698
0 2 -0.07754283268791785
0 3 0.03512021080705788
0 4 -0.009915127896619837
0 5 0.02280524449347419
0 6 -0.006651053111917894
0 7 -0.028991106164117642
0 8 0.07383846270667434
0 9 -0.029783947102727276
0 10 -0.0766543079703465
0 11 0.04507139927434965
0 12 -0.07121972805155473
0 13 0.0836846434393717
0 14 0.005227741199797002
0 15 -0.054061999404768336
0 16 -0.051094448737722016
0 17 0.06549777226339756
0 18 0.0917139076727656
0 19 -0.03714727745536429
0 20 -0.09351001467563788
0 21 0.08849116333518552
0 22 -0.05636012665935146
0 23 0.027976646804813373
0 24 -0.07018930248611634
0 25 -0.06674644173390615
0 26 -0.05478197724210551
0 27 0.09746992642408607
0 28 0.0745000324182426
0 29 -0.091659923190532
0 30 0.07896847277879715
