## LambdaRank
## Epochs = 100
## No. of features = 30
## No. of hidden layers = 1
## Layer 1: 10 neurons
1 2 3 4 5 6 7 8 9 10 11 12 13 14 15 16 17 18 19 20 21 22 23 24 25 26 27 28 29 30
1
10
0 0 0.03071782208124796 -0.02968958932123054 -0.05284587964282675 -0.019656106996743323 -0.035968230262252716 0.01062508340528053 0.09634232992199895 -0.09417236373195155 0.054430919691366444 0.016828191116722235
0 1 -0.08220777753792262 0.09445378464507669 0.07173537679516201 -0.06665872838858841 -0.09849387168196855 -0.0565210310738319 0.06068292345312948 0.05385810513402897 -0.040178396516765025 -0.05740270930972295
0 2 0.0073916784616737926 -0.027841645172861938 -0.02614529487226204 0.05912271871053379 -0.06975258647912484 0.043712601280532566 0.05512761686937703 0.023266080573082562 -0.011502114927274685 0.08741548102491285
0 3 0.009834974248685038 0.04270555626338759 0.08063220745443202 0.06213775661067452 -0.08985935560289998 -0.0755633635269752 -0.036015967056156895 -0.042113554687107285 -0.08257136599141973 -0.09490162729335139
0 4 0.0860363126174114 -0.062170797859001065 -0.08900637450144457 0.08616128290650898 0.06574450958985803 -0.012335264206272574 0.07706997639141436 0.035813163135243006 0.0725362022663955 -0.051041453738135185
0 5 0.0753127580271827 -0.05307485142968941 0.07506787026485151 -0.032650966588595454 0.009900852284764353 0.06039440348503497 -0.031519363912806075 -0.06869516295277447 -0.05242191619446302 -0.0667481042500678
0 6 -0.08261745658979658 -0.007889557005949958 -0.07467513693953456 0.013387802283092795 0.035553524887486344 -0.02438882023652184 0.09830763493939654 0.04261182141875243 -0.01712678543509326 -0.0496288838214977
0 7 0.08742442464669722 -0.09439511252664386 -0.05417053845072479 0.06977409862966694 0.056637898369204055 0.08022625025956334 0.03465693525076522 0.03753372389059268 -0.05714049978631431 0.017711679875524692
0 8 -0.013283828050834215 -0.014909594416679009 -0.05987189599415641 -0.03571152895465317 0.05124779408039378 -0.07250259003514259 0.07611440775894415 0.0752498015726218 0.02368526474050674 0.016886845820946964
0 9 0.04210890758097525 -0.018522139011132085 0.081022455408071 -0.0138356877730065 0.05058434074902082 -0.07626754175880009 -0.03179084071813849 -0.09524171693312718 -0.02446647145014156 -0.049520492032105685
0 10 0.093161696460262 -0.019215186138300505 0.018876643422462133 -0.06392630381253332 -0.06889606081226393 0.055901007837965984 -0.08224043450974199 0.0407369834767241 -0.028566463399253793 0.028190485133353024
0 11 0.025195260776683437 -0.0303134811897991 3.107471775857266E-4 0.027520667753581755 -0.025907081344660514 -0.08402978620958436 -0.039403744998657474 0.058564652476530775 -0.0473867895248647 0.08104307666030612
0 12 -0.0029058595855354194 -0.04046597810776533 -0.054799454390789856 0.05942711585648731 0.041788739603989794 0.007178599220272762 0.0976600283345444 -0.02171960855387479 -0.021683096977796006 -0.003881875343278561
0 13 -0.06666013776930932 0.09977104810230238 0.09566488681855861 -0.07319346258824405 0.042628969765135596 -0.06587818975190804 0.08288302354841545 -0.060596464366616844 0.030888244649122557 -0.07264685042201442
0 14 0.05153600324964751 0.045966533601000344 0.013460215220262008 0.08778631204331998 -0.06531831876788427 0.025239739263442806 0.059184332957244346 -0.06647046344115555 -0.028476382865363567 -0.025636527068732953
0 15 -0.0013490548796442363 -0.06934585057125686 -0.057349347776146906 -0.03521047654960647 -0.03144450382617135 -0.09152293738929491 0.012679280253603618 -0.06860367629336318 -0.059498392952749536 0.01450829166557798
0 16 -0.050857572255727033 0.07007255653129243 0.06012094587631123 -0.0324125294038065 -0.0911759134888699 -0.07572531615853692 0.05730090608764033 -0.03023519681272251 -0.04952543214318909 0.01915152984025506
0 17 -0.0015791589059137726 0.01376519864804088 0.060411449177719775 -0.06548577159184914 -0.05675388520248238 -0.09800266584149478 0.09351152985253819 -0.002371767448519563 0.046978251996678884 -0.06429018150305624
0 18 0.07329409017518154 1.5310987322368833E-4 0.007770687188139333 -0.0840950195826422 -0.026717653061528176 -0.0749277393259488 -0.051863666063780275 0.09242274585623235 0.01552061790299269 -0.05729147826327906
0 19 -0.08265486246557677 0.06374960294731181 -0.060196624039557355 0.06955676352127312 0.08700655949537561 0.007796267865780043 -0.02404447988058776 -0.06391540569783973 0.09490915322802555 0.05588086408916435
0 20 -0.00640115177347537 -0.05860531329789785 0.018279502343750392 -0.05131433873744755 -0.0886338862711359 0.036531819784149516 0.07418378657016174 0.09486863493696365 0.0881096430057246 0.03886559231508216
0 21 -0.04988544759960071 -0.019452214995204838 -0.09964263400176787 -0.09386575952936739 0.09217088044215357 -0.08558081574810235 0.04835699933998384 -0.07040994628126081 0.08845531139108435 0.09480974085903739
0 22 0.03280441464525869 0.03552144253966665 -0.06051432788517319 0.01772711020748289 0.013005447971458993 0.024396859955924537 0.011167733744968267 0.01818091461550872 -0.08414031632780655 0.0038278183991410117
0 23 -0.046270316065579575 0.03681442234498168 -0.08335225393479477 -0.01952867392567614 -0.046410029848931764 0.06448330162338634 0.09547732773735192 0.0714118228326841 0.07597338408863755 0.09627217727268335
0 24 0.06037533830478002 -0.05270694194752495 -0.09990241790179964 0.008325637062843567 0.03452358210116434 0.02223612857757716 0.02354409072474627 0.03923243988955821 -0.02800454567959859 -0.05355979978572315
0 25 -0.08471230024108156 -0.09065715272603146 0.01899728584772327 -0.01850565531198155 -0.003045405302593896 0.08424117298917058 0.04696291902441529 -0.0181858564102988 0.03803191951836651 -0.023249110687056176
0 26 -0.09932407406819097 0.0712181895519718 0.011835530694878993 -0.013400850095953851 0.036002265461722395 -0.002370299901656267 0.03354583926557044 0.09062199506191705 -0.039746855586615684 -0.056933201485778996
0 27 -0.09521052602711086 0.08618246965710664 0.0437285813023753 0.07821443932028391 0.022176286966164485 -0.039224453107775024 -0.061217058256984994 0.047936051295222215 -0.02739113770922653 0.029449599761946294
0 28 0.03568538791816502 -0.08636271168209624 0.058719038187180515 0.06099548026467827 0.036825334017325066 0.048976732346150444 -0.0305101648765576 -0.0755611716794678 0.050967156723625846 0.03674771127728995
0 29 -0.0992417229762067 -0.010728754907404402 0.0533752372780239 -0.0577445729387085 -0.07676282659989345 0.04859275109486129 0.003991365456435365 0.03926937162393508 0.07575426459220481 -0.017597647658491342
0 30 -0.023776070651985736 -0.09816853284154656 -0.02636537071053093 -0.09511032917018773 0.03222323290072894 -0.029643898921539607 -0.019043734960069197 -0.09700425543121827 -0.09309680882622 0.07799702099964596 0.0678177997469906
1 0 -0.07866935431957273
1 1 0.09172280877828667
1 2 0.04438892751932162
1 3 -0.02236873470246767
1 4 -0.033431865274906915
1 5 -0.06870559602975901
1 6 0.08261046558618586
1 7 0.07594195008277872
1 8 0.09955512732267409
1 9 -0.04928145557642013
