## LambdaRank
## Epochs = 100
## No. of features = 30
## No. of hidden layers = 1
## Layer 1: 10 neurons
1 2 3 4 5 6 7 8 9 10 11 12 13 14 15 16 17 18 19 20 21 22 23 24 25 26 27 28 29 30
1
10
0 0 -0.06192977645730132 0.0775874521439051 -0.060793723098025 -0.016895833825327517 0.03281089478977213 -0.06958745859113505 0.0909720359384346 -0.010287601789481762 0.04807128405093365 -0.08799576247094823
0 1 -0.0856597165379554 -0.020060072161714505 0.06381230518038535 -0.034605683092996095 -0.024573404671741843 0.035175017706566676 -0.046825909094635555 -0.07781293030941099 0.016590364366278674 0.03873396184025172
0 2 -0.07404039673254452 0.04791901544190154 0.09583171804268575 0.03526536827658777 0.029692496046971228 -0.010305144271835785 -0.03610596474555489 -0.0771781367822884 -0.03847687321238688 0.09575079473871707
0 3 0.07662531978317767 -0.08142155564041396 -0.08444752850739656 0.09899506795878897 -0.03299827034467326 -0.040588544445942024 0.04462168402957133 0.079099563461186 0.06619516895180426 0.08841236609156916
0 4 0.00756040876809748 0.008494992924211048 -0.09707245135145783 0.07595250486529372 -0.05848606222530243 0.020150099325445054 -0.08105517536465139 -0.049829686522548516 0.08584693082162166 0.09797123110070441
0 5 0.005147449126654866 -0.002532608375192488 0.004982854155346689 -0.039143489099324115 -0.028394478867248198 0.0811886245408797 2.587685544202113E-4 -0.09340371380874621 -0.06348263922984064 4.138626249183069E-5
0 6 -0.059491696941385466 -0.0499805291550837 0.08994132610092517 -0.001198439486979872 -0.00998199772784775 -0.09991426753052157 -0.09575808485012263 -0.04664842532049544 0.07049457337306592 -0.04846836565544034
0 7 -0.0679399648686509 0.006085586978406832 0.09997743031481598 -0.09078660720046791 0.09151390707149436 0.024696911138427587 -0.05918343385784589 0.09221906549044757 0.07038398898987545 0.017269021883149462
0 8 -5.322905805678828E-4 -0.034120690150880845 -0.05375871303400837 -0.03664419609056369 0.06693356467712291 0.09583402154268844 -0.03753978090344393 0.007381507501707752 -0.011533373641124826 0.043780371816069
0 9 -0.010953171833739169 -0.09868852716826103 0.046203616718473194 0.09030248223609882 -0.03646839227747703 0.0347135655208549 0.09003744556265457 0.0657093815583806 -0.08225014593807373 -0.004751843183223549
0 10 -0.015461939372144056 -0.020415495415367396 -0.07586351225774476 0.04114017076944882 -0.08422790683347431 -0.036109459443825105 0.010890335308954372 0.07840645693783588 -0.024114674705674608 0.07905210344564717
0 11 -0.01772012401023779 -0.09367305792945294 -0.021770398494449797 -0.07278725664892972 -0.004903294306036849 0.05532257903405084 0.09786380672046274 0.0020854441301438654 0.08808221095282938 0.07467334102718985
0 12 -0.08619238895287547 -0.08590311680995656 0.0495866553301113 -0.06371963593991772 -0.06041386966293872 -0.07283448730601234 -0.013860250068362098 -0.05075854537076496 -0.03901839702941976 -0.019536005280941002
0 13 -0.08148020399289543 0.09555534558372382 0.05199875528870065 -0.00984667569778123 0.03736479941523428 -0.07557029310601156 0.07122776890051086 -0.06037427432757107 -0.03793392619892663 -0.08587596379762934
0 14 0.09069160193464954 -0.036829116235388926 -0.08588716639471106 0.006448031745951492 0.09206336288823908 -0.07484860402652886 0.021981306170067206 0.04304221208836019 -0.04706512310552934 0.05855948767195416
0 15 0.09796559300928061 0.04003897930835027 0.08835455641224026 0.06105401900009521 0.04689696368986882 -0.09731898585008625 0.027791532386449887 -0.09162779209855336 0.0334877360475422 -0.09700059176289999
0 16 0.01274080680859288 -0.026753727961443333 -0.04976652226478552 0.0603945575796711 0.08919076312284402 -0.023805791737402573 -0.019507836671938363 0.01080952809503242 -0.08380503666106053 -0.029817018648391237
0 17 0.08874318365448589 0.013525386261127592 0.026090095284463665 -9.122039713213438E-4 0.00874455827199937 7.878574911227319E-4 0.006476834987954658 -0.042484320791521916 -0.06334783443772452 0.06669758816578707
0 18 -0.006937298820251369 -0.0649708589740282 -0.052681936843678986 0.03442872738594285 -0.045757586557579964 0.02557995925079054 -0.022056525177848296 0.05666812260575061 -0.050826119917408354 -0.09243540754953024
0 19 -0.01625328506832504 -0.009075458954403488 0.012081445311030241 -0.024308665391582863 -0.04715985193524923 -0.07602889526699683 0.06697830202036932 -0.006529854948223453 0.08613112592518907 0.008047363419876661
0 20 0.041481530325540056 -0.02166436034048816 -0.030606691833570482 0.0513942365117834 -0.002627517250623283 -0.062145908311174614 0.04942510621474995 0.011287556375051563 -0.0788720682646681 -0.01103931151205241
0 21 -0.08110642535306256 0.012829270380399865 0.06979046731677552 -0.02756815718477 -0.044891545308000845 0.06562695197001878 -0.09722105514918511 -0.07399914628387988 -0.026100910189457784 -0.022404809360176536
0 22 -0.04684769723917733 0.011513092220744911 -0.01336813909221056 -0.0446878452569206 0.011584795005255886 -0.07516274569117598 -0.09886221200063249 0.05429478435502082 0.07541855929353557 0.009458367317082172
0 23 0.0998776693084346 0.05360440363335215 0.07042768305338987 0.009780805570943638 0.024587242022490834 0.04408138120410827 0.09833159154550004 0.06810789233746421 -0.08371709854307448 0.05852363394961039
0 24 0.032853655440164865 -0.06588902443860324 -0.0451418952119091 0.049747564495088284 -0.009449000820941146 -0.09174143914897934 0.0389727026779792 0.0460465991023825 0.06491194767076229 -0.0871341287889571
0 25 -0.047007914322687055 -0.09204934673086321 0.010972991833817492 0.03934140438596368 0.05218362860663012 -0.04265521383594449 0.013065809049315324 -0.04764550289195585 -0.08167853660934728 0.06683430263913245
0 26 0.09886789807733466 -0.08626016524354023 -0.04923990848301194 0.04921185962854035 0.038227101193981206 -0.0752417914126946 0.09317125425703622 0.04671215069119558 -0.022426496076966132 -0.049390190544296206
0 27 -0.008229603523510381 -0.07059786655070434 0.018110399322962597 -0.0844254965400185 -0.09201010844782746 -0.014869023144996017 0.08813342016466581 -0.0994481204995793 0.06057224789832057 0.04558963101992382
0 28 -0.051844000620698244 -0.005287504503921334 0.03996125586502599 0.09858928612128753 0.004075664246255507 -0.00941613876185008 0.007009053432038732 0.007030236614590441 -0.02430615920026821 0.019853050101241287
0 29 -0.03535148674466486 -0.09484969750897507 -0.08526268004583232 -0.01283536592607463 6.226735353388743E-4 -0.027385649515779105 -0.013852014361617327 0.04207022767753026 -0.013049833758906032 0.005859427708585705
0 30 0.011119303358922328 -0.06945058387460713 -0.06410879807121363 0.02636323306575007 0.08253104917977215 0.05372413186637259 -0.06592075623274155 -0.012060023214852628 -0.09484069969393637 0.016143716040219212 -0.0624741129577168
1 0 -0.06577398627996427
1 1 0.07086363434791612
1 2 0.07383642345666869
1 3 0.029764216393232512
1 4 -0.05134063959121658
1 5 0.0028495609294623284
1 6 -0.0988424196839325
1 7 -0.026820588856935484
1 8 -0.08809647709131412
1 9 -0.07179044932127046
