## RankNet
## Epochs = 100
## No. of features = 30
## No. of hidden layers = 1
## Layer 1: 10 neurons
1 2 3 4 5 6 7 8 9 10 11 12 13 14 15 16 17 18 19 20 21 22 23 24 25 26 27 28 29 30
1
10
0 0 -0.35323507872857535 -0.21853333889697651 -0.16789241449482634 -0.20815107918056297 -0.29204054459426015 -0.02492207717968304 0.3655225522338247 -0.2647222611646415 -0.029956844857925016 -0.32164326809205535
0 1 0.20533878364195024 0.0683694607871433 0.15818881476549176 0.03664285819445951 0.17093984064533713 0.024182475247373523 -0.27598048149879545 0.15249857342561826 -0.00980458784492639 0.17711736800796926
0 2 -0.4718900766692351 -0.14857720485477185 -0.19439337574013932 -0.2745825950734611 -0.4156747492871559 0.1739738383148627 0.5835095097238132 -0.4176672877146057 -0.15301606998692838 -0.5255578861642652
0 3 -1.269102102213038 -0.688926430978284 -0.5956216102968785 -0.6544770440387364 -1.299780530024626 0.3094000366716492 1.1577708914324296 -0.7166816730424838 -0.216534767905617 -0.9674863907989181
0 4 -0.39797017802247986 -0.2423890798564859 -0.18291645838308784 -0.14192762826609018 -0.37631596790219074 -0.0047116184085445505 0.5366866030354533 -0.2945491298752342 -0.062383052575838885 -0.38999721059166437
0 5 -0.14501957127557993 0.05194256850725882 -0.07021252871489367 -0.030508994425766985 -0.10445794048720346 -0.04256200083501204 0.05921905035531737 0.03503658026153457 0.013531532311637826 -0.11521788639002216
0 6 -0.027216684755320953 -0.15348848512456584 -0.05618419183832938 -0.03163472348243481 -0.12318802539255189 0.11539923926538304 0.15498330108452887 -0.09607897639123146 -0.06912873835826643 -0.12797456619084122
0 7 -0.3677929447844732 -0.1049345126862286 -0.2132018924660366 -0.11870896977704126 -0.2668802852219119 -0.025361546607642314 0.25066549675562877 -0.1557568605885053 -0.06279217656005087 -0.3134798342299749
0 8 -0.42095987270912344 -0.1501858267702423 -0.21486003059474265 -0.2653367158673813 -0.2423423185908061 0.068559547695613 0.25586890045440175 -0.13817103327302513 0.02759636429020631 -0.377713069289699
0 9 -0.10794900268475999 -0.021073434946612474 -0.07360813706146775 -0.1163610645458725 -0.20972867051136615 -0.01876328683856703 0.2687826625257612 -0.024414752602274183 0.0035215392839964763 -0.06971253207746266
0 10 -0.20336666562386987 -0.18276347012509475 -0.07143917430547171 -0.1849857643727538 -0.27505616707581143 0.03749817229102623 0.20912906845951723 -0.20008874497365486 0.01491687807442968 -0.25210829684325825
0 11 -0.1373679335206692 -0.06644527375533284 -0.04314196566398411 -0.01776915991658751 -0.2667523565326932 0.10548811882585074 0.16210183057577737 -0.17895057292480268 -0.08600932645937619 -0.07738701731578122
0 12 -0.018331236060536812 -0.060789367424004474 -0.08089963290221763 0.060874045492448736 -0.0723069468983387 0.0013009608171425091 -0.03220830848183146 0.05230661805350531 -0.015329486626461053 0.05453113130030986
0 13 -0.2297829715322409 -0.05040650595933884 -0.13049808392644802 -0.14367383433845252 -0.1477737168376346 -0.04536729521112991 0.15377977560227085 -0.1421044625220039 0.021868076000741535 -0.28477961961247633
0 14 0.8986072007532949 0.5855489939498817 0.42493123931312743 0.6102880342987016 1.0667016481722793 -0.17246325630097728 -1.3435514188690039 0.5943057821969433 0.2275579198953034 0.8468409560558671
0 15 0.18165162062277415 0.03172456480830704 0.08573816953629641 0.16655501702556014 0.24556847013380226 -0.10697129100157367 -0.2825513539135214 0.06460933472604391 -0.04671315184419334 0.15517598164576976
0 16 0.08923582268488035 -0.06198817306188753 0.06825213213436813 -0.09923988026510716 0.03103402926890553 0.08132937213204663 0.029950412826527148 0.09264524242899685 0.07370140158306258 0.007717067150296557
0 17 -0.27834218487621637 -0.06772012354382889 -0.18337325254504638 -0.06180281541478506 -0.22910202463845888 0.040537080540991685 0.35951351310718743 -0.28533131464698147 0.026196722692393173 -0.34951726375772824
0 18 0.03801889686888966 0.04402557599849305 -0.03966079606486467 0.1133196446728215 -0.013262794222122969 -0.04729453482076068 0.007004150744356407 -0.014588886508480973 0.0055802581467086255 0.06289359629644735
0 19 -0.37617456843062197 -0.15694441565430323 -0.19081425779833397 -0.17729720236633043 -0.42632508648919215 0.030405197375374518 0.5495645758444895 -0.20702109085395165 0.016787903247730416 -0.3287215680385314
0 20 -0.4156499166968083 -0.22354251715680265 -0.2602948917750824 -0.20898336531706369 -0.4053166123741199 0.014024038050174771 0.3902511434322518 -0.2719878322099587 -0.13250891851367283 -0.33017934343093835
0 21 -0.22246820372876228 -0.02190645426575266 -0.05055492643792527 -0.1226750626178478 -0.10858813528588282 0.0658806377877977 0.12176467988738353 -0.10147255293885724 0.004596091167098618 -0.2703523438112986
0 22 -0.18392077865821505 -0.06000180849615366 -0.07707374418405713 -0.05296658290919918 -0.18258019268235945 0.07095530551692691 0.18010639888195965 -0.1879158444243645 0.05825294777707391 -0.09210440885292301
0 23 0.0774639655107692 0.08037035669835896 0.03382909123813046 0.0774329639677632 -0.011686045710940448 -0.06031861962052989 -0.15762205262056883 0.11646344518127026 0.10451580434116367 -0.028298693041904483
0 24 0.1845210764595307 0.03683263439661064 0.12913207591966014 0.11140432648491633 0.04274494247433507 -0.04384660866859717 -0.248784309718835 0.09862565777564596 0.04228664371182082 0.0070179778791267106
0 25 -0.20213567157599968 -0.05547834679968518 -0.025828809974438996 -0.13780876445855159 -0.13752691830564248 -0.05394156024502774 0.059647128259319594 -0.09466454751461423 -0.026945408134914157 -0.11730829460411321
0 26 0.14718685355696953 0.08274381305250618 -0.027246424559651455 0.10469193086702994 0.08370869121694412 -0.04150530019363638 -0.04058647046809725 0.15698638242670418 0.08987632852305509 0.15410306799851214
0 27 0.2154375897702531 0.06484948763956602 -0.03882607663535373 -0.01750945124437766 0.16622789173177416 0.03961593112056619 -0.13592787245969243 0.07867730837092414 -0.06865082010486705 0.05885019882638265
0 28 -0.08445380537669296 0.02371514511153557 0.013763036091180863 -0.03006565675004366 0.07743598519117063 0.013838847381737386 -0.02470690279620371 0.015290317060142632 -0.0969050736679465 -0.03206464880967075
0 29 -0.31015357751754347 -0.15651160237603146 -0.009734330415246418 -0.11999027151181824 -0.16302953948316187 0.05092675225581775 0.15018869137507032 -0.13833408774557254 0.021607623055273632 -0.1943187571894021
0 30 0.019636832300974454 -0.021448109157970102 -0.09599856861730142 -0.00814413935694342 -0.10649206456583415 0.05206976131774006 -0.17776338987983165 0.02472048794385648 0.041975086704707 -0.06668323290856137 -0.09007242608530322
1 0 -1.9198312319816464
1 1 -1.0761847512954181
1 2 -0.9794644451512764
1 3 -1.1375201549491716
1 4 -1.9683722062948121
1 5 0.3401918355538174
1 6 2.19182587346298
1 7 -1.2852520137489394
1 8 -0.3779762022882277
1 9 -1.7127713643259697
