## LambdaRank
## Epochs = 100
## No. of features = 30
## No. of hidden layers = 1
## Layer 1: 10 neurons
1 2 3 4 5 6 7 8 9 10 11 12 13 14 15 16 17 18 19 20 21 22 23 24 25 26 27 28 29 30
1
10
0 0 0.035050927779326724 -0.03897453426774461 -0.07393730324972128 -0.038773933544625286 -0.02903557460490588 0.07963888197435026 0.023687564126069253 -0.04366549340608677 0.06602611224983089 0.09232037944995172
0 1 -0.04473633831736623 0.0787972935046092 0.06991823722098166 0.08857385671892276 -0.021196061066398438 -0.029469048966821842 -0.05979379815306013 0.07642618778822505 0.002815757957975249 -0.08539802107963551
0 2 -0.023150294283909353 0.005357093518672663 0.037925337493431875 0.04930414930229945 0.03368376050614402 0.09572181745331505 -0.05596375185179309 0.05040183895660295 -0.09503585596730094 -0.0411050608261926
0 3 0.057125432578437926 0.06006128176297304 -0.0938852498890896 0.04853284372217851 -0.04107244707251828 -0.06396906600253482 -0.024649949578236904 -0.046100113126491836 0.09588239345363021 0.04340676438884573
0 4 0.07421019236122982 0.044335177072655815 0.08577357081414519 -0.06149116278630817 -0.07135737878860778 -0.08810016258597478 -0.08336189949374757 0.023345205544608314 -0.05923757684530054 0.06689443366594953
0 5 -0.04846510787897786 -0.008517143034567135 0.09860863641474674 0.09023087640765699 0.09659257806683476 -0.027539786720868684 -0.09597204540870485 0.04269475321324705 -0.07605893848456272 -0.06321674821498396
0 6 0.024076654320500226 0.052793968247179315 0.05816624263936627 0.09423513869534529 -0.03134835860158888 0.003644305448377032 0.04531810197413459 0.08630942905711562 -0.031561038480744576 -0.008403088071280079
0 7 0.018054769277026365 -0.05744979081156507 -0.029725949146820436 0.053232794374301055 -0.0762136690508731 -0.08958532874211675 0.0663689190359892 0.08372819664711674 -0.07634280586642077 0.06369246539071953
0 8 0.05657589113399788 0.07344605733252514 -0.031756960318983556 0.04123742358254113 -0.05907355779439671 0.06691217193685113 -0.020849117099819507 -0.0014045555553669944 -0.0352221721417294 0.03357732374918703
0 9 0.044301549812378195 -0.0704941120263908 0.04843276182963207 0.0043169779988260415 -0.08275542627220643 0.047627105854969126 0.010035299410361704 -0.0871782786488674 0.03221532601360761 0.03901755859358663
0 10 -0.09956209095240921 0.07557898634589723 -0.03693698751272476 0.06230866912566076 0.07451354814712412 -0.06865550220045948 0.09673698887913572 0.0717060052749095 0.037545573378163916 0.02077846587895091
0 11 -0.09888627484447422 -0.08507723322915653 0.047178771901376315 0.025666682240937093 -0.013369702867319524 0.06453331976637597 0.042695507268752146 0.01838929514542456 -0.09523955492961962 0.014569515502327627
0 12 -0.0035368303102753258 0.048745248241280056 -0.056953635857420415 -0.011883469000432401 0.07781528806575057 -0.038190699195367994 0.009995788645818298 0.07592690932679508 -0.09762930414050314 0.08443774933955053
0 13 -0.02577931949311895 -0.02107913505466739 -0.043087044346360875 0.01743054721547178 0.03318140459106348 -0.005394961703763582 -0.030881588818475292 0.04327957365463504 0.05271458440541882 0.006465452305221695
0 14 0.07994675914744302 0.03470584595337031 0.06402629762826302 0.008403265422455394 0.051653840290092144 0.039078601727122214 0.019632064301947333 0.08129293250506031 0.06868384296725817 -0.07988994299386364
0 15 -0.045272376082271755 -0.07037373890594609 -0.09421504351809708 -0.020402075361159445 -0.012600334184647517 0.08867020566159492 -0.09128630643834548 -0.0440729760377285 0.03143300881734036 -0.025503449680429266
0 16 0.08913910422843689 0.08130767992275664 -0.08413398754540401 -0.0406812485621571 -0.054724263214314214 0.07851682151548568 0.016936549930225493 -0.013806785373273855 -0.004630340352375692 -0.06193582968824426
0 17 0.010734877910456506 -0.05718810347217583 -0.09572995952358979 0.09622442586516888 -0.07665886881081531 -0.0812623543417136 0.001168935425396277 0.07573544340485994 0.06061717974251358 -0.022297922544620853
0 18 0.01244963119465212 0.015058035927059782 0.09576275175929573 0.003241768102016223 0.00796016582310402 -0.024475005600537753 -0.01105625565878932 -0.0010753648076458578 0.09392211446574138 0.06622332694895083
0 19 0.09069301593775168 -0.036373689949132024 -0.054270391086295076 0.08739472117560339 -0.07982098527512185 -0.08396695232078533 -0.04302819379845616 0.01694626618966218 -0.048430549585657644 -0.02856004660930649
0 20 0.014126030526211537 -0.09587515323381053 0.05984687846829319 0.051516920550031556 -0.013344034680638887 0.08127579986807267 -0.03533454328105726 0.043027127321142285 0.04711375440171698 0.029845766556793343
0 21 0.07247620689642821 0.07717246272757708 0.006346564491961706 -0.01738956021588589 -0.05399732565079049 -0.07544446823580195 0.04397262218609628 -0.09750279195715093 -0.07735343149491881 0.010444770626308022
0 22 -0.09857272085956764 0.03604795430396824 0.04811344154702211 0.06984631115620163 0.00986238834320032 0.08416486365359396 0.004554830702522634 -0.0081243324923858 -0.09540269219755841 -0.06821060637966699
0 23 -0.08394804383658833 0.06349811275616796 0.043576142399571256 -0.08231221059917007 -0.09817392027371041 0.006281217780307848 -0.03169483736572982 -0.06610511934818246 0.05938288948464781 0.015368522327934871
0 24 -0.09611160709851314 0.03834826511353922 0.08532574420444002 -0.0504216351175715 -0.0651582414864215 -0.03645718237963696 -0.018127347848762 -0.09861471052148331 -0.01624024015916263 0.07845772746506377
0 25 -0.010516660540864536 0.02648866318216228 0.032583646310676714 0.02960740355341401 0.07008281477650799 -0.061735114904842285 -0.017117744296185147 -0.09809525889023103 0.0999402189457163 0.06010339990369908
0 26 0.06640657418306864 -0.033782586254027316 -0.04676532922203916 0.08960944602525431 -0.021808815276224858 -0.028861043697364766 -0.04432526719242074 -0.07713972099117543 0.08943885089992905 -0.04724218823601358
0 27 0.0410295867508745 -0.017477265780507626 0.06950404080027783 0.016967370698685137 0.01572106220028202 0.04225880870294252 -0.0361480458237138 -0.029060316478495853 0.010171896327805824 0.08011920053516171
0 28 0.0941056474089043 -0.07590544812234153 0.05771874178762035 -0.01936788271855478 -0.06955232906891748 -0.05013464066733141 0.04375896673007766 -0.09981919842287121 -0.004152544121628841 -0.09884898677172538
0 29 -0.012135093284495177 0.019911047445703985 0.0905829462501924 -0.09480331836186472 0.02275081896477063 0.04386864670412057 -0.025594799651827444 -0.04274597638605918 0.07349433455780076 -0.033099270392134963
0 30 0.034988125511077404 -0.09522793715619718 -0.06926027065009915 -0.05945251333628128 -0.013031657707882612 0.05709751774313054 -0.08610158042165081 -0.035600204746959255 0.016595901884764022 -0.026863689689884205 0.013145476579666172
1 0 -0.059420961886644766
1 1 -0.08644086867570941
1 2 0.022318620234727762
1 3 0.006469714455306565
1 4 -0.08888980746269164
1 5 -0.020026277750730657
1 6 -0.08461919426918103
1 7 -0.05464088916778592
1 8 -0.07543685287237129
1 9 -0.03572459146380377
