## LambdaRank
## Epochs = 100
## No. of features = 30
## No. of hidden layers = 1
## Layer 1: 10 neurons
1 2 3 4 5 6 7 8 9 10 11 12 13 14 15 16 17 18 19 20 21 22 23 24 25 26 27 28 29 30
1
10
0 0 -0.020019158375186037 -0.09765818706457266 0.009485181670957238 -0.026496560887458588 -0.08615858777781261 0.021814158580931636 -0.021636908218882606 0.07342934532880847 0.0518956559954384 0.02756726402382031
0 1 0.03420814875433825 0.08831551265350031 0.06467469815752398 0.051638576068335204 -0.0335283507305333 0.08175760592340295 -0.04756198814879359 0.0921450583826331 -0.09783506108269091 0.07369103298674744
0 2 -0.06497644412179429 -0.0647594617125894 -0.09302090616168623 0.002979936235964437 -0.008663219560990608 0.061865849482261245 0.08942000098595596 -0.09643716705478123 -0.0653905685207964 -0.06834876349601464
0 3 0.018217643115720175 0.09079304353114362 0.04602873333023619 0.08537870688444396 0.0028077977648160077 0.04999047080113965 -0.0730184510018385 0.020370353024625615 -0.09947512980733475 0.09548584701773133
0 4 -0.08031821288255751 -0.07737094117931936 0.04420683610182159 0.08116196581950624 0.025778485453904106 -0.08102709490532525 -0.04790207815141318 -0.018064943976760204 -0.008092502967589623 6.480258109883989E-4
0 5 -0.04429680659446949 -0.04610562812009368 -0.04135248318746502 -0.04891327469544538 -0.09442255808805815 -0.0983255683111357 -0.08691260319425906 0.03118666117478791 -0.04503419887197886 -0.08844650426371609
0 6 -0.021480009562078878 0.006088649777102275 -0.05543000161302613 -0.06492658240843455 -0.08965120883597509 0.011591490022658064 0.04242430640689877 -0.05291871335167739 0.02592120003378098 0.06608127459716415
0 7 0.03527706529606603 0.0069100492360442915 0.0056096466562179925 -0.03741946207375345 -0.007923712254486095 -0.033984442177810666 -0.06043310514970406 0.009096517552926956 0.021944282642751663 0.04619407675042505
0 8 0.00978682587692528 -0.026505906053038365 0.017111815105252556 -0.020464131981646372 0.05294011372287803 -0.037146204186119164 -0.09419933001572595 -0.012608619247199835 -0.02226256218778124 -0.06843785245330418
0 9 -0.062273073784517824 0.08745523000455514 -0.013529001465765253 0.09502656554135414 0.06011292001496386 -0.05709671872801436 -0.01762955509532075 -0.062086195021061455 0.02934907375460879 0.03986666344272993
0 10 0.09280653136259576 -0.028161793818985505 -0.07610773841371528 -0.04940770750675032 0.07733122345395202 -0.07019040623881817 -0.058113374677405065 0.01703349616959883 0.09581348174618881 0.08269601066377166
0 11 -0.03268780041803005 0.05323988848889149 0.07690449252530655 -0.06667526774887998 -0.023597244314541358 0.006214482530295929 0.010490306047749035 0.06473770254723325 0.09907756841385396 -0.07093873938300746
0 12 -0.055646465984174505 -0.04944341157592368 -0.003542283677534678 -0.03076153258256069 0.0539521711701063 0.012591050350360733 0.058623571561690506 0.09565774581515231 -0.019702458584428564 -0.03732187007976766
0 13 0.02019070671825843 -0.0045332643595958864 0.052915074200945114 0.05210389462570083 -0.08850492919903105 0.024702809267152168 0.0633850054080781 -0.08559103768700259 0.07374201406544209 -0.07177761405692512
0 14 -0.008324715022718263 0.03777873108143759 -0.05442317529693014 -0.010649352030905682 -0.01620174684700815 0.08229913052227625 0.0037022368326465505 -0.07501841899370261 -0.0100270396870277 -0.09968235952199071
0 15 0.030335255432448964 0.06154899746474047 -0.052158871128280875 -0.009160851883221353 -0.044375114670864156 -0.015338561001877233 0.0012821921842932856 0.04746693843263452 -0.06249612328122382 0.01320729637458842
0 16 0.012717444024782264 0.08156571386185879 0.06337117574102384 -0.004282523297094622 0.010449683346192227 -0.005712058206736596 0.03595983685568793 0.03522225841415299 0.03491118971187621 -0.002180388043969704
0 17 -0.09817363031428802 -0.017103987900277333 0.09876877887472385 0.07517231952385844 0.015699264149839052 0.04573554198229029 -0.08596403346915768 -0.08945477727896571 0.029023052426164563 0.09535765064019332
0 18 0.09318536709422964 0.05100112831549187 0.06883120419435454 0.04227136066983584 0.0428393040086861 0.06956781717144624 -0.05571470645436197 0.06436274034681695 -0.09843481249404054 -0.03866514298776139
0 19 -0.08885695027768668 -0.08022304523972641 0.06826755454903276 0.03740830747114153 -0.06011271352258935 -0.060414992438942806 -0.01348230286363035 0.048506614355990595 -0.08192204433792757 -0.049900302490814966
0 20 0.07626092020663512 0.03157609037040819 0.0805460644445535 -0.07950646036849064 -0.09306443370703182 0.06315839005251685 0.08431988492348802 0.0372307778334956 -0.08605913689652533 0.0777248334071841
0 21 0.027340315621357407 -0.09666219601987573 -0.026250790573365265 0.002439013933660962 0.016594932013181178 0.06590434221689935 0.0989878755649002 0.08630212811841642 0.0075098105911241084 0.02238939842491902
0 22 -0.035200761438619645 -0.038641285899252614 -0.0060710711245079 0.06416580450869969 0.06732613986925316 0.025200835051172623 -0.05090954576714143 -0.08249057815091368 0.09926131469505611 -0.026922053353370518
0 23 -0.015068875956348707 -0.09397051318224982 0.02066043705216183 0.09110626221862117 0.04550814873206469 -0.0493055979700819 0.06555893700381032 -0.06102309700563964 0.07169444518919034 -0.036593849467636205
0 24 -0.07152860279478859 0.04811506825440511 0.030272557435519414 -0.0561245862581056 0.008619106828518873 -0.06915795025662635 -0.08855890322856175 0.03345282789250654 0.029135076185699632 0.020359945933756264
0 25 0.0015992783137237796 0.07112200468207354 -0.03592020136111318 0.003375880554722237 0.005207423265927378 0.014040165645905569 -0.0781198749093077 -0.04703874220988483 0.027646758136860166 -0.017874020057912818
0 26 -0.06198973627180927 0.09485675197551698 -0.003313172334168561 -0.064173976365741 0.008206105264159713 -0.03717152922770463 0.08371248893186549 0.06269516218700721 -0.09429913016996097 0.07383653454540604
0 27 0.07171527409676026 -0.017633663643499824 -0.09973216815781027 -0.08606483606982179 0.04820340512274289 0.010578882439789732 -0.003696826513582208 0.07933795248717564 0.024064983558510528 0.07308411848559823
0 28 0.002247441299687086 0.03962299442342514 -0.02298261924707262 -0.07653582850042889 -0.07320426587319268 0.005000115149390806 -0.09532500339630492 -0.06900369844676876 -0.06020423082922002 -0.01669992381483505
0 29 -0.06927773097379855 0.026938173856238836 0.048339913124464104 -0.0578319560341436 0.06938521811656119 0.06978660917446551 0.07229980853768424 0.027541500990750017 -0.07135087622662323 0.006409635393430108
0 30 0.029455388407794852 0.041418066207980456 -0.09396704670502144 -0.0385492207046093 -0.02324010499787339 0.054262567050232725 -0.005548522958415383 -0.07109633451776 -0.024268337801396617 0.09259176245862162 -0.0927860289812127
1 0 -0.031907744705681064
1 1 -0.02636650204658505
1 2 -0.014693456701934655
1 3 -0.04428594186902053
1 4 -0.09060500562191894
1 5 0.048223160207272624
1 6 0.06903178989886487
1 7 0.09363092482090109
1 8 -0.09590157121420047
1 9 0.08334513753652813
