## LambdaRank
## Epochs = 100
## No. of features = 30
## No. of hidden layers = 1
## Layer 1: 10 neurons
1 2 3 4 5 6 7 8 9 10 11 12 13 14 15 16 17 18 19 20 21 22 23 24 25 26 27 28 29 30
1
10
0 0 0.005322191742268071 -0.09984441410684224 0.04894972514517763 0.08971896146606101 -0.09757914999933869 -0.022249660648918396 0.03090950909722222 0.007844476925510517 0.06147026701215621 0.05063026219843529
0 1 0.033025539126383584 -0.015924525342809998 -0.09931996025189833 0.02006100436684179 -0.04054234423406383 0.06305053548231948 -0.03168743022680336 0.0925355914778359 0.08817490797845225 -0.04258719419219085
0 2 -0.07457717368051961 -0.07724266054633219 -0.0961320260520342 0.08033211182631678 -0.049025221783136175 -0.016421825185495523 -0.016875010032846704 0.042110171308838686 0.019063091385327132 0.059546950396778986
0 3 0.04175611171775755 0.03227974726755893 -0.0253837048504693 -0.06957003470689507 0.07826004019535517 -0.07462291905030534 2.5384242386373383E-6 0.022713135062400865 -0.08834310880613155 0.06617887976897467
0 4 -0.08253136885128289 -0.05408686845220217 -0.061992178683013356 0.08370871500355151 0.06663564748041227 0.02782965845070694 -0.029795118546742334 0.07856661650070122 -0.0941288313827553 -0.06128739992375959
0 5 0.01223327126151655 -0.014152771685760875 -0.0520659464073973 0.03457505557535719 0.081207620527396 -0.08937335481766119 0.04802822915240498 -0.07150647339829508 0.027808523247501424 0.024908926828659146
0 6 0.0029313823540332074 -0.05038239568121572 0.033544132717213654 -0.04741802483695581 0.05026130179375139 -0.027561882467244864 -0.004104234435316304 0.010562981482174072 0.042468986156588714 -0.02779256910952089
0 7 -0.050086838114860796 0.05481114416382956 0.02186182158095146 -0.05406060817933117 0.09396014017062634 -0.07299058792340678 -0.07485213051621431 -0.020901726467190795 0.04491515924450286 3.432963157399821E-4
0 8 -0.07057109986623027 0.09189880544040528 0.09915317791175053 0.0986172104876018 -0.0727216800836735 0.047956515961164785 0.02179979730335946 -0.027681272443853735 -0.03600817465486147 0.05508799438165921
0 9 0.023691507547844715 -0.03318033459950104 0.010756230454433642 -0.029976555770767115 0.05663699380640558 0.09154784612475396 0.03461114412909574 -0.044599993345700535 0.050016587772222586 -0.05881564339847661
0 10 0.03641527615990173 0.09010297190062193 -0.05988857289085341 0.06898766036230702 0.05901547784645242 -0.06939766644377161 -0.01711316392251703 -0.01554590837910025 0.09111447106120338 -0.04028865647302112
0 11 -0.05133737965304191 -0.028211688564302555 0.0057745197871963425 0.055781272755012 -0.012198446659688316 -0.024744028087699987 -0.02126983972034881 0.09243281373807966 0.02590009623803937 0.08038842118114428
0 12 -0.0362651555917223 0.052258273287609486 0.008321537228143583 0.004651328064142559 -0.0443248491413189 0.06197613760420702 -0.0010092172920383301 0.05972615168957597 0.09537210292538136 -0.05634085613830643
0 13 -0.0049822840043122416 -0.08382944873407594 -0.05911672618206301 -0.05911951589286687 0.07238678986826497 0.006244272468111317 -0.04126188906087712 0.02266277101442525 -0.05558316076283253 0.05488318847041431
0 14 -0.014471188121958974 -0.08303917063984456 0.016624516615082432 0.0544355391364576 -0.06340075018855365 0.0300632233732263 0.09111637935893059 -0.024646694561996866 0.07643221043302549 0.06019464165756109
0 15 -0.017102685589865035 -0.04419682437910099 -0.08928077027210744 -0.009694335160142589 -0.07205854327264562 0.05334561456649086 -0.055261593382906544 0.0011199699670581909 -0.0063805720535836125 -0.00931225218765024
0 16 -0.007231348408280309 0.07250916642782179 0.02536030040818636 0.08205053518423654 -0.09017374033889579 -0.0561244577033463 0.04588940354367775 0.013427406120409335 -0.060858412066496476 -0.0838475913723151
0 17 0.05284670482847068 -0.005094807034702721 -0.09412566660316253 0.004757466712885196 -0.08779281817863502 -0.03748208497391029 -0.08461577939052647 0.06513105388232714 -0.017742909200397113 -0.023887030588942298
0 18 0.008351419144731491 9.783486123115302E-4 -0.09415864726190507 -0.03248476717018564 0.08979699591967732 -0.034902796567569484 0.040165284781407726 -0.0904597632391545 0.02519986443245613 0.06093247792881938
0 19 0.0018641712140322314 -0.09828791626085472 -0.023870425032141845 0.011242895888363665 -0.06604963243269385 -0.03810578685057639 -0.07234436669188192 -0.07313824936681579 0.06182672191565139 -0.053500784521910885
0 20 0.05748858042721149 -0.032551641042458036 0.0839777108165599 0.03915840461630969 -0.07072757028974033 -0.05135325476379531 -0.09033336442978715 -0.0019806129438281295 0.07159612182112521 0.08578305163933736
0 21 -0.006656280880192819 0.059107392221044636 0.004350303645576774 -0.08032377292310398 0.008435921778589017 -0.00854468474643459 -0.053872908993433784 0.028601852970547882 0.04440611065253448 -0.0772778950040641
0 22 0.07098530629328575 0.009582951469266285 -0.06711728021176705 -0.05138580777393104 0.02390584509323452 -0.056022398503801876 0.0314298025626907 -3.0711631634758964E-4 -0.09901064975451075 -0.09657453634092011
0 23 -0.07189114919331152 0.00555298931018515 0.04552607104232898 -0.050144852619789744 -0.08742418631917355 -0.09776217249643256 0.04515667720809203 -0.015769268548683706 0.05432282147085234 0.06838363191145562
0 24 0.09655977515554894 -0.008010465971121943 -0.022698932795317733 0.019592133597768888 -0.016458125128497408 0.07002868519647225 0.0746814559716179 0.043933320726194706 -0.006614489101957862 0.03274834033415028
0 25 -0.02042750349156819 0.09350088421912013 0.07564252712923475 -0.08552749237062503 -0.020230243300237625 0.047421234504563 -0.08040919821839686 0.0442225787476575 0.05671131853143105 -0.09155422327169886
0 26 0.024214994717745523 0.06102134159425883 0.05990276781203156 0.07882203744682652 -0.06408573946030242 -0.03652411677295025 -0.026976451658883353 0.02379338570040498 0.07086297486495338 0.016986086431349374
0 27 -0.06702528402701874 0.09989535548559765 -0.033202174534697516 -0.08945132759896197 0.020601675699349804 0.015102105822617428 0.035700908144907596 0.05829502209863972 6.844631532343658E-4 0.09959552297659398
0 28 0.09780985763029253 -0.011696283093390696 0.03256810701453962 -0.03770969626534351 0.043361355178447525 0.04002106907336295 0.03292588104756465 0.029406161922810047 0.05797423849106772 -0.07031323890175661
0 29 -0.006837136327067754 -0.03036980610076721 4.5565940882553405E-4 0.01899640032571743 -0.045918251927121026 0.06265316437949964 -0.05789578971433738 -0.04558251103054208 -0.07624217089119117 0.027759852923674413
0 30 0.0445009456737543 0.034639391577521925 0.040420355377495 0.05308048062860493 0.015847000371368377 0.05080725401073758 -0.07778279060149516 0.011567583421995337 0.06634140379648594 0.051699230124297474 0.033575255423784166
1 0 -0.07151911407709204
1 1 -0.009824186563491879
1 2 0.04283370450139066
1 3 0.08440337330102879
1 4 -0.017129981890320573
1 5 -0.098543226718902
1 6 0.012029379606247061
1 7 -0.06631281226873387
1 8 -0.09103266894817386
1 9 0.0883148759603506
