## ListNet
## Epochs = 1500
## No. of features = 30
1 2 3 4 5 6 7 8 9 10 11 12 13 14 15 16 17 18 19 20 21 22 23 24 25 26 27 28 29 30
0
0 0 -0.04335248677393118
0 1 0.08665011119074986
0 2 -0.030341353019017542
0 3 0.0023314051257768767
0 4 -0.0331240752424414
0 5 0.07469290956473489
0 6 -0.08490891962274263
0 7 0.010358137199536877
0 8 0.04643377905606498
0 9 -0.06542301504018706
0 10 -0.05405186167238441
0 11 -0.046911642024879546
0 12 0.07200417160390876
0 13 -0.00752516177105766
0 14 0.031679585865687025
0 15 -0.0066826725121985776
0 16 0.04098508303820465
0 17 0.014455748118612267
0 18 0.017817404188205873
0 19 0.010350814254826615
0 20 -0.012675726825265642
0 21 -0.06988170643156875
0 22 0.05004112471329014
0 23 0.08241334862032507
0 24 0.02175336992493193
0 25 -0.08406192471355081
0 26 0.09833195876179149
0 27 0.0964349854204922
0 28 0.02303049076795566
0 29 -0.04916988226211749
0 30 0.037762511521577835
