## RankNet
## Epochs = 100
## No. of features = 30
## No. of hidden layers = 1
## Layer 1: 10 neurons
1 2 3 4 5 6 7 8 9 10 11 12 13 14 15 16 17 18 19 20 21 22 23 24 25 26 27 28 29 30
1
10
0 0 -0.14318681864730515 -0.3217121420418904 0.12030607337468131 -0.033007290025721656 -0.3261311366681224 0.35950362061870006 -0.23393640129322116 -0.24738049768821926 -0.0404892606271885 -0.04185359636546393
0 1 -0.026055050682687663 0.18911635068801977 -0.04477740073442779 -0.023627119684732592 0.13407239462730042 -0.2576629873753918 0.07892323452916242 0.1302929987911277 0.09116356894725762 -0.03494263369956586
0 2 -0.22708671504738392 -0.6396844784882204 0.33322123201926707 0.03521627809713179 -0.6441708961114403 0.42781334454323194 -0.36369301863628095 -0.39881887231756774 -0.006642745066249953 -0.040984481841199426
0 3 -0.43924311048775005 -1.7407625204037758 0.6330648522113598 -0.09246645578326469 -1.3380757708949733 1.1777118870929786 -0.9372682792989792 -0.6137032104547183 -0.05025199666495741 0.019216660387635566
0 4 -0.2194050441673966 -0.6838220334136779 0.23848491970821264 -0.01715182413774036 -0.5425893578251606 0.4972141784287581 -0.42097216291181916 -0.3173750709937611 -0.05988642998320073 -0.0020290709211672085
0 5 0.041894811301469055 -0.0611417275253785 0.12457024028769867 -0.01871262006757685 -0.1585261946255341 0.023667308837601316 0.030208116471875223 -0.02016671007312446 -0.030929067160396853 0.08499599989268997
0 6 0.03569022509189732 -0.0875341180026116 0.11002227620555553 -0.055071655596748856 -0.07401460640343062 0.1163212685197817 -0.2008990987420199 -0.04877778072781819 0.0577383205156112 -0.04749660266644933
0 7 -0.010314106868638605 -0.3572941214102305 0.21501321607340582 0.04186502896120216 -0.38378106461052314 0.23550014655449567 -0.2219536708550213 -0.06734601084149199 0.09445918546499933 -0.035760685502527874
0 8 -0.1273267540041452 -0.48443466802656027 0.08138594238902891 0.0021142478394323735 -0.4501349993216766 0.3743228549014854 -0.287591684684244 -0.2416876804778704 -0.02187383282606034 0.014151212206970593
0 9 -0.13346351920598218 -0.32510354126475033 0.16025737047164734 0.021322751384741163 -0.3348415477612162 0.2027817505960476 -0.20098500547433878 -0.1240508917799948 0.025890231254772595 0.043064806525654274
0 10 -0.13396619662645923 -0.46419845410700356 0.17513951211331835 0.017604759370100944 -0.33631580247034726 0.2198471473319804 -0.2829851269318535 -0.05324560727507402 0.016620854497826396 0.03772124816448653
0 11 -0.006703323824109314 -0.2469834986767328 0.15153324218766936 -0.10822789899486658 -0.24121261414532916 0.1276040236781009 -0.07162949702901503 -0.193659700015605 0.08839167337871968 -0.026574184894275703
0 12 -0.10101639470789237 0.05386464991475483 -0.03777318250756221 -0.006336833182700461 -0.11542371964639907 0.08925354567283868 0.0486843618009351 0.0857637432188499 -0.011680448219405991 -0.09000976231878344
0 13 -0.12133109979835562 -0.43103338535846897 0.06745021367389362 -0.044667517907238 -0.3642762852659557 0.20944159967867063 -0.29539715786681625 -0.14670384087744234 -0.04559719129771757 0.0598811380385495
0 14 0.3972879434564765 1.3557321930460144 -0.6285842659504784 0.08965393878825466 1.1965024400684308 -1.1474624979157277 0.8886113295830592 0.5328330838552492 -0.07973902416952716 -0.06412961742283159
0 15 0.019019692426148458 0.3942689362983569 -0.1649597915465117 0.0867838445727407 0.4001581528158078 -0.33538546223567645 0.26099554035164324 0.10538746745040103 -0.05007735617641688 -0.07881417920075887
0 16 -0.07922442394819987 0.026556491616959093 0.07662868793642594 0.054549526755818895 0.04464671789888331 -0.07636533197282296 -0.007790076002109298 -0.08869921977114571 -0.09481382079333056 -0.05369273602932912
0 17 -0.040401134812466884 -0.3429435252036613 0.15927041199836223 -0.08565486786906154 -0.3112199554777023 0.16911120743172425 -0.14232802187383164 -0.23127987653230225 0.03391679993068058 0.06149607028265587
0 18 0.009840946133706467 0.08522703247895735 -0.09237938283354663 0.10233608952082325 0.024460615321929783 0.0010230972692596718 0.08619353281323257 0.09802891425299812 -0.009891706332216194 -0.05037888071317307
0 19 -0.23267386064935558 -0.6198776965228492 0.2579544377926551 0.028333861636658447 -0.5123887415391822 0.3060912421927593 -0.32699217489763305 -0.23205407653354101 0.010440595252080203 0.09939951814050779
0 20 -0.0989783239598879 -0.590733515540946 0.26523828840761154 -0.03537863437814567 -0.3955778916369665 0.3336237796701977 -0.3357532389304235 -0.31857712706489016 -0.05941910608479625 0.10942876038392417
0 21 -0.015848296621089834 -0.20341173025329992 0.07074844684329509 -0.10520420197545473 -0.22141521013928422 0.14152443659002525 -0.1424378869872603 -0.15710706604573094 0.030077786979203554 0.029333946956615994
0 22 -0.02634379755534479 -0.2724157151255888 0.12109109269872546 -0.06371979856428792 -0.2591097906218306 0.046701392081566595 -0.18936976688750853 -0.11936259895008455 0.08537741844959117 0.02393887316895467
0 23 -0.04160313221083259 0.1993720667010214 -0.01849213412179898 -0.010356988542482737 0.1661328329019703 -0.07366317021637797 0.14790194519457273 0.002859635227773689 -0.03377065148079357 0.02462690203900618
0 24 0.119271695207341 0.05005652035960902 0.03278382884935509 0.08974310843543697 0.08783335768145101 -0.019878526313124 0.09546205882808462 0.08170508533434127 0.0015841632102035303 -0.037499390068678
0 25 0.03837103724658411 -0.26195780785593986 0.10047013045600615 0.06414619350771798 -0.21709717779056326 -0.05175735251874024 -0.0769677515641316 -0.06329714107515202 -0.060558948016219874 -0.012245375829991457
0 26 0.08774630870423811 0.02832934646564768 -0.09958837425645667 0.028362180062537438 0.006686980790820001 -0.10891900788612062 0.05046181394263845 0.03826404833749163 -0.09679926866266718 0.05106159239011918
0 27 0.06977027033527096 0.12941418445597885 0.04080302382914861 -0.04552839590942588 0.0394597995568212 -0.07034514993063423 0.051768698109089975 0.10107417008121523 -0.02302272778894013 -0.03731765107959409
0 28 -0.005676328586812978 -0.0023286224651546234 0.03706394953801896 -0.0457244804952785 -0.025590050603672306 0.08627078344678692 0.08514296774566608 0.07315534741555484 -0.07880016303550155 0.08193549427580418
0 29 -0.024741284974334192 -0.2730224271518156 -0.03917006765597638 -0.1036588167801053 -0.27973674558613576 0.0538243331507781 -0.10455216476256006 -0.1652874270237501 -0.0039752167744626634 0.09444501191245959
0 30 -0.042972441742895974 -0.12170105533679294 0.013790893832378033 -0.06756848842485069 -0.01395065146937766 -0.2616971712098695 -0.029737022126483166 -0.015866013625268127 0.017979973624728255 0.07784274131463961 -0.32208828817886825
1 0 -0.8162731808787596
1 1 -2.577967943047955
1 2 1.0812129516641247
1 3 -0.22974638687191623
1 4 -2.285630465473929
1 5 1.9283262012588638
1 6 -1.712746681229081
1 7 -1.212135876022754
1 8 -0.06332225104549061
1 9 0.03556813014084849
