## RankNet
## Epochs = 100
## No. of features = 30
## No. of hidden layers = 1
## Layer 1: 10 neurons
1 2 3 4 5 6 7 8 9 10 11 12 13 14 15 16 17 18 19 20 21 22 23 24 25 26 27 28 29 30
1
10
0 0 0.17779936879822442 -0.3747955912320803 0.09010742153473623 -0.4209066108794669 0.0900879775598528 0.06290298148671354 0.11101957723414498 -0.6341221358034906 -0.06854145789775899 0.07693711340396828
0 1 -0.20991083731123283 0.27700810172319934 -0.2053849786198685 0.2807871887839692 -0.021461216136515783 -0.11468881239945111 -0.1040087617012668 0.2908330920898666 0.10491598361113981 0.03358257737805772
0 2 0.3885368985215105 -0.8846091000624215 0.3787027005115324 -0.6102009226776103 0.08955611362734783 0.23468672249593425 0.07028791059090762 -1.0417668628446235 -0.25633891853271734 0.025084033835449503
0 3 0.8064590259830946 -1.9202461878418078 0.6047865265446865 -1.4011139860236357 -0.046073025735002014 0.3800842584311171 0.3573818658921709 -2.2797956701027027 -0.5573754488023628 -0.06537443573978638
0 4 0.4013676322292772 -0.7443796749771723 0.25271755443786625 -0.5752060151844717 0.07262457769269813 0.13722094434915746 0.1543372063608045 -0.873857316870997 -0.2171491453557911 0.05414056472455
0 5 0.06232634975113249 -0.1257039965465059 0.02612928074264879 -0.17642691963851234 -0.0601085322819631 -0.02167736690560927 -0.046631216307821695 -0.1101203162804925 -0.13573546538547765 0.020947375553162208
0 6 0.18971836013532864 -0.18251831019054696 0.15765641033657007 -0.07189504790529093 0.07759059905930497 0.043000002624928486 0.03678198888896437 -0.23107849726269641 -0.15823849664132725 -0.04001147795173989
0 7 0.24639506857769533 -0.52339830575333 0.18315899044442235 -0.28291572084417577 0.09359771328880742 0.10214464040288501 0.1832809073641086 -0.567435624611809 -0.08678520030942248 -0.004260728064722274
0 8 0.20818223938960864 -0.40229017453522997 0.20894751908086667 -0.3321163783865427 0.07166962429848148 0.05750595330204515 0.04417893472220693 -0.6209164442997656 -0.07050127535418588 -0.05683743892756595
0 9 0.04470958998504563 -0.33137132361816024 0.13353220056097442 -0.2934243701241162 8.68822719797044E-4 -0.04254443111020291 0.120144940075762 -0.2613992359613332 -0.05721281873580235 -0.013919764261294673
0 10 0.05958030407334838 -0.29996882424406607 0.0535472060887278 -0.23434990300713296 0.021839929481857676 0.0636127361756775 0.1338722156279823 -0.39436337162449187 -0.15047906229154948 -0.10067515156778417
0 11 0.04249409872689936 -0.2655738519596188 0.0038922492944669447 -0.09630956414459262 0.056603865974078515 0.008347267297713174 0.04824873241413762 -0.26683419581877194 -0.09259459665214645 -0.07871582630249033
0 12 -0.07604579737422501 -0.0774696467862393 -0.021316666275333435 -0.08991528770517167 0.036920544547326274 0.08538662182024963 0.09289298758779331 -0.012554912087131827 -0.11158227177366631 0.08556936527233869
0 13 0.19652762034069418 -0.43404995725354467 0.06835615506422021 -0.4138823966179949 -0.050352412565941515 0.02043218912841605 0.17257043840499242 -0.5683206704775918 -0.08927527289090335 0.0829545490775237
0 14 -0.9070089120010228 1.6323991023857716 -0.7808446025861393 1.3070987068215298 -0.026079554640844285 -0.2941963373788212 -0.26419232971807804 1.9345074605892911 0.5850455068189996 0.07825242193271228
0 15 -0.1947905618934662 0.3912695140732052 -0.24696960969353957 0.27496365645048265 -0.09283308438296337 -0.12230682243412543 -0.022517963366470165 0.5149650851592404 0.21092383336817142 -0.04751717597594189
0 16 -0.02606406965775347 -0.027825592740975815 0.08863767533736146 -0.09469946463581297 0.04405419033450436 0.08945917122764825 -0.0456863612683884 -0.0917717646261875 -0.0049757972747798565 -0.05084037497678725
0 17 0.26677032445669363 -0.4285048243601188 0.25128226000531306 -0.38801099877606593 0.027574278548918398 0.044230804436320284 0.1711830474388791 -0.5783721148823964 -0.0413220426367554 0.05599503191576802
0 18 -0.03355472264455355 0.14612503889703132 -0.0715584067357809 0.11017205095608587 0.06060718820112713 -0.10685176722228379 -0.07351413192572162 0.12056847909932476 0.0845411623080882 0.028877345321344464
0 19 0.25425751597982466 -0.6170495152394447 0.22045353982579868 -0.512690273821229 0.001748897892477652 0.22404962969340256 0.21919123593421164 -0.8966360872216234 -0.19361478558007425 0.06804030039575953
0 20 0.2995721829899938 -0.6769817898222779 0.326988216551317 -0.5450604228656324 0.06771156360382401 0.11585223860561744 0.18047186728596668 -0.7525370605196248 -0.22935382718848327 -0.08302824351501124
0 21 0.18585720492259666 -0.28903732306991725 0.07556077406450057 -0.17408323733975142 0.08028077100235596 0.13017571123249014 0.029977743462452848 -0.3411552517926961 -0.012917418578587041 0.08537086590683153
0 22 0.04423994743098421 -0.29009300305739427 0.11803019333928896 -0.2072744604778832 -0.04986805996176888 -0.02929621409269452 -0.04723095743758211 -0.33952813619430633 -0.0860059570949655 0.05956733702592932
0 23 -0.1237001621801078 0.1920604263621058 -0.0833677719601688 0.20064563391991952 -0.04675418338641199 -0.06251000195188673 0.062209343058097555 0.3009620536994615 0.1276965930610824 -0.002267241165355157
0 24 -0.12734264301682102 0.1182779327374693 -0.10906836696610767 0.09723780980439553 -0.003427012674168617 0.03397755330523378 -0.02092720715282426 0.011971335524059962 0.00411192581913639 -0.027403525516326053
0 25 -0.04876011304947297 -0.1951613802639531 0.03773742976074771 -0.22771674087395882 -0.012006611049309689 -0.024305962699494938 -0.05933573151850101 -0.31131171838191135 -0.05378739488971921 0.026485389779458603
0 26 -0.02987566928516799 0.017405682459557193 -0.07978231260414963 -0.013636337642882029 -0.09219477661762294 0.010019177584102378 0.04061589522400947 0.10344232290929312 0.11151844274851243 -0.009197604642966303
0 27 -0.16199001304693478 0.21631975110244575 -0.16955615511755479 0.19293338938598795 -0.021534023785539518 -0.00933284983847429 -0.09939936613736515 0.16537142244934563 0.0369709165061368 -0.0702515389015918
0 28 -0.06423602118734859 -0.061810976469919926 -0.05973830060604602 0.09073086372009183 -0.006174117268583258 -0.07513319852201994 8.840832226608755E-4 -0.10441339284548765 -0.02581711222163623 -0.02651763434235529
0 29 0.0542409699299069 -0.25235554984980446 0.09955612274857542 -0.1766610992865316 -0.013155441882975344 -0.004748297256920328 0.05648769196261282 -0.41995999735436745 -0.09119060849707435 0.027066196749523923
0 30 -0.16090803433061962 0.006948368938426941 -0.11037596235968317 -0.04080656589697464 0.04439210594935966 -0.006191678509186168 0.03831979638570375 -0.07900555170383176 -0.04589579255870737 0.003962251213267435 -0.46899171150920166
1 0 1.4315283294687342
1 1 -3.0131480093691314
1 2 1.182213362178736
1 3 -2.4130142954616525
1 4 -0.005849463974488253
1 5 0.5310950249253447
1 6 0.5183980071196139
1 7 -3.3712358951638444
1 8 -1.1098232347777959
1 9 -0.15360847607292058
