## RankNet
## Epochs = 100
## No. of features = 30
## No. of hidden layers = 1
## Layer 1: 10 neurons
1 2 3 4 5 6 7 8 9 10 11 12 13 14 15 16 17 18 19 20 21 22 23 24 25 26 27 28 29 30
1
10
0 0 0.10261176092317728 -0.2657218417418851 -0.6098710344988593 0.18329885149247993 -0.18612032352659724 -0.07456809465762335 0.014234048003617385 -0.34050283838330403 -0.04470410254157381 0.07165274818749623
0 1 -0.10372125825472742 0.09206418754015641 0.3576819347280226 -0.0940723033562756 -0.020030870695821105 -0.0471222737242017 -0.06433460694104678 0.261080643116398 0.050565789147740174 -0.11803848810702662
0 2 0.14777703999503633 -0.3668161310101999 -0.8703451090126033 0.30480477199275074 -0.2094953366428178 -0.06222909762952768 0.11047666594295237 -0.47250711261778006 -0.23854345119185746 0.13919927744725402
0 3 0.3012359165942989 -0.7152808973203137 -2.1543361498311686 1.0037550136538789 -0.42494489702198424 -0.269446138617571 0.36283332021906206 -1.3873690361496598 -0.5298093229934718 0.23842159182768594
0 4 0.16334783701020664 -0.25198009582229813 -0.7729669670121807 0.3111050449976567 -0.15310107609136536 -0.040013667275251824 0.10050829333883807 -0.5823000023077658 -0.2164553581925881 0.1878778521752091
0 5 -0.049944299756196193 0.011592832059836742 -0.21552342629067106 0.10460533149171557 -0.12084199750495819 -0.0965212590766376 0.09005288627930756 -0.13481298213199547 0.05393011855046251 0.05874833100451408
0 6 0.08419212000867228 -0.06960636622610608 -0.12967460718649035 0.07620992662037854 -0.001993425994162451 0.021170033649597172 0.016184445073387937 -0.09996745122264147 0.014685752086655306 0.03772029799144649
0 7 0.10945757886549387 -0.2626627330362963 -0.5583801251792936 0.185816146874051 -0.10680844683618303 -0.02307609383712231 -0.022278571336415632 -0.3355990839504786 -0.05218269043558639 0.048802625305551725
0 8 0.1395934578608352 -0.11097927259721953 -0.6761710007420834 0.2975611017775664 -0.12394259958683003 -0.04938791011164528 0.1509739949602348 -0.34068354430588654 -0.16037437816911343 0.0010610570399755311
0 9 0.07995134787685895 -0.16506022592887845 -0.4098064059408084 0.18035611640975543 -0.13552267205367077 -0.015984211497335366 0.07732805377498565 -0.29813449570045103 -0.0014355908039844884 0.07180939574002518
0 10 0.06238273722635806 -0.17656609340440424 -0.5736537203816218 0.2922071330526919 -0.06526006586610311 -0.14284279408557876 -0.014866348708715196 -0.23572887386600966 -0.03855846704368125 0.05725222060469278
0 11 -0.03431263949580006 -0.03223976121049037 -0.47413793299349005 0.18870586862434596 -0.13775704372367015 -0.11215794004563004 -0.051367681951531165 -0.178974843416937 -0.05654655252138807 0.012614669569762281
0 12 0.029121751653684066 -0.0683821656500246 -0.14082221449685228 0.06416137736014914 -0.007834676542854455 -0.0836414409260249 -0.054278330949112566 0.02085221412342546 -0.03381365239670875 -0.05761164837669067
0 13 -0.01072262921979919 -0.1194069831103095 -0.525031229065385 0.28997057491451483 -0.13928073926986312 -0.046510252372369346 0.06501191771654898 -0.37501545565824396 -0.1717929488336162 0.05217713406792552
0 14 -0.2097994576045895 0.615114725841403 1.879694158789675 -0.965728340130419 0.2980682410777905 0.27973637481367997 -0.2685196844377879 1.0652121679437003 0.49467566473769536 -0.2422706894591255
0 15 -0.08006989998004314 0.08851261322626565 0.4442392912733344 -0.333547873778756 0.038827842337931004 0.02527680903827033 -0.1306025954115834 0.3005396120298468 0.06129113651754278 -0.10008709020960313
0 16 0.025062983506644404 0.04066662168025493 -0.10149693710996736 0.09001653906160378 -0.10369753742798124 0.01105747327721419 -0.08619257934362734 0.03912808579433423 -0.06077674200335486 0.04819511133282257
0 17 0.07207572585431023 -0.11474210022642413 -0.49501822727290795 0.3141418563798927 -0.07649807655567582 -0.15112776305197462 0.130628330905494 -0.323868529635451 -0.12033157798829872 0.14230273553346726
0 18 -0.04514465079378888 -0.02132873292493461 0.022071642500526668 0.03383753793785948 0.006441094141604005 -0.01707356171916348 -0.06488811075269728 0.06715927230179865 -0.08180196196881903 -0.05560451979780282
0 19 0.199005029094023 -0.30664769530757735 -0.8439055812096922 0.38011478381021674 -0.20535315709408608 -0.18642236124725675 0.06197074497975373 -0.5666179988332452 -0.20747236479391182 0.1476381382285543
0 20 0.1780456622317512 -0.1932161322343633 -0.7245740209841762 0.3040095912712343 -0.1507312309290569 -0.1734711305062672 0.1536521415911208 -0.44548164510299876 -0.06735259369281725 0.13599144229226232
0 21 0.009891548212388173 -0.14179004069934306 -0.2569836836360856 0.07995448275393591 -0.1541289272161075 -0.1351374560716403 -0.0064933337781063645 -0.282444202627477 -0.06279032058375741 -0.018226733800293538
0 22 0.12657228853850344 -0.14359791032359948 -0.35967845216871425 0.12972521983752974 0.043754337736347924 -0.02514349074696567 0.10050087488451699 -0.0692764081250575 -0.06053679546974791 0.01728920608301746
0 23 0.0012788182800047097 0.05615381527406808 0.17116452120658493 -0.07712460878474374 0.05294112227938383 -0.060826248922713225 -0.043595748819103455 0.03641856687720222 -0.015981393246464873 -0.11424442137711419
0 24 -0.006723313082399662 0.034081963734939914 0.007980592939342548 -0.13388285850914627 5.667942443637428E-4 0.03822633040181312 -0.021064596793564146 0.05533210743717428 -0.025323087974659188 -0.07555083344186701
0 25 0.022258227975140297 -0.09959005602472366 -0.3211848577123444 -0.03491980446337135 -0.0023760235038564814 0.04307668591030275 -0.003963031837900853 -0.2629451855700335 -0.08587324109028366 0.006409426481411112
0 26 -0.04636025168160839 -0.030385804880576742 0.09241929622917924 -0.10166446966543849 0.061084517034760005 -0.031018187742131057 0.05418153399688939 0.07664297487077844 -0.06041218029879335 -0.09422926006622098
0 27 -0.09689549414713973 0.01431292096984636 0.1776932011074054 -0.14480922784628983 0.033657349991891114 0.05821499045175928 -0.08346855579618356 0.16700852986295125 0.018765376604908443 0.06672731715106604
0 28 -0.028556498076015166 -0.0034724785738057874 -0.008705220114108401 -0.08550299102748392 0.060995322256530954 0.05980623452243577 -0.03772803504391373 -0.01448135351224911 0.06812873246602144 0.06147005496375751
0 29 -0.04951187322755579 7.16317559883212E-5 -0.3065247703243335 0.04336678770332136 -0.02198549463395539 0.059947684104762755 0.008883030291158812 -0.07861219202479948 -0.12632691304166724 0.06839018277466521
0 30 -0.1013950828694241 0.0038670405372452266 -0.0027535812347176726 -0.19232386476172889 -0.0061065414214963405 -0.06542652885772246 -0.0736091003965711 -0.09659475113678564 0.07474095604678928 -0.025045589546144758 -0.26741681545658863
1 0 0.48653331931573085
1 1 -1.2712440115404693
1 2 -3.2948900078995003
1 3 1.6703694800534847
1 4 -0.785189863668909
1 5 -0.5678885300686977
1 6 0.4733297830915518
1 7 -2.172523506484199
1 8 -0.9210991015144268
1 9 0.4389864105651742
