## LambdaRank
## Epochs = 100
## No. of features = 30
## No. of hidden layers = 1
## Layer 1: 10 neurons
1 2 3 4 5 6 7 8 9 10 11 12 13 14 15 16 17 18 19 20 21 22 23 24 25 26 27 28 29 30
1
10
0 0 -0.0062148343611633915 -0.09237224136023378 0.004561605526704491 0.0484273713806219 0.07920174248241352 -0.04668058390474919 0.09320619705413251 0.042180029651994716 -0.039522225829143734 -0.033660701832729206
0 1 0.036675684592128686 -0.06139686394590852 -0.0687069434613207 -0.023916721442491365 0.048704420970400404 0.0741812689045535 -0.025205026636115575 -0.04208407973510489 -0.05421841053861895 0.09141042628931625
0 2 -0.002980562370450307 0.04711513540951302 -0.013757183905938174 0.05984271865731429 0.07512434458444738 0.006989465126503626 0.01846329211655841 -0.07605078543804449 0.07882432109984713 -0.07698357371497513
0 3 0.04222965832970403 0.07970650675048331 -0.041245664616526186 0.033780079878560444 -0.011940364427415612 -0.06751881153098306 -0.027701052131051833 0.07588266442366032 -0.010796072567870829 0.09649313908754191
0 4 0.08440560006121435 -0.03583075828663629 -0.04820296013907625 0.010354774859157968 -0.06956452559520744 0.07172458010311229 0.09354042136277955 0.05916287757907548 0.07127475715701176 0.033991821370536836
0 5 0.03945828727518836 0.09200619499347361 0.06947957348961716 0.007939869452079137 0.041759898155339176 -0.04490147286463141 -0.04359605096989702 -0.037896197372198986 0.09262658848894433 0.03357992121384117
0 6 -0.004034614828313023 0.015719345567619045 0.09228694397771373 0.07116598449773938 -0.011113060842462165 -0.027565158444538815 0.0212114558564041 0.015981235624905703 -0.05199374513877818 -0.0854625019000725
0 7 0.062344999922704744 -0.037570163602936905 -0.05329408379463145 0.07016850570966657 -0.08745512212501597 -0.054454865896629595 0.06016558344947184 -0.041812404472283314 -0.09867494091578773 0.06979105809627159
0 8 -0.03864630753914454 -0.028628299690751403 -0.013823498812080191 0.06476845329839123 -0.04952239935408531 0.03833148131707162 -0.09214396662446979 -0.07732108490461327 0.09498597083318899 -0.05681101495970184
0 9 -0.02904412888871472 0.09376420309198133 -0.06269569163830187 -0.026119525457519697 0.07929083767563759 0.05011595632610902 0.08492203030893525 0.08454852174639586 -0.03991589393114362 -0.0984168693914284
0 10 -0.06709448441316547 0.0665999838843711 -0.08452745345748003 0.0554511365526859 0.078592523433436 0.03319407574218486 -0.03794375383709381 -7.298854341547887E-5 0.06791071351958768 0.09081944659095875
0 11 0.07943740750317158 0.006151252146528248 -0.020734332515770032 0.024185101233858614 -0.08651009056886828 0.049315377337875395 0.09357293773481301 0.026110668912863698 0.06215962784194722 0.014368940069990621
0 12 0.034499859280707146 0.06135441299191201 0.048427356893523156 -0.07200683240222727 -0.05409607783852859 0.0397869639735825 -0.08194929136412196 -0.05466677034076251 -0.014560669553234505 -0.005420601813803055
0 13 0.04686111745546623 0.0901661703458634 -0.09117618222933001 -0.07554869314614872 -0.06260865726321553 -0.09465660964287154 -0.09566343569578659 -0.06980278979716217 -0.07038057030672644 0.031589153203252
0 14 -0.06704633850747836 -0.07782229663122597 -0.001498418400398679 -0.07179365370701889 0.003848859963963839 0.00598086102805734 0.06527773647264225 0.07570708466480174 0.06064039766130565 -0.031170460781267183
0 15 0.044836493450702626 -0.023740817678467623 -0.02370359858859923 -0.05920933749038299 0.07621611136080307 -0.09813829781898654 -0.07056927265314235 0.062287986479606094 -0.06733329715835866 -0.09648980589430341
0 16 -0.03827501200579186 -0.010049233611615808 0.02839008627716585 0.01205736032321454 -0.03950583287830745 0.07811373814759653 -0.007795734688562097 0.0945831611740383 0.02806774309253798 -0.03319612003240062
0 17 -0.06060917111794604 -0.016631547504933848 -0.05294328719561126 -0.0394790771871364 0.03898674876656111 -0.04488095312978057 0.03544059024830697 0.04128062472420354 0.05582950925473029 0.0046986945616765575
0 18 0.07712179263081657 -0.09283898356575418 -0.06944611896846507 0.08320069700149356 -0.02624296949910023 0.09532310413642693 0.024442210238773205 -0.08572610248477866 -0.03616641212413073 -0.012193986426193824
0 19 -0.011517602402999247 0.0936380354779534 0.009389796506225252 -0.09208949938032689 -0.03989833470891067 0.03021757972705183 0.043947057495440874 -0.02033315714036679 -0.058536309232499216 -0.05477931477148683
0 20 -0.09725321060624532 0.07135871424729309 -0.03266224442912951 0.03823462868460025 -0.042975333013972064 -0.09237002551170288 -0.05634798616356323 0.07342184793632968 0.013447263302267694 0.09593328664413527
0 21 0.08498707958067725 0.08920594094822668 0.01666010495156632 -0.06256652562622049 0.06612291493655803 -0.011398313276416494 0.07995423352197581 -0.0979350126775624 0.09527130306027441 -0.02549587310375445
0 22 0.06866694471748783 -0.08517674811135581 -0.046211705355170135 -0.03117124817687354 -0.050253298720437656 0.09804540111482274 -0.09264634918601913 0.08098002412691055 -0.09723692814978116 0.022700131625665455
0 23 0.00849150641534281 -0.02592370543858528 0.05832793172042396 -0.036007607370194004 -0.02438162762845273 0.050230212671048255 0.0037307694114910874 0.05841761253362794 -0.019362922303135948 5.38005209481778E-4
0 24 0.0030271941903067968 0.07274425927059042 -0.05024106171381795 0.06099914687130354 -0.008315733484526428 0.06025704770392535 0.054179721659545474 0.019317748294481 0.09571781527576938 -0.05231522198553044
0 25 0.01195526238370871 0.0039808413508754525 -0.06840781175841172 0.042780512818016286 0.02829872435124885 -0.044371561183650765 0.030008045635561507 -0.03203959902829009 -0.06427907235454361 -0.02004848555780923
0 26 0.021858503921946954 0.0010052332971744054 0.05791436804160563 -0.023831729898994413 -0.05782442906808647 0.021221992420770348 -0.08356656158339937 -0.05671311112289225 -0.09745824883670826 -0.01692594368752218
0 27 -0.026027668412057177 0.0061520479419820764 -0.0789531982453431 0.08408107451968976 -0.09424970822945482 -0.04360546092721113 0.06662295839367835 -0.05842023827437786 0.05906737189860436 0.08842444744750333
0 28 0.07863542860477117 0.0996789426907861 -0.07482066222158998 0.04616899637710056 -0.03090232430225558 -0.025439317036357868 -0.0368934951666163 -0.027925733928626673 0.06904069031978784 0.08513939114575955
0 29 -0.03597295649371408 0.09732518393881631 -0.06472108492394502 0.010938195049145234 0.0907312122803038 -0.07126919327099088 0.020631073652544154 0.020951114310067034 -0.0827525079892424 -0.02090678700958367
0 30 -0.04978319039874871 -0.07383499785754209 0.07571302911082295 -0.05909853887430898 0.03965158736365339 -0.08462194777586368 -0.08454737582546004 0.09252258634568235 -0.09309138575870099 0.06977705039638916 0.06716564297676003
1 0 0.0613153390586369
1 1 0.07980956137180278
1 2 -0.06596139818429911
1 3 -0.08247884362936023
1 4 0.08962735533714247
1 5 -0.03875340893864588
1 6 0.0022518753539771115
1 7 -0.08899618685245465
1 8 0.050248228013515944
1 9 0.08846542239189104
