## RankNet
## Epochs = 100
## No. of features = 30
## No. of hidden layers = 1
## Layer 1: 10 neurons
1 2 3 4 5 6 7 8 9 10 11 12 13 14 15 16 17 18 19 20 21 22 23 24 25 26 27 28 29 30
1
10
0 0 -0.18883230246831983 0.01046831891982489 -0.143343745696491 0.06736982089297713 -0.17261923045883482 0.17244094617509378 0.1746577913889788 0.10878347778770453 -0.18256664397212655 -0.12165663909026314
0 1 0.04177049520460155 0.12109555016780718 0.08736349619693039 -0.0903442982175694 0.19169746511371322 -0.1545993419171703 -0.0517092160655803 -0.0704629205912024 -0.026885197450255496 0.05954675874290808
0 2 -0.46481468047734903 -0.16480473857511146 -0.2793403259091064 0.29871116084530763 -0.3747584013278532 0.2765527643059475 0.4006975848290618 0.3061893485777993 -0.28520474487093433 -0.31000142380377843
0 3 -1.1775507413330815 -0.28014029116520084 -0.5872806801984265 0.4552760266863736 -0.9267135310753535 0.3752425277329609 0.7495794137964892 0.8083014416646225 -0.37722937437048104 -0.5612323792132514
0 4 -0.4610780179983658 -0.07413733465548307 -0.3229739521983382 0.24673872429686755 -0.3419179343118348 0.2796013188672724 0.36108511558606693 0.2244228792925996 -0.09141079545566767 -0.13615978053926323
0 5 -0.03245063260008317 -0.07240315363612725 -0.02611224675167261 0.05472031507598791 -0.1611991202860774 0.13561443138076715 0.004414509934626457 0.09806819586473653 -0.09353529081310863 -0.12414040232686867
0 6 -0.16244545776359343 -0.04573702923431711 0.01681101702888774 0.02428434934717118 -0.14377109118794973 -0.04588594379375423 0.11129372921305397 0.13233186393046248 0.03234067981467904 0.034244897834023964
0 7 -0.3302227814047742 0.009152003490767387 -0.07572100314501053 0.14911957325574526 -0.31018455972030257 0.20920878506443547 0.24019179332827448 0.2183472982408438 -0.06454404600620563 -0.026553336212788475
0 8 -0.33550903469591425 -0.10022844609849406 -0.24578630287075484 0.13474789484712857 -0.3467233761752842 0.04654067887270291 0.17593280827854899 0.1843880833408878 -0.15172411190142596 -0.21514746547331876
0 9 -0.15055437336098831 -0.08166006674293703 -0.10759649953528355 0.16827542332193715 -0.23900515399637673 0.03599866515951646 0.10568795948776585 0.1100781400488536 0.00719223238523937 -0.04276300599742548
0 10 -0.18762526711879565 -0.07079569674341442 -0.14177442612365215 0.14527734780413804 -0.12197873569065297 0.002841657616832077 0.1585499392283603 0.24588379105335845 -0.16267999049223336 -0.20390500953788496
0 11 -0.23532817370623604 -0.019793549149430666 -0.13289196629230965 0.08168123313836725 -0.17194610159154214 0.12809719161893088 0.0035531271135798154 0.033428680933474605 -0.0018362550668474084 -0.04321881337832737
0 12 -0.0056990374045922994 -0.0721726226280252 -0.08472610413536334 0.0489279423552679 -0.051031308439166215 -0.02657858342654701 -0.047382622247330204 0.11011816866515668 0.007524463542090367 -0.06312925668473605
0 13 -0.19924150741386076 -0.02836227986739006 -0.11418499071153883 0.08023198957753497 -0.25215018417866225 0.050236113371119266 0.11897041996479658 0.14042950394130294 -0.1788583687013075 -0.14981977775425467
0 14 0.9370142152674392 0.15778962986197148 0.5312397767586271 -0.3575091674572292 0.7754856329489886 -0.4915310041142481 -0.790573107272441 -0.7697093970935828 0.43898381231778566 0.4978535429912293
0 15 0.33001306546574777 0.009134528258004208 0.18273374322698321 -0.21576812768377135 0.1385107390967447 -0.11326759729749045 -0.14550467157723712 -0.2664755523518594 0.18269471483911576 0.16242230629847576
0 16 0.04218829240689004 -0.042639029785742126 -0.09241021344977562 -0.07462242661161678 -0.059841525651251413 0.08791902628888672 0.0268101093280553 0.08608143417009495 -0.07936300406228373 -0.04024387807591137
0 17 -0.3433575023862947 0.006905399943947402 -0.08862583535269863 0.20714617034042035 -0.30306931297911827 0.11940670191456834 0.16875339966683056 0.19011877417407555 -0.16110086373503463 -0.18016047100926033
0 18 0.23222905228455423 -4.869157931801479E-4 -0.008177989221649253 -0.17362618870991192 0.02275731221044171 -0.024645850935371635 -0.125363246441356 -0.12360705430620522 0.019811982796774447 0.1503057168914806
0 19 -0.39932467619705647 -0.1377895142457592 -0.29884693920359673 0.25941931935847734 -0.26061953752865413 0.1732002305112797 0.2112916502123751 0.26959841596238787 -0.10940712961554876 -0.19843234860684789
0 20 -0.4271522388286522 -0.0772481535509518 -0.1933843750074699 0.2509657693051628 -0.38095978511536394 0.11663383103586887 0.27425263467975697 0.2680739806389682 -0.2407834646091683 -0.22809636788639978
0 21 -0.12643059585921543 0.030244002680663896 -0.11871276643082389 0.02446580160600887 -0.27023080523947024 0.11924432059730836 0.10113728852382015 0.09699702970128778 -0.13945013465729572 -0.017558143175267365
0 22 -0.08974584225367806 0.016653164993878627 -0.08344380475565089 -0.004893960782693324 -0.09729220515781783 0.062097775085116984 0.0213416234877751 0.027945482561957502 -0.03420637984012949 -0.03551023306751694
0 23 0.06432456973929229 0.06767365132389774 0.06703011497272791 0.04051429727314409 0.00118925465678842 -0.01579555042631958 -0.004131932851584982 -0.0880800581216484 0.13534638257273002 0.10423572152152659
0 24 0.013340801860935293 -0.038023030794986354 0.12015671877837807 -0.02022428769884363 0.04093657174544172 -0.008008856293813085 0.03605283455626084 -0.014130999424153492 0.09311720455291668 0.0599018980733836
0 25 -0.20979296397524377 -0.017627505773260634 -0.1380660332388447 -0.08299858345088414 -0.15562934830263156 0.09070542324976485 -0.026521120552049932 0.08888978482583294 -0.04630040014930931 -0.09877357634166052
0 26 0.09721892512830603 0.037357962038672615 -0.03391623697464674 -0.060367587523460234 0.1411841853013504 -0.13262607812799596 0.029960789120955823 -0.07114233773556851 0.030864234222727747 0.10496998654239326
0 27 0.16394873731718484 -0.052797562912050636 -0.0023983726195416703 -0.13676432633343705 0.17697183313427278 -0.02103927335554838 -0.11411668807707175 -0.059200989973652154 0.09337800906486204 0.012204759408896204
0 28 -0.09390027918583921 0.02248550214498243 -0.035501300717969454 0.028203553001223333 0.04574112694247066 -0.05477258900859349 0.031159285131684915 0.016244758284151544 0.03163025995050803 -0.07338163253595899
0 29 -0.14997255870551432 -0.09139475712105988 -0.12124142379577021 0.05452490953339337 -0.026995686127270983 -0.07749647839850626 0.023975179211877456 -0.059128088520912316 -0.09478146551521115 -0.1368091036104181
0 30 0.08368820134785179 0.03589690073197067 0.02601928211597477 -0.15860092685993912 -0.019551613028870464 -0.027531156767177097 -0.11638527655599572 -0.06475222079860182 0.08263105365878493 -0.029615084615759398 -0.2699427013541862
1 0 -1.9539006293579475
1 1 -0.49393943152111364
1 2 -1.1432575972711827
1 3 0.809968292914479
1 4 -1.6353199654293147
1 5 0.7516844807903788
1 6 1.2707144049817143
1 7 1.2917098273886902
1 8 -0.9066365108706735
1 9 -1.0588612070288341
