## ListNet
## Epochs = 1500
## No. of features = 30
1 2 3 4 5 6 7 8 9 10 11 12 13 14 15 16 17 18 19 20 21 22 23 24 25 26 27 28 29 30
0
0 0 0.04856571493703215
0 1 -0.018717414713219662
0 2 -0.07446607419118152
0 3 -0.03742957929756818
0 4 0.07823524897402823
0 5 0.09765135836662334
0 6 -0.055749922444969
0 7 -0.018762191371198236
0 8 0.04165289827256742
0 9 -0.04986160536930909
0 10 0.08202253739872042
0 11 0.08365476505953766
0 12 -0.045480127306546006
0 13 -0.02132517328210668
0 14 0.015827544256520533
0 15 0.049187483985935025
0 16 -0.027961778644606965
0 17 0.04887204146972357
0 18 0.056577458058885206
0 19 -0.023077075884126354
0 20 0.03093966211888922
0 21 -0.05474348279904638
0 22 -0.004800292096243333
0 23 0.0018654857282582437
0 24 0.09773326684925882
0 25 0.07009368179300059
0 26 -0.0174897280742992
0 27 0.044977027827701396
0 28 0.014341122177209651
0 29 -0.019966432879508323
0 30 0.08391731977462769
