## LambdaRank
## Epochs = 100
## No. of features = 30
## No. of hidden layers = 1
## Layer 1: 10 neurons
1 2 3 4 5 6 7 8 9 10 11 12 13 14 15 16 17 18 19 20 21 22 23 24 25 26 27 28 29 30
1
10
0 0 -0.011009994956731155 0.020031481945392695 -0.05564130965489396 0.03524971747042524 -0.08301746882714403 -0.007347371204779979 0.005688503233858574 -0.039814835537697026 0.07133002934746673 0.08979940258558763
0 1 -0.0252721577014405 0.059098800846990436 -0.09444402831992682 0.0427298269983334 0.008582948113487428 0.08613175619094275 0.027319613957028085 -0.027962265722832447 -0.07965159165933411 0.030950372643140694
0 2 -0.04739450202346893 0.07376199195698077 -0.04171780932295259 0.036018291917177724 -0.05357328305559901 -0.03835451439427541 -0.07582767417878233 -0.03650232624889866 -0.030677701466116664 -0.035490993483020775
0 3 -0.03124876273706486 -0.013653065476498003 0.01164115875082624 0.08785412016866198 0.07229540609679655 0.03489978528507247 0.08460223786530643 -9.923798976092303E-4 -0.0399135062681843 -0.007096520454324278
0 4 -1.0103774161332888E-4 0.01770812188757257 0.03909249213626295 0.09808120768282227 0.06761810787941988 -0.02283484574401248 -0.0875842015213156 0.09255080357348625 -0.06030921614472112 -0.014050676490073322
0 5 0.0455464265887653 0.06245306981002009 -0.016754246432707284 -0.04754414199690118 0.0016450208871290359 -0.021650721382337604 -0.09313986052864967 -0.09456953291321092 0.008030899131069545 0.02837347042765787
0 6 -0.012891645150148434 0.01830949892756799 0.03980288882375599 -0.0741116720026517 0.060895878437105186 -0.08911586794659494 -0.0069090547811406135 -0.06970146808950962 0.09489284035948542 -0.010761823718220405
0 7 0.05874477934026531 0.09594802551840176 -0.07702347799615666 -0.021691227277867004 0.004904123522069332 0.03963041688020242 0.0827963377813176 0.06799108724051857 0.0218418734174839 0.0749829871650061
0 8 0.011372492621114446 0.021649233736791416 -0.025324795204238693 -0.08321707407264312 -0.002220503381309462 0.027347498149744753 0.0693485375151374 -0.025160866732490628 0.06256315192279152 0.021319989148325825
0 9 0.07404053740287568 0.09405448436930414 -0.023894086547003215 0.057865814800968154 -0.09383211142466825 0.08068413559579389 0.07374597019882294 0.018085579203238035 -0.012816364476523233 0.07599356418951589
0 10 -0.05637932700651421 0.04972248247536201 -0.09434378552504649 0.021678589003875422 0.09421531668645855 0.008080864578008632 0.016978091633659972 0.09563571606207737 0.058978985993054844 0.023274581139296275
0 11 -0.002372968116987198 0.08219642595410535 0.014843312396203217 0.01924585805477143 0.07580762757631793 0.03864350650419049 -0.0612632243212454 -0.05091929034591506 0.0033369443097592865 -0.012283830766176758
0 12 0.027055643195086555 0.0014752850995989227 0.020160360408004882 -0.003464711000080506 0.006682320333976203 0.009664646239216772 0.09568797432716418 0.09558354012194357 0.08396331637296087 -0.0511458688444101
0 13 0.08255705162809428 -0.09686279217646952 -0.0570644691557923 0.005116379039286169 0.06159857690511191 -0.04305124156124183 0.06587839533421384 -0.07769474774130491 -0.026042131041554187 0.015284698593278846
0 14 -0.024329344658636162 -0.036920640917564716 -0.043312338465996275 -0.015025569562804176 -0.07512949954147337 -0.04021805435993618 0.09838710328863982 -0.023982406878402165 0.018578648684879597 -0.09612120946908358
0 15 -0.04578913463461769 0.042635594611521756 0.015221852988405801 0.010748557521054481 0.0951552010519309 0.07178344493594076 -0.025409046300289218 0.013624792520370865 -0.011882637281651889 -0.049047625082661826
0 16 0.02767845328856065 -0.04319729618553129 -0.039376370639567754 -0.09958201044092914 0.05429810730971454 -0.0015625585050960404 -0.040783480440836475 -0.09396389032936232 -0.09170484459908089 0.05351650180462883
0 17 -0.012388337463308476 0.032385854260439315 -0.020650136499230115 0.0546839156642238 -0.04484246833178612 0.08980349563419487 0.011867341539736606 0.04138228995957558 -0.0923442334082457 0.06378814100735758
0 18 0.05202305710200342 0.005644417062015909 0.06608584442974873 0.06389768293432153 -0.04606736275740713 0.007786287710242708 0.0849367558889019 0.0703100337405682 -0.032470235626798384 0.05050776386182157
0 19 0.09824681690880056 0.06566484056785335 0.05110076748728006 -0.04928004657610847 0.053311814140379325 0.017043605828661917 -0.024566667223578215 -0.08745483492027445 0.08313323761344697 -0.04125687927828407
0 20 -0.047751234305950484 -0.03373134488976623 -0.08261676573412977 -0.03965210375165723 -0.03397452397709679 0.03749395826640584 -0.08093280494605143 0.027089582652282472 0.031159126584276272 -0.08753219693805066
0 21 -0.033427942416840516 -0.016010221902840443 0.004585722132454371 0.03691904952183989 -0.030861346843501874 -0.03279927759394563 -0.08073486895309218 -0.0494690370623449 -0.0720723268149628 -0.062191185648393495
0 22 0.061254661628817667 0.022160198364360322 0.05038522050575546 0.015559832201299474 0.044347084523496415 0.07105882721169376 0.08203389207756533 0.014757860065271692 -0.036816146504318234 0.047671609445343384
0 23 -0.04351776258137181 -0.06747318258669542 0.10000109268003293 -0.069227481386432 0.09197464794656232 0.0858066796124917 0.04969157141315552 -0.005141796683290269 -0.012858909688726517 0.06572009204077357
0 24 -0.021461007873281385 -0.060375015671681465 -0.07777324713917597 0.0018112945386901628 -0.02075870204266368 0.03658348690423821 0.09716305441669702 -0.05928233024724612 -2.969115080471158E-5 -0.031538511118199386
0 25 0.021670999157513707 -0.06278877358179816 0.04401927410750713 -0.05860862376462698 -0.07943905569549788 -0.09080228517555163 0.09925985259541766 -0.028668126970969546 0.03705429826959813 0.08303436396337999
0 26 0.051154942328527686 0.04060315315355089 0.03664575756782705 -0.07776911950467341 -0.044269211171070064 -0.06671880988604283 0.09216713732446219 -0.0993415326791625 0.03265704114526739 -0.00492199214403528
0 27 0.0265798290339268 -0.0013171825406809584 -0.0740574177989866 0.09239393289505775 0.09023627460860799 0.05965491197213482 -0.007695305849120916 -0.040286600974066486 0.032657656522623466 -0.07709851809913797
0 28 -0.006068919590692426 0.053673998778934175 0.09008405015350833 0.02560832130039044 -0.05469883242675999 -0.047776276644357706 -0.012160547601191767 0.006635159965090416 0.09283390264748254 -0.05693563575415469
0 29 -0.07503719324794716 0.05325332124787228 -0.043481157108844766 0.06033538182332076 -0.01899832053608332 0.033098077761239166 0.07092210430125392 -0.016459697724686136 -0.0034178911042336536 -0.03630829684165318
0 30 -0.0594302391130155 -0.03858748624614418 0.04944778521170832 0.009819040409121777 0.06051778895167246 0.052806110426384376 -0.07580213157724784 -0.09237444866865312 0.01681606139725314 -0.02752833025182724 0.09604850411414878
1 0 0.0323432013392425
1 1 0.004809880163520501
1 2 -0.09617366641759975
1 3 -0.05019747465848781
1 4 -0.029059182852505257
1 5 0.026252608746290592
1 6 0.09817878156900503
1 7 -0.024791931733488332
1 8 -0.021840531378983983
1 9 0.09741869568824862
