## LambdaRank
## Epochs = 100
## No. of features = 30
## No. of hidden layers = 1
## Layer 1: 10 neurons
1 2 3 4 5 6 7 8 9 10 11 12 13 14 15 16 17 18 19 20 21 22 23 24 25 26 27 28 29 30
1
10
0 0 0.07271512118265827 0.050375712357748896 0.08082120123380543 -0.048049368365893165 0.06336030235134017 0.08476604442794221 -0.05229373349167665 -0.01551392583304371 0.09117298749901001 -0.013910672312243457
0 1 -0.030616632511112792 0.02916768979739089 -0.04553012158343741 0.05229106440668286 -0.07529448699803233 -0.09779033275111196 0.011785218220629914 0.09880566522874507 0.04024560345325341 0.06360988378079155
0 2 0.0956148803793041 -0.005293960581101609 0.04726164738364334 0.09094361706340137 0.003381798313937934 -0.05604674578410404 0.013782062703953674 -0.04488588073892313 0.09803414974994765 6.681860661302227E-5
0 3 0.08035346981920805 -0.0774062398409886 -0.04260786008228675 0.07744290619357609 0.020022071264191765 -0.09645654467533532 0.05009893832387072 -0.020511694656399588 0.013921012716039707 -0.03813775364547874
0 4 0.08254643745084497 -0.08891366054011288 0.04836181790921525 -0.0029717494869371873 0.079837249335459 0.023965571939349097 -0.01910568225492157 -0.045563937124855 -0.05435024744146054 -0.059988697865853376
0 5 -0.03101950172936784 -0.022280248532365675 0.05673032399296054 0.0422121380124181 0.04610241721454963 -0.017807985838628575 -0.0036763626964955135 0.0364884496850906 0.06282142525384794 -0.06650985079722448
0 6 -0.06075590570467278 0.0023848030051078937 -0.007318938827687574 -0.07855420710582599 0.08912939108479943 0.02475528694575022 -0.07878583250113454 0.06140947564267303 0.09825962103518746 0.06306035225809604
0 7 0.019243740600660298 2.570441843881612E-5 -0.09456146416289737 -0.08313242860976643 0.07146929589358635 -0.02174662553373053 0.07975112308461249 -0.0817212363820968 0.0476607115237079 0.026161334872098724
0 8 0.03211261762946989 9.542227350791937E-4 -0.05664528717331412 0.0034247219988886007 -0.09879329016271432 0.05632690511644138 0.027083322211847893 -4.05122777339829E-4 0.03806661117992065 -0.06995702727883876
0 9 0.02063624409193341 -0.018850962256863862 0.07650022759943968 -0.008989453611434104 -0.05040819891630485 -0.04633681364192202 -0.08831278137014792 -0.07803012118635134 -0.007215710249347452 -0.026830875553706175
0 10 -0.06106063310838928 -0.0037808913239637076 -0.0490418645243104 0.0759458410461785 0.08563724726385746 -0.08069556666104133 0.02754297254109721 0.03334399640571085 0.09684673234636704 -0.01673201286029734
0 11 -0.009574951753656278 -0.023342887224013342 -0.09544385918639643 0.030114348774102365 0.00122284364672365 -0.06456678666519884 -0.0024348877844330183 -2.263876730664821E-4 0.09750955742099074 -0.028565106319883484
0 12 0.03217940985476292 0.06699188905492516 -0.06156920759040033 -0.0983510406641805 -0.022050484210865116 -0.009588068324580956 0.08381966801065076 0.019398387461041472 0.023237573922552983 0.004891205039125787
0 13 0.08375107868436285 -0.06547036558110152 0.03993404707980506 -0.0846593929373939 -0.09510628440804932 0.06656875081805413 0.0022724050696403277 0.06303455733894064 -0.018234408923189584 0.05735854496141933
0 14 0.0719426459391444 -0.0031025429927985897 -0.032774725789826105 0.009044426528969229 0.009045245148519596 0.026518685306853678 -0.03848984636719719 -9.909652626649088E-4 0.07395523622127008 0.04907470267107582
0 15 0.03232566749275464 -0.07507036816680258 -0.09765220457406387 0.03991124815834124 -0.035752419646682146 0.08792812637190929 -0.03171268695245557 -0.06411374302048187 -0.05815941769711336 0.0470382068641169
0 16 0.07986650433416555 0.06363169280462665 -0.01904690464981045 0.06817139620267994 -0.020902601913587327 0.07334562263525807 -0.05478585067478387 -0.043723507321243575 -0.056106729105662695 0.04903733950533177
0 17 -0.004016729915956914 0.0458773673241297 0.05283101804174795 0.0036828089871356467 6.179994242150438E-5 -0.01946937251741551 -0.010400644084914545 -0.01121824785945417 0.0981873741395886 0.037669320751036316
0 18 0.04445792707094179 0.03794309245139717 0.031033891488753466 0.003389333964459612 -0.07162602192640381 0.005491262918039417 -0.01643117608794382 -0.08022617049632741 0.0774701359630508 0.07124705968757489
0 19 -0.038430150535075695 0.027934503466031595 -0.0678641576577723 -0.03730798129481383 -0.08452096098796996 0.09820351797612398 -0.03598260818482226 0.06287404838862437 -0.05009022022561371 0.0204805848183013
0 20 -0.02592276733588571 0.06041900543263477 0.014050947046322806 -0.06905787242978491 -0.036995585584070796 0.0012687320452889114 0.049440730265459365 -0.05682323795608868 0.09280931118594932 0.043948851970907823
0 21 0.056874862671511636 -0.04604050849924767 0.09350525043222077 0.024048661404719507 0.09929656175354445 -0.09997361628188246 -0.08128167946585053 0.012997842570095322 0.07245081899878743 0.02564295858713369
0 22 -0.07418753787664785 0.061688195102192374 -0.06709422829396017 0.07408784436453708 0.0663711750547985 0.09281245033054022 -0.06602807165831906 0.07070765066302129 0.04963964496017696 0.09633809777282835
0 23 -0.07202262338237082 -0.04614574962735888 -0.08471842736495441 0.01206657953209343 -0.08111794196222694 -0.025817588258858742 0.039240702840697764 -0.05424905058780576 -0.09977877071941861 0.015091418120253585
0 24 0.01387256803404608 -0.04482860217133142 0.054252590170729066 0.08597957761182033 0.09833126057599623 0.0738083375431879 0.05568987502473619 -0.03198177459575224 -0.033422124774291684 -0.09691639044690105
0 25 -0.06546098991303896 0.005519591913435654 -0.009737833878226724 0.01687618464128362 -0.052017999159980434 -0.09950902940147831 0.09482029529970774 0.06507997299409223 -0.04237614408693192 0.057159937103940774
0 26 -0.07022572747475721 0.016578504115581004 0.04971105589007795 0.026100673519478035 -0.05173773752793696 0.027443045166066538 0.0013876838207577537 -0.07957737272892945 -0.08428653936873838 -0.07791162090090618
0 27 -0.0011647538639879967 -0.031644084307667866 0.028879918103392417 0.04091254427373358 -0.03421755558908503 -0.07294395994734569 -0.007388804606466041 0.07500007030428438 0.06353057624744538 -0.029356338805928923
0 28 0.02916043476897567 0.0544746920032611 0.07242240773296732 -0.03034204704051147 -2.483613931351735E-4 0.012200211515827062 -0.07939524931460272 -0.03389277944141361 -0.008729965123056743 0.06595699604537739
0 29 -0.08897867866237857 -0.014567611130909841 -0.0862857187652827 0.04073419711978065 0.04475834674041327 0.0672936605311919 -0.06971869002802203 0.07869248582350064 -0.019413151178897765 -0.01845388527587258
0 30 -0.08749888577077637 -0.09310866310137834 -0.003095902836726286 -0.049297300272817784 0.03287918383867819 0.0627797934577511 0.07020030231953461 -0.08572855089704785 0.05191844074815559 0.06151791297918855 0.02051837369799623
1 0 -0.024736385792493973
1 1 0.04984468221664416
1 2 -0.010482227429747495
1 3 -0.06332965195179022
1 4 0.04879859089851341
1 5 0.03744821622967702
1 6 -0.010900115594267807
1 7 -0.06923051923513461
1 8 0.03981684893369707
1 9 -0.07431156933307569
