## RankNet
## Epochs = 100
## No. of features = 30
## No. of hidden layers = 1
## Layer 1: 10 neurons
1 2 3 4 5 6 7 8 9 10 11 12 13 14 15 16 17 18 19 20 21 22 23 24 25 26 27 28 29 30
1
10
0 0 0.15977334544746175 -0.010965469970398154 -0.025065190038092468 0.1095721057068071 0.11636617305051851 -0.17812915063562765 -0.09935408171209859 -0.35348248483784406 0.23754535925094528 -0.054470654045003085
0 1 -0.17601479135098205 0.12320015216541155 -0.06392992300428825 -0.09673576940720031 -0.06683668193797801 0.20651662293181317 0.10423173974876139 0.20695822693441163 -0.18419289411144535 0.1156573740407496
0 2 0.2693088883944538 -0.16399905384366162 -0.03530346481696321 0.23334701199166683 0.19906964912450745 -0.3510591125832283 -0.3492739898109702 -0.6451188841697856 0.3081235893121029 -0.1475532725605467
0 3 0.5919537420864475 -0.4906132475275459 0.032154224660100796 0.6116795319966613 0.6455766485733309 -0.9411409926066417 -0.9022162989827628 -1.5386035446594561 0.5347019513261236 -0.45159916009109324
0 4 0.26691946382388787 -0.10223672844294852 -0.06604625703667956 0.2836856472265785 0.1498844436883828 -0.305845400030115 -0.24905536605284817 -0.6676990257899246 0.16802061526526207 -0.29137394309128767
0 5 0.1325794916799582 -0.12168390014308827 0.08413625111367685 0.1266341813388787 -0.005322858171446286 -0.10408073719237947 -0.14790319803079408 -0.18574778031719003 -0.004393306541365451 -0.015926204187665154
0 6 0.1529395838906802 -0.05726229993712084 0.059267847759116594 0.14383050982068432 0.03033098718838885 -0.15296114707129593 -0.02839890193543969 -0.26452535976820424 0.09174237596380386 -0.003615115374953854
0 7 0.1642272972576221 -0.13055968394137532 0.03658380793595035 0.22194151387315586 0.1757806853665382 -0.3405943503341393 -0.27563691164942 -0.27823537784819663 0.2449532614459141 -0.07768564790632823
0 8 0.22294322377664616 -0.15857808823272354 0.0641538439806277 0.15923889040181485 0.22086627926991925 -0.2788307675558145 -0.14268777829655369 -0.3023674709484612 0.17287471932343237 -0.12839834055873361
0 9 0.10531374440997643 -0.16111658854311092 -0.059756139310525105 0.07214971211208868 0.03775220685119064 -0.15721689480138362 -0.15823052655320888 -0.31502358233699745 0.1434217209819388 -0.07964289705079837
0 10 0.13110171662289505 -0.1729760643737772 -0.06271802951411141 0.2045129941955703 0.15273495337049503 -0.2724569675562423 -0.0965428283811257 -0.3589224330230119 0.17822489933526503 -0.16603989089135218
0 11 -0.003323680535721765 -0.15314725459296513 0.08962429298054748 0.09981916515902783 0.020583277957888536 -0.17338686035612216 -0.11673036549434375 -0.3129116323768177 0.16141737301810602 -0.1342299597703627
0 12 0.02236818469911894 0.00106994676099126 0.0491007644763868 -0.08060245276852424 0.023834675084639365 6.770843735757747E-4 -0.11716242010257742 -0.09593302142911549 0.10647772652167084 -0.05870447598130409
0 13 0.1583609001123519 -0.06150261471623812 0.09379189895436488 0.14315806436591172 0.06750339430521621 -0.21370541200112547 -0.11229496453526244 -0.4053668074723877 0.12217440177323664 -0.07437031508761507
0 14 -0.5900685016531034 0.3248160837298906 0.0019040370008414581 -0.5934858949824634 -0.4895958695671772 0.8401888887542676 0.6512992369999312 1.2150306468423255 -0.5421602134006928 0.38185272261274256
0 15 -0.15790538300648235 0.03570198956634569 -0.10552159590259465 -0.18517767227255028 -0.08981610381504214 0.28522996336709033 0.18963459555164056 0.3830755968425585 -0.20705747623507845 0.14421094121720562
0 16 0.10618009614335858 0.07487958321678193 0.03908809024589326 -0.026885128320048125 -0.03598225557798298 0.01773294707159967 -0.002143825516848857 0.010238757366242274 0.011705505895779551 -0.007188289191763785
0 17 0.0934170267383524 -0.13693058159661445 0.04902811814090654 0.17153975859199758 0.22818035551581395 -0.32488328579902415 -0.24945738147539553 -0.41713707248981347 0.15963964573690845 -0.21094867801974743
0 18 -0.027868001492705078 -0.0850773513656623 -0.0720898845815007 0.06539324278854529 -0.0026175322411184144 -0.005006755203265583 0.10574793875822391 -0.009120366481499534 -0.11044675072334412 0.08175846937817603
0 19 0.19846631756105312 -0.20598893677653485 -0.03143485156420501 0.1804626372235608 0.2242973334859944 -0.4724666916344767 -0.3811981748213342 -0.6004126885600506 0.21911567805547882 -0.26922250500642353
0 20 0.20360007181113038 -0.15043404213883774 0.047323773284498646 0.15912558919823752 0.253675792225847 -0.3040106097312703 -0.23956360745398467 -0.4698315243320776 0.2703756700792019 -0.23421882046383433
0 21 0.12033400276367623 -0.03124017770955131 -0.06504844639757791 0.13701391476687086 0.02114138308407157 -0.18967493410831893 -0.049303186173712044 -0.29731432674599356 0.07617018663238206 -0.02143227957061595
0 22 0.00640017668142645 -0.03750444035976173 0.026344444371619074 0.1379555253784164 0.05714358815315667 -0.14848296647935266 -0.18889391520365043 -0.15327803077439967 0.1283078785505084 -0.08693373262255279
0 23 -0.07891768914234205 -0.04024447347137232 -0.06284048077221617 -0.06186338081702852 -0.11821713194344477 0.18025780572086728 0.09220835007759537 0.09767405874020989 -3.1836982630008927E-4 0.011551209476894435
0 24 0.007610833168070681 0.13388452415835822 0.010823696028325074 0.00751486623258724 0.018370814074664586 0.1830800289255942 0.16907964887416796 0.03553884450787182 -0.13050510918588615 0.11187996123692151
0 25 0.0190759123443016 0.024698716334888723 -0.07947734731278217 -0.06804330873226275 0.02691064676959343 -0.20122342525011702 -0.1779486839464882 -0.34329526973830543 0.11674526973257922 -0.039939987445660824
0 26 -0.0908950940839302 0.07350916316288035 -0.0696996095225626 0.011240673167222869 -0.07418573163844065 -0.03345649953984148 0.031818836133965245 0.022820064244908234 -0.054561364744107166 0.08214171118038131
0 27 -0.1438611379303698 0.06863541421673618 0.06526824089921483 -0.024889343991942647 -0.012392808723351972 0.0022897622454875937 0.13499692301292684 0.12347180169891413 -0.08327429349555 0.09288120711704011
0 28 -0.02143782864340132 0.09657110509025287 0.031930072816109524 -0.07453689900673371 -0.014355279363723362 -0.0752994573092894 -0.021670060495962346 0.04273252134826663 -0.04072125123038221 0.06920588268814144
0 29 0.008173280214966456 -0.1344379715254757 9.244978452085471E-4 0.09772877114875131 -0.05058025831854286 -0.20850525458346067 -0.15325886487078585 -0.14760232882289184 0.1161892856952023 0.010744600712035979
0 30 -0.04493351437382933 0.006457421511391429 0.09116893336192808 -0.1262725699793224 -0.05486929837679995 0.10619379360406944 0.04040419972005967 -0.006839305521407415 -0.16573421481115622 -0.009131393013274805 -0.3458927567966581
1 0 1.0039766303852151
1 1 -0.8552086895394748
1 2 -0.05835972250301821
1 3 1.0054702861046538
1 4 0.9072488194643173
1 5 -1.7455175785173571
1 6 -1.4606204169969748
1 7 -2.4197643687406685
1 8 1.014660358210527
1 9 -0.9499979092958174
