## RankNet
## Epochs = 100
## No. of features = 30
## No. of hidden layers = 1
## Layer 1: 10 neurons
1 2 3 4 5 6 7 8 9 10 11 12 13 14 15 16 17 18 19 20 21 22 23 24 25 26 27 28 29 30
1
10
0 0 0.052631023337752714 -0.3635970128353955 -0.04899164243481131 -0.06634605436944609 -0.2759551976810918 -0.5264342167627274 0.0953038214616466 -0.035837035023778004 -0.1808597668951087 -0.47825708048724525
0 1 -0.05241769213249532 0.21446184793393278 -0.03805310855206184 -0.001635251784782254 0.15258260267561227 0.21244420646340087 -0.040891938798589156 -0.01931346891975018 0.1375251967093535 0.3209459960883463
0 2 0.19123753960399129 -0.7794487592934028 -0.21005128635280026 -0.15865417299848608 -0.6865448607280011 -0.9184938696424739 0.31531641704874086 -0.22178152522347638 -0.405377209978634 -0.8227891593531691
0 3 0.5328038718057088 -1.9929769062728466 -0.5716946815054795 -0.2011231966982709 -1.7829398641223575 -2.401994274691975 0.8197640487890581 -0.4684589098701985 -0.935321031403543 -1.960256134334633
0 4 0.11511546006988921 -0.6427393597725973 -0.1740246185427942 0.014518730135982085 -0.6532847168991992 -0.8227335822300178 0.3457271753763847 -0.15869403097173193 -0.24205313784169197 -0.7460539381974178
0 5 0.05966951226901076 -0.18572761582938607 -0.0862655225941179 -0.08243544091464285 -0.0701798365154856 -0.10432725996626144 0.03688479567595328 -0.011227397380022612 -0.004150624323038409 -0.14647697702732054
0 6 -0.05349853876469305 -0.10174809625846655 -0.06974812020286042 0.04613322062197884 -0.20164662422319643 -0.2886517758981563 0.0031238417444499657 -0.018832297515391366 -0.06676209222887597 -0.2667427933752432
0 7 0.06395690578603319 -0.5409907740696622 -0.12723797122390634 0.03131926840438446 -0.32818062939820203 -0.6100864515439881 0.27638461569981665 -0.1879246182777988 -0.13692309269083786 -0.5560692135695142
0 8 0.16377073412595383 -0.5770384461225927 -0.1906916568471176 -0.05130316923462874 -0.4415185726433006 -0.5724241643618947 0.10640430376330287 -0.1151558641132132 -0.2805312538121062 -0.6062576710085009
0 9 0.06910204214078633 -0.2880124721198283 -0.0975005239198264 -0.05052180727756367 -0.16207011039967617 -0.3519921717959943 0.08613670076315103 -0.11842728559527874 -0.11197361799224691 -0.2703680015384762
0 10 0.004467539221612968 -0.26717298621480196 -0.18131759676086143 -0.04083855048285461 -0.2617467880285816 -0.44870639695617326 0.06690729240897879 -0.02800018088642835 -0.14604230282203148 -0.40159144958067494
0 11 0.023461015557615403 -0.25029716632586935 -0.15441199586766294 0.008670702696150695 -0.23215325000614978 -0.3580281176784935 0.09430509279296659 -0.11550412781079027 -0.2220798822221447 -0.3893581534009785
0 12 0.03132947651404599 -0.1193303472584023 0.010482854251171323 -0.1053707049899634 -0.08985076771772342 -0.015485667430640376 0.08473051390649201 -0.10378780227712049 -0.10179959626473871 -0.13768306275279496
0 13 -0.009619231278356632 -0.3423205406855612 -0.016113340283577814 0.05519283264643658 -0.34000638412256495 -0.5011533269643789 0.130393847553941 -0.1789726276335617 -0.255539513889608 -0.3796740643410418
0 14 -0.4414231607550238 1.5066922571736234 0.43317376696932774 0.2772796883536262 1.47060299804713 1.9690508402271678 -0.7682527760178626 0.3367956433679681 0.8245699983699645 1.7471709209784299
0 15 -0.0441612252176378 0.5070504091680809 0.12287118559328605 0.12232965991475318 0.4149806121889672 0.4602743508782875 -0.341421674083709 0.05417534852227383 0.2621253523492631 0.37784740779450093
0 16 0.020932307795120644 -0.019872175001629962 0.07102748955780644 0.07801000635032265 -0.09199438993081756 0.06369590615802147 0.0248110673697043 0.07195763405687584 -0.017510431401545692 -0.024437248605486548
0 17 0.049652838786773734 -0.39385936468699706 -0.05461843286172188 0.031085757390037574 -0.40112631012151045 -0.5484741123114292 0.223831278794586 -0.19439060848222048 -0.25320500489155945 -0.5088860807587273
0 18 -0.05622583341693718 0.17349179754747748 0.004296030089640186 -0.026425236661147832 0.07058473276244429 0.12935239357809886 -0.1638801293938668 -0.06577025188534316 0.06594938901475912 0.050435391266775265
0 19 0.23767697415925687 -0.6890568211190349 -0.21038259265649856 0.003103186228690569 -0.575901666428463 -0.6743955955318391 0.26806378402123965 -0.0438813339622166 -0.3418969038697883 -0.7631759541166453
0 20 0.24781650544362968 -0.6589832669016081 -0.07462189978059233 -0.12896565118278763 -0.5530601086260724 -0.7402721745887628 0.19817940746631832 -0.19049625239487794 -0.20508169607233054 -0.7531742231429748
0 21 0.01320245616119477 -0.21955053135767216 -0.0625149460204 -0.03611760796534876 -0.19338075965878743 -0.43877011203239774 0.08363952478877339 0.016738243480972047 -0.06730489266248481 -0.36178207220996855
0 22 0.13488265202228478 -0.16800285630645417 -0.016006656041250882 -0.10496396144998123 -0.10715304508561842 -0.3044948643551938 0.008262070537251377 -0.08133249248184928 -0.2044900141953721 -0.3294423743646294
0 23 -0.003899673694149069 0.2405347911001443 0.02180744746157422 0.022030718762778997 0.2089662412044844 0.15229296289922414 -0.12363177056034116 -0.03631571192306628 0.08314078236018078 0.2343125499630886
0 24 0.03946084760684478 -0.006693195867594205 -0.048924830905965694 -0.07399504720992296 0.11276199893542439 0.12821390806229396 -0.12387828673406935 0.02473036910483673 0.08320484751391431 0.0014627955315574567
0 25 -0.04917105405089579 -0.34627224042669547 -0.09498921389362092 -0.056651375465057885 -0.24016270386150793 -0.5012462346943932 0.0454829194565761 -0.1491881113212545 -0.21731135085292802 -0.4173646259818565
0 26 0.046330120102879055 0.007537545208683785 0.029379489930701667 0.07029709093801277 0.1021279492678142 0.16435412510748196 -0.03500814915706789 0.0839458653660329 0.06477134916009376 0.03449738666344398
0 27 -0.05397521833642673 0.17837414005823324 0.06320893243003625 -0.0038653055053203896 0.034869870705818096 0.0789622385177894 -0.02465085418062663 -0.066931891156599 0.025599867772233116 0.1326972458702974
0 28 -0.07773435233624738 0.06324443153320704 0.06078413688895708 0.08604541370783242 0.04508032213420713 0.032097769131119995 0.06609039351264517 -0.001209442163768806 -0.08840417732802286 -0.05123193258318015
0 29 0.11155830273676365 -0.3259750812854431 -0.093678221635955 0.03588216681576693 -0.26897841758866986 -0.3102636898908434 0.02807477229805412 -0.11888329550478363 -0.042149184176598464 -0.3110699953605112
0 30 0.016798759322601782 -0.05289928153553855 0.04637918197721968 0.0809918243152959 -0.060737591517055496 -0.14727721425531276 -0.09809073151973619 -0.09321937514330175 0.009856913978896584 -0.18237543967476816 -0.09414747011238522
1 0 0.7729017070383295
1 1 -2.826178165854635
1 2 -0.8998912222215928
1 3 -0.4239785232584262
1 4 -2.639782473348042
1 5 -3.2853087228836553
1 6 1.3460985560538044
1 7 -0.751147104931678
1 8 -1.5622265070389323
1 9 -2.9386377425312125
