## LambdaRank
## Epochs = 100
## No. of features = 30
## No. of hidden layers = 1
## Layer 1: 10 neurons
1 2 3 4 5 6 7 8 9 10 11 12 13 14 15 16 17 18 19 20 21 22 23 24 25 26 27 28 29 30
1
10
0 0 0.012552810922821636 -0.029421982897467284 0.06475995115305862 0.027328246937604588 -0.03368174853556138 0.06982066010813305 -0.05139087747159751 0.010547884164297094 0.017998429994144267 -0.014601832803761788
0 1 -0.06565713083596333 0.07862838063469234 -0.08684208428001806 -0.047700129809930866 0.004737479043065185 -0.04740535064097948 -0.006152443864649887 -0.018519544081673937 -0.03707841698095539 -0.016098149442269827
0 2 -0.03528566632671857 0.0680079608116702 0.023734456739975564 -0.06668204297720404 -0.037275900628904596 0.03665256797198817 0.09806797243129381 -0.004967331673557105 -0.08301107577253089 0.039178605168677
0 3 0.0497327866844511 -0.07300637181006679 0.06243411000512007 -0.04094025652751631 -0.010031746792907083 0.09652286104839146 0.06273549900228045 -0.012760057894141455 0.0024095430544121684 -0.003502100544497372
0 4 -0.08595032037242638 -0.07136300464012298 -0.0053915423214563555 -0.06684897803147866 0.05500958543961444 0.037339016943361475 -0.07162874263202985 0.07680006303540059 0.0027140559677320394 0.0521729799634748
0 5 0.062382825527532694 0.04645482725251597 0.045246093985405474 -0.0028876963685488316 0.08485596621172813 0.08908794868001543 0.01776025675150144 0.09475796280242307 -0.06530455460361663 0.08360828382380968
0 6 0.08954051897502453 -0.09839958385701567 -0.051581888604694856 -0.06169517438333419 -0.0820101505055145 -0.07287282187110196 -0.014792874944512436 0.008910760677405854 0.08480701804489778 -0.03249673028235675
0 7 0.011759071386360325 0.07065369491816703 0.0020608253707297425 -0.08178732120080688 0.07755024142093758 -0.09356836980507852 -0.0639718432976739 0.09039121244605498 -0.04035891893250037 -0.013156457367789079
0 8 -0.007253410719576419 0.017777781757861447 -0.08990799991724413 -0.01906788052230364 -0.061987518903858285 -0.026128031200435577 -0.08486381024552861 -0.0910868266577674 0.08228004045561764 -0.039098842100383134
0 9 -0.05478290614709829 -7.793455975759244E-4 0.023331144099374996 0.013936127064734991 -0.03775568181518967 0.01658931340273563 -0.09848239065231991 0.0949177716594515 -0.09635064037427159 0.03312134955715023
0 10 -0.04663491662290185 -0.00749088359922312 0.07086343673847197 0.06989158133832427 -0.002058109598413668 0.03348840485963629 -0.062100738173785704 0.048649712004295555 0.08729818772151886 -0.08111860169173525
0 11 -0.0835285067999699 -0.06426103102811996 -0.0424231399442753 0.02577058103091466 0.08644842866975952 -0.009131200764662529 -0.06368259789716124 0.051268902981196116 -0.04168322551049266 -0.0985310263166765
0 12 0.04888117307665157 -0.06606977668754488 -0.055584579133729196 0.07048045701821251 0.037452665816765894 0.002766605871989303 -0.009560478479216069 -0.0017178199248593475 -0.08875424126010793 -0.03587632265656554
0 13 -0.03791140836451991 0.08986407772112695 -0.06414873514561295 0.06805548530615654 -0.001181534828316802 -3.9688228375704E-4 -0.06535171002950377 0.04212453172066499 -0.06950647435456435 -0.06698288448654573
0 14 0.03431838699647733 0.0336701574121321 -0.0034719211230014417 -0.06353391015298086 -0.03879161819746361 0.06648180686810745 0.009179950322604253 0.03748696492889181 0.05106940998402316 0.0725672063775395
0 15 -0.04803611743114563 0.004985943888273266 0.07798058915170905 -0.08670033931134352 -0.0024212854466140357 -0.060839855737742456 0.014774883655846874 0.026198816566540314 0.03344655820763353 0.0487043396106868
0 16 0.07694588333321338 0.056583989204571944 0.01877750998029575 -0.07037058806177891 0.010557597263704487 -0.08511698412201171 0.025065044381398782 -0.0867650510300358 0.0936439341355058 -0.05580939815108256
0 17 -0.052143512356794944 -0.078067967376086 0.01932539677121777 -0.042059807522454674 -0.08439976309110099 -0.08529140387438104 -0.09461314019419355 0.04584938597669362 -0.09833250719138538 -0.051639853886831726
0 18 -0.09799612577313621 0.016176217112573346 -0.00478163812418197 0.01832393025643316 0.013489876015073734 0.0934967919981328 -0.049462271633106604 0.006425454072438679 -0.09960411552593815 -0.07226037440824662
0 19 0.055569709560472864 -0.03465666465057394 0.056713829338157135 0.04818348655458793 0.06952847499473543 0.07987670563004168 0.029183736748261576 0.08412110941027053 0.06145554470665993 -0.08801610248237204
0 20 0.014558460699773866 -0.08445265356705957 0.04073123647236378 0.08082274609692783 -0.05582136250802462 -0.015265948863111639 0.0693325741115112 0.0851087766738671 -0.06077184517973837 0.0459947067166337
0 21 0.09485077004369598 0.03165109667952698 -0.026784851998104965 0.016430151601731675 -0.07920712288058473 -0.03221141887403799 -0.04889338729248375 -0.05240984208226415 -0.06930213256907153 -0.04545817977716558
0 22 -0.0544430697978588 -0.0633434365431798 -0.041377821433324816 -0.08497579461538277 -0.03861368920546302 -0.05520211210978866 0.05216062152572756 -0.006045568014226921 -0.07156275939149856 -0.08370613992109081
0 23 0.04674840509557738 0.0317142586409511 0.010249161990562678 -0.05421918497670107 0.005741228869348014 0.04323866626459403 0.07578211007378104 0.047176703760272026 0.06223716388042175 -0.0651688154959345
0 24 0.05060457509952838 0.010896374965037564 -0.08309212601887138 0.021142157191319913 0.008911327894354726 -0.017217608249158835 0.08824289497689834 -0.0228739365747068 0.01840086294654722 -0.0196527190016242
0 25 0.0768797153944997 -0.08185546330740039 0.04181639399995943 0.08863880740490859 -0.04011248816584509 -0.0011886331359095169 -0.02249049091890734 -0.02376542442457394 -0.065307340947913 0.012449497029616808
0 26 0.06038653237225862 -0.059484625370573085 -0.08056690348242601 0.07304313536091331 0.07100244256939137 0.08687637087160707 0.04384338713327128 -0.027111439852400866 -0.07386972407078371 0.011646390802267034
0 27 -0.055041514411068325 0.06456165571918523 -0.0747768776792241 -0.057039310939546596 0.05848037628514887 -0.08324096432790011 0.09031704958198396 0.09811395360186913 -0.00688844969981502 -0.07051172421675853
0 28 0.01304161548614502 -0.08364833146333694 -0.07850680500268936 0.07273552566766739 -0.030795002356171608 -0.06160025671124458 -0.07439537346363068 0.013781547546386719 -0.09478332847356796 -0.07457097619771957
0 29 -0.07435877339182394 0.05701188291126106 0.07753046605443822 -0.03280620000494517 0.09657776795683333 -0.07889448711065565 0.07385718015537135 0.004184765531085464 0.08930205640038638 -0.037723978093434175
0 30 -0.0014687646293805741 0.005984248569079833 0.021807619468583773 -0.03187462445967292 0.04553653189665522 0.040254177115375316 0.029043400066722742 0.0026681443176227275 0.05475365986948991 -0.060043472347245046 -0.05097194761037861
1 0 -0.0766802281141267
1 1 0.0825067833065984
1 2 0.07969577610492735
1 3 0.07463874667882917
1 4 -0.0011412322055548547
1 5 -0.00904739461839209
1 6 -0.020198207348585292
1 7 -0.08152874559164157
1 8 -0.04198601096868498
1 9 0.025719732046127125
