## RankNet
## Epochs = 100
## No. of features = 30
## No. of hidden layers = 1
## Layer 1: 10 neurons
1 2 3 4 5 6 7 8 9 10 11 12 13 14 15 16 17 18 19 20 21 22 23 24 25 26 27 28 29 30
1
10
0 0 0.42055286776827366 -0.38127564964538474 -0.2565553115825264 0.18785227385793649 0.18612403003764816 0.006762011442121496 0.17196941337760585 -0.3791964435626434 0.2721080279544512 -0.13297011933079084
0 1 -0.3240565935819828 0.30759263976657397 0.14420233942789087 -0.11370327679113915 -0.05485793909951107 -0.024181253514651918 -0.15978838541480872 0.25620280073502205 -0.145995223401357 0.1773847504785065
0 2 0.5494827172793774 -0.6596304779430062 -0.3851953454748383 0.15493935620371718 0.08791018549615737 0.2071663763341312 0.2424012722277788 -0.5208067246722745 0.37879602633569814 -0.36414089747106854
0 3 1.331230960583684 -1.4947820352262648 -0.9592214509649438 0.3277772116959952 0.46308784473046793 0.27458019744284895 0.3243727166046973 -1.3369426302100536 0.5945692603067779 -0.5948320462793849
0 4 0.45696184969255377 -0.5506389254964777 -0.2991650818960879 0.05824287476256028 0.13044660998708005 0.07875820318952156 0.056937066786155635 -0.5328084472051021 0.35326089543196987 -0.2625798772238228
0 5 0.012712900118041076 -0.12093805256669458 0.03168918274540564 0.055437210244166944 0.11002223053936144 0.07278058426966248 -0.06813559634279849 -0.11776075575289446 0.1094702676123841 -0.139240601863635
0 6 0.2510416964040984 -0.2454150708526285 -0.15886963620130953 0.07147309932661619 0.08073207884298024 0.09365610194206403 0.039474811452067105 -0.056303220790163234 0.05490684183374341 -0.0903252284351257
0 7 0.39885531096010085 -0.41229939550296063 -0.2145065508430824 0.14887964339400686 0.03223378147836781 0.1167004119687024 0.1387548257494979 -0.31226061970027097 0.2339271257172672 -0.22425814486450152
0 8 0.4334045261101955 -0.5487870999575521 -0.3465866416801425 0.09320498155649547 0.1207522372764708 0.07495150862125632 0.19979686788918957 -0.431076289276883 0.14431391533395 -0.16026801478480907
0 9 0.25299718983491915 -0.173350190602537 -0.24971171394773808 0.0695742060674136 -0.016108314999078038 0.067149910975656 0.12249701369781545 -0.14829805571831406 0.031617039323598974 -0.12702731602175726
0 10 0.24653307133108748 -0.2673921059682963 -0.2139826921223885 0.02039441711932731 0.001229790525111925 0.09709742652072469 0.17002352427802284 -0.3481940150023954 0.14607309879739103 -0.06440953092602952
0 11 0.10312763380072903 -0.276691677917046 -0.1350423061140335 0.11105516376902143 -0.04288649694973974 0.03586328496052357 -0.0322716456967411 -0.14322894564639407 0.12077901399631615 -0.025869200500864033
0 12 0.07303047920092565 -0.09162057311446335 -0.0966957644398374 -0.008357437876577443 -0.033263681205763965 0.03399463892414824 0.05205012695367573 -0.001347124827058049 0.09229732362348993 0.07362142428572048
0 13 0.3081346148778531 -0.3434368967897258 -0.15723244936494335 0.1367138508512214 0.018755489534435395 0.012120739486623172 0.09987948286155966 -0.3261530408685722 0.23801398338455465 -0.19010365024603784
0 14 -1.506566310499061 1.3663704348834484 0.9651261517771802 -0.3806156210630881 -0.45279522168321595 -0.26460970672120543 -0.41512114468212336 1.132824918038064 -0.7934789066231985 0.6887147336408844
0 15 -0.5295582747094096 0.3903945971530239 0.2811612486648393 -0.17456796715757933 -0.06956050823369267 -0.06215671903655478 -0.15548176610411374 0.3668565331518453 -0.25385429693716477 0.08667786288972995
0 16 4.584728310610862E-4 -0.05288976585897812 -0.043890299150452054 -0.05735377132061341 0.0026374018884590387 -0.07438102005685983 -0.01791025904232299 0.11478012647879893 0.05611941880519952 -0.07421764937318427
0 17 0.39996261114615894 -0.4424932878331659 -0.25067155025991394 0.162560873072116 0.12777822011412412 -0.025843001702168168 0.08137625276643148 -0.27154918379407045 0.24956101413701978 -0.1057887535461564
0 18 -0.16215905718432203 0.1823626752141604 -0.018856087054311906 -0.09411009360153848 -0.1012792295817322 0.024369186644596696 -0.12612764754479672 0.028049197449745423 -0.0719052096867996 -0.031479373095876104
0 19 0.49498766610742123 -0.5265809213374447 -0.33129019326674497 0.18771531196232216 0.1497991803442984 0.1787622216778231 0.05955803615912912 -0.42899380117021074 0.3285721943748703 -0.3517715835246613
0 20 0.5421204657252723 -0.6305111624793134 -0.4557914010997188 0.0390507738697228 0.23931372493057892 0.13979136724854646 0.04333332180816596 -0.45351546985316277 0.3084923888036428 -0.29608685271964447
0 21 0.22972846610604375 -0.24556927080529165 -0.15790057695485832 0.03582882755046591 0.10201056522718026 0.016228377903885233 0.11139407760815433 -0.2984357019437705 0.1485578996538421 -0.1392027263680447
0 22 0.14359241956428118 -0.3081924348466243 -0.11988998892701092 0.008190375453194995 -0.0014632318697465438 0.07306017623778786 0.1038903173430093 -0.20551408888846526 0.0911041972781811 -0.1277932204311464
0 23 -0.2620470134584467 0.12967325628597148 0.045844251469130605 -0.12547336735281545 -0.05138583909992832 -0.02519673097023743 0.02132176646262849 0.22660267416226795 -0.00837286592694767 0.0895227118778021
0 24 -0.09972597338508826 0.06782610387833579 0.1251987206104833 -0.059353743836730664 -0.11674036364636704 -0.04588944336412508 -0.028056101899471365 -0.05019836145490185 -0.10853984972121984 0.04617350113412405
0 25 -0.20411602673359425 -0.15583588443081353 -0.09534061947452926 0.049697851117283864 -0.03960068741509865 -0.018928963477548744 0.025964377260997637 -0.2250145532466278 -0.014192558066948094 -0.030682035446129238
0 26 -0.2179460355266475 0.12158789409426914 0.1108481853792682 -0.06352014153205451 0.06268988861365862 -0.011359690178594527 -0.11025343769780557 0.12208165262923838 -0.07193851178377232 0.050977757079445435
0 27 -0.23167425273877912 0.21226616479719423 0.09049099445208954 -0.10518972380293676 0.0465780259814921 0.017488483050109017 0.0483470905121735 0.19790965766474497 -0.029796114099146686 -0.008053953974949162
0 28 0.0019465761597913082 0.02522304237786437 -0.030039691052648462 -0.09311577266923113 0.059823108387927294 -0.041951353022669995 0.014855865161487715 0.015254309019801758 -0.0066857877096371705 0.051550703211113796
0 29 -0.15725527929767216 -0.2635703852822048 -0.14141566154010995 0.06434312456739537 0.07711203416635083 -0.08839403296329103 -0.057505242924624556 -0.1138130790662938 0.001299841250124534 -0.1476360034825895
0 30 -0.3399458300507327 0.14705415016809698 0.04229117107323821 -0.05321785452380949 -0.041617565175513585 -0.05727071898223128 -0.011818139642602978 0.166225336173823 -0.24323075053737161 0.06415666581863372 -0.4678439215201362
1 0 2.3532583944916894
1 1 -2.6780860799145776
1 2 -1.8563482396426558
1 3 0.5378030983902233
1 4 0.5931416557126088
1 5 0.3537878224107359
1 6 0.5440771523377967
1 7 -2.3526221148434856
1 8 1.2142805291306829
1 9 -1.3644428912128324
