## ListNet
## Epochs = 1500
## No. of features = 30
1 2 3 4 5 6 7 8 9 10 11 12 13 14 15 16 17 18 19 20 21 22 23 24 25 26 27 28 29 30
0
0 0 0.04190698163160406
0 1 -0.09829974273193544
0 2 -0.017798071638354854
0 3 -0.0697530853619799
0 4 -0.05644572393194843
0 5 -0.03298638316704349
0 6 3.450415488153356E-4
0 7 -0.02517993789786277
0 8 -0.0645371655462213
0 9 0.02138420408250981
0 10 -0.08904836613772793
0 11 0.00657615267656787
0 12 0.0530856482564461
0 13 0.011451267669064008
0 14 0.06925249870048375
0 15 0.014535881018246842
0 16 0.03331858917223741
0 17 0.06065318831923059
0 18 0.09104511987050408
0 19 -0.09825026888333087
0 20 0.035220074492367436
0 21 0.06410351498065146
0 22 -0.028885951866394047
0 23 0.08480679984175986
0 24 0.07219583023756565
0 25 -0.01659510135107861
0 26 -0.060738617693825644
0 27 -0.020661240951330075
0 28 0.06901040181595246
0 29 0.09201759656347175
0 30 -0.05599381774663925
