## LambdaRank
## Epochs = 100
## No. of features = 30
## No. of hidden layers = 1
## Layer 1: 10 neurons
1 2 3 4 5 6 7 8 9 10 11 12 13 14 15 16 17 18 19 20 21 22 23 24 25 26 27 28 29 30
1
10
0 0 -0.01872726951132724 -0.021319347544149884 0.007678979001207336 -0.030236197299179302 0.07480616529343798 0.026897725088614887 -0.02670754098654299 0.09574487813988806 -0.020480255674571096 -0.031365661406823606
0 1 -0.02693296129613862 -9.380666648641676E-4 -0.02641523307335188 0.09378897185656454 0.06849514361901923 -0.07658200804610471 -0.09354024802353758 -0.039162039885948845 0.010122416524370412 0.03674358728778734
0 2 -0.017137178490690613 0.004124765356770275 0.031097611605614032 0.04343168720341286 -0.06706664022495025 -0.043441537877788775 0.0020951687745657745 0.028259277765155324 -0.03867194839526461 0.031353008080563634
0 3 -0.08538988566099857 0.013907850127051403 0.04465488130020288 0.09535795110054851 0.06047504549368626 -0.01671388032042487 0.09147960639981709 -0.015049721826758518 -0.029875853269606956 -0.08559428024767103
0 4 0.023100082670235094 5.154086598483151E-4 -0.011725630803733404 -0.05389105150959104 -0.017037786307979898 0.04576779539564543 0.0035711458278228124 0.03169394817401175 -0.0014709519510084223 0.013174605312769112
0 5 -0.09613987067172523 -0.07814818973282996 0.08320342471077556 0.0640089263088403 -0.021781070316770408 -0.017962017574858862 0.09205923468983937 -0.09977935330792517 0.045719759458499966 0.0563720310297092
0 6 0.010315883365817227 -0.011385953683600193 -0.045086111214374565 0.06555713507382827 0.08671243082133977 0.06840769859184176 -0.07974586839365772 0.07453594396480036 -0.04395203442811728 -0.09453197182341268
0 7 0.02351371754989175 0.09787827162303818 0.04308121514194423 0.08843266317065462 0.014401133774710926 -0.0834860703557441 -0.006018171252913755 0.04819301083021066 0.08032706993454647 -0.039287319889024494
0 8 0.09197888990556616 0.04950835484000735 -0.016915572684857803 0.025346376050780182 0.08559598249588986 0.008380222699143715 -0.023815379747213244 0.06063338088956886 0.08198359552567898 -0.03350253189306768
0 9 -0.054366445788725584 -6.860624648863578E-4 0.05022352018005598 0.03321543703935125 0.0015360393401157525 0.08659732873585423 0.009782789310814246 -0.09905500354534585 0.01361581811907295 -0.05294528159149604
0 10 0.08765057018581128 0.030624455610999583 0.03841253707530557 -0.009299549358495574 -0.005491094887432777 0.09989981972927103 -0.09698372460076056 0.07729714539375823 -0.009309514002716691 0.08180725669876941
0 11 0.01989131999399366 -0.0743672223586689 0.06997779620922641 0.09013189401377644 -0.017230917775596405 0.08270217947605847 -0.07542470657234851 0.06956376630310102 -0.012949032347839616 0.0332503781472208
0 12 0.08317728773291086 -0.0857752844530576 -0.046882706899562795 0.0632552326867714 0.02425491182594966 -0.049452362425019734 -0.03677905067300819 0.07812872167601145 0.031138546271569496 -0.08473379435605241
0 13 -0.0960371500745372 0.05801777162808525 0.013635640913996497 -0.023634960675217018 0.024437685175736565 -0.003339754282153832 0.020463001647798754 -0.06718806944912163 0.023064329697303123 -0.004985219770340166
0 14 -0.007770401063717789 -0.005091523028222973 0.03844680798580102 0.059371319265606355 0.07760873560713258 -0.025909416844455795 0.003666465219097872 0.01958294725727543 0.06871774741095626 0.08274159544900889
0 15 -0.03160194637783539 -0.09378044568697125 -0.052077063163171754 -3.989173799778893E-4 0.010394621228544372 0.051003168805593545 0.033680590607095905 0.024080781300618546 0.06491076895393903 -0.09477685568010831
0 16 -0.07110567925831254 0.013082719482850806 -0.08039145996246896 -0.09947607520222324 -0.0886584472790202 0.07626149801027632 0.024873692365595137 -0.08154098588037222 -0.01455604052144681 -0.03236733135731313
0 17 0.07253509658070859 0.0963094288592719 -0.06931620996879671 0.05271202873699338 0.0024178079514127516 -0.007755463818913659 0.007404339760802362 0.010314083513593666 0.04084122597879183 -0.07915184469611608
0 18 0.04983810182239278 -0.015936687887429465 -0.023961823262077655 -0.07181318785339183 0.04966214960815595 0.0695796757122322 -0.077055088565343 -0.01683181306417349 3.125883104222819E-5 0.09306714182758166
0 19 -0.04956027260899304 0.05095693350369796 0.028793461036879856 0.03810664211868393 0.09787311108110938 -0.06261984936229453 0.021893566445656702 -0.08528056211485062 0.07538745090208145 0.0012942639235992172
0 20 -0.0874761385399287 -0.05511959979826543 0.08064712646593744 -0.04339234206366018 0.09660900676020528 -0.058437513978668476 -0.008242599343365483 -0.09223428797751956 0.040131693184116086 0.09831198877495405
0 21 0.07237677137830804 -0.012827649013351237 -2.641739108737465E-4 -0.023972880377957837 -0.09793552502461537 -0.06780702342554827 0.059968176667078654 0.003759117848511353 -0.026368272794578332 0.024528400508992118
0 22 0.07472079485163968 -0.04973597775472167 -0.04649794942840674 0.05123011375438915 -0.08223278561778959 -0.0815349572382887 -0.04054896350941141 -0.004388587021958103 0.05581532139820457 -0.058434276934100714
0 23 -0.027759295491639777 0.03737863528530059 -0.09416880179623803 0.04528739038381723 0.0025700282434296144 -0.029203793874799183 0.09843338629517984 -0.0028851313172980294 0.08777967505787206 -0.038584495489869704
0 24 0.007779227333934389 0.009632317715364502 0.06617436099970266 -0.03880326607781297 0.052375312891360735 -0.027947736509810618 -0.011438966628292217 -0.07794223345826028 0.03539956959685929 -0.026330974025309487
0 25 0.012131107555110487 0.03922263131146175 0.07420927255822003 -0.05591216983327026 -0.07136180176318657 -0.04698174835152363 0.014252257079909595 0.05896735670831987 -0.07014490592491959 0.07557736826867781
0 26 -0.0820420718485753 -0.0563926230282744 -0.0987791691427783 0.06991757807940915 -0.05123741496069278 0.020003965146719493 0.0037466270757349493 0.08013957336512627 -0.08862864128726507 0.08764625024994194
0 27 -0.038916115552352144 0.04375694229479747 0.08145832064716514 -0.01866259770936262 -0.08567234345511847 0.02655519334549385 -0.06761124319709473 0.019796436518398228 -0.08369433286129546 -0.044047433848492516
0 28 -0.0648612529039383 -0.09396608918905258 -0.014475291594862938 0.042882222682237625 0.039390258491039276 0.07699762284755707 -0.09274895489215851 0.016572320833802223 0.06298423558473587 -0.03130006045103073
0 29 0.050665915472126906 0.0665074428428019 -0.0828109856615297 -0.05960830847995251 -0.0442534232549056 -0.09607537874260086 -0.06891853779810111 -0.08663262424095468 -0.07348542643546817 0.043862186342246916
0 30 0.031940310938344756 0.027987104011103794 -0.06867529661241535 0.04152444027252374 -0.01683447428863369 0.07445187619958363 -0.021416327577042798 -0.043073000791269446 0.04888456650300131 -0.07212705852940218 0.09660637378692685
1 0 0.007144868373870792
1 1 0.03251438587904007
1 2 0.07995598018169427
1 3 -0.01949734613299371
1 4 0.08465532213449453
1 5 -0.06703989952802518
1 6 -0.08540230989456146
1 7 -0.005804395768791424
1 8 -0.04053107649087923
1 9 0.09148406237363867
