## LambdaRank
## Epochs = 100
## No. of features = 30
## No. of hidden layers = 1
## Layer 1: 10 neurons
1 2 3 4 5 6 7 8 9 10 11 12 13 14 15 16 17 18 19 20 21 22 23 24 25 26 27 28 29 30
1
10
0 0 0.07179829418417144 -0.08845512239396908 -0.03945120245731452 0.060492087717764154 0.021216045668542974 0.05998918989471317 -0.05794696609904663 -0.015680192529586856 -0.09570714001666591 0.08244275607514108
0 1 0.09598351372804803 0.09606599250601953 -0.016133955907953145 -0.06958539879745912 0.013525021941165671 -0.04662581990946954 0.07327689291590797 -0.039939666651701906 0.027750121856177257 0.08389642840455168
0 2 -0.053717985474715596 -0.09043663341945814 0.04871203283047222 0.02412172916343136 0.09476636866733618 0.06638081889096548 0.07948512093215498 0.06767761002849018 -0.020100832717832088 0.04270537273333853
0 3 -0.005373984788901618 0.034296780497584285 -0.057511915774548505 -7.374008583136393E-4 -0.016779267845603973 -0.09566567559956295 0.05545850637365031 -0.04455540327970335 -0.04596194774948366 0.04464481367588013
0 4 0.09611013833355248 -0.05151052956807653 -0.0492139215369149 -0.07365943821158094 0.04912630547565113 -0.09259468820816781 -0.0328388936906606 0.008733407442576587 -0.022639585013122635 -0.09007956362002742
0 5 0.0038682400844632296 0.060200691679071536 0.04572749907368323 -0.002210956687888189 -0.024578958804024942 0.006286883026582957 -0.06012785498637345 0.037733264452739446 0.06365079444459552 0.021568595764803505
0 6 -0.008027541726074075 -0.006630818713436666 0.06619570486047699 0.09873779143906641 -0.07746358234100209 -0.007712448330306086 0.009910456532750227 0.08914996746495168 0.007207227328065901 0.03852752394378759
0 7 -0.07524880936851336 0.005311555986426693 0.05895893717665467 -0.08859094914450764 0.03377864899851479 -0.0867612903378714 0.036263543257334385 0.04300762013545246 -0.05078482159473015 -0.029729035530333292
0 8 0.06676432663101323 0.08032446900187665 0.005696559959046975 -0.0205010731815473 -0.06724044564375448 -0.09580353159434751 -0.0570643629525298 0.09260399251179408 -0.07933987174555407 0.01929438265515284
0 9 0.0175800588035504 0.048712012967219706 0.09799031333562425 -0.025501056705103862 -0.059028305827850035 -0.04961350089424777 0.014184302761516214 0.05367538251873866 -0.037076190732502026 -0.07462714262447204
0 10 0.05917235449601041 0.06362914108978929 -0.011456803737333699 -5.168321791728481E-4 -0.06803009412769562 -0.0554539567704711 0.038363118351150485 0.029284281449969637 0.07719100667433319 0.07143920292445972
0 11 -0.02877496273853707 -0.01910717912183905 -0.032695011884582056 -0.08042818149212774 0.09894820035480567 0.03728268507572067 0.013771620301219065 -0.017206424327953034 -0.08745488651391364 -0.059169748198605154
0 12 -0.06981509215701853 0.012514327776140505 -0.07691534775167165 0.08295895506735589 0.027889683866127436 0.0028741787305216916 0.03797342962072102 -0.016515137255396134 -0.05263562719333484 0.053686414439138
0 13 -0.008078088218405485 0.019561827104307532 0.030734019778689982 -0.0638757180047515 -0.028272903937332602 0.05219852352424906 0.008088030657585205 0.04589022412700321 -0.0874859140584901 -0.08900919555555988
0 14 -0.02943791801349621 0.09095907546584055 0.06567735312289648 -0.006954201902309407 -0.017336609910474778 0.03623261699201499 -0.02474556159839495 0.04479557742421174 -0.0802518170396594 0.04783817393174645
0 15 -0.06922529085653811 0.06196860853167548 0.05801022941566776 -0.021810063228787833 0.08759492264062996 0.09563386167144308 0.09688119668287982 -0.08352143225204896 -0.08936664331418544 -0.0260411005259743
0 16 -0.09631747780173638 -0.035469239907259094 0.07321287775253194 0.012413626795754647 0.08467900734504386 -0.06309472849576714 0.0969715841816563 -0.05422563415123993 -0.06224800979942932 -0.05885625835795167
0 17 -0.0716731419587956 -0.06604168198894667 -0.09640641653882047 0.06585513245227925 -0.06861585513102908 -0.028024237736424217 -0.06606479102418207 -0.07406378820554432 0.011039265490487142 0.08875698597765447
0 18 -0.030258947068334152 -0.024566744785784005 -0.020087792414179642 0.05221218903924432 -0.039289749561172455 0.09021349502527642 0.09852743865595699 -0.0764886832364132 -0.01586187571741854 0.004695696410842351
0 19 0.06507251219396204 0.04837475248835196 0.00838600173289835 -0.006299057585797501 0.09719915066983276 0.07483909621272701 0.05893946108369999 -0.047444232856055445 9.663594081959164E-4 0.050231101111505055
0 20 0.03433937394142969 -0.09661834618316868 0.0026356624318475278 -0.016269361968307177 0.04036052900508788 -0.025413141460813096 -0.04877438707861805 -0.030826067904017825 -0.07634329012037017 0.030122824056673193
0 21 0.009046977072694015 0.0010649877222016762 0.09026238416457644 0.08471993386483945 0.09904441216834609 0.01666443892112067 0.06278896085430158 -0.06001228766656383 0.07926923080947601 0.03966061913894523
0 22 -0.08295860927947224 0.07240222621180739 -0.0407907764213892 0.06886996367520742 -0.07776499567015832 0.04490292700376039 -0.0581026594185655 0.09890132491687703 0.023331409903356304 -0.07293300633949973
0 23 -0.07536010415940464 0.036444036610617125 -0.09626904958933918 0.08789747927191727 0.09344406444644349 0.019818735175174906 0.020413102931799626 -0.002676904844372453 -0.042193435526101164 0.011703707469324426
0 24 -0.02633476674928857 0.004884509560331592 0.054666454574319304 0.09950028505613451 0.06885934838111213 0.03611523259189846 -0.008436786030131106 -0.04297666916830297 -0.04127720910969446 -0.05839620356311581
0 25 0.06269918873581987 0.05463060295408281 -0.08401685161385289 0.06266786782354232 0.09935442009240067 0.08463093152948942 -0.010260854360175447 -0.018351135783756273 0.07126239520506536 -0.009277523324204067
0 26 -0.06129234244272902 -0.0979397691028524 0.07149614277628391 0.08952107988909042 0.06038464259248663 -0.03601353134536153 -0.06370476320861694 -0.07451234103976084 -0.055514850274368865 0.09822239269390848
0 27 0.05557347120750594 -0.07391812081266413 0.02851473632749249 0.042489714625125824 0.0549077579971293 -0.01243558996247817 -0.0010128114955936997 -0.05207368804331708 -0.020997709106872237 0.01001910166192285
0 28 0.08602114762872531 -0.008101778818400907 0.0126954672169899 0.002175211943464681 -0.01809085535636172 0.04780971247670729 -0.03903154687573762 -0.026096945537272168 -0.04466885322748601 0.02395433158370339
0 29 0.03821503777937693 0.05046078261340476 0.07662070949749382 0.04073308096921157 -0.04650890239608245 0.0193786484801054 0.07683656660090774 0.09203048592544129 -0.06973537709770357 0.0143245821737726
0 30 -0.03190093385468622 0.0032139823874465265 0.06664873123806785 0.06305592505835093 -0.016809682563541657 -0.055333711801969276 0.04792565189144568 0.047706719635598596 0.0068252235542906456 -0.0036208156861309002 0.09390026330947822
1 0 -0.012442529201507428
1 1 0.06892624497413574
1 2 0.03707481175661127
1 3 0.011729562655091182
1 4 -0.00828478951007139
1 5 -0.035140000283717956
1 6 -0.09931740909814869
1 7 0.028542041778564762
1 8 0.017290169373154682
1 9 -0.09144091606140159
