## LambdaRank
## Epochs = 100
## No. of features = 30
## No. of hidden layers = 1
## Layer 1: 10 neurons
1 2 3 4 5 6 7 8 9 10 11 12 13 14 15 16 17 18 19 20 21 22 23 24 25 26 27 28 29 30
1
10
0 0 -0.0873118069433342 -0.08562418160788375 -0.033965226180540486 0.0620970582132185 0.037248621382109444 0.028702502394788214 0.08220194286801356 -0.008251184204989694 0.07347764943533017 0.07802039072039213
0 1 0.09352070204978939 -2.8518838365264125E-4 -0.004607427907075285 -0.07129132035154656 0.07813418536671271 0.08430037117443484 0.09898046183277524 0.06506779386804144 0.051870968999768244 -0.036539256281100656
0 2 0.09397983754042562 0.020079611387169377 0.06672695087833623 -0.07559367354737791 0.00978373748516758 -0.028316315184900256 -0.04080537357675533 0.061458651998112825 -0.029183494999665594 -0.06519350447439302
0 3 -0.06771920507133031 -0.001960595603580691 0.07175973018151531 -0.058835096340137547 -0.07195075023277385 0.028716295810898927 -0.020473573088473564 0.06951751546900493 -0.07757560299528138 0.0889311018762395
0 4 -0.05659880334904499 0.06403701750191211 0.07479511017026709 -0.022985504893991256 0.019210203664797403 0.0495733097963633 4.953008404316773E-4 -0.06194509126543658 0.035959065321578165 -0.0066937789737807
0 5 0.09896127531417168 -0.08511316851395154 0.0624075033457704 -0.021798902835862347 -0.0906110001611541 0.022544426440116054 -0.02882329176732541 0.07400001478249214 0.05708836038219813 -0.0747758048142252
0 6 -0.016027455369211713 0.07586637708048426 -0.04621483825950435 0.048586517625787556 -0.07365272015657462 0.0013994359426089985 0.010438696387668428 -0.07525521901892898 -0.04946847916183457 -0.061131521106812664
0 7 0.018758231883330777 -0.08637769734282993 0.019965488941869548 -0.09960791043975592 0.024367625451358125 0.07096268666961757 -0.09988445657461424 -0.09759005241350811 0.027374999412804763 -0.027191262676683935
0 8 -0.061081583606509046 0.058668046174082944 -0.045284270117562204 0.05242545986175803 -0.009460756332402832 -0.04777377856081335 0.0927693440869457 0.08577921663625378 -0.0530476591563092 -0.027964276860434952
0 9 0.07634303650815746 -0.0289710234189862 0.04376427450041668 -0.01084137574636825 0.03009561092621562 -0.023438874535992527 0.09076700023341876 -0.0959397731260157 0.05365313081930597 0.05404264216638675
0 10 -0.024491924337222214 0.025093616105077553 -0.0652897099563724 0.08321844898314848 0.03679014067026598 -0.018364903217741535 0.04998955718065975 -0.09342236470294854 0.03474124342177848 -0.09054705771273677
0 11 0.06418985673330851 -0.029853814979881977 0.02391212349068841 0.06906100513449091 -0.058076943215539904 0.09130457052231405 -0.07994897457316805 -0.047470444249854776 0.08907208823829431 0.01197335156315304
0 12 -0.07664834510412331 -0.011845787251396213 -0.030172044486533062 -0.014286973993311268 0.012996643432334856 -0.07253769463054888 -0.021843687722848597 -0.08918702231096479 0.022910170354822866 0.017353884217465552
0 13 0.07610676777165637 -0.0784536116148168 -0.056086280606519406 0.07886225970076588 0.01873052807942113 0.0916801953386989 -0.09110930356997479 0.07402326719939765 -0.04662486283225524 0.08956837221610278
0 14 0.07839146504600943 0.031112619893536277 -0.0852571034909688 0.004737239017736434 -0.013772875854925036 -0.06657921398058063 -0.05405915634546935 0.051404044756248976 -0.011962344202412406 0.012135268532160529
0 15 -0.08670827612110885 -0.09598615995159489 0.08299364650906327 0.021093512527697124 0.007180552084925055 0.022442815494412238 0.01457280000635969 0.002465703466238643 -0.032986280459869184 0.027713982195006804
0 16 0.02877796637447519 -0.04051004710923871 0.06227000522788036 0.02581478842315475 0.012299941173487539 -0.058948579526892246 -0.0026665075266853397 0.022028277339005982 0.015774381700661238 -0.07912340326663872
0 17 0.017359176344800775 0.04278845131902781 0.08064495364019122 0.0037879261118202766 -0.09529822986978197 -0.07137387116638609 -0.07910598121657397 0.03038362064618445 -0.0015310134208895705 -0.0446492812308025
0 18 0.04660379181366959 0.060527783657021494 -0.026973621248744153 -0.011894045287567682 0.04512636439802237 0.026320749794792084 0.03631589789178721 0.04325521979271792 0.02059989235978389 -0.09802349354227302
0 19 -0.008067789772469264 0.0023462779420066067 0.007629471191057337 0.0727127413534575 0.07101457035508263 0.06519428680977779 -0.09105983334466825 0.06900308729673842 -0.06791619867301561 0.07608407001917382
0 20 0.05540093309892083 0.06881767773885925 -0.01908499087251809 -0.07972056604285245 -0.04004864928124113 -0.054351917134821154 -0.015832926784408112 0.058691320035104806 -0.07167414553752537 -0.08528278039920432
0 21 0.04736080414969704 0.035485110062122675 -0.06295369057363946 0.04951910296159264 -0.0527993375698267 -0.06886387752118676 -0.051262295990501375 -0.09941552455984794 -0.09515503226765379 -0.08620396952630505
0 22 7.309906013784985E-4 -0.05441678886602638 -0.07345518631328449 0.04506410124915511 -0.006021035289371952 0.011267955733814502 -0.025214276828956377 -0.010247911571853712 -0.017582508438870006 0.05302989209904089
0 23 0.022748213315844337 -0.06562907046364208 -0.054400044012583214 -0.08964550214197113 -0.03339140640786567 0.05431275291991568 0.08254666549527376 -0.09419263465207345 0.09665911013110409 -0.05476254979860747
0 24 -0.01579023592934821 0.021674606790618795 -0.0690569338794505 0.05623528561270519 0.03792006420538473 0.00976459968467544 -0.0015128034103146656 0.09216671233397887 0.055266912044194545 0.06496384012928742
0 25 -0.043234426319068764 -0.027001750862896818 -0.06311022419448668 -0.031603993947498535 -0.011408237110628163 0.068724485743423 -0.0495541066693779 -0.02591837195532185 -0.026281917671412088 0.09706357232303263
0 26 -0.06667586167651196 0.09347586508201379 -0.08796824409660185 -0.055903188452208256 -0.06995474924419053 -0.01326616323660409 -0.06231471962932244 -0.05694323926340391 -0.065041971119904 0.02973772966313579
0 27 -0.05217373062368933 0.0814934565678482 -0.002552116643316877 0.04057470294780145 -0.051838377077595976 -0.04744259937628887 0.031074825166652567 0.006308180488566993 0.02249579484707454 0.029106245015347493
0 28 0.052120812602835576 -0.0764505102875488 0.08030617441075216 0.07919984215619524 0.020595091513582776 0.04604921701262951 0.05890893632770911 -0.004189427665722967 -0.09970112035993667 0.06643428121750324
0 29 -0.09378590138588631 -0.08695260754825385 -0.010124442919344423 -0.034446373522177415 -0.07718737754956301 0.0340319521447539 0.010020457923882077 -0.07530985952632804 0.04919622623397604 -0.048466270525371336
0 30 -0.019857360464615666 -0.07998398246237555 -0.0784384234500623 -0.017564027517327385 0.029671294577413597 -0.09072968909670238 -0.08176750200893493 0.08784881652935117 -0.03160605398486342 0.06265463053892277 0.0353332236409181
1 0 0.004090249538421664
1 1 0.016855334863066725
1 2 0.0229349974542856
1 3 -0.0943219438195216
1 4 -0.009107435122132294
1 5 0.023643707856535776
1 6 0.09066462516784606
1 7 -0.023189246654510512
1 8 0.09453505277633568
1 9 0.024269443005323337
