## LambdaRank
## Epochs = 100
## No. of features = 30
## No. of hidden layers = 1
## Layer 1: 10 neurons
1 2 3 4 5 6 7 8 9 10 11 12 13 14 15 16 17 18 19 20 21 22 23 24 25 26 27 28 29 30
1
10
0 0 -0.09571193135826364 -0.0219337233323144 -0.052242713110617504 0.00979045845693854 0.07064142620322654 -0.028180320740008005 -0.09667732489565707 -0.04543086445102348 0.09598205058751146 -0.06740991514186992
0 1 -0.05029259037193714 -0.0029280219165710784 -0.09514660824803778 -0.008225237150866824 -0.06935027615658301 -0.07039418202479236 0.09884823717746725 0.09837931879013907 0.04133910587575348 0.08635520214482395
0 2 0.06928845925118747 -0.07180730099234864 0.07295446934077783 -0.022775889470163464 0.028827486467161344 -0.08046862045780935 0.07312586313969674 -0.03712314512135568 0.06910356903512309 0.004841728487889561
0 3 2.4826779718385266E-4 -0.009781304843023616 -0.09040320314933056 0.02088325973245874 -0.05920716876050873 0.07140780134034415 0.01213201011058716 -0.07920735037609213 -0.017941676917203244 0.00610357163838978
0 4 0.09452862036412736 0.05434652666414343 -0.0666960131415242 -0.08023149867092605 0.03876501781515446 -0.08631723469496122 -0.050323086314727594 0.012928453679133317 0.061073126085405084 -0.015649258375829006
0 5 0.09519159351812494 -0.04923343261069299 0.09285216205395538 0.058015914872943754 -0.0906482560427929 -0.04070734408702939 0.023987260501443886 -0.03184726035423731 -5.158786899403294E-4 -0.07222388483363297
0 6 -0.08846763113999077 -0.0673607707336182 -0.06026491851802234 0.08871159228032004 -0.0904451545426019 -0.08557430304343429 0.051603885549130445 0.09794705959065614 0.08125251686511996 -0.024926591861969095
0 7 0.06436474499340691 -0.021753732542683053 0.03149586074680359 0.03296755714735284 -0.024794820317080732 -0.06633140396771693 -0.07947355763496794 0.018883562095681258 0.009048583544198602 0.06562478048397635
0 8 -0.0070035821547878045 0.07792899702537084 -0.0712555190808366 0.02638873667867307 -0.06280101084599776 -0.05778322707016138 -0.08207849682002795 0.0731982863476813 -0.049291465928771545 -0.035852607329609334
0 9 -0.014342409474993585 -0.04304352544682334 0.09559341937666455 -0.0171408389309861 -0.01364001111859608 -0.03181005783393005 -0.060394678429185736 0.03990596373946407 0.06019222568551587 0.030020539566610983
0 10 0.05149141736095891 0.0011920101058570214 0.06388943483521732 -0.012730331883913601 -0.09824991244813394 0.07076514524154091 -0.030650074042435412 -0.07179366654527834 -0.08663578162440927 -0.06702930335892283
0 11 0.009210180895127925 -0.08530623211456877 0.05306917378556245 0.01431656165243517 -0.05120983447449378 -0.01853152390045628 0.027481162293470123 0.07405372182202256 -0.02117132916753456 0.04711061641752023
0 12 0.044246519719413346 -0.07911311165451552 0.050867248405125354 0.06740996858919371 0.061633660771724025 0.05548034350702032 0.05967260025760738 -0.03978189475246044 0.08455938336161178 -0.024975634777697812
0 13 0.06065536906853772 -0.06487311843095757 0.047469109603228886 -0.02759045827492389 -0.026294650414691874 0.05351493374023088 0.09321619485900365 -0.08768922575543577 0.014348962673208634 0.09250707510251562
0 14 -0.07994394645814551 -0.07839582470370889 0.04735547000363607 0.04092254872889568 0.05723491788507969 5.212101192175704E-4 0.08835463990207039 0.022728557016245644 0.07964481279766092 -0.006528547977921348
0 15 -0.0852312334951681 -0.09158941490597487 0.06915885321700294 -0.04584123919981898 -0.03744125030678746 -0.05475619586137743 -0.0919003401370956 -0.09780460768813767 -0.0937193723025139 0.03902307162830342
0 16 -0.09235891474292741 -0.0890889045577095 -0.008836825688471479 0.06761881295498495 0.012485508320300286 -0.06276788986332545 -0.0684639280169267 2.0859379509825443E-4 -0.03131371990375499 0.0783250947405037
0 17 0.0450819689169857 -0.051855719704738505 -0.0780525639661145 0.07347607972126541 0.05954293165101152 0.0711781922826116 -0.008661815265333087 -0.0112745074021112 -0.006062300850718466 -0.006078509867269478
0 18 -0.08668026757134391 -0.06934434670960095 -0.04363196231526722 -0.02711968625146306 0.07607445099757278 -0.002230116351944145 0.07078696070162324 0.0095886086627699 0.0370891504784445 0.023237828798603588
0 19 0.07562342258957096 0.0010060740026942596 0.011283573635212887 0.0030659277658752196 -6.697050604871592E-4 0.0072273219631697385 -0.0016696959495026426 0.08718773656551833 0.06573164222706109 -0.04099118053500188
0 20 -0.07626203729228156 -0.05820727722386027 0.07314406046777154 0.06789552908255707 0.07269955709232928 -0.05859169357886132 -0.053063623870962306 -0.06694112110821593 -0.04240084583034657 -0.09851886522964012
0 21 0.019092260322398278 0.004055247964454605 0.04566875803800413 0.034715346119311305 -0.07087961918362479 -0.07865915060127351 -0.00521489889949307 0.005966215125666373 0.021003687062145567 0.06119096614364634
0 22 0.02963292471883098 0.04928120148457802 0.024221787152837577 -0.08795044635520785 -0.043575346725773866 8.852110413346665E-4 0.056646279457327336 -0.016325654625156446 0.09932861581369355 -0.0075457609451529215
0 23 0.026224625254970255 -0.07278746843614993 0.09918737810445737 -0.03513828979648591 -0.09550698433363596 0.044894155644606346 -0.027652825265201873 -0.06276369671435515 -0.06315255851655427 0.07868902021265124
0 24 -0.07862228728489129 -0.09427932577029717 0.08149067269921086 0.0432605566468742 0.0636887716003741 0.0017486532467597326 0.08417861884569182 0.015214703904469055 -0.004561402512010366 0.03949064448160823
0 25 0.05995768646873515 0.017794086637413005 -0.0453573966106754 -0.032131286342296936 -0.03669195106160903 0.02190913264576333 0.0685793677159139 -0.044355116734059764 -0.032438642241727045 0.07760173441006621
0 26 0.06155521406048081 0.08822821674217966 0.09207799950601059 -0.002111570722545088 -0.0619831766381705 0.006260047966556009 0.04723844047974914 -0.09011463160141053 0.0023308617910400863 0.09993548355397575
0 27 0.034764210957120754 0.04919508832236638 0.0873694604969575 0.03815778906080129 0.058849694786652536 -0.08978997508604135 -0.06293197694790442 -0.08931938339457977 0.006835592217139239 -0.012837081967202077
0 28 0.07677095158547195 -0.06972049480861765 -0.014844393599533734 -0.04651395737163432 0.089856917969047 -0.09028816465281751 0.032302796903055576 -0.08046144877223997 0.0694448948960828 0.014041974550245823
0 29 -0.05305744918083381 -0.0338427948510863 -0.08411758830583699 0.007231851640310203 -0.06478064573923507 0.07186314780134904 -0.02554945602311934 -0.07928002709426156 0.0174296804951927 0.05612371640846665
0 30 0.05602152126880051 -0.04387804986778129 0.0494903345201689 0.03178299927926297 -0.04700299001824403 0.07696263072529594 -0.009637685416066041 0.05545861067733548 -0.022562920035600308 -0.016618735548527663 -0.08552650362253172
1 0 0.0011095463996752986
1 1 -0.05625694245099991
1 2 0.029337543994188503
1 3 -0.07090613991022165
1 4 -0.07808993011712977
1 5 0.03044464625418179
1 6 0.02563145756721491
1 7 -0.022341996431350496
1 8 0.010920053347945219
1 9 0.054872374981642165
