## ListNet
## Epochs = 1500
## No. of features = 30
1 2 3 4 5 6 7 8 9 10 11 12 13 14 15 16 17 18 19 20 21 22 23 24 25 26 27 28 29 30
0
0 0 -0.06042328435507504
0 1 -0.08630772839638637
0 2 0.00913890918362663
0 3 0.022582774223439163
0 4 -0.004806995593296815
0 5 -0.008840119645673324
0 6 -0.06039135239156065
0 7 0.06087166240839645
0 8 0.05751825395976775
0 9 0.05482951901062745
0 10 0.030578968202451654
0 11 0.045458160410507854
0 12 -0.07610140910275831
0 13 -0.04508583150397745
0 14 -0.025335779216349975
0 15 0.0887988528881175
0 16 0.03291884177286481
0 17 0.02088165070518575
0 18 0.06010743042835011
0 19 8.686347722251284E-4
0 20 -0.0569643398244274
0 21 -0.043683136781532725
0 22 -0.008049192198869367
0 23 0.09357477620950282
0 24 0.09946599832384594
0 25 0.02720990464667772
0 26 -0.04295535219398232
0 27 -0.08106762001643796
0 28 0.08008211135623507
0 29 0.08083194129327587
0 30 -0.0954168364405632
