## LambdaRank
## Epochs = 100
## No. of features = 30
## No. of hidden layers = 1
## Layer 1: 10 neurons
1 2 3 4 5 6 7 8 9 10 11 12 13 14 15 16 17 18 19 20 21 22 23 24 25 26 27 28 29 30
1
10
0 0 -0.06705559640674127 -0.015869680591030864 -0.06513991723984468 0.010632158968880912 0.032738047902739695 0.0068919217463510925 -0.09251359118923616 0.0054818215549396814 0.06032290929141058 -0.07508668237171982
0 1 0.055349846541553414 0.0958474939441594 -0.06370307660981991 0.022945483082703604 -0.09480174868698604 0.0756595041070591 0.09621547754694583 0.02561444630154632 -0.06327599766171291 0.08485341385784177
0 2 0.05252671467673921 0.06588303571276471 0.028577081667108737 0.07271443991452729 -0.09392491771111959 0.09844417576371656 -0.00786532926077423 0.0046040407867645695 -0.03318354642227822 -0.023539044144473588
0 3 -2.3096606305438751E-4 -0.06793101799106047 -0.04611831050203916 0.08409938404788936 0.03972730062717858 0.09907896772803206 0.004679914099329758 -0.031068284299355556 -0.08702828541502824 0.08424247233283595
0 4 0.09145441482071628 -0.039174728024717366 -0.0676150052948614 -0.02085299076195998 0.008353060035503714 -0.04725499535519022 -0.08244163454017145 0.038249870594621 0.0991493184941137 -0.011760322696260485
0 5 0.03954579259123601 0.008838816199406614 0.0701072754817071 -0.0615377951828723 -0.013366216985676643 -0.04869123356892489 0.05233025664067829 -0.013056304835360239 0.08246127255245372 -0.04350986234666884
0 6 0.03892071055405204 0.09466374230296586 0.08664737544276946 0.07235387254990473 0.008367757453046949 -0.08307702916313713 0.028793711311080786 0.016292320679304317 -0.08286490323080778 0.0206519999417217
0 7 0.0561583466530599 -0.07128621077172578 0.07225515473659519 -0.024455160851194174 -0.07897396270570238 -0.0681955792808506 0.02147959994231917 0.03711760290392433 -0.024981867868966258 0.019123430142317835
0 8 -0.01777627568450826 -0.0013772439546850784 0.07787241390088845 0.07642771553073567 0.005992989633102302 0.050616353896213724 -0.023479947059031742 0.09102157923214231 0.03455347165959862 -0.03068628014686327
0 9 0.009189635652546674 -0.09306192180553172 -0.07915051699447882 0.05768636445282217 -0.02488277260712387 -0.01195922484591036 0.09034640659738954 0.01011007934679994 0.030845253684015327 0.06930964332260671
0 10 0.07323888905379976 0.04126816754662571 0.08967090666063059 -0.04392583152133314 0.034953144522990656 -0.06133059127341647 0.007199798515125775 -0.016171123120567024 0.02954792878818451 -0.009492109492266344
0 11 0.053603724644434976 -0.04054449331255023 -0.0881372487831501 -0.08378111054879146 -0.011927717933447523 -0.08548663276705339 0.047671785806802446 0.045391202151182815 -0.0978205588961548 -0.005051556540124512
0 12 -0.08260653911990044 -0.04495969238278621 -0.006412129281793089 0.07305269481266652 0.09688261283161884 0.049085478717235495 -0.06515758300124992 0.02242334030164149 -0.059278852826090266 0.05412261091334263
0 13 0.0173885419235109 -0.07676143430539328 0.04928181378920403 0.0881907681473787 0.013576411620483595 0.05648926086166359 0.033659407105694886 -0.09596634871628278 -0.06881896509256678 0.06330207292272434
0 14 0.016130497535276043 -0.08789024825927573 -0.020770885740457323 -0.030075231264173136 -0.07994761562436901 -0.019043143749007705 0.04343628761687465 0.022071026162880696 -0.09865405203217825 -0.02511395119970215
0 15 -0.0768347744912926 -0.03270424352339104 0.004230339185375338 -0.007942846687892222 0.0756461638237249 -0.015935549047158316 -0.08102311982140396 0.014419273576723308 0.03425190758468581 -0.017934426845344503
0 16 -9.405519532260281E-4 -0.08394768756682514 0.002589400378840483 -0.05409788139590964 0.030383568064997077 0.09140204478921074 7.597096894441984E-4 0.09163979320235667 0.013634279341259279 0.00768139449983227
0 17 -0.02865364795178947 0.04505673879045486 -0.08189372372479505 0.03818341063045742 -0.09076040140313933 -4.768479263088139E-5 -0.04840851553276947 -0.08817058550435107 0.0739330079373943 0.006952128439460422
0 18 0.020473807136985434 0.002267825489821054 -0.07421927988732367 0.06541391948292292 0.0061223663816327226 0.013673251408478646 -0.01488700847084932 0.04505425281938784 0.08942395303522817 0.0051071656232503995
0 19 0.0897635270820679 -0.034089973283287875 -0.03209298827931787 -0.062274086920882335 -0.04109065086901551 0.021315979219991912 -0.08604017699288065 -0.04488491984827207 0.006772453163699059 0.03495645216864528
0 20 0.005617256380540467 0.056494528021196144 0.07899887365400957 -0.07399375505472913 0.02808387404796644 0.03050219909390845 0.0595321518999305 0.05308247995316149 -0.007463160154488112 0.07027347594309193
0 21 -0.06473131357881526 0.06816865167810009 0.09766225231923671 0.01556303552548403 -0.07859545892048088 -0.08235778063308458 -0.04802300042587762 0.004460194685708738 0.0601533162174296 0.07822143253056246
0 22 -0.09487512553480128 0.005201702458796105 -5.232517447571777E-4 -0.09954098007076373 -0.04037929378574798 -0.08433253236884705 0.04574709708783385 0.037080654671003035 -0.06377090845075792 0.05920869621095106
0 23 0.033717030487618475 -0.07288018740418037 -0.044797232944822414 -0.05062415009862617 -0.03985533595666687 -0.004663460132091533 -0.06795601984406162 -0.023083142525718987 0.09621347153497169 -0.013704614502034118
0 24 -0.03193764368250279 0.04311112171525426 0.018885544628678887 0.03654116618356113 -0.029108220979863653 0.04487721400059689 -0.07535478302033176 -0.011003444024432669 0.027136385816220795 -0.003985869964269374
0 25 -0.048502363118161126 -0.05558407682826746 0.058811599129578125 0.07544637610142689 0.053870003330344494 -0.024491889548802694 -0.04399002908900782 -0.041839054543114776 0.03744991778107399 -0.060470367062721055
0 26 0.043202533945456666 0.044753826111385876 -0.012078696310866548 0.021944934392715727 -0.016842432007353667 0.04304911654062226 -0.08634164495783982 -0.025253302597488682 0.060169919388752796 -0.07245422818521302
0 27 0.011779610377238188 -0.0849211639994023 -0.0825111561003023 0.010074707437589705 -0.09035294218300234 0.06753898052607236 0.04484642205950356 -0.05486378650983191 0.09634176394162854 -0.015373328554269223
0 28 0.0830909273989966 0.07462879711822692 -0.006241044952060591 0.08969368848791093 -0.028801985969160854 -0.028555899701356847 -0.08108006352097055 -0.022006276082269356 0.08336070422920346 -0.013439304762637539
0 29 -0.011323084761210083 -0.02990890762032106 0.014727697611413956 0.01282973806561834 0.018038539008337743 -0.07189834393045375 0.02388382021229226 -0.051672493055625414 -0.002693402670472154 0.0704166714976364
0 30 0.09341184626419526 -0.0076819722825130195 -0.030652992198012572 -3.0348389128658686E-4 -0.06795633191220166 -0.048821203157937226 -0.058470767865286134 0.027955756191291953 -0.018204063317455464 -0.05296803292460817 -0.031245207414031122
1 0 0.07007420808076975
1 1 0.07263384759426161
1 2 0.04977090284228344
1 3 -0.026754284277558674
1 4 -0.05621338635683107
1 5 0.05042738839983857
1 6 -0.016834300011396283
1 7 -0.08815433084964693
1 8 -0.046271007508039516
1 9 0.06103255227208128
