## ListNet
## Epochs = 1500
## No. of features = 30
1 2 3 4 5 6 7 8 9 10 11 12 13 14 15 16 17 18 19 20 21 22 23 24 25 26 27 28 29 30
0
0 0 0.03267830566208136
0 1 0.09791846807463334
0 2 0.08661123095337563
0 3 0.03809958141177702
0 4 0.0758403524113602
0 5 -0.0467701755731268
0 6 -0.07006483685287149
0 7 -0.04454274614160891
0 8 -0.016980288521594968
0 9 -0.04007872687145429
0 10 0.042029099339317574
0 11 0.08458681881154702
0 12 -0.031409493555118274
0 13 0.06470832339843395
0 14 0.047967535339803996
0 15 0.010590304808273322
0 16 -0.007380643242601881
0 17 0.055621768694332836
0 18 0.0486950502066844
0 19 0.0073941921599870114
0 20 -0.038513907167922114
0 21 0.04135863321526274
0 22 -0.031926634575837734
0 23 0.0551993942440759
0 24 -0.0813440066940175
0 25 0.07233756395035737
0 26 0.05671769929196104
0 27 -0.002958640120584729
0 28 0.08301997615533584
0 29 0.05382779415076211
0 30 -0.04041978716850281
