## ListNet
## Epochs = 1500
## No. of features = 30
1 2 3 4 5 6 7 8 9 10 11 12 13 14 15 16 17 18 19 20 21 22 23 24 25 26 27 28 29 30
0
0 0 0.024236387469201953
0 1 -0.09108246641442815
0 2 -0.0819849726513116
0 3 0.08423742629682801
0 4 -0.09041890652201615
0 5 0.09495478748908011
0 6 0.07596873363611326
0 7 0.08030265628879234
0 8 -2.9829522915563367E-4
0 9 -0.054728664436283866
0 10 -0.0036569793345694445
0 11 -0.03865890548000027
0 12 0.002340756817849629
0 13 0.05997582170420734
0 14 -0.0453380239943663
0 15 0.06423026846753035
0 16 -0.0623937606939789
0 17 -0.02621932345256688
0 18 -0.08398777143682877
0 19 -0.06353414643910756
0 20 -0.045389381556400286
0 21 -0.09451225275194061
0 22 -0.027429115124694384
0 23 0.037120587623442114
0 24 0.022631853938706776
0 25 -0.09577643088195019
0 26 0.016762023983053948
0 27 0.0749113514067608
0 28 -0.03650360410864793
0 29 -0.07805157717792595
0 30 -0.07494927942752838
