## LambdaRank
## Epochs = 100
## No. of features = 30
## No. of hidden layers = 1
## Layer 1: 10 neurons
1 2 3 4 5 6 7 8 9 10 11 12 13 14 15 16 17 18 19 20 21 22 23 24 25 26 27 28 29 30
1
10
0 0 0.005469004294453194 -5.174536364966135E-4 -0.0012681109552609895 0.04230456539055584 -0.031215351778612177 -0.09014265940575264 -0.003933636899473369 0.04776490150290614 0.056704778447805186 -0.09394922923700744
0 1 -0.0795247562990106 -0.04016189431198807 -0.0247520221786439 0.04035096260357405 0.08069135028999837 -0.03905105625697412 0.016315656196155826 -0.03252660153740785 -0.023228350469653165 0.05208256088979737
0 2 0.07521783854331437 0.09693760699728861 0.0247352366673347 0.05127221027166547 0.06346154533536504 -0.09736034781295588 0.08493664289326269 -0.07395826996378227 -0.0193100878121574 -0.052875508545516356
0 3 0.024429955106083423 0.09769032052759158 -0.04867759025292662 0.08960479812725844 -0.05397017344363523 0.03285712320078026 0.05269364823080212 -0.08501163074351022 -0.06294022650990501 0.06751069353240062
0 4 0.08384927238792364 0.03451034518958991 -0.0014258801892870416 0.07549389800394013 -0.02707516049486154 0.08261948774171848 0.0782449394403514 -0.06900913385498886 -0.022132521468034416 0.010992826114450238
0 5 0.014105287677501731 0.037336594037747195 0.07944081087554027 0.07029412703370556 0.06928193228572332 0.06199832664745412 -0.09287926282790157 -0.0750431404400675 0.011934554571527962 0.04185653234400054
0 6 0.019704293486532794 0.054660011825699975 -0.005378766388230889 -0.09198714273111987 0.08038710648887509 -0.06886581237553982 -0.07051124751375908 0.0031452806775775595 0.029368105996511473 0.0503305076055534
0 7 -0.02300800736500618 0.06137937504745002 -0.061418537082160614 0.03351446575372071 0.09399863414119206 -0.031180292857831166 0.047701345233736404 0.0650221589274447 -0.017614511051140178 0.099534372425434
0 8 -0.040673299395104674 0.06776335783623454 0.009204980307953612 -0.06332390885051095 0.04761231842173383 -0.049014819240301176 0.06385593292357993 0.0179478480433333 -0.04874157882145506 -6.563277360753231E-4
0 9 -0.07655421514537697 -0.07098215609702098 0.02805117386007493 0.03891789857401753 0.02245592335108165 0.06182481073977128 0.09200797142814432 -0.07031428239823367 -0.03860520083972339 0.015152569360173005
0 10 -0.0750338078886595 -0.050915356440597664 0.01685498680137243 -0.09439690525102523 -0.06892495164330383 -0.026590019184940535 -0.05188915196834961 0.0498544843569372 -0.06806186995046389 -0.003521387222001988
0 11 -0.08789417516371834 -0.07530707526509416 0.09217614042121765 1.7213150906268196E-4 -0.07274677504106924 -0.09709819977737846 0.0340557044681024 -0.07496376897164805 0.059584738758133006 0.01943343644054939
0 12 0.08099886116688039 0.0059440471923433566 -0.09262333388354674 -0.042368074184526455 0.07554952063221546 -0.02517059980982464 0.07469029715509631 0.04745665833189686 0.013547855280875206 0.07206732340280017
0 13 0.04440545257639346 0.02402965878916629 0.025714680938209483 -0.037612103684000524 -0.08217235375136746 0.06425826595844937 0.05310642110137778 0.014881811295250801 -0.02387106892586026 0.01677962509812427
0 14 -0.005680646822673114 0.060986091019085975 0.08639837360462024 0.027027350628523503 -0.0880877330235292 0.09845583956649666 -0.09882228753966293 0.030652273180601836 -0.08827053048317143 0.05549490170782219
0 15 -0.08954126099187092 -0.08918784222839576 0.05013773664024567 -0.050408178967441354 -2.967535612019537E-4 -0.07695688429362317 0.09318786442547781 0.07496226683828787 0.08674781027514 -0.030555893206756952
0 16 1.7203446408530195E-4 0.0231902252195096 -0.01686175124681747 0.07312007391888684 0.06675823968694647 -0.03765646143392882 0.09658111884229319 0.011828653572337937 -0.0955856424246995 -0.02094833639499922
0 17 0.038343161963257405 0.08615931814399343 -0.022324887962237177 0.06868132674964009 0.034889051567828906 0.013439087583158338 -0.07981215955256325 0.032600468433580956 0.018568601132095006 -0.038618572239974856
0 18 -0.04436807259402948 0.016660390195401543 -0.06581584909694128 0.0451077060878675 0.05707265804294405 0.03988907225469545 -0.05375929131462597 -0.025056209300850465 0.08193520430577546 0.07603486095974944
0 19 -0.08776979382877755 -0.03832913056526757 -0.04323050289442474 -0.09288046877557227 -0.0969112338168292 -0.013807977869052404 -0.08475150993440174 -0.06997683178856387 -0.03746496074238169 0.056815613798925996
0 20 0.005638099309291185 -0.0698849736055671 -0.053784278190339554 -0.03243888659421428 -0.057524952218880286 0.0730653806439542 -0.020641832774755876 0.08776199323126319 0.033055963357577905 -0.06489926116910222
0 21 -0.031395103516110794 -0.060622580985055914 0.03582142892043703 0.08034896139984739 0.002271553993218889 -0.09888433820725864 0.098773538485744 0.070109442127183 0.03466744174564786 -0.07941627435188883
0 22 -0.00927256479828616 -0.05143764964890711 0.014699116640123366 -0.07329854116980958 -0.007144571519416352 -0.04569662109696467 0.031797062537493315 0.05088405773550492 -0.04483733319689115 -0.08553755244485282
0 23 -0.0668353942778892 -0.05841980280313096 0.03768558649735519 -0.09497665784188204 0.03427380777055476 -0.026551883956400377 -0.08669673732846692 -0.007185622157835084 0.06253992448185001 -0.09013938770058104
0 24 -0.02627761549716291 -0.08704951313043054 -0.06205771170848666 -0.008899128555292554 -0.03487238851994055 -0.06782269781419992 -0.0615715524749323 0.07866473651602802 0.04793105533590666 0.09486513249659617
0 25 0.08968549803570143 -0.014367114678285085 -0.02943423096742892 0.09328419736110266 -0.041167873506706414 0.06738744560560904 -0.09055751861326673 -0.04102388209694072 -0.09422988264508714 0.012154653339105228
0 26 0.09251243850641384 -0.0326897295641099 -0.04118597323527002 -0.0010097756505641554 0.03415404957056869 -0.06894679541937981 -0.04998353607169058 -0.037154038589314535 -0.004488339858448904 0.08732291603890112
0 27 -0.0022239767093702955 0.06421935566098982 -0.07487468063133979 0.0823040777671864 0.042265006429492616 -7.658946179840266E-4 -0.01705156132246222 -0.027170470242581676 -0.027758637311165305 0.07757579668170919
0 28 0.05853383022798473 0.01972552719942862 0.09384644034586354 0.04956036243027665 0.029564726672443323 0.02252671290309841 0.030725242514409185 -0.061454010238520526 -0.01287262087554148 0.057788196299511374
0 29 -0.02654338581264466 -0.043934868030799594 -0.08077913232284469 0.047404813514884174 0.046331799685820456 -0.004681084158330036 -0.09307035928576556 0.05977722548435424 0.002590165059171702 0.05688775294578015
0 30 -0.0035211473766629127 0.02672709566837849 0.09584985019084027 0.02024797338000328 -0.03827376735857644 -0.03856160194643806 2.8734361046494977E-4 0.07210130676491233 0.016024804955295922 -0.009688850973313245 0.025573085993528463
1 0 0.033094249665737326
1 1 -0.03461068868637151
1 2 -0.020163912326097332
1 3 0.09913679212331802
1 4 0.08006355166435261
1 5 0.01274890918284651
1 6 -0.017461597919464285
1 7 0.016209984198212818
1 8 0.05086071416735685
1 9 0.08622341603040626
