## LambdaRank
## Epochs = 100
## No. of features = 30
## No. of hidden layers = 1
## Layer 1: 10 neurons
1 2 3 4 5 6 7 8 9 10 11 12 13 14 15 16 17 18 19 20 21 22 23 24 25 26 27 28 29 30
1
10
0 0 -0.02850183328777323 0.08603913240567782 -0.0955870432032532 0.062190119650578655 -0.07941524569816603 0.010675000411229757 0.007547606543283722 -0.031409241643824005 -0.012302184227203234 -0.07271254033638412
0 1 0.08171084827311714 -0.07547113306548978 -0.05594505716526027 -0.021346939523566165 -0.012743358077309537 -0.08812267821737482 0.028719172593562093 -0.07643177160460297 -0.043905025023386904 0.05630117922515128
0 2 0.0981913395512989 -6.825935264097996E-4 -0.0010528457703761335 0.09562555734137047 0.05928549573163629 -0.09494976859952838 -0.03731179921878844 0.0812398437367946 -0.09639752634754717 -0.09721119870710698
0 3 0.033721424685748826 0.07251190451733917 0.07110439725337053 -0.02429503552376284 0.07278638233827253 0.09618998200451438 0.06900046394232229 0.09410984619703539 0.03901320179260526 -0.009353843610695
0 4 -0.046921651457642835 -0.006003804806998085 0.0034325294396586295 0.010769270290274417 -0.04441391162681418 -0.03655543781808588 -0.01747107782423506 0.00745322251518989 -0.06288701091399125 -0.029556509076316427
0 5 -0.07566860319841323 0.07166395339231019 -0.06949098441950455 0.019764453431066826 0.0064595219388128506 0.042842157535298846 -0.053296260255463045 -0.032403766806703364 0.015512699121498769 0.03894268329749607
0 6 -0.04678400218702611 -0.04299233504769798 -0.037138894920484354 0.042006527693474884 0.026968063013788405 0.06531773968109969 -0.04581789562695138 0.013984576486737068 0.027370681269823408 -0.059371123026696226
0 7 0.04212348428931349 -0.08054356150344882 -0.02458513736843983 -0.015572131770816601 -0.055150295709580625 0.09295270950662944 0.011308500969852817 0.07679758369826489 0.09700609512984244 0.04114095586354768
0 8 -0.03148907073832627 -0.005536569144717288 -0.06400842732154087 -0.04461518623370955 -0.032638980264517586 0.08989655835950791 -0.0039516283042592614 0.09219067259038387 0.0853761932184487 -0.009277295039783424
0 9 -0.05909474943460345 -0.036331725785705295 -0.030893190848230175 0.048149135210411045 0.050563658297719964 -0.07337319342437955 0.043353882892827184 0.054733048853835425 0.09132881163195873 -0.05705894931862099
0 10 -0.03606055494262477 -0.09025788431693209 -0.002235257749865722 -0.09951811870631944 -0.09780948542253906 0.004042584500156337 -0.05832874932349606 0.011171452057297067 0.018962888556369625 -0.0998368762610654
0 11 0.011176655911590476 0.019104361571392257 -0.05553140387150087 -0.029616122887194254 0.017037375478752403 0.08195110081789671 -0.08399884755170241 0.06250088355274498 0.05031899421052492 -0.08869816333403548
0 12 -0.019560099097067015 -0.028500884612268976 0.09722036939368604 0.08856115682549306 -0.0062014412477489275 0.029421852154046812 -0.0053220179142228295 0.04966729801154999 0.038194193784853475 -0.042660971483015
0 13 -0.011516072209986135 0.08533517407654498 0.039573294408755844 -0.017447456836701025 0.08285947130703733 -0.018502348455828672 0.010631626081189607 0.0777027232332781 0.08276336339103943 -0.0772129110561237
0 14 0.04863174625210732 8.465891977594503E-4 0.018401623917985648 -0.027069656287930295 0.0636803843938556 0.03765860643881103 0.03429068603338784 -0.05014643254762694 -0.04014938125045527 0.07477144843049659
0 15 -0.09169605547114701 0.07413215468132896 -0.03899404215807697 0.018388863293916976 -0.013883800053680503 0.04030453453267948 0.09700846758518536 0.0955007934599898 0.08314215523252678 -0.07444543389715445
0 16 0.05529623115330137 -0.02719442188737767 -0.04712904428966258 0.09090667825254117 -0.04114933615419241 -0.027551975020986462 -0.029276963127942507 0.01678411897309916 0.03503622559703602 -0.021199851003368114
0 17 -0.04083244374545635 0.07051529745198361 0.07755016066078839 0.05274024365948871 -0.06056008227340616 0.06720636320443701 -0.009932835893721433 -0.08210206781346958 0.08222540689412557 0.05160965251434615
0 18 0.09619502297449765 0.021259295291375106 0.029673172401273616 -0.07889785110587612 -0.044856715509677 -0.06985276276047495 0.004651285599140982 -0.07327269295437283 -0.03399158024471368 0.049859980235766585
0 19 0.06351851050640685 0.09490232686400085 -0.044516171869603126 -0.022853855217996037 0.015453523306678072 0.03681597204498387 -0.023579087473713716 0.09720699911537985 -0.09715992828666764 -0.05510975889774867
0 20 -0.03237918838843076 -0.09725525033723773 -0.006726756762387591 -0.008190862798788992 -0.08097631046671143 0.07150933563574319 -0.07285161806968435 -0.04377462602589267 -0.016296178632458698 0.06291299869818155
0 21 0.09470383669915855 0.02595868839500286 -0.00905820075367022 0.050454338680039644 0.012402788226761743 -0.03892968484666169 -0.08029091482334956 0.0985974212525967 -0.05840236449447014 -0.038730203958595354
0 22 -0.01875852003312678 -0.018586083730680783 0.09607303578893255 0.050020935247630384 -0.06693711936110758 0.054039444090043985 -0.07329963057583024 0.020828385144327968 -0.09499317085368532 -0.05215481330920823
0 23 -0.006181086567848978 -0.05508195597042047 0.03981948394581955 -0.07137187354956215 0.060693578698734756 -0.040046267050304785 -0.059253943348125705 0.006547891825704675 -0.018658199250085845 0.07376699161278383
0 24 0.04046732158324065 0.08354545431368227 -0.09848273401031041 -0.07629270416067968 0.005787024921233438 0.08636891664001241 -0.05072806629745751 0.037591931210381305 -0.0793194793928065 0.032346520538674046
0 25 -0.06405722113923867 -0.015027379663891359 -0.01339025241957271 0.0032174748134733647 -0.09791659762857269 -0.04371790141560429 0.025033454064453904 0.07349867641811204 -0.004990618152537102 -0.06419129415591023
0 26 0.05967798804262328 -0.05132105945203695 0.018626202397689185 -0.0035476929993842046 -0.08172600833680863 0.06152743203625967 -0.05826626213017284 0.0685880187937236 0.08984156794664462 0.05599826765715756
0 27 0.04941787546391005 -0.022549926841200496 0.06850191453754274 -0.031897869066949414 -0.06370116952317693 -0.020456804734216082 -0.01684798236084181 0.0751151404823277 -0.059282684762783824 -0.07256920952399071
0 28 0.04078362137079239 -0.023028921335935593 -0.042326223105192184 -0.09010319411754608 0.05500568076968193 -0.0585729256272316 -0.07602110505104065 -0.042976804077625275 0.017863357439637184 0.0057735322043299675
0 29 0.03535597220502949 -0.025415809693347384 -0.013858640922746409 -0.09590310139589725 -0.043001382920429314 0.08199388234261785 0.006136896435465061 0.012910765242717523 -0.024510265127312286 -0.09407432362236506
0 30 0.022609564994545434 -0.04776014892545783 -0.027254377662044423 -0.08400232180569524 -0.0024414987266501657 -0.06902126683339356 0.09528965780897772 0.09557304156624342 -0.07456848566913628 -0.0010093551206741373 -0.02122701331973149
1 0 0.004393601324409247
1 1 -0.007055974099785211
1 2 0.08947071433067104
1 3 -0.06452342867851407
1 4 0.03249449655413512
1 5 -0.08626909554004945
1 6 -0.07936926186084756
1 7 -0.06731420010328366
1 8 0.03443427011370655
1 9 0.05649193003773726
