## RankNet
## Epochs = 100
## No. of features = 30
## No. of hidden layers = 1
## Layer 1: 10 neurons
1 2 3 4 5 6 7 8 9 10 11 12 13 14 15 16 17 18 19 20 21 22 23 24 25 26 27 28 29 30
1
10
0 0 0.18196911883734226 -0.13818779227196712 -0.10515111490626827 0.04434456178171456 0.08643898155120888 0.12616637178624032 -0.3168339044021025 -0.022506763866871005 0.1406605791956711 -0.16117217782002663
0 1 -0.1388827296943322 0.08235357716526125 -0.04905515132308378 0.04746552727628647 -0.02952632613396459 -0.09341359243682573 0.23862577938785692 0.05761050941033577 -0.08002914045839384 0.20621120771881177
0 2 0.30181022991989176 -0.33804479106548957 -0.0792023694082623 0.038631432408795886 0.30460032599605913 0.13454668203612327 -0.6579590046691072 -0.12893372054167648 0.3768789137573315 -0.3539589410574139
0 3 0.832138797752467 -0.7181504635056507 -0.059553525629600305 -0.07630355667176549 0.6098623894704726 0.45456762895978264 -1.7336269801322417 0.010677694577535072 0.8159840536072475 -0.7966429168467236
0 4 0.38854158170378833 -0.38012116679475555 0.03323356041321677 -0.10676498267796738 0.25388599625890107 0.2581368951479006 -0.6920960464058358 -0.0024726737404930856 0.3923262688138575 -0.22236614724062423
0 5 0.1504634994030494 -0.03413491971334762 0.06290094817494805 0.06577333527628618 0.1312493161773809 0.08124082400998014 -0.03457220369443466 0.04724862980442608 0.11989137942012877 -0.046246431258466975
0 6 0.0778655885818244 0.004120490686582837 0.04301954719183116 0.03494932719098198 0.1058346789880473 -0.055962360810850834 -0.08686778329231322 0.013424084399165046 0.0845792874475178 -0.06130955162470931
0 7 0.21999738963823545 -0.23260158517984889 -0.04840659833121677 -0.048954665543206086 0.07207040069390605 0.14074887976629358 -0.36127935326220084 0.031334317548155514 0.26577886767177483 -0.2939893796257839
0 8 0.20429715398710896 -0.2447156270275455 -0.08424741661462343 -0.060149496649669176 0.11997678035545994 0.21512982438774045 -0.538014759021524 0.00849482642634657 0.19961488802073538 -0.21549114106191755
0 9 0.04839978434210149 -0.17114256513784362 0.061090964960555695 -0.08540332688906499 0.11243844679694938 0.10951004388254806 -0.28861613195893376 -0.010251733823182061 0.22907646818046903 -0.07914724821092124
0 10 0.19755947282811973 -0.1532544912595212 0.014624710561847274 -0.11237078467921219 0.13420993879612567 -0.010683643385384535 -0.24633800667975245 0.007245953859370217 0.1651778999385282 -0.1728755044626756
0 11 0.1227454473394297 -0.05443219310292814 0.02445449746789618 -0.008141467437232975 0.0915388730091703 0.003116576024938654 -0.3398831223329539 -0.08363366130781717 0.09379326883907987 -0.12669709256703898
0 12 0.07123521093696845 0.07558374132770825 -0.004574150937536062 -0.09866786063611045 0.02253873761504458 0.060530626517215254 -0.07671518909711446 -0.016368614993003596 -0.06982704103920927 0.03495861832402323
0 13 0.26388770205618317 -0.2426223137225082 -0.06150162320135146 0.06590156704161614 0.19994885957435915 0.06431889954072423 -0.29783962257402063 0.08172897994055058 0.09883028542809742 -0.19202093412769816
0 14 -0.7343874426523862 0.7954157027586173 0.0492292712120446 0.19485943552618618 -0.5988723800253632 -0.3331158607803032 1.487965593219401 0.1167160419901454 -0.9429290742105587 0.6488673229909876
0 15 -0.2462456183583514 0.09540153458887944 0.07646892405737536 0.040433715541236086 -0.277057661063171 -0.1523491389522973 0.41840400877273626 0.04558266703362755 -0.22404852959101076 0.16381578077436457
0 16 0.037497488501441946 -0.052288888981555315 -0.04327889347048488 -0.029020630862230997 0.03870540096913416 0.058380085552320514 0.02338708645852783 -0.022209224525090984 0.037365913727617314 0.03589138902175541
0 17 0.22229249013523425 -0.26532077311559216 -0.07596552070456815 0.015118349944292658 0.24482023164966257 0.12759913195736253 -0.40855626636054787 -0.09998080349746483 0.1403647846988137 -0.2842965968493989
0 18 0.005453570277915179 0.12681247912341148 -0.04259410336125752 0.04530874705559272 -0.03172003586222721 -0.12976910127965402 0.1539092541755165 -0.00417734953410885 -0.05266251165255988 0.12280376436415644
0 19 0.36094642686497797 -0.28967553467824064 0.026524667491192623 -0.10555595112503546 0.3356680012712383 0.13575736980604744 -0.7278035380171115 0.016224143244727117 0.25787814093701916 -0.28058285895611496
0 20 0.30805561794583103 -0.3154432251248816 0.052914612144891494 -0.00802986979068232 0.15099145808784803 0.09431549035107331 -0.644090427726071 0.044645577971727836 0.30513728654491756 -0.3369325177098336
0 21 0.06223897889487221 -0.17356547163813635 -0.06262425719449052 -0.03407570057804848 0.16877242770574302 0.14954171237535538 -0.24350958376248494 0.03166370957116233 0.13586748102788365 -0.12251742242992752
0 22 0.025397421729815028 -0.040924914730091494 -0.09336643621826511 -0.04377413116774578 0.06042867515239604 0.13970199148675805 -0.2200618394010457 0.072944383667854 0.10021989681193848 -0.03841303133409071
0 23 -0.02445125264792473 0.09929534544270952 -0.09244615970592325 0.08015212193326716 -0.1278489936093462 -0.0016046679437807388 0.09328818613836426 0.10053092207455837 -0.04295427171568096 0.09582621561531887
0 24 -0.14361734505618898 0.1070555285730834 0.0780286912084325 0.0935906576487074 -0.12041404592104518 0.042518315954088406 0.15948829261947906 0.10338407691643134 -0.19713860606471906 0.12956736016334544
0 25 0.010230312563185138 -0.15873004161727075 0.047136979854588264 -0.05127628436944299 -0.002664250547329538 -0.03621327540326115 -0.4235938828972285 0.03000060190918605 -0.040624175440441355 -0.19959972283145044
0 26 -0.16770507750297747 0.15172698980185945 -0.06630523009294838 0.0066106426113682545 -0.11865701318020708 -0.13398472942269588 0.07900535129376399 -0.02825457107422962 -0.14072603871384642 0.007048018937156729
0 27 -0.056690563128105435 0.04499973639465401 -0.02994486604793291 -0.08553407856211102 0.01054640104026172 -0.12790213948337667 0.16565471683579477 -0.020679740739641458 -0.004090709567351289 -0.01846822589555546
0 28 -0.016681399769994856 0.06588001211761138 0.04993292013952632 -0.0345535107256423 0.03215844812864245 -0.0021736943064282147 0.06725596375085964 -0.052479131713295504 -0.05789917391042332 -0.09957251497604339
0 29 -0.07527010291766321 -0.14885230339328964 0.008240125931038832 -0.00876465518526362 0.059654145485548 -0.0023264159012321146 -0.15180203700223022 0.07782875914461215 0.02998546072712259 -0.012603330973404329
0 30 -0.11474831978255304 0.1013025980815179 0.0595887376041707 -0.018524380448841273 -0.19234700141421424 -0.1539618646199164 0.09173013354505556 -0.06239148231911422 -0.09280988644180128 -0.01712340422763633 -0.3621808235192929
1 0 1.3301539951048793
1 1 -1.5267788592216225
1 2 -0.2433668782951795
1 3 -0.3685074692403578
1 4 1.035574247858321
1 5 0.6396558159646445
1 6 -2.7805925647630825
1 7 -0.2254596394728777
1 8 1.4158659001922655
1 9 -1.452090291701186
