## LambdaRank
## Epochs = 100
## No. of features = 30
## No. of hidden layers = 1
## Layer 1: 10 neurons
1 2 3 4 5 6 7 8 9 10 11 12 13 14 15 16 17 18 19 20 21 22 23 24 25 26 27 28 29 30
1
10
0 0 -0.0711648133845823 -0.007237436397361286 -0.08927538190963644 -0.08721708080043024 -0.01760038385458086 0.09496693105200367 0.08560964652206282 0.012121339473480725 0.01931942622218408 0.05086722998963125
0 1 0.07002041227624677 -0.017569591149696764 0.06271731087391993 -0.05427851742890194 -0.047962728036224346 0.057480263526736096 0.08451028602655139 -0.06428154379251745 0.07831997502659199 -0.001697019425699919
0 2 -0.05849203153702467 0.05886597874344198 -0.06723887233030079 0.09096394357037024 -0.04369637214132112 -0.08152149779400156 -0.0082844106549793 -0.08850918226157593 -0.006294047276045649 -0.0910250627976182
0 3 -0.007737579265038775 0.0797320576950337 0.03918709637212432 -0.08732998852134896 0.014381048822835115 -0.03621734141174413 -0.06878415037059221 0.05703466081839745 0.05946378058471042 -0.05660768543683751
0 4 -0.07800330382490102 0.030365996487407235 -0.024934840992168607 0.03644799816143727 -0.07898048653574904 -0.09524953747190701 -0.07850346025658407 0.09989928335422756 0.033913588529881494 -0.05222248901645799
0 5 -0.052983187730266786 -0.045289777357008454 -0.06123177901813379 0.014838709185800339 0.003835970096886108 0.023280319149860198 0.05763323522761925 0.09197516996101937 -0.04508571644935353 0.059208735013855825
0 6 -0.03924070809648627 -0.08632086413402215 0.05382293489998184 0.08308921247451599 0.029846440906360676 -0.05094531379117155 -0.031206282063278423 0.008880178355811558 0.024148471292755526 -0.03512191700175822
0 7 -0.026942567261454553 -0.02946199897313976 0.01545558741542494 0.03139209457150297 -0.06546752336483819 -0.0591343906418576 0.004594855388014288 -0.009382639902261427 -0.06113944457309508 -0.06008875989082832
0 8 9.993455612541935E-4 0.0848145051895994 0.072672427706362 -0.035289029050848575 -0.08396492034052555 -0.022443332971131002 0.0272174912717911 -0.054190972732619955 0.023010611041078016 -0.028619652066267143
0 9 -0.03987040557766246 -0.015791880829477262 0.035791659829156434 0.09520370630501598 -0.06019435121634296 -0.09460030220894461 -0.026684053936255985 0.024833205678985535 -0.01619196230332333 0.06433131907265367
0 10 0.07288849582221234 -0.040984200031211 0.050090441498887965 9.542404628412719E-4 0.09941860688683972 0.020899579779775856 -0.013307142614366309 0.08496561701746143 -0.050935547840777085 -0.07706384921782844
0 11 0.053641605593049105 -0.041466614970166016 -0.07943458027328061 0.09916470712061277 0.0175189021642834 -0.02696257921814813 0.05221736189219389 -0.05192249783386565 0.09480205550639591 0.08997742657048437
0 12 0.03461420763706002 -0.09070033692895532 -0.05524964883832115 -0.07543233062685 -0.0196854766529286 0.01631157580057502 0.059309232076337766 0.04323086642824769 -0.050634098136875215 -0.04256860658553377
0 13 -0.07593522277683651 5.801436815129707E-4 -0.03930707459797381 -0.08919642722062841 -0.013182091289928977 -0.02264122728775113 0.08538439837884162 0.047673435953785065 0.040991829877295244 -0.051933105051383203
0 14 -0.0873667852422318 0.08587980178607564 0.09208047654728653 0.01833623438738105 -0.07280731970054716 0.07430095239443081 0.03435427081314658 -0.021939763185895165 0.0920785658888058 -0.015403747362180998
0 15 -0.04159768896083599 0.054663683590282036 0.08460022069986763 -0.05856060615550659 -0.03261938512340621 0.015244291595824437 -0.07885465534419576 0.06238842961493618 -0.009493385377059014 0.0846944424598365
0 16 0.08242682554289796 0.04240829874850073 -0.0022114790144872206 -0.09787913535145601 0.09545105896442681 -0.011037428899667932 0.018661178076442415 -0.036620229523200806 0.02004369421844177 0.07173417075758871
0 17 -0.008044285054939213 -0.010021575337930787 -0.034665623140802196 -0.07619711700186098 -0.0673619241421856 0.07786218968997323 -0.07664630738032155 0.09002210087622621 -0.05484300662118272 0.0716009877257048
0 18 -0.0061221393161917 0.047230965475622624 -0.04175465232452302 0.06632116284717458 0.03056522056506973 -0.08630590998646862 0.09071725216531994 0.009273269953076134 -0.022602037604263905 0.06785636883021402
0 19 0.03569284812667877 -0.0031469261764718527 0.009852613715489959 0.09079642859664501 -0.05223722974209626 -0.08750787303268487 -0.09946869333199514 0.09302775767150169 -0.007792393846300525 -0.008999810420890483
0 20 0.06960053059139248 0.019202887792067257 0.023775588105034422 0.023381573683410015 0.08524099310730743 0.008359439998766868 0.028219587707959085 -0.08365366085793938 0.0882449554141692 0.010404155271462708
0 21 0.037646115899161475 0.01034303372441912 0.07366239814180718 0.0027301540715427867 0.09072611409249484 -0.029510461934349967 -0.08620434215744233 0.01669720391831105 -0.04936788365675144 -0.09060957574037862
0 22 -0.06239618454172982 -0.020253707580191387 -0.09198941159856054 -0.04056580262864604 -2.478795096132625E-4 0.030332879615770535 -0.05379674540005675 0.04493345023027078 -0.058089600651253265 -0.04060906838188823
0 23 -0.006571207047420773 0.08965941296134826 -0.0738460820783952 0.061276796077927236 0.031174322705066305 -0.0910306603021311 -0.04691250537252632 -0.06213633751944936 0.00785862744074483 -0.06855937070642606
0 24 0.04430384595170428 0.09931907278437614 -0.03743070029486474 -0.009256059602609014 -0.07639046369640506 0.08481616636824993 -0.012921906874949958 -0.060072587047214125 -0.03691120853291 0.02515495445310691
0 25 -0.07907107032886712 -0.03869503603987247 -0.019227393406649806 0.019321364112081213 0.053214120929371854 0.04797456642712742 -0.09771832641272893 0.05262156876257906 0.03559290606810005 -0.008135116957039345
0 26 -0.015420526343658298 0.0674102903856859 -0.09662634029293633 0.0961133941893018 -0.024529477467372527 -0.018866099211277583 0.020867927952805593 -2.60753843229517E-4 0.012115486105754258 -0.0530129397832614
0 27 0.07571045013285911 0.04738338795578579 -0.07784432341011506 0.05215168402509495 -0.09593612092894273 0.05920648334122536 -0.048545920497229944 -0.09594684746410996 -0.09597830891300461 -0.029311231844726768
0 28 0.08172141338746317 -0.0855927383822519 -0.07412519927248154 -0.09142890940749032 -0.05548767594580687 -0.058290966842136444 0.02821500319494675 0.06469735529723672 -0.04594067893600132 0.09730356351988964
0 29 0.08184892594080344 0.021379065578662555 -0.06492123230484524 0.008751175039267936 -0.010884608795995518 -0.022191230363661243 -0.06884621994626162 0.09163449655663142 0.06615310087110554 -0.09948215072026377
0 30 -0.04842833314009923 -0.03754598516581857 0.09850515263012194 -0.062319599825230935 -0.0522845484623907 0.0828615877863678 0.03143254762030678 0.03209885736143877 -0.09973749009034458 -0.020003935692272944 0.03471175581216841
1 0 0.05193003267049732
1 1 0.07904298603534753
1 2 -0.015057211741804884
1 3 -0.05881085246801336
1 4 -0.004217475652694693
1 5 0.057476490736008405
1 6 -0.060351639986038305
1 7 0.07524944096803779
1 8 -0.05275994539260853
1 9 -0.013551014475524327
