## ListNet
## Epochs = 1500
## No. of features = 30
1 2 3 4 5 6 7 8 9 10 11 12 13 14 15 16 17 18 19 20 21 22 23 24 25 26 27 28 29 30
0
0 0 -0.0821809322070446
0 1 -0.05984080375648465
0 2 -0.0897999099456925
0 3 0.026433920020981144
0 4 -0.02523123036965845
0 5 -0.06310052775364289
0 6 0.08247295687890935
0 7 0.08730838154052306
0 8 -0.06078318085483944
0 9 0.08675654367768167
0 10 -0.00833629765179189
0 11 0.06024276248274418
0 12 0.009176892728369182
0 13 -0.06531152760060945
0 14 0.02424390099041607
0 15 0.008151304070235937
0 16 0.013584709678489107
0 17 -0.06647179189245958
0 18 0.03238052289770373
0 19 -0.060268836694685836
0 20 0.0682842657806639
0 21 -0.07966897039194086
0 22 0.06580509055484918
0 23 0.052336928995417024
0 24 0.02011889918617299
0 25 -0.07284391961165822
0 26 -0.0018764355624250205
0 27 0.007179806194109876
0 28 -0.08139572485128992
0 29 -0.07398311890455675
0 30 -0.02655956707894802
