## RankNet
## Epochs = 100
## No. of features = 30
## No. of hidden layers = 1
## Layer 1: 10 neurons
1 2 3 4 5 6 7 8 9 10 11 12 13 14 15 16 17 18 19 20 21 22 23 24 25 26 27 28 29 30
1
10
0 0 -0.03379353910544761 -0.21233175044549693 0.2016043969566587 0.11447891723001694 -0.40006419721053754 -0.3759312502191216 0.38223125319727036 -0.0357260872871217 -0.2430040040850887 -0.03348973731952716
0 1 0.07486932638957358 0.14222895822263115 -0.13953401849876879 -0.0700996126982414 0.09305228137883842 0.32624150525704526 -0.14009258325511104 -0.060092417112691095 0.24673058337375747 0.01399576536074405
0 2 -0.15218067059884452 -0.29334869974600936 0.31034886510893794 0.14076298476749088 -0.6380062794700558 -0.7687235872217382 0.4738799268782093 -0.02151398128957231 -0.5632896876313147 -0.0923203424842475
0 3 -0.5116695878731982 -0.5598584674005168 0.6109977001057344 0.5062669414157518 -1.3171143237923486 -1.5829695447084622 1.2125905337555163 0.049590311815907805 -1.3074312646632347 0.06665750424306313
0 4 -0.11517318786472965 -0.13940584029949646 0.315165014821387 0.23083941647751058 -0.5257527498623854 -0.6860637981578717 0.5503179840840945 0.04754701413752272 -0.4331507998269023 -0.01187103845754034
0 5 -0.05036765508811358 -0.07888770082230534 0.030833543845064707 -0.06098443343855833 0.024156661529655683 -0.02137716808494253 0.08579554811051196 0.07504800568106469 -0.16334779331878987 -0.025675683194053316
0 6 -3.193273849543206E-5 0.042547406093278735 0.09948178875614161 -0.046902276857013696 -0.16525476288476218 -0.1309000682639172 0.06355559191643269 -0.013050416066838882 -0.09426174547171794 -0.04340323980505074
0 7 -0.1679473203390855 -0.09335252049688729 0.11435431435898896 0.15145513546221742 -0.2768305841674875 -0.41763428936948477 0.3372876652789689 0.08307427870791279 -0.22341383758821368 -0.06783960503476062
0 8 -0.22213813457388515 -0.16851662806718648 0.22536202946964307 0.06717244000095236 -0.41587046128154664 -0.4918488071080722 0.3443214163491296 0.005876340102759083 -0.26451393047415106 -0.10430420679151266
0 9 -0.07839938907623761 0.015173596851663028 0.09633261513752608 0.06480033457431374 -0.2483799568749994 -0.15291797153975029 0.07279361098300753 0.030664199515598244 -0.21439200621791082 -0.09988531679749406
0 10 -0.0896667766995386 -0.07556286939065893 0.18051829494169444 0.14625809423469205 -0.16192557373987349 -0.30407673987809153 0.20127468241003219 0.028904804005408548 -0.16311273728493217 -0.00706151975058371
0 11 -0.0712990586255334 -0.12564133820029386 0.1082770607975473 0.05414170487172069 -0.11073901700009924 -0.31605657528838155 0.08033811180737484 -0.03646135635975476 -0.10363822675302012 -0.03812477411298292
0 12 -0.10009266468713322 -0.11126198026770734 0.06129256974887184 0.02042212048547433 -0.012720576804607243 -0.017757192893430352 -0.02015180199397913 0.06322170313579643 0.03012007490597001 -0.08571822423392532
0 13 -0.13147741773038266 -0.0871314699826969 0.18008696379093764 0.05049808360151231 -0.32756795756286305 -0.4178225302922887 0.14032250867368412 -0.019540415544799624 -0.2673051581180661 -0.08519789812251517
0 14 0.4216366233996341 0.4028513372035408 -0.5629100015613482 -0.48316484422337314 1.1362430009556006 1.3987495849698557 -1.139101678438572 0.03958650244173006 1.1079218551469745 0.03140192455791763
0 15 0.22608599576362987 0.085026381437145 -0.1667656896165616 -0.19231500921266204 0.2934291327949152 0.4250542034797802 -0.5262510964237191 0.002628610745606169 0.38524020531098835 0.001286314921203155
0 16 0.0358660614517447 -0.05026788417495202 0.0392624619837736 -0.08294489421508194 -0.12223354575065386 -0.13520504029618036 0.014963749531175088 0.04734278721364753 -0.055044975223147545 -0.0013405145064044712
0 17 -0.19202499006506835 -0.15586087405178753 0.1658017328582719 0.1276212954631946 -0.2259561467220167 -0.28285381774329177 0.323649861339012 -0.09583838486724386 -0.31687345854231375 0.03995827339203109
0 18 -0.001677031338610769 0.13612922344054212 -0.06659851920948529 0.01509789566403847 0.2154921738278253 0.06605137624594383 -0.20886823057115347 -0.07934347557009874 0.07372469825302969 -0.037141487500660146
0 19 -0.21858572960348313 -0.16261902317880306 0.19253669336840654 0.24890942512617464 -0.4501437338891096 -0.5785934534627654 0.50058907813923 -0.09306087505156634 -0.5335624948366907 0.0022048770433422443
0 20 -0.26055712747478255 -0.19741553995577368 0.19683504132995155 0.2556932115136901 -0.4097588120869669 -0.5722401707540805 0.44130330497087406 -0.03511969358706507 -0.44200678090423207 -0.024360021659424646
0 21 -0.18368744590667901 -0.1596381850171505 0.019075048310908446 0.08482138593557319 -0.2516918491307354 -0.3041243839073975 0.18973300616871025 -0.05061306859395199 -0.2869791255728414 -0.098952450846555
0 22 -0.02603332428770301 -0.10408093483518897 0.10860524765531368 0.044161153825949345 -0.23811795042055275 -0.13904984872469314 0.08590972368150682 -0.06568210771576576 -0.1645753180513577 -0.030663532272921713
0 23 -0.04493657021871674 -0.030958335093567445 -0.041728854250277364 -0.060614684085073964 0.046702535483789144 0.21773599811627292 -0.19644372276348285 -0.011330513024981673 0.10791524942539703 0.06744841065306705
0 24 0.02303938720105565 -0.033127476084706176 -0.021068541540483512 -0.044268577996778885 0.03711012383101406 0.05704709481711249 -0.004168531604287197 -0.04742578219871906 0.05016504164010164 -0.042277470131697734
0 25 -0.07296242218359411 -0.03148287494170219 0.05276970413229084 -0.011816471940784366 -0.22068493193152808 -0.138506900672534 -0.059410203993535374 -0.051085567036959136 -0.2569451191320382 -0.029443635443656555
0 26 0.08197764464233326 -0.04944707529438987 -0.08403697518584084 -0.041153752799319716 0.13133061252894712 0.146749141451319 -0.12454629026989004 -0.07322832212372105 0.11908255331682716 -0.03624604407649814
0 27 0.052339668890335596 -0.019275219930467415 -0.15313717672345425 -0.009153711910081807 0.16294815341095012 0.09025479003055809 -0.2079088451389331 0.08311336907299358 0.07643697508097809 0.0355441478707015
0 28 0.04792191109540857 0.06531153632099988 -0.02012469270344306 -0.028458154499833792 -0.10280416064674272 0.010920299787442472 -0.09437079977038976 -0.014831017511005561 -0.038716097257976534 0.0833630404954389
0 29 -0.13580747271814694 -0.009734646291559164 0.010301984656322776 0.09580478572140709 -0.15737856700239602 -0.12597402469345892 0.009076996192336137 0.06125278111276059 -0.0895487852200392 -0.09240781430410173
0 30 -0.062117881619106766 0.04374444358819488 -0.14054665521893134 -0.14617029975147983 -0.07343844664702734 -0.1174063037653073 -0.1615090740116622 -0.03869363529171567 -0.04335281049610276 -0.0426397279270487 -0.4144899808423952
1 0 -0.9731280364962572
1 1 -0.9985623419324835
1 2 1.0412003938613903
1 3 0.8111449041029295
1 4 -2.1823010214974414
1 5 -2.6601994522365104
1 6 2.049334687397443
1 7 -0.115026844521982
1 8 -2.1642907333090218
1 9 -0.17732223960472437
