## RankNet
## Epochs = 100
## No. of features = 30
## No. of hidden layers = 1
## Layer 1: 10 neurons
1 2 3 4 5 6 7 8 9 10 11 12 13 14 15 16 17 18 19 20 21 22 23 24 25 26 27 28 29 30
1
10
0 0 0.08867415668311894 -0.26312436574883663 -0.24339572534336582 0.10453988723123106 0.0021263489360935106 -0.13612590308977232 0.2045501743069525 0.405165696736349 -0.08180289233054006 -0.25981204323524454
0 1 -0.06684279897295148 0.10179211659686513 0.22325003967551507 -0.11108708119113492 -0.06559887745622146 0.05120335838922464 -0.19406151217167314 -0.3311002675867207 0.0218360047393498 0.06195327723745562
0 2 0.028334886148431045 -0.4480160092787084 -0.3807974873930589 0.36075488092409835 -0.08278369889281695 -0.15653607681253637 0.22844928397741998 0.6289607671668201 -0.20596356492069665 -0.3581184592914901
0 3 -0.08029468459317808 -1.1015765370946342 -0.7810709253004255 0.7346035101029446 0.033921156036547814 -0.3380944768208583 0.7427961152610709 1.492974179732762 -0.5232631234307246 -0.7716956877398556
0 4 -0.0943721136525074 -0.4202100513724926 -0.24398280562772712 0.3793409242217155 0.07558092603087956 -0.017965331717700744 0.21231063916654952 0.5924063581417889 -0.16857595486275093 -0.24786791469382566
0 5 0.04616991878459425 -0.07060436269861228 -0.02305540195247622 -0.0583492100745541 0.059388623214984046 0.06866857916021303 0.11960827086014074 0.12050322984464862 -0.03352314064609833 -0.10095957257985246
0 6 -0.02976187376784255 -0.18930274419801163 -0.12601588455966317 0.13941471532425648 0.07570247084268558 -0.002466258364289669 0.09844503664164268 0.16372603855975992 -0.13774151097958237 -0.10464453805607472
0 7 -0.08523457524328373 -0.2519960812110298 -0.2348424648433579 0.27759909829331625 -0.03696031890728505 -0.08163869327771105 0.16357500255152743 0.44292231611103866 -0.1762142262467732 -0.26668939320781415
0 8 0.08244512780070616 -0.32803721448679746 -0.20502150692528803 0.2744440108432884 -0.08364312891867572 0.004156779463787314 0.24479846385037038 0.4935150821261955 -0.0374660875877939 -0.15024404134177138
0 9 -0.06340996049181341 -0.20876830780415848 -0.09094412872685499 0.08197353783163466 -0.03205957934148041 -0.05353072484409014 0.1410508510165619 0.17015445047703362 -0.06162205478748823 -0.13224677657013573
0 10 0.041754357126136316 -0.1542164628059046 -0.16923131443870185 0.17307774423105549 0.02328699243082169 -0.10887538912701897 0.1701218137001016 0.367250551919081 -0.03874977286871694 -0.19066386645658712
0 11 -0.09943021311325463 -0.05575292777159522 -0.10354581145568488 0.05411447791371482 -0.02972332345202226 -0.013449813840428648 0.005224824339545083 0.07531033149426578 -0.08056535058042077 -0.06413627058100858
0 12 -0.06273411662170003 0.03168491565713067 0.08596212175384389 -0.07561307052990872 -0.06599972534703877 -0.03280660778554817 0.018090434648150258 0.06056182581937951 -0.050858007101289716 -1.3010873076667936E-4
0 13 -0.1017241639059227 -0.2481809575711114 -0.24236527011960188 0.1596737083080704 0.015510427058642516 -0.10323353985861262 0.19028195545212723 0.24182206777021611 -0.16753123068405773 -0.11362962961201445
0 14 -0.03825874498507005 0.8481857314993025 0.7003797410885122 -0.8026593397880439 0.09368139209557594 0.22551580623510495 -0.7518662582373401 -1.490297280375873 0.4166502786051746 0.5420534065350512
0 15 0.05726629192857135 0.21338296955440936 0.11613332156497157 -0.32128740438656933 0.025152642935756364 0.011359282563083125 -0.31961765136507314 -0.5268202924190475 0.10900024099060529 0.21825944041333617
0 16 -0.07370247458419237 0.038433791992851365 -0.009413761795838941 -0.023443302539931946 -0.05674944035451905 -0.011679118667292196 -0.04474042784935141 0.07640535211024885 0.06048383652462725 -0.049974599916443506
0 17 -0.053561550614524146 -0.23389505086908502 -0.23688001847665846 0.22017448507990553 -0.10571554328073668 0.03541027208426902 0.1509791498437668 0.28092781920534204 -0.12787833497526746 -0.09364446339393909
0 18 -0.05863630871577015 -0.014663212263087621 -0.05966577628163521 -0.0573423146799548 -0.03285846876982272 0.013387078031920402 0.029834176165292416 -0.13432655260907644 -0.07919784597763506 0.06587021076021345
0 19 0.05905275487203596 -0.34576117199384176 -0.32633344131877356 0.24528030268981427 0.05941113776488212 -0.11768003503538217 0.21130025525880564 0.5804121451707689 -0.1350078663227065 -0.3223229489555596
0 20 -0.05547252661602024 -0.27958050663064493 -0.27526473415733876 0.2489031318694557 0.08499648602411601 0.005811535509512853 0.15166029818054963 0.46269767210237694 -0.2152884106553353 -0.19713196514933246
0 21 -0.04809867313392183 -0.11258832187110694 -0.19751960322606674 0.1055011859484633 0.0943853368944917 -0.07538560413044851 0.1744656931905462 0.24822606117170937 -0.10164593881492909 -0.12727484828702187
0 22 0.06657935033937219 -0.13136437337089799 -0.1153388837715915 0.1340430176288278 0.08382186125165078 0.05741509832982515 0.13789709766884398 0.21310968385045476 -0.16594093650767167 -0.08420676430637357
0 23 0.046603111209196205 0.1424141084286026 0.12264884970257395 -0.10272923068726147 0.023075872269979106 -0.07031489062074243 0.0040813058205151865 -0.2320630395381285 0.09196762941650245 0.14561310229517527
0 24 0.09338623181152685 0.03041429461346011 0.16364950495081101 -0.12718467025233554 -0.08279823550829211 0.08435194148679066 -0.16602223227342858 -0.18631939377839932 0.08810737499345976 0.09405371905949783
0 25 -0.026695379864107218 -0.21877754176775344 -0.20616902485137803 -0.010128948996499194 0.06850649401781729 -0.08614872773541331 -0.06293020144866576 -0.08573913015583313 -0.005636308595987629 -0.08827102666914968
0 26 -0.09481979486226348 0.04487163843643675 6.354336327320005E-4 -0.1108289837689349 -0.018726917954150973 -0.028339933573987754 0.014580447268822887 -0.1122692910203724 0.0739261673057949 0.006792898869927803
0 27 -0.05194037634224454 0.16238606206168252 0.14342506671446437 -0.15816416522495594 0.04684096705033333 1.217669837375946E-4 -0.1068962221702335 -0.23698269870029262 -0.046980827674252476 0.03752933540363296
0 28 0.043325701378438525 -0.06467689409413725 0.02020131141059261 0.008542932281951224 0.04780103334345737 0.017008501359225988 0.08016870488311642 0.04335842650379904 0.05616034032127172 -0.09274213085404275
0 29 -0.016781519219754362 -0.15558754388443663 -0.11818288139332771 -0.0867895817151926 0.056091900465628466 0.07547592645341511 -0.09580638438489175 -0.19669879280236632 -0.06901796996390298 0.05973878298307046
0 30 0.055289406932864486 0.08588222784311368 0.11857969755074484 -0.18129963942667604 0.005016531242262953 0.12198918363693102 -0.0733630387466186 -0.34842153925499775 0.13113829811986427 0.0206153576556257 -0.3848374471480402
1 0 -0.20074989318378156
1 1 -1.811966177632177
1 2 -1.5121030011402152
1 3 1.2965979463893522
1 4 -0.14452518468631184
1 5 -0.5987800314574067
1 6 1.1706010792254602
1 7 2.5191853698722477
1 8 -0.9865846877926991
1 9 -1.3649833476768534
