## ListNet
## Epochs = 1500
## No. of features = 30
1 2 3 4 5 6 7 8 9 10 11 12 13 14 15 16 17 18 19 20 21 22 23 24 25 26 27 28 29 30
0
0 0 -0.05424527465864126
0 1 -0.015718628270599902
0 2 -0.08580293906902527
0 3 -0.03883335624226083
0 4 0.020603805610846182
0 5 -0.027149223051965567
0 6 -0.07513048695897048
0 7 0.006276610856261969
0 8 0.026313545828764082
0 9 -0.019616512121113868
0 10 0.09602022792546004
0 11 0.055975484839660236
0 12 -0.06886483925012334
0 13 -0.07037490857279123
0 14 -0.014205738113960783
0 15 0.07297096378483449
0 16 0.08358436629471579
0 17 -0.010310680193836623
0 18 0.0415222880660417
0 19 -0.08024838179569932
0 20 -1.368029834100437E-4
0 21 -0.06400835900711294
0 22 -0.08731530114375183
0 23 0.04828234119031355
0 24 -0.0032731202262068133
0 25 -0.07172871731670472
0 26 0.08649585335755679
0 27 -0.092963615190293
0 28 -0.07233375254755393
0 29 0.03509615527899472
0 30 -0.047988127917051315
