## LambdaRank
## Epochs = 100
## No. of features = 30
## No. of hidden layers = 1
## Layer 1: 10 neurons
1 2 3 4 5 6 7 8 9 10 11 12 13 14 15 16 17 18 19 20 21 22 23 24 25 26 27 28 29 30
1
10
0 0 0.042044078342859836 0.03010670774008654 0.023613684711757312 -0.02681453305057278 -0.027087071923162072 0.03213360901472963 -0.05372879365178816 -0.08235260213832626 -0.05820111050351576 -0.004386395079526084
0 1 -0.08667711805968673 -0.09559320131343617 -0.08744656272351221 0.06810405143357902 -0.09725617591790162 0.04566946837730291 0.0800849434540146 0.07397544689125965 0.009808518890231724 -0.016938292248654643
0 2 -0.08457924709017228 0.04651399190806751 -0.09938942688532587 0.009717321553678193 0.09014442377492717 0.049361944108514126 -0.07394074445197812 -0.022741497690005174 0.017663197997530838 0.07127486004651208
0 3 -0.06242075296052415 -0.04286360629441848 -0.051990612150123836 0.014251572231038671 0.06644382035436222 0.04217107007779622 -0.05150937155736813 -0.03777256980418386 0.08089164957093559 0.08756107389378164
0 4 0.06423220226127116 0.0756063260874583 -0.05313779633146488 -0.014183489760759435 0.03884971146835864 -0.09636651633318566 -0.029455269397211704 0.09986235178454334 -0.043857553899978675 -0.021612484127476128
0 5 -0.032594341731791474 0.005401018387094791 0.09813636418451133 -0.05174414177307287 0.024851059743324622 0.01267650133703361 -0.07242586640537245 0.07439135107832927 -0.03744843131607969 -0.0012421408415960696
0 6 -0.04263973150435948 0.04654192499506518 0.08881426801655917 -0.05280320475508404 -0.06320955759594707 -0.04829237099234828 0.0719047962729226 0.06257532680332016 0.08146617549047719 -0.003472800122409046
0 7 0.06386154165168104 -0.06669542150979449 -0.03252793119222601 -0.05039077967079502 5.259968762785901E-5 0.06565998869662257 -0.03824610364236156 -0.02454502382974744 0.05896531353073054 0.0351760687340474
0 8 0.08346469192668196 -0.08441536891496831 -0.024391613614251465 0.06789207020060171 0.05818162779718423 0.07127479906684185 0.027051351810224725 -0.08211313963293378 -0.0351687211690603 0.044467058008313375
0 9 0.01902080249012012 -0.06693468849487334 0.09915707791009429 -0.07472741961431893 0.001247918141056035 0.007151394009026024 -0.05595117501962862 0.009821181285579463 0.00695678108652557 -0.04582148007248416
0 10 -0.027614495700821206 -0.049181331389461354 -0.04187800208560658 0.09758369576035501 0.08337042688596309 0.07717855365640841 0.09602511865275677 0.02160253773967464 -0.06490798022446272 -0.008290908889424076
0 11 0.07112174968467821 0.09943078673986602 -0.03951725577015012 -0.09168247338816142 0.012771813164934505 0.04011869080102353 -0.054810470522658035 0.007508983402533133 0.09727654258341485 0.05275730964886854
0 12 -0.07469623557736925 0.06297216894439858 0.09888940872095867 -0.08448886418536729 0.047930525772456115 -0.06171717007554236 -0.0557052616291977 0.021508893499077218 0.09771439407836631 0.07776892445343947
0 13 0.05950697586026908 0.0898206400070875 -0.023670333026264898 -0.011674321961848115 0.018156352689059612 0.07255988327084874 -0.07597019935222958 0.04507909671000709 -0.07795884774219287 -0.08188281227085203
0 14 0.09549018883145094 0.038412322669349894 0.04772442467164658 -0.08448975921183469 0.013556647864152319 0.0355358652097966 0.036326086296871715 0.08211747648519521 0.07016279868537748 0.04913217246796763
0 15 -0.001172066664713502 0.09086926572450368 -0.04057172740776247 0.0011400628273174245 0.00630115532904882 0.04671029319419358 0.05668549381615072 -0.08356310946622257 0.0056740598606402496 0.08820928145292127
0 16 -0.07184810470018205 -0.08672656738271867 -0.09979408599472353 0.03225707355238738 -0.045631742848992775 -0.014630687798707452 -0.06189667757120421 -0.06374474929165404 -0.018329585736398656 -0.06951083650459745
0 17 -0.09373882561106345 -0.0056169082207192115 0.004531517086625881 -0.04215487509650564 0.05039900693277048 0.022923877220057443 -0.05915072724881269 0.08789046895061396 -0.0685514355328954 -0.04041279058101977
0 18 -0.06014629239968902 -0.0035630420824233075 0.04326325581381719 0.021999419773280827 -0.007947344025960586 -0.0462273163498122 0.024699302392439303 0.0680228422807523 0.0631341188322703 0.05025474332209154
0 19 -0.047958971231577885 0.035406848123950146 0.031194500322497737 -0.006385669204262915 0.06682939587051287 0.07535181184875597 0.05600052564442531 0.063620683655 0.03535365020053422 -0.013354614263590176
0 20 -0.002088190024596931 -0.002815854567905974 0.06990562999220512 0.06713223981062111 0.08992319278088927 -0.009446667889457005 -0.02883915361957054 -0.009506267963910995 0.09802847593057153 -0.042284147508230854
0 21 0.06681370159135819 0.03528061259293488 -0.06119478589881816 -0.05454968653121124 0.05652965115208726 -0.08389753714451284 -0.07494026766040898 -0.0746237897367124 0.02188863867212339 0.0028953135633441244
0 22 0.06297631826324505 -0.09449238447632158 -0.09347883318885081 -0.011157345456638415 -0.07663759417321624 0.04585557482886986 -0.07981064490001287 -0.035472472527050714 0.0730707534428199 -0.06618157447178452
0 23 -0.045870200919668404 0.04911067484725674 0.06243045614270288 -0.06998154366088716 0.004327946738234217 -0.03691568169585112 0.023414606235403333 -0.04419268247030953 0.05413499821203382 0.04784286694888262
0 24 0.061178201274296254 0.0807943963080181 -0.046258074637914155 -0.07292275391959932 -0.021993257849387587 -0.04464458753885277 0.016950396173006574 -0.0043010988360966725 0.084989799793793 0.050020887217582265
0 25 -0.005212932760382797 0.0893299824390714 0.02288215799827475 -0.08546058840860733 -0.06307643532950177 -0.09251753448708422 -0.060783588289838715 0.08313482586533104 -0.07456281545729947 0.0179270165444621
0 26 0.06511397101974341 0.07677402705619706 -0.022943220701854235 0.024492543022139265 -0.06290140949104389 0.029203987284938893 -0.08388268296583218 0.08757474212937771 0.02609251129525034 0.0405313564869411
0 27 0.07707889707457197 -0.021932699182103492 0.05496588010294609 -0.06594694527506685 0.07872858221563608 0.08267123616196574 0.060220765514421286 -0.08274496962720851 -0.08305762584004735 0.0037666481164410842
0 28 -0.0742234656663355 -0.04654982619261783 -0.001767843870648519 -0.01726004555485899 -0.01847503748391863 -0.06754516110786807 -0.008287966118778488 -0.019583011671951377 -0.016548246494168226 0.019505738611922
0 29 -0.06493419301431953 -0.01667053793373512 -0.06964417019015316 0.06683688709961053 -0.02026804300001832 0.08410745441904166 0.005295028084350083 0.05757402470897626 0.02712857469270261 0.0247940250928385
0 30 -0.060451970163691464 -0.02354529282903603 -0.043815603031308215 -0.09693402165497329 -0.06350060607877915 0.022102983215685792 0.09733593496696935 0.02420584333125945 0.05720000798135087 0.05463313436649309 0.010757368989288718
1 0 0.0688720121979721
1 1 0.08410650491714472
1 2 0.011420190334320027
1 3 -0.09280340373516183
1 4 -0.05224514007568349
1 5 -0.05754897743463482
1 6 0.01672867499291899
1 7 -0.07923949509859189
1 8 -0.0442811064422133
1 9 -0.07656320184469213
