## LambdaRank
## Epochs = 100
## No. of features = 30
## No. of hidden layers = 1
## Layer 1: 10 neurons
1 2 3 4 5 6 7 8 9 10 11 12 13 14 15 16 17 18 19 20 21 22 23 24 25 26 27 28 29 30
1
10
0 0 -0.08112048383799055 0.011614433836351822 0.006237768771259581 0.07824082053727573 0.01427580787345371 0.08281022341727615 0.034264565457138546 -0.02001609037324314 -0.0891823205644856 -0.04193922578007095
0 1 0.06771906507329616 -0.04227904114847445 0.05405505914728673 -0.07773037751463645 -0.04792031054609653 0.045508426542684124 0.04461797297462983 -0.02403631641055822 0.01753683988527808 -0.03509730829164396
0 2 0.023683357255914594 0.0019272491777443778 -0.0017470724073663792 0.06924982169560849 0.03720916926519114 -0.0602431232520174 -0.06150900656934597 -0.07273295271033756 0.0332581655385195 -0.04566601121723263
0 3 0.015604711773410149 0.04829501991199226 0.03203705242585525 -0.08245097554326938 -0.015220779839878682 0.024258379076839538 0.0928550908959347 0.03130563269999472 -0.007727798786079304 -0.07417118555098065
0 4 -0.09674662675035732 0.027533932068931295 0.04466727502762067 0.032318531764559066 -0.052820993974927385 0.06853898049886152 -0.07327805221072353 -0.007737076929330445 0.03985581602972406 0.033171156574254665
0 5 3.3153108862915776E-4 0.06826061125560096 0.015734333626310163 0.06674990768904009 0.032476910406483844 0.02630746841741778 -0.06220193387603955 -0.058571277187571213 0.07834772444453818 0.0084305249328417
0 6 -0.08400948510965911 -0.07194646254605555 -0.04412217163545176 0.03182687339525037 0.04836312160911664 0.06074357254461889 -0.06652454772854818 -0.04272578135616423 0.03308578798261701 0.02096483637286308
0 7 -0.005055514542263628 -0.09394233095532964 -0.05007174633274028 -0.08106324024166554 0.058688310541312745 0.05185982303784783 0.024359924243523467 0.030443388321431186 -0.08136427049322961 -0.026784848316819206
0 8 -0.0385436906923205 0.022255170529622125 0.04541840670528594 -0.014664405872464186 0.0973699245115556 0.06316937910990678 -0.042054592589591024 -0.023332778101145025 -0.02770796398373041 0.021061367062062204
0 9 0.014541837583779865 0.03164760476703633 -0.005817464473738325 -0.03941603876839017 -0.09075220444448971 0.09610728292190279 0.09525787069309727 -0.046327705834732516 -0.01933807904176386 0.07635235747080484
0 10 -0.0866360042475023 -0.08570588452772114 0.016359717645754467 -0.09813754192763452 -0.0534380130145797 -0.07794783800314575 -0.09790331767977725 0.01057234512151682 0.07680136721912799 -0.038866696177122545
0 11 -0.00810731781954168 -0.02285371046415442 0.04672606812368015 -0.0464832443152663 -0.05172743486792097 0.024984726414785406 -0.017176899956423495 0.047571048142024855 0.005965700587159161 0.006996509797024142
0 12 0.07798718676320643 -0.038679441231287595 -0.016759209365572448 0.09140691067890395 -0.007960876429010912 0.039266738380004745 0.08191844961088299 -0.08507131843873214 -0.09045372109416643 0.0989254797504443
0 13 -0.08509833486262676 0.03800645750689919 0.005036396584514066 -0.044927584661190414 -0.07290763502798288 0.06940488765897793 0.057223694636236076 0.08165284583067411 0.060611292485816766 -0.08385930934992115
0 14 -0.07187217247985937 -0.09919294716994179 -0.011112024003735734 0.05452919388381849 0.05531317494359171 -0.03488197799664599 0.056560432279596104 -0.09412693301244368 -0.026282015512672886 0.05855059551018235
0 15 0.022282509543726327 -0.06969438703768836 0.02626894039934631 -0.01992853554998544 -0.06857892876135396 -0.042186050557306454 -0.04650327012047476 -0.005055752304286313 -0.08781434220898968 -0.02851631407015557
0 16 0.05012277856467733 0.09729154053908565 -0.08100376851677304 -0.09008068280605522 0.02618367334675609 0.028234028398056513 -0.09129634060332928 0.049277432566427366 -0.08490290814420011 -0.03394666897268464
0 17 -0.09004142337477332 -0.023551972374722455 0.09251959030564375 -0.0027139933716389775 -0.09520256356676474 -0.045020755649074866 0.048405050168241294 0.011973503308775781 0.051704369312941645 0.003063299327573394
0 18 0.027190739185311247 0.004143015833978669 -0.01844652516096505 0.007056152999124541 -0.04429519321888729 0.04367327415892304 0.0878942671021834 -0.017060602793878516 -0.054432071010195156 0.03106184939752399
0 19 -0.01048047778996731 -0.030917165207452066 0.05959713334527429 -0.023301572061982193 0.008682049027824832 0.04887643579926164 -0.08573254067352921 0.025140737401917836 -0.042718581864718094 0.05815370263497278
0 20 -0.08514702952652217 0.07025879813215025 0.03428812333422071 -0.09352848047125938 -0.03558445693391375 0.007571040111876947 -0.0628651690396933 0.033503410874540646 -0.036526308868370216 -0.04425384305701655
0 21 -0.02450711898579264 0.08578048039587997 -0.04782852169553962 0.07402325814463609 0.08295665010294581 -5.544546456155815E-4 0.0769433807088007 -0.037014878429837667 -0.04918404063083773 0.02587003016674475
0 22 -0.09689565286566977 0.015790032236359604 -0.09674062797932463 0.08517205285945792 -0.06921534077872546 0.07100058519415062 -0.05776823433090481 0.014028920952980296 0.053557914978939164 -0.05976962212039267
0 23 -0.047194207118576414 -0.04034107278403285 -0.008840012953488682 0.06001563992164755 0.031157017813860387 -0.030341988572813932 0.02951776532694528 0.04475704932965298 -0.08977097978038799 0.05130933902326679
0 24 -0.015018126334092528 0.011852403592957519 -0.024052904134900542 0.021144154635709574 0.0403588901120374 -0.07669396738589054 -0.022157431542488736 0.024836031121943093 -0.0816302658337549 -0.07803310556940818
0 25 0.031033194400514098 0.07832278272963628 -0.0512926264832206 0.03041293826868415 0.07622514544141967 -0.011390108769541373 -0.015094318555123455 -0.08073127486644363 0.03456080481733762 0.022864752768003333
0 26 -0.09513007082719953 0.09057269255390807 0.09280193898036465 0.03407091119113267 0.011153643772874098 0.07196431149297838 0.018016108100700708 0.028917165373759973 0.07700325139415727 -0.04901865558723711
0 27 0.025223968243203165 0.023240222055723892 -0.047265012855602306 -0.0050790228047794105 0.052233189526811614 0.04980290633635589 -0.00517749777292675 -0.0017216528287761468 -0.041937040619752085 -0.08043093339172697
0 28 0.0930076390504837 0.023710424080491066 0.08835743367671967 0.03218691796064377 0.012515217065811157 -0.012296771630644798 -0.0242852084338665 0.020614832639694214 -0.06500519812107086 -0.09818406403064728
0 29 -0.015571645963317376 -0.02982258569391556 0.05798119658086395 -0.03504395295294696 0.07994324724889945 -0.06652186748192022 -0.07856967466456367 -0.06450652743851351 -0.06666873918456004 0.053142403525620566
0 30 0.05448208224344526 -0.05118035062373371 0.012439272264939278 -0.06273380326731068 -0.04979346308642199 -0.06640114332591307 0.0231285338155512 -0.08329843095230842 0.05011893017391985 -0.0036747744241586644 0.0890339463949197
1 0 -0.022679775953293374
1 1 -0.014852588996290765
1 2 -0.01768925227224813
1 3 -0.09382341057062128
1 4 0.07303492724895332
1 5 -0.04601632803678366
1 6 0.0798726454377175
1 7 0.01608152315020537
1 8 0.03981190174818004
1 9 0.0069259465672075315
