## RankNet
## Epochs = 100
## No. of features = 30
## No. of hidden layers = 1
## Layer 1: 10 neurons
1 2 3 4 5 6 7 8 9 10 11 12 13 14 15 16 17 18 19 20 21 22 23 24 25 26 27 28 29 30
1
10
0 0 -0.3493530884515623 -0.0888693837408888 -0.04336373092068932 0.11258918408577852 0.24535477161437763 -0.15285348051216877 -0.06864826403208212 -0.1925739479448726 0.35414124058585444 0.03325012458526273
0 1 0.10767897430257382 -0.02811984401548686 -0.07916531326350723 -0.18945071960698295 -0.2977600212698178 0.20480550305288742 0.036693536682551826 0.08877021455667096 -0.13069570391251545 -0.16659757217359533
0 2 -0.3602628302370312 -0.01942970724384382 0.022655421538572137 0.35967670641530214 0.6283266832342588 -0.40516786964363355 0.0317868972579814 -0.2214930999332914 0.4643037046511918 0.16459072051466103
0 3 -1.01693433733704 -0.2386287197427873 -0.00229879162563713 0.6356673323557306 1.3552008560026068 -0.9678709380004207 0.139489983821749 -0.4616866868966671 1.073902346608759 0.557089761092962
0 4 -0.4519721826773663 -0.07579152356410669 0.012706588521244235 0.25420128476392084 0.5805545337266571 -0.3604656885475261 -0.02096626335181014 -0.19090178243900258 0.4030794687135687 0.094926642316612
0 5 -0.13570193835128047 -0.08615655220263534 -0.08821291709573667 -0.04852596578227154 0.11458696292737425 -0.034961921132610534 0.10680585351208688 -0.04839155989967924 0.15253241013681829 0.06586428053941923
0 6 -0.14727242183713193 -0.06929825779966822 -0.03181007205433746 0.15766571385654093 0.10779680044981983 -0.04857486027305277 -0.08635770821300628 0.0233584819678979 0.03840765261624104 0.004727883768510977
0 7 -0.15555152201209263 0.025584226870138747 0.009225711173958713 0.24807413508365225 0.4363962244434301 -0.199975722698049 0.04391096707939572 -0.04360160346014295 0.24427889448779655 0.10951376482303442
0 8 -0.2742315597918041 -0.038977964927559144 -0.032010196642556006 0.22741062571704995 0.2903432894346565 -0.1705937954373707 0.07001154230168778 -0.11037604527799318 0.32130101006162576 0.19272205380802387
0 9 -0.19903868077392337 0.011616575525277055 0.0873743647450956 0.04364599691693095 0.2879000149878839 -0.11540897517375284 -0.004492609148138862 -0.07276637848043717 0.07259525747826905 0.033997510278250626
0 10 -0.283269661672142 -0.12064180129890294 0.09521367743643351 0.08169925092619437 0.20393776879843098 -0.09087942855395695 -0.024543728647042885 -0.03759936645563488 0.2532845752962673 0.19586255559482998
0 11 -0.18474452132778085 0.01707735476161722 -0.08575158231880149 -0.031103570833623674 0.08974146536029498 -0.06311157624446846 -0.0687457168523671 -0.026214621812865886 0.051182443420231066 0.039308754282952205
0 12 0.04722023606590334 -0.00115897726478512 0.011477408929296891 0.06754519857930677 -0.006704485418514209 -0.01485446349329485 0.10382387722313939 0.05349217808202805 0.07683915933550191 0.006988265419369626
0 13 -0.2140729935130571 -0.0739176429425483 0.03985766201211261 0.20944201198489742 0.3388124475694295 -0.18520669146393112 -0.008564335408387561 -0.10826721457998419 0.19120330535080368 0.13489201293310296
0 14 0.9983194471233776 0.24780839903727647 -0.10637517177953376 -0.7277111885593086 -1.61390137348811 0.8660147891368007 -0.1466522564037887 0.5508174386851332 -1.10882908323873 -0.6224510847196504
0 15 0.17825636333880798 0.027760496477661545 0.019120266621422445 -0.12086247101227035 -0.58072246918455 0.18334561603082455 -0.10781779898362841 0.23347892513652702 -0.4124192009507492 -0.2292585054528173
0 16 -0.10155190006495053 0.05332588326890191 0.07012268363221656 -0.04555345567984187 -0.0927949031418715 -0.07347577979073006 -0.02002802534930553 -0.08102125720995404 0.021174723050376015 0.06304659635549033
0 17 -0.2898723347428639 -0.002918327510585458 -0.07320818698575708 0.07645269472036036 0.35828844153426903 -0.21493290113650917 -0.0038436286586777803 -0.06874614136726608 0.32110533149513004 0.2104241340627424
0 18 0.05921601334912595 0.011591161168816234 0.029143799446747488 -0.07650004601643479 -0.03514937965025284 0.054064303582339414 -0.0022667800578383824 0.0735119023275413 -0.0928850408920501 -0.023722404200949867
0 19 -0.3771499261267391 -0.0511910218834241 0.04836246750509397 0.2874446547051825 0.48737884949716354 -0.24575164999983323 -0.043337004894464654 -0.15198470604558204 0.4373193667368851 0.2782550605048794
0 20 -0.39801707835557437 -0.13020647472597707 0.016338268630926998 0.11947101519727403 0.5183143359476297 -0.29877656088394017 0.05315927787550536 -0.278839707180694 0.38827698151150064 0.2448640275561477
0 21 -0.1921669527978033 -0.10157364162987648 0.0463740030723026 0.09763229201777045 0.17271609910463756 -0.1103246741689722 0.09339333291574214 -0.1370511652075489 0.198659161973222 0.08188628388135509
0 22 -0.09099965612161537 -0.11057273003747346 -0.07237467266581435 0.13052295780729758 0.09527563873815399 -0.13272531299172202 0.11422898863406128 -0.01735176141503975 0.05926115328019727 0.13401532327532456
0 23 0.016623041080050565 0.058532442248259424 0.07011715726286906 -0.014087659653184396 -0.14737014594993805 0.046555747501114915 -0.07576356329205734 -0.03481936421518709 -0.11183505108836603 -0.03862545459000136
0 24 0.1878214982980223 0.041179852585787796 0.0720188262497644 -0.02781876157922863 -0.09291408933324051 0.0628546678807205 0.03002479774745247 0.004402697349398837 -0.10796481015809924 -0.14897106284772194
0 25 -0.17809585439668557 0.026594064738592018 -0.08445469323132014 -0.035358884833000516 -0.07587091987033648 -0.01774385180756557 0.04700869397329661 -0.0897686233884154 -0.0050616645902044136 -0.08657358996296725
0 26 0.01042699296071759 -0.05979700946848397 0.09227838301537197 -0.07494476499114633 -0.24377721167444324 0.006429536595371366 0.08063658138603849 0.016364715312619255 -0.03527863645977122 -0.06458075313172676
0 27 0.1550253295814562 0.09700304445408083 -0.0771119665267733 -0.15353149732888335 -0.13042159771828832 0.0949395452859902 -0.008289158773219146 0.13355191398357924 -0.0906295880320728 0.03098730942242239
0 28 -0.08544040144827982 -0.04211386609979755 -0.03833095736796189 0.032334088737241064 0.07670962937007779 -0.01376161297020613 0.02729399682026845 0.05584135205214587 -0.07099690992863507 -0.017543799547934193
0 29 -0.139859347627672 0.06712063070644649 0.08996649292601494 -0.05474039301321541 0.021063178606566715 -0.16507666329167703 0.05179785850396495 0.037240074043119985 0.07403085128247902 0.015890021941313205
0 30 0.12576403196148137 0.05523573505722501 0.01358559246857864 -0.16896195026728777 -0.4845111285909446 0.11210384515304862 0.06714922494010225 0.10702798070803626 -0.18193748677083127 -0.13184539806721074 -0.5246204926109931
1 0 -1.931251005067118
1 1 -0.5862941033741562
1 2 -0.10165392910905574
1 3 1.0484545906838527
1 4 2.410127232140893
1 5 -1.720545041420231
1 6 0.020347828365288343
1 7 -1.097056196475477
1 8 1.780330252482771
1 9 0.8764395912053909
