## ListNet
## Epochs = 1500
## No. of features = 30
1 2 3 4 5 6 7 8 9 10 11 12 13 14 15 16 17 18 19 20 21 22 23 24 25 26 27 28 29 30
0
0 0 0.08637100971064447
0 1 -0.036335290782212946
0 2 0.03179085571214222
0 3 0.08841687856774445
0 4 -0.027826831014527965
0 5 -0.06764073498442255
0 6 -0.07735260378767991
0 7 0.0374900455546086
0 8 -0.023216376286020024
0 9 -0.01362314059735589
0 10 -0.09223904624223395
0 11 0.09406773327198631
0 12 0.02057734999791475
0 13 0.07584469935581657
0 14 0.077904933819826
0 15 -0.0359223930409056
0 16 0.028397807048983724
0 17 0.04251960576227634
0 18 0.05693900287638861
0 19 -0.008378741021452075
0 20 0.045985492817533356
0 21 -0.03274176999037176
0 22 -0.0876102184195747
0 23 0.03625829397317532
0 24 0.09872096901776362
0 25 -0.03936726976751032
0 26 -0.07339760345056692
0 27 -0.01469723641909654
0 28 -0.023468010021321636
0 29 0.042661627691783464
0 30 0.08600327372550964
