## RankNet
## Epochs = 100
## No. of features = 30
## No. of hidden layers = 1
## Layer 1: 10 neurons
1 2 3 4 5 6 7 8 9 10 11 12 13 14 15 16 17 18 19 20 21 22 23 24 25 26 27 28 29 30
1
10
0 0 0.18534859944988621 0.24664175194039598 0.3327944146418128 -0.17897220355138033 -0.032978255419097054 -0.04784527062147208 0.3527302927354173 0.060067901737475504 -0.28522225894733283 0.12056343263236181
0 1 -0.007029607052863162 -0.07318125729446216 -0.07132011097044179 -0.01881118725935754 -0.018921723385997118 -0.004954547593681738 -0.26623066794166317 -0.054485332419815576 0.10009880116843496 -0.012525601576187392
0 2 0.2456129486823026 0.1770747351329272 0.4560035584417992 -0.2026891033627891 -0.19357296609496746 -0.10837890429286459 0.6774630087496863 -0.04952100343848273 -0.6013632548923893 0.2912832867774152
0 3 0.44247926719391223 0.6187509929885466 0.9112944965627374 -0.5085175434859316 -0.3210628488176075 -0.18114154759523496 1.3833821007588842 -0.08340378091863308 -1.3240842802914436 0.68357764704933
0 4 0.1368806922975874 0.3160004446600256 0.4168479011335279 -0.22359174840693924 -0.2074943637935102 -0.1173804285469996 0.5957083074388091 0.05637624918474754 -0.5909019174727349 0.23398647900835945
0 5 0.12023568284029112 0.020805552214448034 0.015817600725874105 -0.03053257468110917 -0.07032292865863542 -0.020972194871131646 0.14675271466986103 0.05932745454602082 -0.01631277100103202 0.048485344787811926
0 6 0.11086918093331155 0.14737845324224114 0.12428626587516253 -0.06120011615891563 0.014402690819290792 0.0712715569669772 0.16421988401509605 -0.004843664112715298 -0.15164712038165515 0.15416127791223444
0 7 0.17733278395856575 0.2416928563070429 0.18334445238511587 -0.03368632311441117 -0.12440541230776081 -0.03240825155384876 0.32490263508153927 -0.04043595855259007 -0.3266079301526245 0.11479585240014366
0 8 0.1787929203984506 0.08723354973911271 0.2369031738204824 -0.21561176540682425 -0.18978559481095822 -0.026866398649334888 0.33676568550522906 0.071544612522382 -0.42792303678117777 0.24563314983853943
0 9 0.06622784817439792 -0.0049169525589736595 0.18408418473130458 -0.03465856437669409 -0.060688508077846044 -0.06312730239810055 0.2095255273132611 -0.08270819406844136 -0.2844620118668952 0.10502505583918459
0 10 0.03738619974147997 0.18494417100868302 0.28608694464722695 -0.020211019003499482 -0.16235266748960298 -0.13978677044291166 0.3455488883858735 -4.186517449509108E-4 -0.2949044598632785 0.22145797369702835
0 11 0.10082957602684403 -0.028390579706825507 0.17937731773018045 -0.03229589001120104 -0.06365138559533817 -0.024624478469238546 0.05263173786664938 -0.014518096499357902 -0.2754520729948706 0.16233960149936494
0 12 0.09219649451594182 0.04996199432225416 -0.06704916374798507 -0.07109139218428258 0.018145891480193757 -0.10014356306969494 0.03808473758548764 -0.05440983015321875 -0.11886187020433764 -0.03428569215000409
0 13 -0.016289101834030758 0.08868054046218961 0.16599188612999471 -0.05779896305784249 -0.012086892277749603 -0.0467446948492649 0.3034870646035485 0.07036739558679399 -0.2304167483390254 0.08075101487443956
0 14 -0.41243286686122155 -0.594291727042591 -1.1176572505900908 0.44109633126567305 0.2755963476262631 0.2679541661063422 -1.5113574337527527 -0.0021990427629248236 1.0233981062464228 -0.6097409083613073
0 15 -0.22425248188913685 -0.17109237412558542 -0.3458769103661553 0.13560965023745827 0.01098725833207475 0.01641708899425163 -0.5957108353198237 0.05527012907606223 0.26067158604195734 -0.25838138008967254
0 16 0.034997056465588615 0.03708512430215958 0.04142063368872021 -0.03502109347510939 -0.0432902974604355 0.039517482821094525 -0.01065317506862913 0.06632000386431099 -0.04964180814144857 0.043305184305654866
0 17 0.17177235342506025 0.23801794319237787 0.25898148772198826 -0.10186300309680316 -0.05604501314949877 -0.051249231099930195 0.40075112824179293 -0.004962118476268205 -0.27450531399384565 0.07914876486913347
0 18 0.012333183041882516 -0.008163223369869119 -0.028471849978943125 0.04883404105737419 -0.03177551057565563 0.08407474886685452 -0.09264927662916454 0.09441316859684011 -0.03410454614898845 0.04341173531326895
0 19 0.18425586963739793 0.2747393552269306 0.2717808883856182 -0.08284074007830006 -0.23377836311549913 0.015440615685488362 0.5907271614495386 -0.032588608354797544 -0.4075292952437709 0.337037187062629
0 20 0.07938976410230682 0.19975479933073267 0.3953220015663511 -0.148051818988275 -0.17545614991507724 -0.12668249282666383 0.3968566193043992 -0.028412650356486036 -0.435314544642039 0.1705262524822715
0 21 0.08735710413002228 0.13387842694535865 0.21385815425143267 -0.0704559995857879 -0.14316367860230386 -0.13347413279241493 0.24733318974937588 -0.08056030139800859 -0.19129234530667022 0.20595958597104477
0 22 -0.006555136374286342 0.13981450026688122 0.20504684044979465 -0.04026090554286624 -0.13294815049256262 0.02986163240993925 0.12881892195805042 -0.032547326608111535 -0.211855618151564 0.1155827055888186
0 23 -0.10680174595721398 0.023581793005394522 -0.13442837044781508 0.1026953546096152 0.0847922698379217 0.006191871172747645 -0.17470228604731047 0.06883459855450547 0.20778259715686284 0.00897518858452218
0 24 0.025706782277585823 -0.13497817409839427 -0.08007391734107033 0.042635136754996784 -0.06548547211174632 -0.02567613688348733 -0.10886875985968274 0.06231735551382187 -0.015479712444915902 -0.044577781651532845
0 25 0.006310955405141815 4.1843234437159417E-4 -0.03825959111335354 -0.047401185587497084 0.06478157009591408 -0.07029679909741168 -0.07449771597915206 -0.04348765008193348 -0.021761454979896393 -0.02435920972865389
0 26 -0.13345680640130989 -0.14032748872482634 -0.05745383817481847 0.026803613084887722 0.02746913531411966 0.07040732303684633 -0.22708151054370762 0.09860774182319208 0.2047971586578298 -0.11583815612491237
0 27 -0.11496410193654871 -0.12261743070150277 -0.06171871235650322 0.12902893244259922 0.11809606488056193 0.0847146075520178 -0.12235235251297215 -0.022061994300847397 0.19602428495693414 -0.08070940257308348
0 28 -0.05503207379273778 -0.028987442508216707 -0.06066530722168288 0.033583698333240854 -0.023713186470125217 0.01435582750725136 0.037948136268397485 -0.09945567840693895 0.049158582834060265 -0.014544686150772567
0 29 0.03130994651510316 6.896012230744035E-4 -0.0524780093526395 -0.03427520262317209 -0.0589486146645674 -0.0807934062493224 5.134285209368926E-4 -0.0761292142441688 -0.14423024052257424 0.04612986308012647
0 30 -0.11780595169465759 -0.20517650909081994 -0.3252435688769033 0.08123661895112431 -0.03125562011965343 -0.06282998834528714 -0.34199615824506846 0.05103913849409839 0.03964137083670108 -0.1285885504369116 -0.6096423062952417
1 0 0.6639508816003333
1 1 0.9742380703673612
1 2 1.6691645125000822
1 3 -1.0042296838055038
1 4 -0.8035736471086783
1 5 -0.5638588391526644
1 6 2.4095436766933687
1 7 -0.25291489739716433
1 8 -2.2057349549126606
1 9 1.0357332803771775
