## LambdaRank
## Epochs = 100
## No. of features = 30
## No. of hidden layers = 1
## Layer 1: 10 neurons
1 2 3 4 5 6 7 8 9 10 11 12 13 14 15 16 17 18 19 20 21 22 23 24 25 26 27 28 29 30
1
10
0 0 -0.09030775096980855 0.07572120432215769 0.012155308476077934 0.048254809907282065 0.011400130322559602 0.008488437758524347 0.012905371032289868 0.04284826564390994 0.046543997998673974 0.07013861651257537
0 1 0.031187532404282785 0.03766542335142331 0.036355576080214495 0.031206980340498923 0.05937093227794843 0.0577159341266634 -0.07703968362555005 -0.03126046033344345 0.028447374154652996 0.004568165834480548
0 2 -0.024944686986177477 -0.004564939879307722 0.05297948445706165 0.004966077164876954 0.010968940086278831 0.017643684642317376 -0.05071150206318337 -0.047359048593537165 0.08085715031733041 0.08147358298952953
0 3 -0.03412337873227627 0.024405309722902554 -0.03296989785725624 -0.007158943160672118 0.06846256306105157 -0.05859364414904176 -0.08316873936368566 -0.0173929889921862 0.04368460115956115 0.045694577076793225
0 4 -0.06938589252610926 0.013525871091378854 -0.03894398927444435 -0.09208674526041857 0.0017592793337310522 0.027670872363712178 0.04370362786354669 -0.0585372931085682 -0.07464047395777199 -0.05091781013155911
0 5 -0.05784991181435836 0.048128627979814965 -0.0852994599345939 -0.043607607600306963 0.014544304027887563 -0.09148191373403979 0.042402454466620026 -0.07864895262979778 0.05623708141587855 -0.09020013706334555
0 6 -0.009461231097894741 0.058252165091539 0.04755602051685384 0.07541956044815847 -0.09564413760092108 0.07841979467419653 -0.026875003642806337 -0.02872504577267448 -0.002222372701874915 0.08054305865338858
0 7 -0.08224105035662552 -0.08800749298944839 0.030726911342890937 0.0463589584593874 0.08844995839773216 -0.03323982645738026 0.08325955087740604 0.040994068149166334 -0.05526074669925201 0.004876668131915339
0 8 0.01911891534802242 -0.0032993693465399434 0.01951608919934372 -0.059147470544760425 0.08367590458317961 0.014994866975670052 0.05941818189194275 -0.0052411776977350395 -0.09224039089017316 0.054704017164916886
0 9 0.021953685568743497 8.933273797728326E-4 -0.03453684205594534 -0.0573968239596267 -0.032068150152316975 -0.006243464687338165 0.06241229280956978 0.054379192549360224 0.09592284898204306 0.007234375917509061
0 10 0.0392187134802081 -0.06569383511223076 -0.019012517985160418 -0.02491160402796509 -0.05617534202218553 0.052534167277233056 -0.035411934200922486 -0.020697932226094045 0.06861740250504979 0.014180254114046133
0 11 -0.08444090380435042 -0.0913667844150638 0.06264737498142028 0.033088908456749645 0.07679021204916743 0.02654403340012306 0.04359698341786725 -0.02697095643693207 0.06339890487745055 -0.06184545863893128
0 12 0.023043791226685203 -0.07025246212793346 0.059379290512970896 0.023878865647784745 0.09538005461940405 0.08187726967115647 -0.0756569136028135 -0.006035890700163104 -0.013838645252041802 0.05999729676343121
0 13 -0.08063128704563897 -0.05380713653727027 0.01561739113639906 -0.064037878954363 0.04919692890278096 -0.06734770541971605 -7.981802202183341E-4 -0.005299910220485733 0.054067694434806426 -0.04712861043406862
0 14 0.039104864642530046 -0.009991036223368157 0.02154845927075681 0.019256263097908434 0.0648517874092964 -0.06155583390882369 0.003829783812108607 -0.07715566730340055 -0.0204991660945399 0.011286581144085999
0 15 0.016619927550279533 0.06742868184116403 -0.027869776703270316 0.07163215559528459 0.05360967912829227 -0.029477121396525474 0.09646259779434951 0.06965359582456289 -0.01634346660184821 -0.07115506647434777
0 16 -0.02936023827910792 -0.04524211159404769 -0.09271036394861851 0.024706291164071203 -0.04679990990874326 -0.02132539427744293 -0.07398150668079546 0.08268490317024255 0.03198715340721864 -0.06389678440373217
0 17 -0.028743745236718604 0.05545194750493816 -0.0940507184947361 -0.07285720275687224 0.03855126054145196 -0.02873357127341581 0.0567194700595889 -0.014965467759206232 -0.05855093459715387 -0.024274207522946057
0 18 0.0065609308468194604 0.016793913694633077 -0.08740150633728191 0.08244116515751486 0.07578421951315771 -0.08624473745998974 0.016911222242915337 -0.09348451979608607 -0.0939736646664853 0.018643761636361236
0 19 -0.08666841701417559 1.4417435475782441E-4 0.014253170552504725 -0.0755147261790149 -0.08529119261810372 -0.0834370954693592 0.009542052522636416 -0.0938410523857514 0.025606187927011626 -0.02148979550783104
0 20 -0.038263296109716606 0.09513189872042926 -0.06963033107515591 -0.08039155195527146 0.09922149516158449 -0.016401024603496156 0.09558625724873314 0.056741818675365124 -0.03079143199144089 -0.07680719863305589
0 21 -0.07945261277042742 0.04060048448417636 -0.06129850198346568 0.02753694881175077 0.009662441258561508 -0.010319146621873465 0.08294911503230777 0.0069071149793936935 -0.06764377096974368 0.0013925585948999823
0 22 0.006893661016428824 0.0361154167599489 -0.08252530428165887 0.013877773333743227 0.051768406958686015 -0.04703722419758771 0.012903645888475453 -0.03646349291243128 0.03484236062523257 -0.029329964926882533
0 23 -0.017952510081096912 -0.06852614372276468 -0.06227509891410474 0.019893009777204994 0.05390815421828222 0.015665228488128007 0.061041452359730845 0.03540054531514235 -0.07308885494349128 -0.019331093615741334
0 24 0.05531489511992519 0.06596173845710653 -0.00816413696878282 -0.05646597133529409 0.06654018923916961 -0.006417321774856462 0.09612267579670107 0.011278491227058355 -0.008169965577173255 6.246804638184704E-4
0 25 0.03357722651708697 0.07796800862715704 0.05370591484104839 -0.013596013414591539 -0.057693702602741426 -4.2474945626478256E-4 0.07997172275379508 -0.027110129718220525 0.016252302026302633 -0.09380585453081336
0 26 0.025439385100020244 -0.07299526875050329 -0.02217319730131184 -0.01910638387843975 0.05923058913512508 0.08486140898400646 0.09204180500743167 0.005534970332864386 -0.025456595657280895 0.04307728902602791
0 27 0.028083236525564655 0.01912700598593319 -0.01386059029560097 0.03949364045735893 0.036867383563115474 -0.08295197541926307 0.0066716343901420195 0.06366678973897348 0.0763426728562514 0.04108768310904373
0 28 0.07376028597354889 -0.042781323194503784 -0.0805894285440445 0.04138491675257683 -0.013973111286759377 0.026781493797898293 -0.043199796229600906 0.08520545065402985 0.09425362944602966 -0.019316380843520164
0 29 -0.03190477514973461 0.05453551684140007 0.09862121954829729 -0.09848210658950722 -0.06680796849719882 -0.0805447791872952 0.07994898326701376 -0.058918926284350186 -0.018922221928696508 -0.06217082872406242
0 30 0.05954490220723818 -0.014844532488349412 -0.011455336266235877 -0.07617767033667976 -0.06625997411478209 0.08298922009796578 0.014094742100815141 -0.05966817894310975 0.09107709700239308 0.025803036674356263 0.07366067916154904
1 0 -0.0019971490837633683
1 1 0.03346211463212939
1 2 -0.07625298202037802
1 3 0.07796601951122288
1 4 0.06993283331394165
1 5 0.020354861393570782
1 6 -0.08056388050317702
1 7 -0.06002503633499154
1 8 0.07381204515695508
1 9 -0.05025282502174383
