## ListNet
## Epochs = 1500
## No. of features = 30
1 2 3 4 5 6 7 8 9 10 11 12 13 14 15 16 17 18 19 20 21 22 23 24 25 26 27 28 29 30
0
0 0 -0.006924020744857146
0 1 -0.04542179304861408
0 2 0.07365393351583578
0 3 0.04410430374757713
0 4 -0.041676097522383
0 5 -0.02960959453312331
0 6 0.012231427173839095
0 7 -0.03838913232235585
0 8 -0.01394672849712293
0 9 -0.026352247306768394
0 10 -0.023100230180360323
0 11 -0.02950478919883359
0 12 -0.09144938114064512
0 13 -0.009171746587347528
0 14 -0.06062071945248087
0 15 -0.08648369016033867
0 16 0.015905650831501163
0 17 0.016648554362459066
0 18 -0.07974476267304242
0 19 -0.009064533720237595
0 20 -0.0060175517873475625
0 21 0.03935737776013961
0 22 0.09391790623686419
0 23 -0.012337584493157177
0 24 -0.025466243748294776
0 25 -0.08527733339913258
0 26 -0.08638449551105327
0 27 0.016067325032167342
0 28 -0.06458784409804755
0 29 0.03132012339176896
0 30 0.05647791549563408
