## LambdaRank
## Epochs = 100
## No. of features = 30
## No. of hidden layers = 1
## Layer 1: 10 neurons
1 2 3 4 5 6 7 8 9 10 11 12 13 14 15 16 17 18 19 20 21 22 23 24 25 26 27 28 29 30
1
10
0 0 0.048729086534332805 0.027272755880690957 -0.0013075848296365622 0.041431055550503276 0.0028098520350046583 -0.06367162432931397 -0.029745322250743115 0.007690754844453637 -0.08130602724013761 -0.03838296891535582
0 1 -0.06623989568432509 0.09821897615147025 -0.07217403835202853 0.04941408193109604 -0.030398650787269228 -0.09151626343431712 0.0963430636520559 -0.07192840716358839 0.0988926053619214 -0.00610881874207559
0 2 -0.09175134514462108 0.09685030115134675 0.03279048914864461 0.07642748576994847 -0.013366472270767413 -0.05840449982707986 -0.035067364410651496 0.04803415094308293 -0.050541824535642606 -0.05740320835027519
0 3 -0.02340319052824556 0.011847104070221432 0.07932989391872612 -0.0748576288570249 -0.07193530681777993 0.059208754007588474 0.022180229066160635 -0.02834982430073718 -0.07305713356115204 0.03463498247342943
0 4 -0.04657444536947315 0.08255880492391184 -0.07810513892117406 0.005494603858952774 0.014934246820288736 -0.07634657717758557 -0.09053418055627041 -0.045071476172408954 -0.08324282022683736 0.05925500189369669
0 5 -0.036619745869122776 -0.050556093127801134 0.07074485624249091 0.06875204996950993 -0.0852076564257947 0.07329937964035951 -0.023902097383019617 -0.08794724040350205 0.05269841039529495 0.049073879094050823
0 6 0.07455951052122656 -0.04143925053715869 0.03728537722497896 -0.04610348895361548 0.09391312811232894 -0.08728941695288674 0.09363972859492727 -0.043222237559326596 0.08546618703577251 0.04562627257249373
0 7 0.01009387744872952 0.07554575642503089 0.06830786182847895 -0.0996179610268959 0.0576260517216071 -0.03573617742613888 -0.0896102847388369 -0.059242977708969836 -0.045886018267712825 0.03610551431144054
0 8 -0.03873761938226999 -0.06611188842941802 -0.07070582359287447 0.08430055113172152 0.041564370437091006 0.04245015523609723 0.029386208369754595 0.0990978110062691 -0.013828079344759717 -0.05496042066100114
0 9 -0.06473038780504098 -0.034703282299691614 -0.0479178038973056 -0.08433399380276747 0.01879985049610833 0.03689582877581721 0.06769237257974109 -0.02827824760439387 -0.09489341417093862 0.0741977137324668
0 10 0.09983220385410714 0.0690934546397085 0.07442662775525986 0.024407732390317672 0.0057513035745447375 0.05809471474762927 0.08818435217971896 -0.09676752347520282 0.06898111070804065 -0.05093405093975804
0 11 -0.026115761996088664 -0.09311108245479062 -0.03265697230215688 0.02907133636289556 0.033386323212976805 0.08887891530120517 0.01660494825144805 0.02107013255974136 -0.0768067283112929 -0.016471224682115225
0 12 0.017189550099142845 0.08588891972530821 0.06048429468088124 -0.09367556514466649 -0.08571003906774985 -0.012688020030214098 -0.018904769495656747 0.03520252707965391 -0.005909633218336772 -0.017317097368363312
0 13 0.06166244944326801 0.003407745744139539 0.06714947610981127 -0.06535764807588944 -0.01072429204348394 -0.04965654953533307 0.029306933045855785 -0.08386276592480667 0.05580592522079597 -0.0893900030895878
0 14 -0.06544247488203701 0.04609422407906536 -0.05377280735962669 0.03281886095200352 0.0896994097827355 0.024859718988617472 -0.0018353287764178016 -0.06997560089087135 0.014145844825393274 -0.013356095103999932
0 15 0.056809383093028194 -0.05034374952284272 -0.03714358811496017 -0.01199095705261689 0.007709924392804632 -0.08187719569607968 0.09887858449264546 -0.052982735530967905 -0.07632101933008642 -0.08507250520269816
0 16 -0.0712207780743895 0.027753793693230406 0.09026488748063319 0.09385735850923196 -0.09308113555590235 0.028358043112077666 -0.07142419607317473 -0.001304766765451649 0.01708344666649136 -0.08590911599260488
0 17 -0.08479337329114377 0.08148629606239279 0.02874765454926764 0.029656905565887647 0.020047902569731355 0.002468188185377506 0.07082785193953732 -0.028833788960853576 0.013722575930585292 -0.06477622852689927
0 18 -0.039005945789945165 -0.010360384214738018 -0.07500218831923487 -0.06111813125064497 -0.013393573220826639 -0.06127520568313913 -0.054228115500635735 -0.05646526646790468 0.05345372581111664 -0.03962677245645009
0 19 -0.06136755482142076 0.02738245570085604 0.02892769982617602 0.009216710224491487 -0.07167407993837084 0.08855582312889661 0.030266942516752087 -0.020131382755164958 -0.03877929500065303 0.047686190660978636
0 20 0.09066245536455075 -0.015229241851380623 0.0026499562922584416 0.010501249238462849 -0.06173828621645711 0.04407853930898027 0.09005694825112975 0.04422023104439333 -0.08779436726385584 -0.0024495915471718097
0 21 0.011856256158316878 -0.07173929011966212 0.07985484366835072 0.08412881482821347 2.9166229908185004E-5 -0.039086596092477735 -0.010063666289658916 -0.07506558742766166 0.05100292028343299 -0.03838101845011472
0 22 -0.049975317597964905 -0.04613935908341707 -0.03889964890716687 -0.028327640637197095 0.018549563712274522 -0.03695242929703061 -0.09205428628206667 -0.006187429339437964 0.03618245286856088 0.03201735340498294
0 23 0.06827797315670325 0.033161939923561284 -0.06442967086126268 -0.040234212054032555 -0.021632985572983737 0.004397196609822527 -0.06579584534319965 -0.085155244319663 0.026138585267575967 0.0855484123110087
0 24 0.034683862019445254 -0.002393240614225632 -0.011126800040585822 0.00808594806547909 0.036095041703587405 0.018000777461993706 0.06690250652486505 -0.02762867983412641 -0.037043512896621694 -0.05106022040064775
0 25 -0.0011623826480112803 0.0010492729270919015 0.03365443797652566 -0.045792069753588606 0.0578441118161623 0.030470359770618967 0.05370231302731344 0.0837949112670653 0.06745692088777712 -0.05733337508353334
0 26 0.06424040916584414 -0.07533577952316411 0.05955219340945796 -0.06103636579304943 -0.025780055673937822 -0.05359346566105797 -0.053945056729800864 0.033499977421940795 0.010754586948522509 -0.022030764196631473
0 27 -0.042390611298977726 -0.054330771543839015 0.04839467255252592 0.01771756615898747 0.0906316558382798 0.08946764807164108 0.06801290501502866 0.05462641992971735 0.014501400072370958 -0.06891418588018201
0 28 -0.08596780459279199 0.009174106264420924 -0.03407577911379558 0.08080952640304352 0.022660422895834382 -0.09082180694410899 0.06616911106248138 -0.03222766969652754 -0.04182666308370493 0.0191963010778193
0 29 -0.0955968281879051 -0.08925636729163085 0.07594247367626074 0.09395408401315795 -0.0541551975579491 0.004901512342424312 0.03870668342010626 -5.873294334383042E-4 0.0460297179716289 -0.08479399364838476
0 30 -0.04190083421788978 -0.07570908412325436 0.09918675360964128 0.08352722682482508 0.004267078971127877 0.015126845065333995 0.06658035511031626 -0.021559238036115157 -0.050327773771746215 0.09002077146435439 0.03299165517091739
1 0 0.028351504355668807
1 1 -0.042629312723874636
1 2 0.08057546615600629
1 3 -0.019875895231961996
1 4 -0.09420855343341836
1 5 -0.02903867885470353
1 6 0.012210148386657172
1 7 -0.03654234856367139
1 8 0.07275690138340055
1 9 -0.07367922365665422
