## LambdaRank
## Epochs = 100
## No. of features = 30
## No. of hidden layers = 1
## Layer 1: 10 neurons
1 2 3 4 5 6 7 8 9 10 11 12 13 14 15 16 17 18 19 20 21 22 23 24 25 26 27 28 29 30
1
10
0 0 -0.029846712387975215 -0.08518913760849864 -0.023764569193652822 0.048135648691854105 0.03416473447750193 -0.031190793663562942 0.027057307869553154 -0.007384331292997185 -0.06438460520303807 3.176350947530181E-4
0 1 -0.050305904360082226 0.042154815603133514 0.09734043083542057 -0.05785985468060226 -0.05425024139965338 0.09409044279880768 -0.04969724056174309 0.04030253753049453 -0.024319671266402148 0.07685930479448586
0 2 0.06125102966565321 0.03778908226379156 -0.01598665391534636 0.09592097165778572 -0.02384574686023411 0.053758756390094545 -0.07914404890009773 -0.054779816766115805 -0.01741679652637085 -0.024324433920349456
0 3 0.09985147458622302 -0.06741704912515004 0.03786889123948777 0.0432354370984274 -0.049310422050883665 -0.033104685926378385 -0.0419924299828066 0.06785255950910067 -0.07901634452383972 0.0464702749283662
0 4 0.08872498478178165 -0.05040690024792202 0.08632633727230307 -0.054725284542393206 -0.02737290822677175 0.025828001871406728 0.05099151491966368 -0.06703966722585801 -0.06593441219261 -0.03995073454222807
0 5 0.0677478537686628 -0.028628531080025967 -0.057024353057211416 0.08551175541637343 6.743069295740322E-4 -0.06597189173176174 -0.05277562318877663 0.028534784345503814 -0.0460028499395747 0.08211242723011827
0 6 -0.01786075016771794 0.08710707229935087 0.010573226593569999 -0.06211148738036684 -0.028128055100088836 0.00888659066813807 0.027174559471980955 0.012150426744687371 0.060531703585521464 0.06582397070597894
0 7 0.05753692681928935 -0.0975685391005687 0.04407735248170379 0.04434401392265963 0.08555853574397254 0.004951670660374416 -0.04785333907149337 0.05568054370725584 0.07706811074250967 -0.07761329331501705
0 8 0.08721365553622804 -0.049122346419668 0.04533990246554187 0.0029715582642355063 -0.05736137651103452 0.0230087507595838 -0.08086938550826309 -0.04698243508193232 0.044810577984225414 0.07436479629286409
0 9 -0.09186498999940892 0.03545161192351573 -0.025749266894601438 0.02165570347380923 0.05465411421882854 -0.08205451970551735 0.031170899472839853 -0.060624079905163816 -0.09170123635240514 0.047435595359965166
0 10 -0.050902516475590964 -0.08788604582424131 0.07878456289402859 -0.0967868130972967 0.04951253598219726 0.035919786707178596 -0.03232721774905304 0.08789398568795967 0.08961886964737245 -0.016816990582813475
0 11 -0.04448041675842867 0.08530481862619525 -0.09241630408374983 0.06313459246254882 0.01287331824059841 -0.04418198086257024 0.016986890126330065 -0.0891523477743873 -0.05969634083466309 0.05069175474243115
0 12 0.006976754038975405 -0.06839552462128282 0.04579225450626261 0.03414945926327225 -0.03554949596584458 -0.03945254774479565 -0.06594182208890087 -0.09394636857749006 0.07730827091034446 -0.004550553483447138
0 13 0.05052043402358929 -0.09103107985989622 -0.05012864303308204 -0.08499898588113587 0.012467574759248245 -0.06162173804221887 -1.753802623666462E-4 0.030144429543184498 0.05004375026757817 -0.004438684327825309
0 14 0.04551185259128293 0.0563909064875262 0.05743679336468096 -0.07540600707146967 -0.05759649597607925 0.008978335255655069 -0.0011455642787755094 0.002062666717549216 0.03470490623058733 0.09832716756645926
0 15 0.09177942437880551 0.09384631452133042 -0.01169772197251563 -0.06040150234609214 0.017297768747353944 0.0836654635557318 -0.06328647940238816 -0.03287813825915564 0.007915901165152775 0.07899957379389919
0 16 -0.0735403603186978 0.014536712699127529 0.0692583440990484 0.04539222675752898 0.08892079023458532 0.0024257328086262106 0.05743419252630176 -0.06700021560596076 -0.02564334647792595 -0.05469476164316991
0 17 0.06715005168368228 -0.053215915815053194 0.06998305301895551 -0.03710910984040151 0.06854623330285328 -0.06688297134522533 -0.09658483880363915 0.049223090809031804 0.06292606352384404 -0.053052429281721415
0 18 -0.033645954568457315 -0.009586654101381235 -0.020299932085781257 0.03509022690933891 0.01661495290483312 -0.0053913772099325385 0.026419500003393763 0.029742654698684645 -0.007611158685254862 0.07498575153103108
0 19 -0.09327603593122745 0.0020645052128404353 0.005892807239838906 -0.09804539698331338 0.08145955120723013 0.049095736306239465 0.03425010424131445 -0.010880453811783937 0.04197652926275781 -0.04662314387058446
0 20 -0.0731729757642669 -0.05614409037118474 0.008144245631152293 -0.04724996544777116 -0.0026647676268669834 0.09899816798683647 0.06122266786341079 -0.04489898988894105 0.02425926072799691 0.008600155746854323
0 21 0.04629859386527943 0.05037491986794305 -0.06672399056548128 -0.018926730097160397 0.04013887096662944 -0.03950684938043235 0.01050771310476382 -0.02222648983963065 -0.0565248569534406 0.03806593702458927
0 22 -0.036461334232943114 0.04489511705290428 0.027505233081868884 -0.0075092239144302865 -0.06636917148541012 0.08598600683509129 0.023678087887008547 -0.0872802614043734 -0.0573037976810283 0.06186760470668166
0 23 -0.04942628520023757 0.018933029734439836 -0.01599398735725803 -0.022236019936725925 -0.009999794595660139 -0.05615276946274838 -0.01724819147759714 0.04671149307188223 0.05567191170169 -0.01767709554665403
0 24 -0.047533309685531024 0.027812034805692977 0.09105745291265828 -0.09543461200747483 0.04649193352815244 0.07897070269311222 0.08584030541961787 0.06733963952187394 0.08438333387575823 0.07837015204534528
0 25 0.03292119812737676 0.09872160716870171 0.09818711027448193 -0.07638595826202535 -0.07859591188156985 0.038754224836993756 0.004736211130897575 -0.048143898640464367 0.09487937535022414 0.02759966757221556
0 26 0.025877232197607358 -0.06953175682162031 0.06853827244949322 0.03879182408938941 0.08664711414893052 -0.027698574965140815 0.0629349787963445 0.07263333710240029 0.09607167051109015 0.06218287544303369
0 27 -0.04127289972008265 -1.8007513152589982E-4 0.0786452667009378 -0.04130030523275003 0.05163320370213276 -0.03708212514805292 -3.5560285225863357E-4 0.04178127940632912 -0.04429360973654001 -0.08676909419554595
0 28 0.026883328596517965 0.09921527250185665 0.027431828812066145 -0.05544570459679625 0.05817175236543354 0.03333765142833684 0.07149938022812634 0.08376332852711178 0.006153487313857426 -0.034138593256329126
0 29 -0.04155591604907801 0.08073119571693856 0.022317288076642024 -0.0158485118506298 0.06917171537274303 0.07341292664209298 0.03496442801217341 -0.006042595561177885 0.07687477980185037 0.004534238344295094
0 30 -0.09323300881440873 -0.014458071988212277 0.045474927221078654 0.0011486303971595118 -0.08560715612361551 -0.05987564352260772 -0.0605202405576966 0.009595533460194549 -0.006396786406983409 -0.044240673454643685 0.09249507635831906
1 0 0.028143066912889272
1 1 0.04144291952252393
1 2 -0.03291968256235162
1 3 0.020545762032270494
1 4 -0.07563797384500458
1 5 0.079485602676869
1 6 0.04423750564456087
1 7 -0.09418981522321741
1 8 -0.051059972494840546
1 9 0.027045363560318794
