## RankNet
## Epochs = 100
## No. of features = 30
## No. of hidden layers = 1
## Layer 1: 10 neurons
1 2 3 4 5 6 7 8 9 10 11 12 13 14 15 16 17 18 19 20 21 22 23 24 25 26 27 28 29 30
1
10
0 0 -0.12069582980763213 -0.14411702841936144 -0.17953453273817682 0.2713536338515429 0.12604606279297006 0.2694341486547468 0.1813787419935458 0.04194762151452704 0.3029707469669723 -0.2837411319077221
0 1 0.007971088485609793 0.16003130198448565 0.20701345554084002 -0.2595104416737263 0.030318302984369227 -0.3354903682966808 -0.04288565165583313 -0.00993258374548326 -0.1392681748499707 0.23117990184059445
0 2 -0.029644311957345668 -0.18736369803725075 -0.3411666144377946 0.49197273451799545 0.004860315505267143 0.5818750819191548 0.2478591327302658 0.007820947275593286 0.4939831851692786 -0.3895441635767899
0 3 -0.06965682266673914 -0.43485569348704567 -0.8830093922550634 0.9793582140281782 0.23377788222496937 1.245342486912435 0.5502937982949091 0.08636414590938675 1.0009766847581194 -0.9266128344439808
0 4 -0.06032792008656539 -0.20611944940793311 -0.21403831305117568 0.3660309448565421 -0.009507640801711709 0.5076840353262483 0.21337736115462705 0.16149681338392025 0.40863433655011583 -0.32645190996349555
0 5 -0.1021495396353888 -0.06997978890805065 -0.06745083957852804 0.05390196156145026 0.04578696186037325 0.049742467060455375 -0.06086003061474672 -0.07282124569746326 0.13574117587844864 -0.023337460096387073
0 6 -0.04009287772196149 -0.10557280276775691 -0.17513165742477935 0.1191641154816706 0.031141970639295517 0.21170115945756945 0.03704133351468682 -0.011615051465549621 0.11249451403724652 -0.16175857235504187
0 7 -0.011067114844979142 -0.14622358618658204 -0.25836228141209977 0.2807122773155902 0.11036984839364636 0.32231435330255004 0.06190914048417911 0.01510359726636053 0.33262182875146645 -0.16270140017832438
0 8 -0.03416967821027323 -0.15498493080093897 -0.20632650071880573 0.16095929691194474 0.11952044553202087 0.32446195180234116 0.1317129886866019 0.09124637112222984 0.1908584515704657 -0.24824291886115654
0 9 -0.11627817303748983 -0.11971306007102504 -0.1434952998410861 0.24268903044046877 -0.0018922178729327414 0.12257246271884834 0.07923088195168895 -0.048023755172992455 0.09311900224302286 -0.17621235485511882
0 10 -0.030606853443810405 -0.17644832530848564 -0.16432537988126428 0.21606833784378446 0.00477788619161286 0.2722697061182752 0.1284275245052655 0.06503490914285008 0.12120434214628498 -0.22931624878076398
0 11 0.018358657233041975 0.030533646856286876 -0.19539276426109423 0.08655189642483645 -0.027271242851061018 0.011495626236828775 0.05081205370386805 0.1035506775771676 0.14959704845156024 -0.15741424297149048
0 12 -0.02518398444439755 0.055901080156882714 0.027864196530152624 0.09366453959397168 -0.08547571222120708 0.07797660252226499 0.05316966314938685 -0.015314897888778597 0.0035886717782209485 0.011318442508531734
0 13 -0.012915074027327196 -0.1643305475986394 -0.2372478506880129 0.21601251553511586 0.008687661546794602 0.3793616930749298 0.11321685987038692 -0.037257630221370665 0.26434192934780587 -0.20662966907878524
0 14 0.08691618178094022 0.3418901764722604 0.6974282235642496 -0.9918769710792158 -0.26610622999571143 -1.4355467473503796 -0.5807062380516259 -0.2455774752760151 -1.0340573230127221 0.8645569356877837
0 15 -0.024556632090495866 0.1954939922368663 0.21134021596532632 -0.39242019633580105 -0.15451946081742743 -0.4337820628524486 -0.29070049683008475 -0.11763499175136649 -0.4445378752699035 0.28117058038944603
0 16 -0.031330636946197726 0.038523683651120535 0.0015679099657953598 0.0293011800325348 0.050823889268754925 -0.04680311927005291 -0.0771910116277589 -0.08513987234199927 0.022170561706980903 -0.10453485899270501
0 17 0.022557921643620395 -0.14111856171654646 -0.14964828705113367 0.19388916787489346 0.06877113432677925 0.3015218988397421 0.15203691389676727 -0.06269464607882101 0.29465842125143843 -0.2893879831479788
0 18 -0.025426621353984602 -0.07403922827652523 -0.022768953021572835 -0.10446920949880822 -0.006528095080855901 -0.06693872297334226 0.01816627772311165 -0.03695610084385422 -0.15477232846799488 0.0684345191293492
0 19 -0.009284598614988177 -0.2245151716862808 -0.28442122467019887 0.24968815136963377 0.13005127408710765 0.3792528788231066 0.1989277793232915 0.13620202495933675 0.43997513657028275 -0.36902164758430434
0 20 -0.12463279674139387 -0.1760386269746374 -0.29684187899439746 0.3096213887225735 0.01587977599093673 0.39998809634073057 0.2697041422733582 0.15506324942101163 0.24662354204475556 -0.3762484418189569
0 21 -0.058080518699815196 -0.08459650239404845 -0.06630534808629629 0.17325388527475807 -0.06754424086750205 0.2666673869276693 0.09471582566505174 0.07983645437787537 0.07755680055766902 -0.2427774551414164
0 22 -0.008352489039896674 -0.14394397843699255 -0.11370556241176483 0.02462409380471833 0.10768951510182746 0.1594967439431272 0.14859505391956515 0.08510276551793101 0.026837599560685994 -0.04875345001031324
0 23 -0.06871988848355856 0.011828016242697114 0.13085219440587278 -0.07838169946716625 0.06311076466583276 -0.14752072670631702 -0.005399828746883182 -0.11022266434230345 -0.14559880165364328 0.07488010197910103
0 24 0.05485725030397484 0.0884939618632464 0.15476266380238085 -0.10017387828084688 0.04341947272872768 -0.22920939191103695 -0.020459990320296734 0.03725099456007141 -0.05834444895785308 0.09594884600152753
0 25 0.05171141526753452 -0.0037962912951137115 -0.1114312977292098 0.054760178323175694 -0.05231658057300953 -0.11309495223994441 -0.014036492217874267 0.054676384218127434 -0.08992545145981956 -0.05438420297893872
0 26 0.07777065660578586 -0.02437139409853113 0.05417838483049122 -0.09590459510399557 0.08663841363763927 -0.035133132158584254 -0.050579208135546797 -0.09581650262354353 0.0065928610533293065 -0.022514449332733208
0 27 0.02097478550104795 0.13626307007334054 0.07674921697522358 -0.011168999608879323 -0.01908427096563466 -0.0831915798657042 -0.0818253841026429 0.009980205222697647 -0.004365412051063165 0.1824917680560447
0 28 -0.05316350165602567 -0.023403215228664967 -0.015562097838281755 0.009719368797889474 0.016211715207208106 -0.07428845829287409 -0.08095231297823781 -0.005836270141800411 0.07723030326370829 0.08934539044790946
0 29 0.09685544955122816 0.035098559944513524 -0.025743511416566053 -0.11504523898304254 0.050697407203849514 -0.10274661048359525 -0.011659417282793292 0.06886211604979009 -0.004013899739434839 -0.10485811914950416
0 30 -0.07675967091081172 0.11044365448794595 0.16427748085892122 -0.22176052383727718 -0.07725117843478724 -0.4157152371697554 -0.1352723679040426 -0.0830658686274698 -0.2749394850605783 -0.008939008793485793 -0.5650115044969033
1 0 -0.3486677426777061
1 1 -1.0150329610846265
1 2 -1.5884281409371004
1 3 1.6042307146998864
1 4 0.22856520683584433
1 5 2.16092498967213
1 6 0.8821522294282509
1 7 0.18243887546277207
1 8 1.6762726045287306
1 9 -1.7799497135690447
