## LambdaRank
## Epochs = 100
## No. of features = 30
## No. of hidden layers = 1
## Layer 1: 10 neurons
1 2 3 4 5 6 7 8 9 10 11 12 13 14 15 16 17 18 19 20 21 22 23 24 25 26 27 28 29 30
1
10
0 0 -0.06585288072460904 -0.060182923394593545 0.028514897152718984 -0.09569846561650473 -0.07286778738972045 0.0038786406495490253 0.06922638696855372 -0.0015860717101143088 -0.09009336099937919 -0.06141181246904359
0 1 7.866458591634083E-4 -0.08301509394395569 0.07939724631607151 -0.042484933893119366 0.028602115147078448 -0.09686128009250618 0.07334035412901721 -0.009838286219695683 0.08921470454298694 -0.03668051171393524
0 2 -0.05738138207738375 0.04924328821670199 -0.016851267861450112 0.03978305985725665 0.07971752379664791 0.04118825587516246 -0.07941753687834145 0.07701787014991077 0.046639822384027314 0.07589442153801372
0 3 -0.009020313365955903 -0.07264425358249176 0.013816656774937439 0.08832350642361561 9.278232215519145E-4 -0.043568740190976 0.0491860111242574 0.061742445501872266 -0.06308616503085245 0.07857349116851413
0 4 -0.027671852321167204 -0.06448580764294135 0.08140731729948086 -0.09958892884781044 -0.012893029398125372 0.0395003374234755 0.004248448653131749 0.06160137053322699 -0.09943739516427161 0.06140523512311485
0 5 0.0631035800618236 -0.051309944551288456 -0.01403833207585935 0.012698173736675642 0.01716708328419904 -0.03650014037374217 0.0217586255555588 0.007571112507111523 0.053688800465342704 -0.006594843659988347
0 6 -0.043351380210985016 0.010189635928607211 0.07864845817191815 0.017373449133439505 0.06578426328296935 0.051314610911670624 -0.005981716390866259 -0.02049563278633325 -0.020245646375723722 0.0471690503654961
0 7 0.08994762537223759 0.014618579951746211 -0.00932763360937394 0.06349743393340422 0.04799734874084755 -0.002727895556831355 -0.08846172959749765 -0.04836745646996199 0.0908567394522001 -0.07740317104889984
0 8 -0.04410211748388685 -0.07652914287344419 0.00873615797149782 -0.08542408205607577 0.06929719127143716 -0.013064302285310596 -0.06485848061202008 -0.042115649161110054 9.190288320903146E-4 -0.0014896216967196937
0 9 -0.010326276543022449 -0.07453943600489008 0.07571858734913889 -0.027631606362567014 -0.06738904347925505 0.07480798623188614 -0.05809180594472218 0.09301620495297454 0.022696660160529375 0.034966085830420886
0 10 -0.012049071705076526 -0.054532830159748955 0.03662528962047198 0.01675592915857692 -0.021897330136953247 -0.052448565782927975 -6.00778352948108E-4 -0.0817799486369129 0.01362192772842167 0.05439967296808668
0 11 -0.0688246328827521 -0.07125186124674024 -0.09384220480699705 0.0877219984695222 -0.049791448412937284 0.07721671350619186 0.0016065922525036874 0.019801846089749508 0.06740872995242528 0.09200341094042627
0 12 0.06385421135840352 0.07278950663723383 0.09213815618017539 -0.05732021142519255 0.05586823049460969 -0.02675242431096847 0.09836275341981679 -0.05987565743335402 -0.09432587487126957 0.07367514811532286
0 13 -0.025855873455002627 0.03657719092886194 -0.03241324944557033 -0.03364905410462904 0.010430350714287282 -0.05909560482345552 0.08409281231370193 -0.03399070888974652 -0.0014947172918774031 0.06479341611600337
0 14 0.0776005256699949 -0.08267027545011699 0.003211242147746507 0.0893866859712784 0.027038580186530152 0.037395026389828875 -0.05920462389570346 -0.03478015540272469 0.01577678294593053 -0.08407010817981776
0 15 -0.0513877484023031 0.07523797176449486 0.004415527444027834 -0.08971930602756055 0.09819288525961749 0.0647865590211726 0.012723792538381098 0.08787843120622643 -0.01838905277016906 0.05875124071549297
0 16 -0.07588282572401725 -0.08803027546704022 -0.07407252033976372 -0.004596331413208388 0.041531442536504586 0.07369761076040286 0.017391731406163083 -0.08734038401816016 0.05829834443837645 -0.069724657979303
0 17 -0.044524160337698813 -0.038954056557888535 0.0027568908322382676 0.013102087497353573 -0.0032525718260449244 -0.032527592737636474 -0.006776756164694898 0.058551643886369534 -0.009429876743734241 -0.08710289964074981
0 18 0.0762754706051145 0.08539981978126385 -0.0033313866599760794 0.0014598000161080067 0.03744220976600761 0.05084055969116213 -0.0156408978089048 0.022574893535355727 -0.006517035943938121 0.0508118990011301
0 19 0.02043966265300861 -0.026980783508550907 -0.05686668726746773 0.008849315113632532 -0.022626930153485582 -0.0617865346179274 0.0476876499871737 -0.012489985131344559 0.06605834635297579 -0.04806351076283002
0 20 0.08668834553016055 -0.054711055178158406 0.049386899564556455 0.09520900688221506 0.021889763630354282 -0.02110333459101913 -0.007460339819600581 -0.016727451326682997 0.09829033222916746 0.08088908683421316
0 21 -0.04814363824689886 -0.060404162988940864 0.06557251345957212 0.0032621030538932646 -0.03589732157774302 0.09272899488558635 -0.0978480875657473 -0.022521525491555543 -0.07639801366045113 -0.07973855618296798
0 22 -0.06820325104447797 -0.017693240899136976 -0.09081356451381223 0.012413635448991406 0.02452138615868724 0.05558510750613278 0.06159384749718128 0.013270945616303303 0.028408680644736395 0.07029885845285629
0 23 -0.09601500997060954 -0.04301658776851493 -0.05269805405109788 0.0170097814397905 -0.08056506452483522 -0.09888826461177104 0.08037355522208997 0.04260026994302027 -0.09309388196176599 0.05883131043024449
0 24 -0.011918030069444871 0.061784923421035566 -0.09856964076875731 0.0795345418949319 0.06736304702067224 -0.013684190451143191 0.07906518883121845 4.92098439042771E-4 0.06435635591929269 -9.126419280229024E-4
0 25 -0.03887121643572379 0.04113277780922099 0.06422889292725001 -0.08093508767557724 0.0818316875723393 0.0037293238002613074 -0.0041452540234389 -0.08738935015297146 0.07877230614403731 0.010084205946836974
0 26 0.07570373932282216 0.009206972589751292 -0.031634692721983756 0.008822887021653375 -0.06770153588519195 0.0427267249881897 0.09208248089708118 -0.08391416954836294 0.06304779274476698 0.06451844941451478
0 27 0.011686373398482632 -0.08741527421313224 0.07060099587217385 -0.04199525810640628 0.0850264764053853 0.0941050198467045 0.07497504455947382 0.010709371805541457 0.09617908551824265 0.04746316986787495
0 28 0.008633345202078454 -0.09930426295206177 -0.09481083384656872 -0.02517928175946074 -0.08583407171230173 0.0757780079072997 0.00888488688357281 0.0031869490205297542 -0.08929748737983681 -0.0219481633281503
0 29 0.047650420128641485 -0.03829484554175788 0.0674188084410624 -0.0170330765412602 -0.060546991781896486 0.021064874947606796 -0.08216579445176889 -0.02543177644699801 0.09630813107973463 -0.07353207930610792
0 30 0.025117518269209892 -0.09451231469582669 0.06907582478323902 0.06020804044594534 -8.025542534665815E-4 -0.04602131158284149 -0.0639657585509144 0.058585483925985726 -0.07294585923692917 -0.025106178353843017 0.09734560549259241
1 0 0.046350568532944426
1 1 -0.0401459708809857
1 2 0.048271168023347966
1 3 -0.07816462218761328
1 4 0.0025629936717450567
1 5 0.02694821357727061
1 6 -0.08344490081071963
1 7 -0.02980136312544338
1 8 0.024575799703597904
1 9 -0.05311989784240669
