## ListNet
## Epochs = 1500
## No. of features = 30
1 2 3 4 5 6 7 8 9 10 11 12 13 14 15 16 17 18 19 20 21 22 23 24 25 26 27 28 29 30
0
0 0 -0.03549418526419027
0 1 0.010600275469503293
0 2 -0.02360683656560895
0 3 0.07115173882328704
0 4 -0.0987250281005294
0 5 0.06075725165603958
0 6 -0.03500375234441528
0 7 -0.08561425670026536
0 8 0.09353115042419496
0 9 0.02214127568512911
0 10 -0.04455917663193926
0 11 -0.027872347589668105
0 12 0.0829296687247615
0 13 -0.004182464267280456
0 14 -0.0762342915276192
0 15 -0.08160743863040046
0 16 -0.09762020384998785
0 17 0.024581144069789562
0 18 -0.08137448927075025
0 19 -0.0896080456689553
0 20 -0.09224702165821445
0 21 0.023432266509297486
0 22 0.029473406235959117
0 23 0.09353416340624526
0 24 0.08110499310489916
0 25 0.09174876059023818
0 26 -0.008851406637109375
0 27 -0.09313545934913917
0 28 -0.007543017001827536
0 29 -0.05903329388972074
0 30 0.0627795159816742
