## ListNet
## Epochs = 1500
## No. of features = 30
1 2 3 4 5 6 7 8 9 10 11 12 13 14 15 16 17 18 19 20 21 22 23 24 25 26 27 28 29 30
0
0 0 0.06426663703040694
0 1 0.018492637256158663
0 2 0.0992846780617193
0 3 -0.08512612368396313
0 4 -0.07787597317696775
0 5 -0.0017430899898964525
0 6 0.062428784347478165
0 7 0.06787990032434733
0 8 0.015560376567807318
0 9 0.034392585423260284
0 10 0.07372353782583378
0 11 -0.04710125238781236
0 12 -0.021657206853950665
0 13 -0.051275133323740715
0 14 -0.035707452829047436
0 15 -0.05618721586094515
0 16 0.01910567370343175
0 17 0.026885537831193226
0 18 0.07480074631950687
0 19 -0.05539500594203704
0 20 -0.03534120106663381
0 21 0.08689163482845158
0 22 -0.017109544875517888
0 23 -0.0933005758899114
0 24 0.0797886260561295
0 25 0.05063819294825372
0 26 0.03273934189593105
0 27 -0.08155762341513494
0 28 0.08647924089030196
0 29 -0.004483696733333501
0 30 -0.022355567663908005
