## LambdaRank
## Epochs = 100
## No. of features = 30
## No. of hidden layers = 1
## Layer 1: 10 neurons
1 2 3 4 5 6 7 8 9 10 11 12 13 14 15 16 17 18 19 20 21 22 23 24 25 26 27 28 29 30
1
10
0 0 0.09532301127910614 0.057623498141765594 -0.061879049986600876 0.045621879398822784 -0.002874863101169467 -0.035647474229335785 -0.07901055365800858 0.07372783124446869 -0.06408432871103287 0.07961852848529816
0 1 0.09957032650709152 0.05120481923222542 -0.046580392867326736 -0.018998777493834496 -0.03931969404220581 -0.053570978343486786 0.0560162253677845 -0.06282143294811249 0.008203047327697277 -0.07118424028158188
0 2 -0.030304020270705223 -0.02935045398771763 -0.09717555344104767 0.09887198358774185 -0.04635878652334213 0.011876570992171764 -0.06837988644838333 0.05069388821721077 0.0068954466842114925 -0.08689051866531372
0 3 -0.08052321523427963 0.0832761824131012 0.06984353810548782 -0.0979250818490982 -0.07163757085800171 0.046018533408641815 0.09358799457550049 -0.016033316031098366 -0.07736395299434662 0.0019634247291833162
0 4 -0.09751423448324203 0.0861712098121643 0.08448241651058197 0.07923084497451782 -0.07923021912574768 0.017678743228316307 -0.006617468781769276 -0.019659554585814476 -0.08735760301351547 0.06660402566194534
0 5 -0.021880149841308594 0.08865953981876373 0.021928925067186356 0.08779111504554749 0.030665123835206032 -0.09826826304197311 -0.0231968704611063 -0.005452835466712713 0.0759032741189003 0.0740169882774353
0 6 -0.014056622982025146 0.06237562373280525 -0.017777174711227417 -0.06545141339302063 0.0813014805316925 -0.05995435267686844 -0.07023896276950836 -0.060014307498931885 0.016576701775193214 -0.09393073618412018
0 7 -0.08762713521718979 -0.010486030951142311 0.08916594088077545 -0.024009764194488525 -0.03626071661710739 -0.027292203158140182 -0.08963924646377563 0.08945445716381073 0.09809649735689163 0.018725955858826637
0 8 0.06591099500656128 -0.09730980545282364 0.031366847455501556 -0.08449555188417435 -0.07140084356069565 -0.06508278101682663 -0.05657278373837471 -0.08099641650915146 0.05876021832227707 0.0955059826374054
0 9 -0.045288942754268646 -0.08031992614269257 0.0820213034749031 -0.09743820130825043 0.06394417583942413 -0.03924955055117607 -0.015045231208205223 -0.04400606080889702 0.0650734230875969 -0.07935820519924164
0 10 0.05479053780436516 -0.07676668465137482 -0.024493778124451637 -0.054809071123600006 0.054192524403333664 -0.02297195792198181 0.0944393128156662 0.050575267523527145 0.021338719874620438 -0.09194103628396988
0 11 -0.0798967033624649 -0.010532128624618053 -0.029145170003175735 0.05609813332557678 0.0482153594493866 0.042239099740982056 0.0028827607166022062 -0.0024088502395898104 0.05052302032709122 0.08321657031774521
0 12 -0.09167241305112839 -0.060748644173145294 0.06755965203046799 -0.04213622212409973 -0.08446235954761505 -0.07716317474842072 0.09224973618984222 0.04758168384432793 0.0010204017162322998 -0.002030920935794711
0 13 -0.026664763689041138 0.04689975455403328 -0.07411858439445496 0.005814015865325928 -0.001985013484954834 0.09815050661563873 0.04035700485110283 -0.018384527415037155 0.026651715859770775 -0.08927806466817856
0 14 0.07396833598613739 -0.011838734149932861 0.030107546597719193 -3.6194323911331594E-4 0.030464034527540207 0.011262839660048485 0.0973556786775589 0.097172312438488 -0.015127557329833508 0.023089641705155373
0 15 -0.08302443474531174 -0.007240676786750555 0.05512986704707146 0.016485918313264847 0.05270674079656601 -0.08327081799507141 0.033436525613069534 -0.07963667809963226 0.02405058778822422 -0.0029531060717999935
0 16 0.037695638835430145 0.09984263777732849 -0.07040871679782867 0.08910857141017914 0.08794023096561432 0.08402351289987564 0.005812746472656727 -0.059577398002147675 -0.03320812061429024 0.044520217925310135
0 17 -0.09161916375160217 0.03237984701991081 -0.049077074974775314 0.024015014991164207 0.0923812985420227 -0.018415743485093117 0.02563241682946682 0.02293926477432251 0.06133382394909859 -0.03133215755224228
0 18 0.008528823032975197 0.022914404049515724 0.05433303862810135 -0.03217700123786926 -0.04457759112119675 0.07057244330644608 -0.05517842248082161 0.005069625563919544 0.08768519014120102 0.09752801060676575
0 19 -0.04494789242744446 0.029357820749282837 -0.04098839685320854 -0.0043249367736279964 0.06331117451190948 0.0735938549041748 0.04667596146464348 -0.02885591983795166 -0.09074289351701736 -0.08715038001537323
0 20 -0.08625613152980804 0.05305479094386101 0.027138907462358475 0.00641057500615716 0.020923931151628494 -0.07558656483888626 -0.054546356201171875 -0.02420484460890293 0.08420184254646301 0.09281127154827118
0 21 -0.049550145864486694 -0.09352998435497284 -0.0371716246008873 0.08547338843345642 0.054315485060214996 -0.04957471042871475 -0.010385006666183472 -0.004369378089904785 0.02436804212629795 -0.03768905997276306
0 22 -0.08593516796827316 -0.08467172086238861 -0.045900553464889526 -0.0291731059551239 0.018190711736679077 0.09563859552145004 0.05572650581598282 0.09162396192550659 0.0523381344974041 0.0501139834523201
0 23 -0.0029586912132799625 -0.05606825277209282 0.07614853978157043 0.05652407556772232 0.06307247281074524 -0.08922049403190613 -0.03227871656417847 0.09500131011009216 -0.05222047120332718 -0.03594609349966049
0 24 0.0259363055229187 -0.03881831094622612 -0.09249760955572128 0.04437100142240524 0.08588330447673798 0.022489845752716064 -0.047312408685684204 0.024068349972367287 0.07552170008420944 -0.07870148122310638
0 25 0.08010238409042358 -0.01636558212339878 -0.00519949197769165 0.027649646624922752 0.0893385261297226 0.07505400478839874 -0.06689499318599701 -0.00442848214879632 0.038095831871032715 -0.06564588844776154
0 26 -0.09808175265789032 0.05277446657419205 -0.027423972263932228 0.09181246906518936 -0.08284595608711243 0.09678100049495697 -0.059333957731723785 -0.0487496554851532 -0.01522287167608738 0.026120472699403763
0 27 0.09742407500743866 0.08495639264583588 0.0822380781173706 0.0948624312877655 -0.061000049114227295 0.026273900642991066 0.07228423655033112 -0.03915206715464592 -0.08200167119503021 -0.07902242243289948
0 28 0.07823320478200912 0.06481409072875977 0.013129925355315208 0.082685187458992 -0.04407816007733345 0.04237290099263191 2.7602314366959035E-4 0.026827901601791382 -0.09891980141401291 0.07403057813644409
0 29 0.022685294970870018 0.08180485665798187 -0.03275526314973831 -0.06482020020484924 0.06024643033742905 0.018291687592864037 0.09479781985282898 -0.03845260292291641 0.06887830048799515 0.006797409150749445
0 30 0.026261627674102783 0.007175874896347523 -0.03971681743860245 -3.302216646261513E-4 0.010609149932861328 -0.010853004641830921 0.031058967113494873 0.09566393494606018 -0.08242489397525787 -0.07338900119066238 0.08923562616109848
1 0 0.03695018216967583
1 1 -0.08730058372020721
1 2 0.032193541526794434
1 3 0.09504720568656921
1 4 0.08257345855236053
1 5 -0.035515300929546356
1 6 -0.010450482368469238
1 7 0.05849029868841171
1 8 0.07383863627910614
1 9 0.024445420131087303
