## LambdaRank
## Epochs = 100
## No. of features = 30
## No. of hidden layers = 1
## Layer 1: 10 neurons
1 2 3 4 5 6 7 8 9 10 11 12 13 14 15 16 17 18 19 20 21 22 23 24 25 26 27 28 29 30
1
10
0 0 0.09344751097207918 0.04223951673266854 0.06215103229826484 0.08162895743946524 -0.06372279138677088 -0.013001006698816393 0.02715522783869272 -0.056704457418592286 -0.026806988201972765 0.09050978139364968
0 1 -0.09606962961364314 0.055532975547728014 -0.010711003668914613 0.09330204233999059 -0.010868973091232303 0.06103361502432096 -0.017766077814188822 0.07805449363746103 -0.08422765564869056 0.007579920349924362
0 2 -0.07935165737130132 0.09913174829244623 -0.038299130264742284 -0.06095683766758653 0.003954281239016928 0.07184484227134606 0.08138944729621508 0.08165849683416422 0.09944279934557083 0.050419914893583634
0 3 0.026624856170616766 -0.013357215322212316 0.09094341330955437 0.08620701270896163 0.057935345938974356 0.03692156560412262 -0.0979771070776848 0.07079755384386476 0.017466378192700367 0.03286189591139802
0 4 0.01949885316411593 -0.012737687004617013 -0.02288947620588659 0.09313470690044652 -0.02366313908491048 0.012767117354714932 -0.033489371890361545 -0.007037045029564746 0.07160164615979601 -0.022126655283814172
0 5 0.03382651335240489 -0.009566008474782225 0.08739637884287953 -0.07960829609048088 0.05768254253264473 -0.06161660197049126 -0.03463646452796812 -0.011893176495456048 -0.050129604143930265 0.06664677723347587
0 6 0.0900649774718516 0.07646619929602273 -0.05138218274476334 0.09735931577935467 -0.07210517927978534 -0.001242768521593876 0.099209696613119 -0.01820168446324129 0.05153801284425063 0.04947507471648883
0 7 0.049076660709808796 -0.03880297736842207 0.06829762759089969 0.08916666502057513 0.06853873010634166 0.030322268646220805 -0.07241620545172975 -0.006138239383384241 -0.09704766254693081 -0.06670286216791448
0 8 -0.04737125190820814 -0.03560414597538714 0.03695872038076162 -0.02848719837245228 -0.08757554529211226 -0.021477902120182205 0.022232748677730237 -0.021084750048275067 0.08143023164795415 -0.030986303714291095
0 9 -0.008648833555418758 0.013190130227007876 0.09314262346019409 -0.07113213184815129 0.0469461632681503 0.09807987119887672 -0.04084156324283432 0.05377473014388641 -0.021174148443175236 0.01998830229167682
0 10 -0.05814940889413301 -0.04772131050915681 0.09147135622520129 -0.07640051355270855 -0.046894202546460456 -0.04662220694480997 0.030138029233114517 -0.03418732055474898 0.049639903763125375 -0.05377567918199017
0 11 0.0233249714072032 -0.049954362904663985 -0.03581180171423202 -0.05092998844099304 -0.09835410504745801 0.08528779925974758 0.03352441078880595 -0.07564734310855914 0.048223593379796835 0.05018765224651005
0 12 0.042999849461181676 -0.0797519046956074 0.041326094556813624 -0.07972795260231505 -0.03268218163019094 0.07808322007216556 -0.05418893407431879 -0.08260081495748668 -0.059988190980803595 0.025936982636455237
0 13 -0.004873720700255028 -0.048755081701593164 -0.04934493269659664 -0.08235339976208177 0.04945744977223648 -0.014680346497833468 0.03300057238950899 -0.028912349181793747 0.07848424413649281 -0.021303409983958254
0 14 0.08778300692101275 0.00903069411555523 -0.05755121276500056 0.08781984319645902 0.09728014600485499 0.04959225670101791 0.07051689705030709 0.045791514494486846 0.03266830765226297 -0.0033762351155334296
0 15 -0.05949555779810748 -0.041692351252171814 -0.071054000762578 -0.02746476234582168 0.09696226553727227 0.0225143014201526 -0.0680841375039597 0.0729219690770456 0.0991335092126862 0.06986656348327588
0 16 -0.052315839808038694 0.01655928161574283 0.060137164171212565 0.019779670740596153 -0.04535501431818882 -0.005651226288660303 -0.08710742611272297 -0.05243472839750526 0.0896444213897064 -0.029247016511383513
0 17 -0.022757233201816857 0.08575094904995083 0.03139440112216187 -0.04739983677027104 0.07342322687840991 -0.02679725069993354 0.023171512182111886 0.02960448601656879 -0.09859531837481043 0.08017512099644815
0 18 0.09695505488590049 0.057861681554684276 -0.07295674943208898 0.09627086305056688 -0.01642704568427834 0.05543054199387792 0.016612808141850493 0.08646029058125697 -0.02856439997223705 0.0737670429876384
0 19 -0.06052527841022695 -0.0873416471541071 -0.025308573314045804 -0.06790350448981872 -0.03439587206842028 -0.07831314821811763 -0.07129072202807535 0.046689384673392266 0.07620256230881504 0.004654633386728685
0 20 -0.07231870966086305 0.04757799358712654 -0.09912103965541892 0.05136488547253407 -0.03524912815168016 -0.03811864614774379 0.0037352402792218925 0.04616071744198671 -0.02499229184461236 0.09002393824430413
0 21 0.08975078157597986 0.04581738753948722 -0.02456145901836906 -0.08654115304497184 -0.00937200214991506 0.07238835254565465 0.0974267184976113 -0.07757553276375001 0.08598877322767358 -0.019501919887228488
0 22 0.07445212910413845 0.07630583865000357 0.06299634031830953 -0.051669770119650814 0.02220094476649425 -0.01653035704587042 0.04538973580092756 -0.046644585862299956 -0.09833534565330473 -0.07864636416001418
0 23 -0.07110234949566033 0.015719638811949713 0.059953987562827486 -0.0721154397220787 -0.08684188327424185 -0.050004098092273824 -0.08535550460143997 -0.044354692049567386 -0.09348794579285155 -4.65183504568635E-5
0 24 -0.04595526634123794 -0.048763981808363596 0.012129351074178929 -0.09696211674470409 -0.0015187236586508101 0.061444350131231264 0.030322455615385983 -0.059212305786295945 0.09336484147439739 0.08549196995592408
0 25 -0.012386979118420792 -0.013285667198960818 -0.08041204722302285 0.01536633062443916 -0.09418668837361005 0.07415057263370983 0.09718410220707968 0.06953021556315618 0.04011126607730831 -0.09513706208873025
0 26 0.009607965356329944 0.010775878243476162 0.006550334612830982 -0.09596665561123637 0.013069334050348184 0.08957692842815773 -0.04637362025957317 0.024857048926936305 -0.04792332290175117 0.04369563513616403
0 27 -0.08356703629037014 -0.09007119548510467 -0.0017261547425185353 -0.07814257423883689 0.012513635449528758 0.0196166527440464 -0.03092121579528179 0.03303663144036404 3.217554909404054E-4 0.07839016058705373
0 28 0.06521211564540863 -0.017299700528383255 0.0257597453892231 -0.068595290184021 0.046401213854551315 -0.05012211203575134 -0.04773826524615288 0.09264442324638367 0.016248535364866257 -0.006438243202865124
0 29 -0.07727358841169849 -0.039453704919139646 0.09143277204877769 -0.0051786885324674615 -0.022381540539499846 0.08375359995733886 -0.05393728146293604 0.014991139400520534 -0.08441805656202436 -0.05743489312061673
0 30 -0.07175214541541906 -0.007797608760297863 -0.09898579562894579 0.0542408982243097 -0.006969763737803554 0.08575848136255135 -0.032309397338828434 -0.07469390023554362 -0.09054226265720552 -0.026575235571931657 0.08207495510578108
1 0 -0.04070919007062902
1 1 0.07889896631240954
1 2 0.012768322601914359
1 3 0.05462648719549111
1 4 -0.040182750672101836
1 5 0.07062144577503335
1 6 0.06385191529989322
1 7 0.08953587710857436
1 8 -0.08638922870159235
1 9 -0.010072981938719921
