## RankNet
## Epochs = 100
## No. of features = 30
## No. of hidden layers = 1
## Layer 1: 10 neurons
1 2 3 4 5 6 7 8 9 10 11 12 13 14 15 16 17 18 19 20 21 22 23 24 25 26 27 28 29 30
1
10
0 0 -0.27678137408857995 0.17387390503450414 -0.1651187550631678 -0.21204354050574437 0.0637602744478757 0.06879685029347755 -0.184690156785661 0.05089994829340513 0.11140768748207837 0.33917991654935664
0 1 0.2119800347194714 -0.128318894925481 0.2456770811257053 0.016202295994234873 -0.01418150720700044 0.014593434410135747 0.04544087330668726 0.013994505325215713 -0.2215074020835651 -0.23228513691746439
0 2 -0.4568964357611335 0.20678445888576322 -0.4617581155832893 -0.26714423098593165 0.20922663297336888 0.14943251031745697 -0.1032024624019124 -0.10791978717375734 0.40476279303334245 0.6015048560641297
0 3 -1.1480714920140482 0.5762925407900532 -0.92247333854591 -0.4566301731721481 0.5170655445387786 0.17389526513762088 -0.3500099108199458 -0.1469432564904084 0.8125136923590942 1.1052836738231269
0 4 -0.39262960775635 0.2485326457232926 -0.3931395673893535 -0.1847070471768361 0.09950041500955024 0.10060260232024583 -0.08915923438177298 -0.11588199898090336 0.3646105248740061 0.49409624960288623
0 5 -0.04689431983205836 0.038659758307996776 -0.14522730438793138 0.015530584087444612 0.02009271762704389 0.09733395328975465 -0.0023605848833806536 -0.10417373279488362 0.07269316010447623 0.15658154207278677
0 6 -0.15309910935495996 0.013610097593051906 -0.08997031488484143 -0.0769923596567267 0.12708621857815672 -0.04610818980875295 -0.1049970118652411 0.02484142058215277 0.005891065994949263 0.09324179458572189
0 7 -0.27019297410624776 0.04872022501462632 -0.2690823425480269 -0.1409840508860171 0.1718907458519758 0.06170130344043795 -0.053171144179611364 0.007663264467712086 0.28729814862243447 0.32801383685969066
0 8 -0.20806269814861236 0.21566819375544 -0.3319211808839929 -0.221290965294217 0.17010636305682694 0.06659125941383721 -0.14688806087369718 -0.03686739376714878 0.3021705437243118 0.3807792922816603
0 9 -0.1888036486040356 0.12336776432148756 -0.21324518492975647 -0.0012362692471059545 0.1474503560029536 -0.007860837878753564 -0.022142614637478533 0.03397115147440239 0.15046425563168916 0.11828554334078734
0 10 -0.2518967163537508 0.12494192083512397 -0.12365792877289507 -0.17189000535132254 0.1811247297551851 0.09347638950034365 -0.027402417720682942 -0.0814824235113679 0.10093390606889902 0.2397810557092896
0 11 -0.2653299638804355 0.038435688704772465 -0.20868982426713348 -0.06169863776394263 0.1467147479898388 0.07704600173214622 -0.045902118952236254 -0.04531207784489517 0.14146785902237585 0.07984014391594954
0 12 -0.02531726436301651 0.061094049069589006 -0.10741430776378406 0.013999778485213636 1.683628963092345E-4 0.06687967354235562 -0.0989904598290696 -0.021360027984048385 0.026903904137105302 -0.03801994456664562
0 13 -0.25965630111570387 0.06100485514792698 -0.18290442208863822 -0.05613134372574967 -0.0064628480561118445 0.08082721094164239 -0.15566848441464576 0.03290488634709115 0.14277818862962297 0.16969924065115866
0 14 0.8701059400214701 -0.4094716630281011 0.7273424818527378 0.5469360577299257 -0.4070925080678072 -0.18108495096521257 0.28557820787723 0.04262930380847695 -0.9407746259815778 -1.1873726610066038
0 15 0.18733869305929796 -0.14780993015681132 0.20023266142732815 0.24376275582864715 -0.16609314498182692 -0.05446945836000285 0.16744498751297604 -0.03308131887548912 -0.390916167968251 -0.502666936641619
0 16 -0.04578101480128785 -0.06021111802868074 -0.023516461775649863 0.060308125352745226 0.004125152533853667 0.026676311871458646 0.03450421094982833 -0.039070700109756225 -0.05090660523740215 -0.018166129675406872
0 17 -0.1821548492350207 0.07166596121882494 -0.22797130931630358 -0.1489724156441228 0.0652955870358838 0.09637436849810121 -0.04654269051007875 0.03888101707278747 0.19234009365065416 0.1725910452927198
0 18 0.04425639763386616 -0.1410531319776228 0.09662829541081955 0.02099297129538886 -0.13789637322057374 -0.11683584051780355 -0.027453534918568622 -0.08596208046340946 -0.05806813008570994 -0.11044854941247693
0 19 -0.41582200039837336 0.2698114173409253 -0.3615152031620878 -0.2409015683552913 0.17732605344956698 -0.0196352449909619 -0.13687359732331866 0.007488119716234263 0.34239463567715567 0.4058695765710567
0 20 -0.3639821498842637 0.1696260968622662 -0.2562008204801982 -0.10754152785034263 0.11234047895916244 0.10839110347993121 -0.032501489481160085 -0.0927335330762546 0.36198707350852877 0.367473087648355
0 21 -0.2591400215689075 0.04150980786664295 -0.07955935258019925 -0.15034704396914536 0.13660301178185932 0.09383370785489603 -0.11344755643986659 0.06838939501157854 0.10767292582844085 0.21697639560105245
0 22 -0.09362991002098575 0.094930328956433 -0.20461254680683355 -0.012545093487007282 0.05409569006472193 0.013233556930913385 -0.09350873503296751 -0.06726669700812156 0.2008010257570355 0.08114132909823606
0 23 0.06594504807893743 -0.07936859656776706 0.012462362593051068 0.10415012456580738 -0.07333108719588582 -0.08553868569352895 -0.048102762697667494 -0.023121879595846374 -0.09621198721466617 -0.029783070109141555
0 24 0.12450714730288379 0.004662742065140677 0.03956215101522296 -0.06829082758050722 0.06636885190006303 -0.03557767626465432 0.03217131374949583 -0.018401439621749636 -0.026981534547072673 -0.05998534486867038
0 25 -0.10506864892696177 0.016835135576442138 0.008982207396548099 -0.007810949973496143 -0.06203624136055318 -0.06839705386285853 0.024552889022510627 0.06097375593878357 -0.07094877535848675 -0.10677726589305393
0 26 -0.0036634804763235416 0.03664817599817894 0.09401830492893515 -0.025229946235029676 -0.03759182718425569 -0.03936321199511988 0.003333572132073108 -0.03526953616523597 -0.14503153619767212 -0.146031746839143
0 27 0.18560786166408325 -0.11345226908881745 0.11413229026051411 0.08903681415735416 -0.029258084603855393 -0.06931716728053096 -0.034973242274856 0.11067370837098102 -0.016678658726382023 -0.12695133617310508
0 28 -0.10215986554190852 0.04125147201503362 0.09500175539693716 -0.018351087799420393 -0.015706222828501138 -0.0759254210842994 0.017428252773587106 0.013255169443148229 0.06463147866514773 -0.060732140618722334
0 29 -0.05579312373558505 -0.07685319994976006 -0.16853129023736146 -0.13530426377418664 -0.022656333271979065 0.04168349506642528 -0.09423376992479585 0.006882333369817214 0.06291374903358268 -0.12565542753741143
0 30 -0.018801382826614553 -0.10798140922188106 0.11492014945296194 0.02559055879771545 -0.07229999207494572 -0.04122348574563362 0.043677306539311414 -0.04700199756528686 -0.1274337938292137 -0.30127403314933615 -0.43764971915999124
1 0 -1.878564587764582
1 1 0.8095754412315883
1 2 -1.686412081453823
1 3 -1.0868536841901364
1 4 0.7099845998786217
1 5 0.2486806133008491
1 6 -0.731444339635626
1 7 -0.309103516627638
1 8 1.4882690772795293
1 9 1.9462723837461664
