## RankNet
## Epochs = 100
## No. of features = 30
## No. of hidden layers = 1
## Layer 1: 10 neurons
1 2 3 4 5 6 7 8 9 10 11 12 13 14 15 16 17 18 19 20 21 22 23 24 25 26 27 28 29 30
1
10
0 0 -0.026516810736658347 -0.40651672274107353 -0.2175294889959182 0.15506082383046627 0.057505787789406265 -0.29478325854678183 0.17437316678852585 -0.2327163344148394 0.23044352091975276 0.0195824026196878
0 1 -0.04419974236552936 0.21803036953122687 0.03239638706420257 -0.06250090877525709 -0.09858530424889067 0.1870986131948655 -0.07240873724645154 0.07973866959788084 -0.22489913408910925 -0.05777018986475025
0 2 -0.08109301172563929 -0.6267088062901511 -0.15970660205159665 0.27294282675064646 -0.016294477224201465 -0.3089227723596703 0.4215320471158776 -0.4643222409539473 0.39639881384408227 0.08717504670692722
0 3 -0.04127803783795611 -1.3390832786589717 -0.49941991856366713 0.525652371168656 0.11183779756365364 -0.862461522917581 0.8319217311830533 -0.899707388176155 1.1996121253517718 0.16754086257653064
0 4 -0.012194956925064148 -0.5130307175388903 -0.17276073709149783 0.24875714060317733 0.1272310148440572 -0.4206915212072525 0.36548514384789055 -0.32153333943360474 0.39891709066074194 0.07566889684945388
0 5 -0.038578923280973815 -0.15511888051441575 0.052650590155673894 -0.010523556074630918 -0.07568417443539782 -0.08543744150547303 0.03200235360783308 -0.03608104648489598 0.10349644879016899 0.055023443063296436
0 6 0.0730821192203159 -0.13789737791393902 0.014120460960294916 0.1560765704924316 0.0156132746071604 -0.10665783894629222 0.07456328427514357 -0.044749065322627034 0.03894149541140367 0.055689885965074105
0 7 0.01808922889731323 -0.27492845765512347 -0.10330537410067793 0.13215889187566998 -0.022600492619391902 -0.274208867485793 0.1181986527083323 -0.2559066720960866 0.2997104266911044 0.06359634334543325
0 8 -0.03446555009410558 -0.3317841552211054 -0.1718861626761687 0.09800680285785268 0.09912268051995969 -0.32296513880718086 0.2612872980970634 -0.3495791800762098 0.397316075914689 0.14004829903323357
0 9 0.0779547232904574 -0.2843006455594666 0.019499358655807354 0.037829365171401695 0.022730627178931005 -0.19777865167313685 0.1881505416406232 -0.22559977951604657 0.11628934001023188 0.06414349669848933
0 10 0.002806634913312009 -0.3151572087090537 -0.13865591586595236 0.19795596265300067 -0.018266605748959393 -0.27670301117314766 0.25564180553891397 -0.27928268607553824 0.28168978236598224 0.11030110773015116
0 11 0.03306581003666617 -0.25135124648823726 -0.13882832189954314 0.1695725712210496 0.05079203588893288 -0.04393209433536221 0.08123987949948976 -0.2195116697015526 0.17839994856860295 -0.007369689475009995
0 12 0.08366830678703123 -0.0839906462665165 -0.06058498905180627 4.139395114381251E-4 -0.037825932522208706 -0.07352067049853436 -0.06253349431580264 -0.030641079394224915 0.020861011159868156 -0.011996975269226016
0 13 0.07364583274905198 -0.21830200650035117 -0.036257537338086725 0.15182181707152048 0.07293310617383726 -0.1985178948982985 0.2649728668117116 -0.12914366469066485 0.3267636154510363 -0.05756194745917885
0 14 0.04927154821459654 1.2037329650107578 0.49551464155148073 -0.6845243595788238 -0.026227793946607684 0.8380184469208509 -0.8158123087504425 0.8342938098351957 -1.1305643284622957 -0.2160065474235447
0 15 0.031570439537702985 0.2567126515131097 0.12402657710893998 -0.10271297970330093 -0.03811580788245271 0.1703869002230816 -0.22078256041736102 0.21037872202051394 -0.4457488488346953 -0.050352176367368454
0 16 -0.06363504017440264 -0.05589740104984443 -0.039775341510652505 -0.03377717912115119 0.07955332926121994 0.008428662114494757 -0.06272894627531818 -0.01833268792311913 0.12237180666434257 -0.01218815654104346
0 17 -0.06175429513220451 -0.38741262687515887 -0.09085022191127748 0.1813511071965343 0.025718583426108395 -0.22161129286382164 0.27909161987549913 -0.18769287026726 0.3585296212383692 -0.02190868504049216
0 18 0.005952764148882969 0.14279020375933632 0.044574746370070424 -0.0021874942072696857 0.01824107575795794 0.11795879364415693 -0.1530153860712683 0.0386039125089827 -0.146340898578965 -0.08010201343690876
0 19 -0.005943245126240141 -0.5621399204780173 -0.17643608157657867 0.1816090124397984 0.09457281903728 -0.3404094823998749 0.24496579819829215 -0.27879032439093726 0.4654652718516811 -0.017461048781776387
0 20 -0.043343025306108146 -0.48727053394179337 -0.10838158522030712 0.24314682196771825 -0.021123921855378203 -0.40856236365035825 0.268554130816032 -0.2670458414939814 0.4788836068288694 0.020113511903701385
0 21 -0.069832991388252 -0.22994438318731888 -0.0672352582141112 0.07551316516651244 0.07287114151740867 -0.2473679709677652 0.12296754270756276 -0.249194340098523 0.11247349903334629 0.04499661661085359
0 22 0.04436979816242292 -0.1592214000752961 -0.14697536739266326 0.17702314990329288 0.08695436906069752 -0.022965243637623946 0.05437197827367879 -0.08228649635760796 0.13571525798207915 0.013666232626881306
0 23 -0.06570231005492969 0.17932263349348654 0.08931465086928468 -0.014536035523402909 -0.09927850141969644 0.021761966206159795 -0.14341717070874557 0.08618139659202571 -0.12908194889964925 0.06095091186197295
0 24 0.0292653296963232 0.09243612802549028 -0.028121902320752047 -0.07243267659040445 0.04337869812508111 0.0756319151404909 -0.06618775416834859 0.12277615215260201 -0.14692199778039303 0.022470107045938728
0 25 0.05525781735829171 -0.21598068423689512 -0.11555751238559857 0.02385922121444066 0.08642847250946148 -0.018960728556493292 -0.05452346696512201 -0.06423548612845 -0.07673436621845912 -0.012168641460532504
0 26 -0.06500519136717535 0.015843229210154706 0.08674494844933693 -0.11696631093915624 0.03168143257634603 -0.031441669464777104 -0.09504497207643552 0.0329186686396112 -0.09841358735437701 0.029035090220733632
0 27 -0.10055140094795209 0.2132215500342075 0.06994598261114417 -0.002783103275362667 -0.09132241431265117 0.04990476840274284 -0.06883430257714368 0.15702957145881621 -0.09206080271992235 -0.003898645284324603
0 28 0.004870545048588068 -0.085231372780889 0.06586463725905439 -0.011597353086384711 -0.03701547820411411 -0.06853194582013998 -0.06135515138292902 0.001907547997749118 -0.04843750272016795 0.022014953318945266
0 29 0.06633101807215475 -0.20301592747508404 -0.12546459264356233 -0.03846446459351284 -0.06649602524484606 -0.055346212800762885 -0.02123540573456847 -0.0032172104053292344 0.02567981445053878 -0.05183564745091833
0 30 -0.012744823611110703 0.031140407491545185 0.11071090336540822 -0.05356466199271112 -7.159821996084505E-4 -0.04479751592597474 -0.06265095502776004 0.09851585839552635 -0.1844009361102423 -0.060563186439979724 -0.5179150896909993
1 0 -0.1908295863391317
1 1 -2.3136650877960783
1 2 -1.0010649191378291
1 3 0.9645616052004299
1 4 0.0642190047492637
1 5 -1.695530259561538
1 6 1.3735588850409954
1 7 -1.7089661009259296
1 8 1.9718169134909707
1 9 0.1913834911593407
