## RankNet
## Epochs = 100
## No. of features = 30
## No. of hidden layers = 1
## Layer 1: 10 neurons
1 2 3 4 5 6 7 8 9 10 11 12 13 14 15 16 17 18 19 20 21 22 23 24 25 26 27 28 29 30
1
10
0 0 0.11238353367377867 -0.009395481598502025 0.08557354423711454 0.2231931528512272 0.1838618553055356 0.053861649000533945 -0.19507137298263744 -0.041416302372982335 -0.14047042653740516 -0.6097215054016587
0 1 -0.05821436828450276 0.03170156516116492 -0.19125343467691816 -0.03529531874164763 -0.13041326626313968 -0.047472286480626326 0.14758435743898354 -0.06535402817839671 0.20166240481282818 0.3897375932179351
0 2 0.2005501184654502 -0.19554880916390785 0.2534214769746262 0.2881143062833698 0.22610779470568937 0.056708365954352725 -0.3363310749256478 -0.04211088506367339 -0.39009932679871706 -0.9295949877150078
0 3 0.4299235238708021 -0.3340615198514672 0.5631387387069874 0.5531211440825313 0.47815042191200935 0.09474828809304082 -0.9817508481818319 6.467300967108235E-4 -0.9360578202043734 -2.2816557149025387
0 4 0.12513574872544966 -0.14642084797646304 0.23287217060216311 0.22244571316527942 0.2971215888972404 0.04493380106989653 -0.4471909129903029 -0.01536153786739368 -0.33587414862560416 -0.7610327677995866
0 5 -0.053516530792286694 0.014611968553242274 -0.03623379557373321 0.03960199892977751 0.07985578923069657 0.002530683794770693 -0.05710355766372618 -0.04393013773517713 -0.05226758951321938 -0.20288526120415815
0 6 -0.00756491354870627 -0.022090243145849838 0.017103557372360696 -0.02934060738123242 0.05011424040036174 -0.020179701650796585 -0.12162423973958389 -0.06139358589511782 -0.15517807373514636 -0.20279111591398205
0 7 0.147569701957294 -0.10504011620605098 0.14102754430473505 0.21529880005229396 0.07065550907597784 -0.020709120315685538 -0.2034813978029977 0.07081871598499682 -0.2089314701423655 -0.6039376328022047
0 8 0.1489218147099274 -0.03812067590465746 0.2537249896235863 0.11043280287990695 0.2096489205842519 0.013307111894865564 -0.2965805619703798 0.05592729436572597 -0.26784564227817775 -0.7113164986890527
0 9 0.0734168358848022 -0.04966816652529272 0.029010939543954863 0.06310960369594305 0.10663380694163807 -0.0393713249304752 -0.20988247390487536 0.08283543840343884 -0.10513875334180664 -0.24800761358419138
0 10 -7.189807041567801E-4 -0.13269200639107823 0.05810061126891321 0.12207349849068828 0.10107153929422548 -0.05168212150465535 -0.19622978397174265 -0.06981729900612213 -0.14022290404414164 -0.47360413986012834
0 11 0.08837913850240353 0.05221618147632982 0.016473149767477942 0.02941793644981125 0.06933337167038038 -0.025335332107792836 -0.1260244852453532 0.04402120300129912 -0.08711299725634222 -0.31180580119916623
0 12 -0.023790887334161914 0.06517564884658615 0.06399266559301968 0.016465819123321505 0.08199572648044591 0.054034772163515904 0.0510801890615156 0.031407679474194886 -0.07912858468103762 -0.010667040425606986
0 13 0.07343600733887612 -0.08806395144919028 0.14038726804116797 0.1593247794565315 0.11771057415363374 -0.05579720512413991 -0.2840725853343352 -0.035627215430693325 -0.10640115884605353 -0.5229929561652549
0 14 -0.4763718267848803 0.40261945429907825 -0.6073001197194781 -0.605123065823542 -0.48926539878070835 -0.02602064441797233 0.6970177269046467 0.05679897622166969 0.6758188832577867 1.8912956229770388
0 15 -0.09187866612805483 0.062198896671300664 -0.2368283292658903 -0.2918170217317815 -0.28879637078134823 0.023267064635179666 0.3345528795512554 -0.05002704056859868 0.27923573354826303 0.6600379674906255
0 16 0.017902632156006553 -0.03308556973643765 -0.06715004855567776 -7.975954555457573E-4 0.05321855972573957 0.028221214856167073 0.03562462071088735 0.054356573900603465 -0.030055622875589827 -0.06052066160103328
0 17 0.08030897760917832 -0.06043551651046397 0.19546534680937758 0.06453839641771891 0.04920211295850799 0.09424867638856267 -0.28791737635071935 -0.06517822185492257 -0.27464364525099455 -0.4747428559994661
0 18 0.06568436910886506 -0.0738974102163679 -0.0914839894740995 0.053510391074202114 -0.08291175270228085 -0.02817759001322652 -0.06353191873140661 -0.05311465751887768 -0.005089557398653108 -0.04577394886124689
0 19 0.09745631513937389 -0.1356201891862527 0.13914307835452439 0.2842257025362601 0.1878647851007861 -0.09013100408880405 -0.2860516724484662 -0.09292907669009795 -0.3797509607539513 -0.8697628551204091
0 20 0.08870076935739567 -0.06261804268045924 0.28723617592759326 0.12383622674364266 0.19551268833675617 0.1005210384893676 -0.3590531241556253 -0.07047523216495111 -0.320934831565704 -0.7690422396488056
0 21 0.17512873288815584 -0.08997749722068188 0.18430147795275745 0.02391183222748214 0.19146072583026533 0.04740185096795541 -0.11723837641806914 0.07708751184625975 -0.1957099592892813 -0.4158813523406668
0 22 -0.02320713405309505 -0.0464113634031547 0.04075390541736374 0.09997905399202363 0.16531205875026886 -0.02424707544888047 -0.05407611316008466 0.0757739972801049 -0.10996677578208444 -0.35615247532875394
0 23 -0.11912931367522554 -0.01193979187347099 -0.08859453323606387 -0.11366974707121406 0.05457454416452163 -0.07581845757531286 0.07346571143524655 0.05383235347694433 -0.0072686145361742826 0.08956532555029663
0 24 -0.08847363761711387 0.054296094697819555 -0.11345524941255994 -0.12361059338078019 -0.02981761256131187 -0.03754118702717294 0.067832829572855 0.07623118909339821 0.08699479897808227 0.07074008922232691
0 25 0.035128822916662326 -0.10547220969341144 0.05087613736385931 0.06959885568052833 0.11089412886479376 0.047371289729090674 -0.1263152745305345 -0.08166885027105153 -0.15926797735145581 -0.3990750375199409
0 26 -0.08250991035808183 -0.0850254054209801 -0.06661118914108298 0.046998323290904545 0.01613336376770421 0.030548079652871665 0.09173300450930745 -0.0384208028329127 0.029828973972359667 -0.002478623279522869
0 27 -0.09617898583022015 0.07737969380375548 0.040113961149070274 -0.07213004622508531 -0.15163694775556127 0.09831761900011182 0.03452374754520745 0.04091398917565361 0.17228572484350796 0.2858013049375725
0 28 -0.06946807026193265 -0.010604580934560485 0.02771871606435379 -0.0970827536831619 -0.08531088172720593 0.015264554264987783 0.05269630497223212 0.08250642388108435 0.022726398209456135 -0.049948747655041384
0 29 0.02864743266224165 0.050223266191862716 0.021576139647903357 6.945736080126932E-4 -0.08034639966029172 -0.038735413165989774 0.008398402496078015 -0.02931300489200028 0.011475264622771347 -0.26067379996175377
0 30 0.006168582295152308 -0.029738570530899535 -0.1779174112051659 -0.05788451927671323 -0.09542245129640307 0.08464691739108571 0.08120955329118323 0.0643167096947886 0.06770500093425642 -0.033445552219167965 -0.2767414766095595
1 0 0.6685226829078996
1 1 -0.7301074038046834
1 2 0.9868875072924562
1 3 0.9672270621516691
1 4 0.8874091436806963
1 5 -0.01269713854245549
1 6 -1.6669182797390407
1 7 -0.16978989406326386
1 8 -1.5958836631450708
1 9 -3.3850971655377267
