## LambdaRank
## Epochs = 100
## No. of features = 30
## No. of hidden layers = 1
## Layer 1: 10 neurons
1 2 3 4 5 6 7 8 9 10 11 12 13 14 15 16 17 18 19 20 21 22 23 24 25 26 27 28 29 30
1
10
0 0 0.05659889342778511 0.08243888669608691 0.008090477093261723 -0.09408008321357797 0.09210335293824438 -0.022529023759796672 0.004162296958460021 0.08284894610766344 -0.06712861164663052 0.06707750678546678
0 1 0.06804599054274552 0.09406952074710266 -0.05919932438579452 -0.08942150488726935 -0.07534375012168287 0.09808099321035689 -0.06254070454605014 -0.05200892913905477 0.03511795752467526 0.08770267261204885
0 2 0.09673425355065206 0.05054765335614407 0.023728401525098777 0.08252353247927385 0.09723852807492298 0.07418916126332743 -0.047601861954756214 -0.06205665734233799 -0.08641295280609772 -0.06195869755220778
0 3 0.029689891104659055 0.08310339226207938 -0.06959760186123039 -0.0488028614651862 0.02864829967105364 -0.03505916121954875 -0.008182385835618677 -0.09844926270919666 0.02764473490182973 -0.021565086120206415
0 4 0.09626848784434545 0.014115629054762694 -0.07620142244069049 -0.03559417529322428 -0.010343791175704801 0.003416697319663979 -0.029543610620486438 0.009591659308305618 -0.002444236546299362 0.04891448409845936
0 5 0.002669956890113342 -0.08575302714548254 0.08491124348524423 0.0017945540960623402 -0.05389169116837699 0.044906618098796425 -0.08656993085675216 -0.07391060894559764 -0.014619972554972282 -0.07586076350602346
0 6 -0.06708140336646938 -0.04895580295059132 0.009390490660168213 -0.04555002677046652 -0.04188303320529965 -0.07347274725059996 0.04591987070281005 0.051602580500600244 0.006043574239505704 0.01540429771778625
0 7 -0.012246875591203837 -2.600867763107783E-4 0.043814703812589756 0.09855553014605158 0.08447345043513187 -0.054688937787242375 0.07716194106542441 0.029973468018974686 0.038492319106508195 0.04131573796991994
0 8 0.03604376727316158 -0.03815085778295976 0.0563903237799097 -0.08522806348368393 -0.03147922784109214 0.03177208139615931 0.037827081838781515 0.06953309889981295 -0.07325055116359061 -0.06933080710879505
0 9 -0.05791318375917246 0.0781161904729414 0.0027097572022255767 -0.0030489651459878 0.06162896071211156 0.08648161314385698 0.004235311857502314 -0.023276936973094676 -0.04864502300080234 0.011089766053245945
0 10 0.0182653312224361 -0.08321765967969522 0.08160115619076237 -0.014036064407988236 0.0032443189248701552 -0.028015637091924703 -0.04609557768027845 0.08705656774565051 -0.08436269867889216 -0.0871125291198304
0 11 0.001219837363875882 0.0063601095403811436 -0.08285139482783399 -0.014406845272424047 -0.0857796561665644 -0.05825965533425456 -0.0411767743277122 0.07652586362057331 -0.08694145087414563 -0.08434549324361075
0 12 -0.04657060223477624 -0.09670934418644726 0.03641534149096073 -0.08477254038322418 -0.008631799519075075 0.05878857127998734 -0.07097603134346578 0.047736204612184696 -0.06432457885215781 0.06393369632869685
0 13 -0.08464376343165725 0.045141450175503556 0.06878829991462528 0.011339277721784448 -0.0026859417475835613 0.04466109591819624 -0.07921975949374203 0.04345704160471939 -0.02862036360926726 0.04138236549841035
0 14 0.055083733084005666 -0.05593136297384424 -0.050662958334274734 0.004204941537445768 0.07841165798717642 -0.023187029918413166 0.04519610261610091 0.06625011172205672 0.044633164989772565 0.03152137306631369
0 15 -0.08227102593227599 -0.06148153651052942 0.08682963499474214 0.0434799292563751 0.019741179947439288 0.02521607436791415 -0.07383505543893945 0.03940088967125938 -0.07238506682405355 -0.03082385429608693
0 16 0.06618913128757378 0.0953395997860934 0.05360216578671351 -0.030810052959113685 0.023243137334892652 -0.05975218043358962 0.019382084034898116 -0.006911934098367846 -0.028573855570418263 -0.0861231140694596
0 17 0.08789862780381444 0.011460296474637735 -0.04269732003216523 -0.06302942465119868 0.0682030049247124 -0.09854957361039005 0.0965248144634804 0.05898933980442767 0.009072519166100228 -0.003390749285715794
0 18 0.01145278180084553 0.06539432238738492 0.07006711574851475 -0.026244924666602238 0.06892028291628811 -0.07762324368667907 0.024704916130216574 0.017080262790967127 -0.05515485984834008 -0.0017676800360441696
0 19 -0.028649551394387705 0.03743013877292831 -0.07521361102199589 0.012404411416355232 0.024678735314561863 0.09648044268860191 -0.06465752681509469 -0.015445803091752423 0.010767169124176232 -0.020139555979375133
0 20 -0.026543142343669685 0.08939402092155158 0.06689719641658803 -0.013493356707604914 0.08752693201192259 0.08806799283464915 -0.02325176967381745 -0.020137480218088852 0.09665368489148052 -0.08851300876736272
0 21 0.05194948289676472 0.06503448479644981 0.08817211644353104 -0.05878974401075618 -0.0829887462367929 -0.09122193376159575 -0.09116066796457317 0.0021527551846304608 -0.07645353119767803 -0.06563607393029332
0 22 -0.09685792492974843 -0.006453569188796971 -0.031927576266293126 -0.03431362125530956 0.08803904659813626 -0.09061792314634541 -0.07919404445201014 0.052866884835777825 -0.0937847303567485 -0.09362068551813385
0 23 0.07431168426316273 -0.004975100926762393 -0.0577881085568012 0.09570217042240856 0.019709587699445672 -0.048220969794152135 -0.09860728158602161 -0.09628449140233795 -0.03778750514500397 -0.09459846585347881
0 24 0.09627644316221953 -0.09873765798927699 -0.05379000781660775 -0.04117827202945752 0.061214921501686316 0.06806071051609042 0.08554287873011948 0.015380794227120022 0.02864222792531768 -0.0344135924817154
0 25 -0.09523678243372928 0.08885905204324616 -0.07446971898058243 0.012751451445627714 -0.031354712068286515 -0.044129269412662375 0.06729331150700765 0.0967320274901625 0.07829082876959424 0.0489249962142169
0 26 -0.05474451437675637 -0.06398501233758273 -0.03432987508744521 0.004752983464143053 -0.03255338682418452 0.09842250167370571 0.0604576896549919 -0.088160821440915 0.06040699526119472 0.0960039676358446
0 27 0.0759145051264771 -0.09527101453937596 0.0682623974961884 -0.07008914739081543 -0.03006351497566413 -0.034938596285014056 -0.0449320255883587 0.014065387206171153 -0.04507119226942113 -0.08815362410677345
0 28 0.012011381129782405 -0.010522801184609942 0.0074886185318513735 0.06687610527208804 0.06435637381557374 -0.09863546241257247 -0.08463212560164424 0.06033616532610787 -0.0017371447477009482 0.0244006072901123
0 29 -0.055504892163477974 0.052684344545612764 0.08540183630775684 -0.00198706712868591 0.07511864093483483 0.032191151859969326 -0.027809287097902435 0.008762201069032983 -0.037165940822343646 0.08985831316662386
0 30 0.027461628068411403 0.03850290802236599 -0.030986890275256442 0.014767868300820993 0.08260965942287159 -0.016886980124260185 -0.03767299345827558 -0.005892432049615579 -0.03542993157852036 -0.08790380150133986 -0.09067585319280695
1 0 -0.0645731911063189
1 1 0.021167118102312303
1 2 0.05840176343917796
1 3 0.021040230989456222
1 4 -0.06322054564952903
1 5 -0.07458901405334407
1 6 -0.08696948736906025
1 7 -0.005989432334899931
1 8 0.09455637633800383
1 9 0.0959397181868558
