## RankNet
## Epochs = 100
## No. of features = 30
## No. of hidden layers = 1
## Layer 1: 10 neurons
1 2 3 4 5 6 7 8 9 10 11 12 13 14 15 16 17 18 19 20 21 22 23 24 25 26 27 28 29 30
1
10
0 0 -0.06675009605404567 0.28958269719624546 -0.08088423148445437 -0.1677595971036959 0.30778188359821435 -0.28565497294278897 -0.19382436597325603 -0.2533630789235479 0.07989228859446389 -0.14105680639415358
0 1 0.10377428521580243 -0.28302902744221875 -0.017134569864228816 0.13348478837811942 -0.19609028262510528 0.21484007432892063 0.14085616950983762 0.1830989723940496 -0.007257835968876232 0.15327630892077607
0 2 -0.3065722984366797 0.5863203957732106 -0.048469058794135544 -0.12567599922539371 0.3984960270156069 -0.377150539558162 -0.27139073442813116 -0.45497021925259534 0.08781344012308322 -0.40027975859580306
0 3 -0.5515149266480106 1.3189120656550959 -0.1939460802118929 -0.4960649022996219 1.0817503872570935 -0.8264742904603231 -0.38238473913128834 -1.2083618087176096 0.2323801593470725 -0.8823545582259185
0 4 -0.18189341321246266 0.5522657758384042 -0.11064628250317617 -0.2587095279747775 0.3654813499208521 -0.2864334411237269 -0.1768100709332682 -0.4371558067912423 0.1537275437481735 -0.27072218644334595
0 5 -0.11535836135383097 -0.0032473652211376875 0.06443123803507124 -0.10892229518588695 -0.0466485607918967 -0.12592792477969778 -0.08010675547997845 -0.08152515678407063 -0.0784709384591277 0.00990029080928133
0 6 -0.10639750476049263 0.20050434998699518 0.05558959180846945 0.025156519969922336 0.027409316612130825 -0.06372998351823857 -0.09472447919295154 -0.15824339856442954 -0.05618841125824966 -0.15197153480329426
0 7 -0.032002869761845194 0.4003561184113913 0.059684407916479894 -0.028135122936869785 0.16687335408718998 -0.1717013119302145 -0.01223907499484592 -0.3219173867324613 0.051893772100174734 -0.29840105172763504
0 8 -0.18837673230451124 0.38945540060951 0.03234301560316733 -0.1272789476235273 0.367009888105468 -0.23925507615367175 -0.1933070598228424 -0.39481387231800286 0.13908967858160107 -0.23566077965358664
0 9 -0.060011882812588506 0.21399271032180747 -0.08833594343413062 0.013282883027457296 0.227449316280674 -0.05742919810596315 -0.1207639916086993 -0.12649730251820612 0.08956344670370504 -0.03601728565920523
0 10 -0.17139278614515646 0.2775109264123864 -0.07180640007100379 -0.08636624542512424 0.19250466908148695 -0.10862316966385047 -0.09058405535329753 -0.21247586107690997 0.06474450000978434 -0.08904441062174487
0 11 -0.09617697447962736 0.177062086412596 0.06862453590133759 -0.14261054800435496 0.05408318967063169 -0.0670767811078969 -0.08401352784571973 -0.12457527214568169 0.050226990322256734 -0.09132208627738511
0 12 0.048476827796104 -0.01402855545632596 0.06933734158441252 -0.07538018852703876 -0.06745424508562438 -0.10214281704454356 -0.006246592077697054 -0.14538925672373507 -0.008550966726972259 -0.05715224594979495
0 13 -0.1512437588575376 0.35999069733802885 0.06833694698111087 -0.015859257261565538 0.21579985875997967 -0.2645981673042421 -0.15609081805073483 -0.26801645471835145 0.12183026511613454 -0.2960160900077563
0 14 0.409608295359506 -1.4461303354288388 0.18149753465895313 0.4026766481867288 -1.0841607517134055 0.8634649818992347 0.43358211139035124 0.8973586117628366 -0.11288277336663016 0.8091033598549271
0 15 0.11662694480727553 -0.5131334277896504 0.012826719842806882 0.02531570149607084 -0.4205524739667539 0.1341086969863517 0.204772938317434 0.2861719624297443 -0.09926976008543245 0.25116126774020203
0 16 -0.06350594727539646 -0.043946276071426066 0.05545239816358346 0.02923247969002386 0.04491484577336618 0.07409852473643584 0.029290120454070825 -0.10067407299149697 -0.03095739151531491 -0.12116322237899414
0 17 -0.09000153267691201 0.25777276037519337 -0.054256248499263304 -0.03547573449986043 0.17291200392016554 -0.2088864297445198 -0.11643325585240953 -0.26350545920802737 0.0859814585954179 -0.18782765930696207
0 18 0.09615041952761773 -0.16000505333313578 0.0375056116173276 0.007113896280041153 -0.007336425725091778 0.030275709315307306 0.046500077084755724 0.07808556590219731 -0.05484136989406799 0.10015773134887285
0 19 -0.124761978127341 0.4651564307580108 -0.10173820823353968 -0.0531540032998479 0.39543096788385107 -0.359383816955344 -0.15224904104501882 -0.5043226220565006 0.0669947847256784 -0.4324342632491484
0 20 -0.21294465990876218 0.3736663419945326 0.027468569204932024 -0.21471890334503332 0.35010381673775326 -0.37791679255018584 -0.21332025075304087 -0.3429987362142972 0.08175720685956792 -0.4206187041657954
0 21 -0.024228436197523996 0.287687469465208 -0.05928615731160144 -0.08319958844066087 0.28911852436365737 -0.21015084266018266 -0.07843291057005501 -0.27024158840899404 -0.011397618000408298 -0.08875139696607277
0 22 -0.01263777669221154 0.202434903874122 0.044786771771349175 -0.057023268613217604 0.22701541882379256 -0.13188971711651923 -0.10209200740000841 -0.1654488953872671 0.1281755800299885 -0.01774738906674621
0 23 -0.0383821341329405 -0.03439179135400164 0.10627238505136498 0.0791747896865409 -0.012815585233303348 0.06376117343149126 -0.05094690303288007 -0.0014702975368728344 -0.058337089241438676 0.09126542262709295
0 24 0.13581097369365314 -0.11829613960934764 0.10548351994814276 0.09139552642125486 -0.14596595284970532 0.015114192410513635 -0.05110020080455696 0.1631926957214773 -0.07356428548679401 0.09813700930391783
0 25 -0.021528879154968487 0.00920740173629061 0.00799974767882315 0.016441892443153087 -0.008539604903159036 -0.1338033716505574 0.017741308434828094 -0.0991336923307217 0.09866032711719767 -0.12639658025862102
0 26 0.05827468607591624 -0.07162989140163421 0.10694191848345629 -0.047306256904965 -0.1959436357752262 0.14874082471323155 -0.026428768643198795 0.024480934595132228 -0.01563797164223178 0.03224097735579392
0 27 -0.033609807734805416 -0.2354284197614062 0.06351849636518508 0.11064845597381458 -0.14510659030519213 0.1635402448895579 -0.05364389244862976 0.1787745770543742 -0.06214461896129176 0.1787823220685328
0 28 -0.02183793407692202 -0.06544532987178703 -0.037208508018058084 -0.01691650115742088 -0.08581999732653743 0.07729302747892706 0.044519821058668405 0.00944023926160632 -0.04176345789774777 0.016254178541657838
0 29 -0.11428342048356427 -0.006050171506935874 -0.08764276108761011 0.04346476529154174 0.02421758047169112 -0.15952961587275696 -0.059478351123428606 -0.2503361789090572 -0.02070834014918319 -0.18004564663668315
0 30 0.008891561932482984 -0.24919187385658353 0.05674357278378839 -0.0606105197968295 -0.2731904138473156 0.012658242932001131 -0.02984700214990164 0.0667451724273591 -0.09153595854858385 -0.008500910622641477 -0.3066172565876989
1 0 -0.9902381874648829
1 1 2.333142263174212
1 2 -0.40159145610204056
1 3 -0.8693858381899804
1 4 1.812997222831134
1 5 -1.6227528413835928
1 6 -0.9283430657668643
1 7 -1.9800572562941678
1 8 0.30223545645395156
1 9 -1.6386526130116
