## RankNet
## Epochs = 100
## No. of features = 30
## No. of hidden layers = 1
## Layer 1: 10 neurons
1 2 3 4 5 6 7 8 9 10 11 12 13 14 15 16 17 18 19 20 21 22 23 24 25 26 27 28 29 30
1
10
0 0 -0.05831742487800175 -0.28054953341209604 -0.15036018147151436 -0.3166002746526141 0.2856670672136215 -0.09265812542120863 -0.10847038866016437 0.25290260961373096 -0.3631396496005261 0.3681102912049065
0 1 -0.05176560448974242 0.1493812804889749 0.04634772929386362 0.23985160631810665 -0.3100766112815754 0.08724231333964748 -0.053863438678474755 -0.06397442173073178 0.24831065793960153 -0.3344176436697022
0 2 -0.08306719500482632 -0.4365823135861662 -0.1366495585801867 -0.533517747033758 0.5653926433298917 -0.3057816148851839 -0.15176066591223286 0.25579279256691706 -0.5220410471836556 0.5938952400010782
0 3 -0.17181265071382076 -1.0208514215200153 -0.22981146177321615 -0.9871386224147095 1.0830766864941388 -0.572093500233622 -0.28068752425194193 0.7988573198261087 -1.202877438082694 1.3368497975914857
0 4 -0.032617615449481635 -0.35544602874865133 -0.15486247822436158 -0.327718503079739 0.49922643481439993 -0.3491335143301642 -0.16637966594563441 0.3916417319990349 -0.48208923070383036 0.5247994567539361
0 5 0.037103268602938354 -0.04672141039797517 0.035112225595322115 0.0077572246546129 0.04423484640098311 -0.07751986172946333 -0.019360802323588784 0.0672056019576107 -0.17643790949452612 0.09478932714130725
0 6 -0.040349577862592564 -0.08639561238347136 -0.03138693406871841 -0.015853658698780453 0.09007720317508668 -0.015763788570812568 -0.037067776289360574 0.1184420307166672 -0.03308139401428247 0.09123879020656438
0 7 0.041020459234388004 -0.30540716909331084 -0.07113145042483798 -0.3008444531020254 0.27750744691391044 -0.1871651063532066 0.04100712194601587 0.22611637215905067 -0.19967984671776065 0.3558974248830717
0 8 -0.01716031939068724 -0.19131067554366893 -0.03212844069306485 -0.3520999522763734 0.3439752464789705 -0.26554553911224443 0.01717421518781665 0.2107553386405153 -0.2891995306248162 0.3220362471191493
0 9 0.01141172842871037 -0.12058708767082724 -0.040718227976345986 -0.13903975692047071 0.15987573483671563 -0.10177527311293558 0.05819175724422377 0.19414461292957788 -0.09506625686192711 0.281981813115663
0 10 -0.1140695855249725 -0.2066589257276042 -0.005111458462456503 -0.10352444668750183 0.1978336512933135 -0.07419167857063794 -0.038491274332094254 0.06295508082302056 -0.2294116998076663 0.23026678535092013
0 11 -0.0048902423199056 -0.20744642193351384 -0.0957452080310433 -0.2650703454485718 0.24950646394830062 -0.0789370352900451 -0.10035199091688102 0.19219823492788984 -0.2555843924524777 0.27944463238341954
0 12 0.03248583823848344 -0.1103642969874867 -0.05347521955993434 -0.09490402566220517 0.08641463757364919 0.06373647488771439 -0.01998927718191545 -0.04506607098319939 0.07433642498379149 -0.07000712913336347
0 13 -0.07222382028614906 -0.2901619413083562 -0.15190307746700504 -0.27985825174061824 0.20379731406630525 -0.2009162524767875 0.043580664117304956 0.1494737853857795 -0.2526339048423056 0.35073918782081587
0 14 0.08234796199407378 0.8248822100706736 0.23137966960438358 0.9503255415042537 -1.2196200928918348 0.5220148794363064 0.1887311597431926 -0.8711785425023075 1.0693591684179746 -1.563661545980273
0 15 -0.011442818037328948 0.27768843220772826 0.12492118378304448 0.11056670728915528 -0.33946768475119027 0.1923342318512937 0.03975092351596067 -0.16718211881166287 0.2525784691626954 -0.48882969988867014
0 16 -0.07675460720189176 0.02978505660218398 0.014071349362069652 -0.05722443482142459 -0.06470208130517752 0.011765656714198176 -0.051107290571024686 0.07277310838477205 0.09011965158252301 0.03216731763316783
0 17 -0.06109833294764715 -0.29779605303583867 -0.05015230381767537 -0.16497304466173163 0.23624379898006917 -0.08627664045010719 -0.14585601227381204 0.13688247186538463 -0.1911906437147943 0.30988850316319216
0 18 0.09825508401608746 -0.033697706176028415 0.05254093154106473 0.14584967279424657 -0.02145471967126776 -0.025776536274415972 -0.020756231427300362 -0.09862142580243567 0.15940346977201447 -0.17667050633316278
0 19 0.01976493706353457 -0.3679213083945428 -0.20068350234936058 -0.33406020776112355 0.4412985186988801 -0.20565857195302095 -0.11008353026696013 0.3715949659471858 -0.4628827953231899 0.5761098742887437
0 20 -0.16167790457372072 -0.286390914339851 -0.10116876627790279 -0.29622393994762247 0.3951452173279328 -0.252736890746468 0.004735960318414666 0.24532626597879204 -0.3454994583093251 0.5477894889799511
0 21 0.03469992134074341 -0.26364808858673616 0.00593678417601785 -0.19365364200165783 0.20069547939113622 -0.17288501237274015 -0.11456259532794785 0.07678662055944233 -0.1526027943653651 0.32791627889137415
0 22 -0.10819501198440257 -0.062442784573980746 -0.12325197827486635 -0.09078357685725123 0.22781705363327523 -0.0975287742212354 -0.0786736900612404 0.13581469899486098 -0.14842852735338632 0.14200964833704152
0 23 -0.0032177772746781468 0.08649515052751015 0.12073955474668856 0.03914205438731825 -0.14644637543668146 0.09512231615832363 -0.04945442439807557 -0.13602099936058218 0.03463446407828488 -0.16786205546850344
0 24 -0.0718014864112961 0.13700028594515262 -0.024345353537857876 0.004445735065075787 -0.0555782488824975 0.10963441540883243 -0.039505022080451306 -0.10380989442079988 0.06929196732725632 -0.205088071056381
0 25 -0.020596304770925295 -0.08771010585272382 0.03198588676789348 -0.16333485235996692 -0.005914811429425221 -0.06496296011179606 0.0016034389163265394 -0.07097697085612126 -0.08548729988777892 -0.08464111335271275
0 26 0.07425239775329719 0.17025177668669955 -0.07034678234702525 0.08920999778409058 -0.07165424040887446 -0.03237499757012284 -0.0752440056882754 -0.15923361727563912 0.18370328814906087 -0.12173349891169086
0 27 0.10498941769485996 0.08107877469413025 -0.028864093724075692 0.14279462415777805 -0.18140562468792276 0.08293848196136212 -0.0062679370120294915 -0.17240474427648383 0.16651090918283767 -0.1799286224877367
0 28 0.07790296344542373 -0.10410381515180403 0.06026555091511394 -0.018479934557650478 0.07245248747123229 0.04365510751172602 0.023556740110165782 -0.007499925917392605 0.06340987018112837 0.06611711810320718
0 29 -0.010300663461887821 -0.12317235928757507 0.02592402538160905 -0.17100064740141813 -0.02713669644920682 -0.11091279338885478 0.055622592607726076 -0.07267953093504798 -0.09593250322423728 0.009182180204220089
0 30 -0.03579956561113543 0.03266504646492869 -0.007676450694531005 0.10973630310499988 -0.2361844470931568 0.1205181494786547 -0.06563693741075301 -0.23946332883967045 0.0934508738190481 -0.4160182797839793 -0.43508871868380616
1 0 -0.40200007670701354
1 1 -1.810365183935057
1 2 -0.6593622149281273
1 3 -1.852762003810349
1 4 1.940745382356003
1 5 -1.245571316335891
1 6 -0.5538762785427406
1 7 1.3316652937711528
1 8 -2.144840067849523
1 9 2.422645810300604
