## RankNet
## Epochs = 100
## No. of features = 30
## No. of hidden layers = 1
## Layer 1: 10 neurons
1 2 3 4 5 6 7 8 9 10 11 12 13 14 15 16 17 18 19 20 21 22 23 24 25 26 27 28 29 30
1
10
0 0 0.08056994344176924 -0.14901238762175154 -0.295222180899093 -0.32209422619037725 0.08080404143914466 0.3504540740733437 0.25222242509353127 0.012978760788314272 0.07983687919134673 -0.1942568450588661
0 1 -0.054199614334265844 0.05320531159369581 0.07143462013674275 0.25085978580437457 -0.17146355659919252 -0.15009510278955454 -0.07114237584184945 -0.008507456072391405 -0.0638889358737854 0.04465125680936166
0 2 0.08744469690914698 -0.19069014334845916 -0.3729599625296486 -0.5000652483971387 0.2279333128678827 0.5817584415834158 0.3997753689050182 0.19476097103274834 -0.11668658468630629 -0.22951652645788048
0 3 0.07235139992837543 -0.3770872404514081 -1.0495931693248368 -0.9811586459185138 0.6460253856332281 1.1309077329169315 0.7312166204409905 0.32079174056520887 -0.00917976954339803 -0.379335627147813
0 4 -0.0012902544653190682 -0.13005651013815087 -0.47672694260339765 -0.4711402904118216 0.1257615023311294 0.4113694088966996 0.3092315111000185 0.12429498665561924 -0.1173784624034894 -0.2118795991617341
0 5 0.060382583953944025 0.032530992956256936 -0.1743060153207901 -0.14668336257932127 0.06647494906432407 -0.006167853007947913 -0.0018836322372402037 -0.007154010863575937 0.049284640077622954 0.03927046331441626
0 6 0.036113445165611276 -0.05428453470776881 -0.06465876880260765 -0.1257523343533758 0.11195553912472725 0.08760150898709088 0.10182690571248518 0.07326715427077812 0.018621084926367368 -0.1167183185717098
0 7 -0.08049509002768017 -0.1325624891451875 -0.31306693809319747 -0.3372155955140994 0.12304918994757451 0.3084591748753496 0.23899661691487553 0.17579695180522636 0.016848591523735627 -0.0769765032715036
0 8 -0.0779805896919358 -0.013627605351016151 -0.2249904306447672 -0.3349197144127718 0.2677558179484257 0.3852157747609134 0.30537110670420625 0.1499819228701107 -0.0641492282478729 -0.09893745777736697
0 9 8.638098077817982E-4 -0.0063740515204896145 -0.23229726698489525 -0.07449070475267337 0.15758860067484354 0.19881621708545966 0.08136754982631016 -0.028923954393891563 0.047502092772759165 -7.318600531340918E-4
0 10 -0.06595637302035724 0.0022686688757244593 -0.2845980761843298 -0.24329004117215203 0.1897743320249854 0.30824432631394566 0.15605439600132348 5.000893420009381E-4 -0.07529138944290491 0.008453426194808959
0 11 -0.08234304539336933 -0.07151536386052038 -0.05114331622281574 -0.042147185420452656 0.0803638757649063 -0.021502881993054876 0.08487544989648935 -0.027079612589313358 0.019028387695502504 0.03244582912480436
0 12 0.03339588542866183 -0.08844596673159993 0.05188644400631779 -0.020314249149143333 -0.009413402261015393 -0.08609370443325154 -0.09885382331766762 -0.08351875132824053 -0.08945818366955642 -0.09290478623156366
0 13 -0.016143269435304922 -0.10162837642302006 -0.19275213842483235 -0.16425000639105136 0.034085073200599426 0.3507912435228856 0.17743571239944161 0.10678704690888777 -0.09378489783552384 -0.13877177854642844
0 14 0.03651495693087008 0.2782544768887417 0.9422982263056191 0.8924251116390556 -0.5203595588529691 -1.270753445195088 -0.7232523834592098 -0.4376728639873458 0.02446917066809473 0.38963433268631187
0 15 -0.1033690512717756 -0.0021368692699170583 0.16673658073951944 0.30477090406935803 -0.11879096668728513 -0.3439598773763577 -0.31394344597979584 -0.04053407683717965 0.05170619614372667 0.12856249360877325
0 16 -0.09866867937060504 -0.08386197638457654 -0.0270824978913756 0.0803075259658079 0.017611560173591532 -0.02464093217036851 0.03249270398761807 -0.04148895385933741 -0.027369896522198175 0.04455727241762139
0 17 0.09630658133490654 -0.14897489334924272 -0.22048325779894135 -0.3512812402620844 0.23414000429883072 0.22805464681772697 0.2793759999472675 0.17792736236803566 -0.016205563990416998 -0.09329695947147763
0 18 0.09000300687745412 -0.06939015680782208 0.05588129362701179 -0.04101365785562045 -0.10325133277126541 -5.574735888363388E-5 0.06950895803246139 -0.01668600114242996 -0.06841940153275952 -0.07744601460122816
0 19 2.825328883089755E-4 -0.16259131162964255 -0.2820261625210809 -0.3135968872433171 0.14981856819585757 0.3913502158171035 0.2811277417889342 0.16843667484210983 -0.06874721137699753 -0.0877303532567785
0 20 0.08502720319155571 -0.1668659917402436 -0.41433962190548884 -0.4457135943658981 0.2523771737019181 0.3737174697183587 0.2110767712841658 0.149805857310796 -0.0910413067346191 -0.1533464307471442
0 21 0.0525886751401699 -0.0031095261209385275 -0.20610559119315539 -0.1811229061685966 0.12174272597906176 0.2535981671385255 0.2092890654686108 0.044673272770831864 0.025015118849370833 -0.1387279339167734
0 22 0.09769400568820093 0.030270470238277163 -0.23197023426986554 -0.10645177320506366 0.12481881793241274 0.14034976831211213 0.196471814553934 0.011706302419359143 0.006641044875141151 -0.1186279861396115
0 23 0.005817955359538969 -0.004614384758546794 0.20070008141008994 0.12417655291198283 -0.040867070714382024 -0.26259413833415696 -0.026096807208624957 -0.15411384416774998 -0.01854360508235195 0.12958893427661555
0 24 -0.07320679849280295 -0.01608087159686768 -0.02255433427307255 0.11444985540562383 -0.009199677901123315 -0.1435691053106617 0.012337802002605472 -0.12060255851498056 0.036374596739550985 -0.04329572007067332
0 25 0.04207648817504005 0.025223533641395873 -0.2156535984710144 -0.10356926667118824 0.05063928105725535 0.08040073633408804 0.10263406656428074 0.03590073565470661 -0.04015375679381244 0.027047298467711072
0 26 -0.03023085545238778 0.08341785407376667 -0.027666524249330613 0.11127253086608893 -0.038604998824943886 -0.0033392520753382842 0.014889065489473318 -0.016566140480583514 0.08353461281270325 -0.021322441506199736
0 27 -0.013152704187344195 -0.03876139750848122 0.06891836378412787 0.021553486768906345 -0.15828811000695764 -0.09136539683635767 -0.013119752618534585 -0.09290511099278274 -0.040981700442064395 0.04761324593767519
0 28 0.09071595037918742 -0.067893310282877 -0.007998221252576088 0.004437042154872158 -0.06403070793840228 0.027739672288938838 -0.03098825165351469 -0.012342393268626066 -0.0025451444069731592 -0.00532208693781722
0 29 0.030315781245526294 0.00208425932319396 -0.09369759909309289 -0.09018799191894179 0.05314486098689067 -0.10452108517996855 0.03956036187212857 0.046007949327033955 -0.0082647612336885 -0.08246950214475202
0 30 -0.09267527627067602 0.004715085693288269 -8.246011153672483E-4 0.00684746877816492 -0.017042443129882314 -0.24660101047776312 -0.12940363726491888 -0.05957467287261577 0.02522457339380836 0.04760292527387214 -0.4215859853394149
1 0 -0.03528214866420373
1 1 -0.7289859543421834
1 2 -1.831008459428604
1 3 -1.8977211532948508
1 4 0.9203084651933968
1 5 2.0100240594987446
1 6 1.2696071575751573
1 7 0.5703633405850952
1 8 -0.25951948013974424
1 9 -0.8737501992462227
