## RankNet
## Epochs = 100
## No. of features = 30
## No. of hidden layers = 1
## Layer 1: 10 neurons
1 2 3 4 5 6 7 8 9 10 11 12 13 14 15 16 17 18 19 20 21 22 23 24 25 26 27 28 29 30
1
10
0 0 0.06292764516055759 0.3209528935859656 -0.05149112527147195 0.14778673483985505 -0.06927030313246353 -0.28372321622157665 0.24000094575226127 0.040161268352412675 -0.07193381215597733 -0.12591618904038204
0 1 0.06011321497135755 -0.27604045908856834 -0.0219220793073712 -0.028747001340750554 0.0540042769585132 0.12615712838229473 -0.1310501138064325 0.029623952860215456 0.13258050740923313 0.09671021222005541
0 2 0.11699908195035524 0.7593237217916967 -0.15279192688628054 0.3141513594251524 -0.03751276680730675 -0.3749611023285834 0.331571888478927 0.17540088649640764 -0.1778271157864893 -0.27428161111275323
0 3 0.19249505243605788 1.5496106629358315 -0.41206710044457456 0.5366063625610149 0.012275689785036235 -0.810316356977451 0.7517218981331331 0.162220399211392 -0.5354443488557113 -0.6868759590313497
0 4 0.05871920284061008 0.49829374932522486 -0.12668530749768808 0.14926654841529763 0.07208504969378189 -0.4003269387153651 0.1918319539845774 0.1323308018264252 -0.23241659272532436 -0.34517313618703765
0 5 0.048693989186545765 0.15206808236165387 0.02823774148247254 -0.05182899867323835 -0.031334058494276354 -0.12398307317832347 -0.03865033382354024 -0.07892865601587228 0.0598990231572879 -0.08917716906847428
0 6 -0.024801664410019526 0.14985498036312409 -0.0961726625135171 0.004095306652962944 -0.06443538129606634 -0.04949429051861748 -0.01879051549916817 0.11437761548994331 -0.04283965725930474 -0.00887995384138553
0 7 -0.043920838204868994 0.28499465808491664 -0.03753547335048287 0.08081565044953108 0.00677402605245938 -0.20206857117842006 0.11794705400624046 0.10888633108464384 -0.06601477288154119 -0.15873219644663844
0 8 -0.004052534496426394 0.3568388047876536 -0.09219177132541982 0.19260581377245883 -0.05822746904259802 -0.24449665924241412 0.18439767265755022 0.09495082445989114 -0.21346716828995996 -0.09697495741616835
0 9 0.09518308966287013 0.29772599639049663 -0.05674868933892415 0.14007644208347358 0.008243683830206667 -0.18026379601406672 0.020222318956755688 -0.03548274260874991 0.014123525514183983 -0.19183466875886945
0 10 -0.07067166646465531 0.25456048437953815 -0.01125433618971246 0.0634506632747804 -0.018559895241204234 -0.1431433403313415 0.16434732757859918 0.04458403094489959 -0.1560204797209054 -0.20289210170543565
0 11 0.01672993376195249 0.18039108919180868 -0.056283851803229076 -0.02495778847709119 0.056464606634531234 -0.18914689975944862 0.10367654864575508 0.010418358350928603 -0.15171488240395228 -0.06413926209629672
0 12 0.042465731957292224 1.1088236764562882E-4 5.729276754683188E-4 0.021069470993700965 -0.0252355954084835 -0.10529726741872408 0.016673686058135382 -0.06361441666222488 0.06319409519702522 0.05304494180528867
0 13 -0.032954496150450895 0.4044688610819212 -0.08621672195681998 0.15912350660285673 -0.014356758817214009 -0.200783609682383 0.05125603504241341 0.016899031512497855 -0.18439382434210708 -0.17264801851708025
0 14 -0.03300104624766741 -1.775521594304814 0.29188068907591264 -0.5330814923551193 0.016398617103908227 0.7725839090573595 -0.6225297072537097 -0.23504996978497694 0.3890028086426729 0.6719514385310098
0 15 -0.05867668556599424 -0.6249710340588266 0.08569989426865346 -0.2152117238823452 -0.04856616805225089 0.275257850304902 -0.2279092469002785 0.004189480295526096 0.08407753461690282 0.11320071630196235
0 16 -0.0330531782192825 0.05437057686751264 0.010457038051753357 -0.012769231337088731 0.027439818196747075 0.08323896520913578 -0.05668594720946034 0.08967044738481504 0.022325118962335525 -0.044284142447069984
0 17 0.002264789464316331 0.3300526609149889 -0.17264580688116676 0.034647515229498875 -0.07231408907793366 -0.102123121924183 0.220912857613703 0.023358657382204353 -0.025772274954332316 -0.11492680652150708
0 18 -0.03184730530904612 -0.1887771991619425 -0.01975182034088331 0.03424323026556155 -0.01704263321471205 -0.014091892334483668 0.03705686136873739 0.05280199353104086 0.09156500199862691 0.017455120413030715
0 19 0.04651327669414984 0.5853768536094108 -0.05235578599471342 0.19654757221842106 -0.11634477693480079 -0.24954399261161814 0.21372035569260106 0.028542436506808613 -0.14134012454334313 -0.2838959213418639
0 20 0.06708768095084826 0.5610378379501201 -0.14358635133872993 0.18543741297578453 -0.059026091470048066 -0.2602893711000202 0.17217877537404772 0.08456556895703375 -0.2484242047008741 -0.24853697537801692
0 21 0.027127293501936257 0.2735378727593864 -0.012910942804283914 -0.003792852449695018 -0.0954511906356298 -0.0721553284675565 0.11136299938271597 0.032320867066452034 -0.1257787274390824 -0.18807368763137575
0 22 -0.061740850820469484 0.14148127558605308 -0.13984111082413386 0.1065765613720328 -0.07734346502681923 -0.09082519924675278 0.17615857542817234 0.024536193223024357 -0.05930171902268313 -0.11932297214947428
0 23 -0.07130200298382093 -0.10091662568257005 0.12130194599416538 -0.02153156761086595 0.05635216421500728 -0.018784320578380555 -0.12138832239225497 -0.020790229846325635 0.14193358904080292 -0.00676842384158341
0 24 0.01825955800101219 -0.17212617375592695 0.04444727483860683 -0.0930024024058697 0.05231513412235134 0.10433356278881792 -0.14219725539635533 0.07862405128100605 0.01840086092758653 0.11827381995254765
0 25 0.025328172851474724 -0.052977133021859815 0.015814843856393042 0.08099700930492726 -0.08496901367796636 -0.024235647848129135 0.015932345271638365 -0.010298420126133417 0.03567508574030506 -0.0786562395568666
0 26 -0.05653476578638658 -0.17888628140012408 0.11084121153382433 -0.03667104991264964 -0.0638324818279494 0.11819633191919147 -0.1124658857444473 0.003632857239485297 0.0803996999629356 0.013299729161283615
0 27 -0.008403446172182546 -0.14639751892434794 -0.02996241173692229 -0.09681118060524224 -0.0020791378935984556 0.09131759671635935 0.01716514656063766 0.03422524199429462 0.14939558233248754 -0.0072677524719049254
0 28 -0.05333427929933596 -0.09280360525407698 0.04128045306290263 -0.078894830429403 -0.08590496102662844 -0.02544709829523407 -0.09442829884531549 -0.07708751914085257 -0.038050606115822234 0.007861039014736637
0 29 0.08770877344827704 -0.15990405481588194 -0.06133828404542404 -0.018822528951620832 0.07662687564439802 -0.07638075528752818 0.0277144608617648 -0.024582079945976516 0.05470434022124004 -0.11156491539230472
0 30 0.04045148835598304 -0.4549564094658388 0.01100749707985598 -0.015899696728319767 0.10337863433719253 -0.020203546950051585 -0.19904482141348306 0.04460649542101944 0.09266295320656752 -0.034963401709443113 -0.4295271978293069
1 0 0.06741685234852451
1 1 2.680921634806902
1 2 -0.749984737551607
1 3 0.8238245776920436
1 4 -0.2236702483060416
1 5 -1.5650928025554316
1 6 1.0915600129812186
1 7 0.22870654335887322
1 8 -1.0159280264280182
1 9 -1.3254954924606608
