## RankNet
## Epochs = 100
## No. of features = 30
## No. of hidden layers = 1
## Layer 1: 10 neurons
1 2 3 4 5 6 7 8 9 10 11 12 13 14 15 16 17 18 19 20 21 22 23 24 25 26 27 28 29 30
1
10
0 0 0.009683569900342479 0.14417622984332207 -0.3596135627829031 -0.06485974772562435 -0.037081317910598585 0.1293948418643659 0.20837018506250743 -0.1404860377179372 0.16196820279774146 0.2277450544679361
0 1 0.037825288193743895 -0.010757876218622562 0.14073918065850827 0.001411568236912092 -0.0732409071679858 -0.0419778557553155 -0.09537391713173012 0.130913743550723 -0.12983009921751126 -0.24199057583728883
0 2 0.12682197821257352 0.12524725578288604 -0.6965239758924155 -0.1718000578294459 -0.07222217140744625 0.1389060361481095 0.33788250491090754 -0.30066328370092604 0.258581643276236 0.5009022044633757
0 3 0.35096789199944045 0.12855399683398627 -1.4623990279841566 -0.11161159101846557 -0.2082720335500488 0.40503314941735746 0.4948572611512828 -0.6443997122004846 0.5325085485777855 0.8591068377096853
0 4 0.045747241104642795 0.09402373165406441 -0.6068955384149073 0.014996983795517076 -0.09238843353680179 0.08875903164097726 0.15734073808076462 -0.2786572088847128 0.23221028185475678 0.436690014485082
0 5 0.1048819125315352 0.10898640456059028 -0.18600977928289478 -0.066730340979154 0.05319591166645105 0.013621029260601878 0.0519350342469433 -0.038787379036931136 0.008483652285588294 0.1292655558709076
0 6 0.12310306516216456 -0.05582042393182933 -0.2402669636294115 -0.08051624047854519 -0.10210221224872994 0.06542063048583563 0.15986169257559205 -0.13334034165404296 0.12902762922021885 0.12821893248082797
0 7 0.0415767390333821 0.13682645599457546 -0.39518623143147485 -0.14358069951845923 -0.06684372027612343 0.19874245088799258 0.21025013239644075 -0.2509766471680576 0.13509921783338213 0.30059172214781116
0 8 0.16932773468487233 0.05573720844928215 -0.3294002107853488 0.020195166547562437 -0.1246876659822877 0.199695120391334 0.08786871307879913 -0.1920363784225111 0.2539360094683862 0.22962619895261538
0 9 0.002690955007873121 0.022509558691835185 -0.29090103010239365 -0.12943476488711972 0.06899652727501007 0.08689956828702267 0.11953723037705755 -0.08004364498627749 0.04297962623988001 0.24375820727050385
0 10 0.1301506108531281 2.6883097566504253E-4 -0.3149622097426427 -0.0503769924729867 0.033285163329081414 0.16738338408628448 0.05845289496383139 -0.08449877367001038 0.22708633870932232 0.17570532120968893
0 11 -0.003910566780187295 -0.05484090757324296 -0.27476197447143885 -0.04947407528656482 0.06362698187448018 0.019753976175833382 0.11870833593908965 -0.028445865157039892 -0.03277381159121857 0.19484794359811836
0 12 0.04147819219354022 -0.046229578066883714 -0.04559634726411054 -0.007434655672026687 0.022897201031694736 -0.06565732191116998 0.008651315833810052 0.036018573501505766 -0.0207086130284537 -0.05451825887373808
0 13 0.08880131133187254 0.1371569405732383 -0.38361855976155546 -0.11183324880882266 -0.027254335106205747 0.06951884134604075 0.05129925873264991 -0.1811963649094192 0.1962129222138574 0.10732390887679086
0 14 -0.2357761144325631 -0.30221224273065256 1.283529817640906 0.1661494418858635 0.16797126231335263 -0.3497125145512724 -0.5897016406054925 0.5122070978609032 -0.5941168876758149 -1.0251606756061573
0 15 0.020266412097347492 -0.039443626340725624 0.24756250834552498 0.06581132851880625 0.06524228099774262 -0.050995201730595005 -0.16141422584808138 0.23991223075122853 -0.11935679863826583 -0.3455158118301
0 16 0.07386004953989199 -0.028789467141983546 -0.04945708092064223 -0.05043372098483033 0.06279824782967511 -0.08996258050822002 -0.0028537437956722323 -0.020281646676087596 -0.11971497288568547 -0.05990589743347705
0 17 -0.01732864948697699 0.0632466067567817 -0.3373550179432346 -0.008937463964743052 -0.046971352902665374 0.04018627019871377 0.11574988552930655 -0.11429034746988262 0.23374758968044843 0.2815750793489117
0 18 -0.09522333199236531 0.03036614065066686 0.1253280522589145 0.004445218836670131 0.08305717467949775 -0.09951302318445411 -0.0011196602065476251 1.8239778206639536E-4 -0.1048494000386118 -0.16241796083662427
0 19 0.10567408662631997 0.032128179207972236 -0.6219287079241632 -0.16817504953072127 -0.09277134369487652 0.24368777400290728 0.2919857962575925 -0.18532269318153705 0.1659271046770088 0.42228934152046477
0 20 0.05756388283709324 0.02023623751204295 -0.41091646706042023 -0.12106579044268612 0.010903122211576306 0.13270109673560748 0.25319849948473416 -0.18621008937460032 0.14522804844010986 0.3704722209617749
0 21 0.011488215680258571 0.031946091138604416 -0.29052223002769634 -0.11776866740996639 -0.10214153544635013 -0.002043964270611917 0.15056219421744307 -0.15504183891272708 8.330785259877033E-4 0.20952423587321356
0 22 -0.02786021372731822 -0.02084392692330261 -0.14095860483170103 0.010610283059099957 -0.026987289568586866 0.0679497105807934 0.11571388652945928 0.004540656861844201 0.1264002409709818 0.17933726613427042
0 23 -0.028959252655058016 -0.10321630044569685 0.10168879633973316 -0.06974802220087062 0.06654312035465407 -0.11933320195005835 -0.08976204834603783 0.11910227549097485 -0.10795013202080356 -0.012906154516421835
0 24 0.01720514344925711 -0.07565500445042987 0.14589141593830154 -0.05054909525184883 0.046471914478912434 0.03744493391968315 -0.03943697356294192 0.11664781246400197 -0.14091123601740124 -0.1968212655939265
0 25 0.004247407063453846 0.0839767439389613 -0.2085893224961574 0.025053364427035273 0.03031906426713513 -0.023101365492327938 -0.039622992337997445 -0.046841463782995474 -0.06638163430302646 -0.04095275641511805
0 26 0.005588963213501347 -0.04743516072183871 0.09637015215048483 -0.01290716220794237 0.07229987680105432 0.03363685889007403 -0.061862189316160894 0.07317584810572311 -0.06106517789231112 -0.07769348826373222
0 27 -0.015744239850606537 -0.0987846696530844 0.1878329181783635 0.09095909771569487 0.01725359658887653 -0.10576850031242527 0.0018436338974371384 0.041456842725820134 -0.03494057049659834 -0.04490896362350565
0 28 0.07941663195065161 0.04134096961757145 -0.04855254080769489 0.05887822952610096 -0.10008570326827465 0.05247883072113295 -0.07002152444182373 -0.0368597655422681 -0.029822596348794393 0.08657281968497635
0 29 0.07029226511937803 0.1035646351788337 -0.1404941345386497 -0.05310430960960339 -0.08712625877918158 0.04142214377344982 0.06651427460244563 -0.13729030729287134 0.04856685833302496 0.07481742372346205
0 30 -0.0425409712368142 -0.05878745668551573 0.008352730529175364 0.06490263985618491 0.1097169155346085 0.027735698409603427 -0.06960676937261974 0.12879304279364015 -0.060366887913189504 -0.23566284774159502 -0.42554437598123296
1 0 0.3583311029925161
1 1 0.28434457753461645
1 2 -2.4367688173708713
1 3 -0.4817455601850033
1 4 -0.4687945327078487
1 5 0.5913309283373549
1 6 0.9226263928104455
1 7 -1.2281216739062564
1 8 0.9353639974971424
1 9 1.6845219728624112
