## LambdaRank
## Epochs = 100
## No. of features = 30
## No. of hidden layers = 1
## Layer 1: 10 neurons
1 2 3 4 5 6 7 8 9 10 11 12 13 14 15 16 17 18 19 20 21 22 23 24 25 26 27 28 29 30
1
10
0 0 -0.049654697899714176 -7.29937730064627E-4 -0.040421466684876506 0.08556781765495845 -0.09774378367413428 0.03047007519091417 0.08807498304543487 -0.09607299471205323 -0.08797643503473618 0.08246854291659395
0 1 0.028256799788957926 -0.07177662721469115 0.09437284491287835 -0.07581068343864197 0.012167953694868039 0.0808437947063273 -0.09978551874991932 -0.03272378213410016 0.07501587349982218 -0.023646548371354097
0 2 -0.020837758230806795 -0.015791702731067628 0.09758476744762742 -0.06531781102559212 -0.04940667186778599 -0.08629690569237461 0.055465824070390385 0.07480053417615429 0.008869785194210417 -0.048373313632442565
0 3 -0.040940419429460265 0.06598695511244175 -0.00519347386736256 -0.02347148975547244 0.079832367271086 0.004033643447945491 -0.06174730670065431 0.06833147442276617 -0.008142493034084774 -0.04639504865998316
0 4 -0.03929800127008905 0.019311802856610463 0.04329308925054945 -0.02832955131732226 -0.0841632529203231 -0.09353776329389557 0.06143379877384716 0.09814376332693925 -0.08337988667419864 0.025086730558710687
0 5 0.08307138931906966 -0.02430714464584231 -0.09466801937738854 -0.049764620310188024 0.0873768919925782 0.07195868147529988 0.06762927895824965 0.07013481425639959 -0.0037771944889220736 0.05158739292511567
0 6 -0.009580740408456625 0.06532567355075516 0.04735137259106687 0.0887971987354336 0.012008145023428651 0.09254686530865831 -0.07038979915570882 -0.06321729588421926 -0.03418460625364717 0.051017546664282765
0 7 -0.009906977904317332 -0.08038409709380348 -0.04044791987063978 -0.042071111575875106 0.07214957952693493 0.02526813883925055 -0.07964819576972347 -0.05997318466246912 0.03292330724228419 -0.04829009078332656
0 8 0.03643052385547375 0.002650659785676829 0.0023537646646249015 -0.08907206413478028 0.012529876147706082 -0.052924298983376486 -0.008551126114111303 -0.040073346502286576 0.06805925043449483 -0.039642203182486846
0 9 -0.019208755156697364 0.07888292369318015 -0.0989785223515886 -0.021012930081744225 -0.08691250984778451 -0.074942440762247 0.04244498193183081 -0.06582811254599732 0.07487426390465357 0.09338594624020238
0 10 0.08482215324334046 -0.03539429400998627 -0.03922774509793285 -0.07183685835556894 -0.0699717491498249 -0.07426450668019655 0.02834019240577038 -0.03398826202366088 -0.05025209428141735 0.02524586904960011
0 11 0.02910234524401705 -0.06377045648022217 0.050817228486944976 -0.08997874822221133 -0.08155956709582109 -0.004505158997415538 0.010783672778865841 -0.005853477498467674 -0.00541278382162315 0.0022809152824682798
0 12 -0.01610854435054574 0.03931093846943989 -0.0019336626155553864 0.048756987714779584 0.061054633310033746 0.007004156025757319 -0.028831712226110806 0.07733743963992962 -0.07561906047672234 0.033105485041160114
0 13 0.024543017915053107 -0.022689242540616546 -0.07741287423200373 -0.0773506487843693 0.09804630685050138 -0.01549430447255495 -0.06679345876776065 0.01153443363390359 -0.04055090372717521 -0.011838838875161007
0 14 -0.031635069721927964 -0.05805827385836279 0.04323169947048962 0.029521857141695036 -8.633160091882345E-4 -0.006924215948589921 0.022985417653741506 -0.03969957491248395 -0.08607486515925283 0.05800180943439128
0 15 0.09165829972572252 0.03248540630878854 0.05043554566243278 -0.014458468571150466 0.04371564747599427 0.040412106457553824 0.05959285072554496 -0.06817993141282416 -0.03686147364693497 -0.035608478794996345
0 16 -0.026947265905440915 -0.07373252233209912 -0.07470072633336193 0.07710058475783985 -0.08768359559311407 0.00123983653259663 0.05342797088319005 -0.0940753478023812 -0.03810255419461488 -0.01040981650313386
0 17 0.0909142811864686 -0.031855185775299485 -0.02923730802109767 0.04468240074080233 -0.04418901410997935 -0.07777200951207909 0.03169703812470964 -0.08747438595073415 -0.01006519678976134 0.008392397290704375
0 18 0.08061871272458256 0.05944618203697258 -0.016273223523785206 0.07047210548505382 -0.056474908876788375 -0.05917579352132002 -0.03696972680915639 -0.012269882911657055 0.09728600352145875 0.06576892754433168
0 19 -0.012335065470023549 0.03196597028375312 -0.0017160930828985124 0.034690540493157916 -0.09873029326685888 -0.004533508309936548 0.049690314825168155 -0.0982575424522921 -0.05841819201858284 0.06939263622887053
0 20 0.09620645894341463 -0.09638837764767122 -0.08883554365004048 -0.04227323050888324 0.04166067118201533 0.01841048778932616 0.08485670997514756 -0.011850909250279588 -0.07784964446733197 0.018144223628261406
0 21 -0.05541550592428151 -0.05577466483752595 -0.08473299355271287 0.02016283445727457 0.050000649451128656 0.07759523113223038 -0.06203230017977966 -0.08847604283400581 0.0031410988822634304 -0.02065631249179912
0 22 -0.006615566325510898 -0.06728058389304264 0.06739579015417244 0.07644555564394206 -0.07291442999702973 0.03587941401993559 0.09292910457721476 -0.02461206751383855 0.022273982257061595 0.04335886233712668
0 23 0.006399502667196462 -0.09569950484988982 -0.015840526103315232 2.7872883964848584E-4 -0.05823422623113333 0.04367249637023829 -0.01159161474374936 0.008916306476218905 -0.034176622324769396 0.05149013774655635
0 24 0.0027045200997821554 0.00801474080507412 -0.07471115491327397 -0.0704067968056852 -0.0745070702017761 0.09177993660486967 -0.0042453957757666114 0.01117281425720607 -0.061166014381268674 0.03943810891638541
0 25 0.04931219410869351 -0.06287997858391468 -0.05932845843522175 0.058353365572250834 0.017785317786279026 -0.01621689136888118 -0.0868673052345485 0.09786577914959453 0.01648509255770022 0.004825064165510577
0 26 -0.08475045907286909 -0.041098986510713476 0.009696398696267233 0.06043643336517322 0.021638755349617466 0.018969655948610064 0.058337151218166926 -0.09732899355347648 -0.0011897575144278123 0.018596974803905555
0 27 -0.036185540504434746 -0.0043027473576272325 0.06638004001419347 -0.0789176184256805 0.0858109345217694 -0.022218264053692934 -0.06355966737431944 0.07459170835245667 0.06684689805612314 -0.030377710529557247
0 28 -0.060863706856845244 0.09088875997248765 0.04712927285395591 -0.04635409383316884 -0.0077287150012822735 -0.08349934051833907 0.006188591871319915 0.06898979244505091 0.08954550413730222 -0.09787471172801797
0 29 0.05167686161448415 0.05816224798777452 -0.055916767361346896 -0.09597360697250386 -0.0987306592425537 0.050401039899392285 -0.09603649259635041 0.0010139869827325554 0.024809687093601096 -0.05513094711730091
0 30 0.06813600217854987 0.02245329378148051 -0.05305243871767268 -0.013561851741150063 -0.03847493807947097 -0.08157259604903182 0.04618112572427786 -0.008871934981895285 0.047049839710819524 0.08264459308514512 0.08139748126268444
1 0 0.09311527758836972
1 1 0.02435584738850592
1 2 -0.09317340701818572
1 3 -0.06297468394041159
1 4 -0.014826411381363718
1 5 -0.08300699293613431
1 6 -0.03211156651377646
1 7 0.024019056931138018
1 8 -0.08692489564418976
1 9 -0.05102803558111188
