## ListNet
## Epochs = 1500
## No. of features = 30
1 2 3 4 5 6 7 8 9 10 11 12 13 14 15 16 17 18 19 20 21 22 23 24 25 26 27 28 29 30
0
0 0 -0.0849585056095895
0 1 0.07596141924056074
0 2 0.0014629853456097116
0 3 -0.0071637464674658155
0 4 0.06772411080022181
0 5 0.089901119327308
0 6 0.07241067651885982
0 7 0.054904988467539856
0 8 0.0725325063596982
0 9 0.012455283218022022
0 10 0.07923386086736664
0 11 -0.06619254249886694
0 12 0.07540625656498384
0 13 -0.04209619144949197
0 14 0.054218435594610336
0 15 0.06402675159192069
0 16 0.016325194447251237
0 17 -0.029161831670286326
0 18 -0.05023854033211475
0 19 -0.04911672567363877
0 20 -0.05625858369487946
0 21 -0.055340457704564194
0 22 0.020441581777192432
0 23 -0.08473663708618197
0 24 0.01691754522337113
0 25 -0.015165588447080975
0 26 -0.0286116988229573
0 27 0.0926109613814692
0 28 -0.046449996531009674
0 29 0.06648174774438952
0 30 -0.003166335867717862
