## RankNet
## Epochs = 100
## No. of features = 30
## No. of hidden layers = 1
## Layer 1: 10 neurons
1 2 3 4 5 6 7 8 9 10 11 12 13 14 15 16 17 18 19 20 21 22 23 24 25 26 27 28 29 30
1
10
0 0 0.03240267767325103 0.3606856542832255 -0.05528632238432663 0.19183959959993596 -0.003035028921160927 0.10181409410957033 -0.07708618922980612 -0.16264517916241558 0.011577622844712233 -0.03869379618401689
0 1 0.06111446953825627 -0.16932745672358426 0.005723116972218664 -0.15592021797756578 0.00854089000839579 6.340891074415957E-4 0.06162384983986146 -0.01884718013701221 0.006315326545332655 -0.017610813106579398
0 2 0.09324112519355966 0.6100978326946048 -0.22886988294682764 0.5768563568590608 0.02271486647318334 0.21315783278304992 -0.1677051554213552 -0.3640940459842245 -0.15320503102861574 -0.15462153273082857
0 3 0.17959469047537627 1.3371897635867616 -0.5069636895163192 1.0985774779612378 0.11507037750582848 0.5537444931056914 -0.23548816956103838 -0.6258251197936491 -0.06976932597840349 -0.2791357142642878
0 4 0.026717675285228955 0.5410133986547602 -0.09662463389672837 0.45987863001481216 0.019571216523917242 0.24358102536388557 0.02456820154705183 -0.24141201564419862 0.028797903234699197 -0.06590751240760749
0 5 0.03817727551043781 0.14543306820802807 -0.06607959276888757 0.04091525315660572 -0.03961507296633222 0.1182354287371798 -0.0665675765725971 -0.1408369673744228 -0.03873417418223304 -0.07147378007726433
0 6 0.0046467977295260796 0.24919952016773206 -0.11784844053652657 0.22286070259250645 -0.006155650676523919 0.10232111494945031 -0.05226842246786985 -0.06483077485040471 -0.0884859769479365 -0.12532862540074635
0 7 0.08021998456878825 0.2773118515523637 -0.19148129150029536 0.241944485971523 -0.06338429793654914 0.13096188073755463 0.026863923125616435 -0.1292456244189083 -0.054711628219406214 -0.053249375056364054
0 8 0.09366023198542832 0.4685084274088095 -0.2402926044263757 0.439294470042075 0.034555690154994136 0.09743674521440547 -0.07163789740999334 -0.09121374706372476 -0.12886116273950235 -0.0378664809080312
0 9 0.026358901656244577 0.24076696435679495 -0.11698017073401808 0.1793072462158521 0.044386837237592194 0.11818690908545497 0.05404475054130442 -0.12519284022959454 -0.00759349379839574 -0.13866741045766048
0 10 0.09425844803043708 0.31943636206539605 -0.05272252007721646 0.2798188765358207 -0.06106443828564443 0.20258559349304764 -0.0987539856506744 -0.0731067291358974 -0.06135904872882068 -0.03408106634151525
0 11 0.05321186879018712 0.08824664451760422 -0.09138873077215827 0.1768700236885002 -0.05470754622181661 0.012973370678531458 -0.04136353498047025 -0.15182399763212379 0.057506135468513006 -0.056019939291757526
0 12 -0.05714354239789539 -0.04638018058493261 -0.05819793823281297 -0.003694665105670095 0.029001782971267178 0.028939437078837112 -0.031170033756002604 -0.0847881470157994 0.028472581955864558 0.02241885288988111
0 13 0.1223988031126452 0.29246449191190615 -0.1606971464347958 0.258014613824377 0.02077706295274065 0.21142601249633108 -0.05366197947150015 -0.06044014421309727 0.03716914531857182 -0.09330088098571133
0 14 -0.05500632959314905 -1.5331490991027947 0.4859630761945179 -1.3446785257883223 -0.11276347637288749 -0.49288296768883194 0.19556738042551008 0.5859915079496253 0.15131161376550084 0.20773252928019978
0 15 -0.005413094370427848 -0.3532097906523979 0.010552736355934794 -0.4249311333454377 -0.09564859851827322 -0.20420692921440356 0.0035932082255417316 0.15500281777105282 -0.019738934132423953 -0.00834352470839795
0 16 -0.05567578341897117 -0.004392783351043417 -0.00782887100964026 0.10200714204808346 0.08084078079339566 -0.011095301792627566 -0.01775386916879368 -0.029148799289830468 0.07907420195608353 -0.015466592949127245
0 17 0.10379832183290404 0.3868506590845474 -0.13730263780043733 0.30521132073876067 0.022159550050161785 0.11568987774459918 -0.11054311939109311 -0.16701121654129872 -0.0915544752765188 -0.01023506043013311
0 18 0.07511196142942674 -0.16277083498879197 0.026524177481106952 -0.05208842719412222 -0.06867273699402712 -0.0625553592729992 0.09823863338538988 0.12558374029181893 -0.028501230848373166 -0.00980714287607404
0 19 0.07023808609077095 0.5183411606901848 -0.23933045140707973 0.47191865096555485 0.010823157369859135 0.28197605645956136 -0.04706399979183372 -0.3143569288280499 -0.04642158586045464 -0.12636530017173725
0 20 -0.01858269917669508 0.5447508728289632 -0.08998145498494324 0.498816230303287 0.026233983221749885 0.24357903348853574 -0.0064442112028248065 -0.1905687015203353 -0.1036646875777742 -0.03560313433374669
0 21 -0.0771522264158089 0.21395497075976697 -0.1716083459199788 0.30883856926530756 0.0749458820223469 0.10736161225760382 0.030565170444355028 -0.15725716587729563 0.06927145195950653 -0.02544305677047745
0 22 -0.07185163783510316 0.22946092491364908 -0.09118140006538289 0.22148442257396248 -0.0020520092597870808 0.13856290032299995 0.01664653070523946 -0.00441436801298546 0.015772994711952395 -0.02773790474420429
0 23 -0.06896462783539682 -0.1902462444681955 0.109409467777717 -0.013898813899654892 -0.06474437409455804 -0.04403045890790587 -0.00351266865347037 -0.03998743707932196 -0.04541810427273256 0.05883185801270907
0 24 -0.009650439198361758 0.038248414511210985 0.026300682191758778 -0.02520163299253624 0.0626000873090155 0.045494149897562994 0.026074821189924602 0.048302670205661064 -0.04803764166820192 0.02310443378352981
0 25 -0.028364006409623815 -0.1412668780105522 -0.015981829291604178 -0.05405705422079227 -0.010142786702185273 0.04281952552364588 0.04671520637279423 -0.010141832945744986 -0.017808102625562764 0.04238537015336032
0 26 0.024094849684878798 -0.09597215521557645 0.007826388301441372 -0.15034608452747203 0.0877195414042271 0.02877355078326337 0.09837847229954846 -0.02546827477930612 -0.019029624752633006 0.060243676582749234
0 27 -0.020601678691966694 -0.11270749541647972 0.09065930197174313 -0.13892595194480745 -0.07883866463493172 -0.054166186040693044 0.07892101891420314 0.026246491150805504 -0.046440974633595374 -0.04250739428839531
0 28 0.0933327324377206 0.08885909272543951 -0.07172077250044041 0.09098353077560467 -0.09194771400593162 0.003951192797847391 0.08205996188440284 0.032409450550979164 0.016037282434529964 -0.0047044578648139405
0 29 0.08818643902523209 -0.10033549931695959 -0.006860711797515646 0.0322539446602061 0.09813520836647761 0.07524371282879753 -0.0491871410274272 -0.03198700317875842 -0.09837783295192189 0.016069020267067257
0 30 0.031780400361002124 -0.4413850442021057 0.0679536950114315 -0.3675044599588351 0.08319303048929773 -0.14667570947522204 -0.05411677275121411 0.12241340882907885 0.07126897600940425 -0.058872876628790434 -0.42907930771797786
1 0 0.09106944596613487
1 1 2.3828143375102147
1 2 -1.0345830096390103
1 3 2.088495057633006
1 4 0.0143549165720396
1 5 0.8783181514306587
1 6 -0.5033344790234361
1 7 -1.2449936385704834
1 8 -0.3706699915056904
1 9 -0.5736551284368597
