## ListNet
## Epochs = 1500
## No. of features = 30
1 2 3 4 5 6 7 8 9 10 11 12 13 14 15 16 17 18 19 20 21 22 23 24 25 26 27 28 29 30
0
0 0 0.049577397823603174
0 1 0.02595152158756049
0 2 -0.02224918844629418
0 3 -0.02326992907589434
0 4 -0.007786426453004063
0 5 0.07928047376525907
0 6 -0.007703965831655723
0 7 0.03674928070575155
0 8 -0.0898890413406581
0 9 0.06370905886291918
0 10 -0.0423270449481439
0 11 -0.07736325565519127
0 12 -0.05530708130255654
0 13 0.0943975954256554
0 14 -0.04325435086203081
0 15 0.04574190571973591
0 16 0.00963401691098764
0 17 0.011403097840045005
0 18 0.07058322732720246
0 19 0.008951275590417269
0 20 -0.07285172151411153
0 21 -0.03709554552082168
0 22 -0.03179352846870665
0 23 0.06858064207606757
0 24 -0.03600629662503913
0 25 0.0929120657032416
0 26 0.022350129113773813
0 27 -0.07053797885132675
0 28 -0.05046863876809669
0 29 0.0017862322670321722
0 30 0.08380328118801117
