## LambdaRank
## Epochs = 100
## No. of features = 30
## No. of hidden layers = 1
## Layer 1: 10 neurons
1 2 3 4 5 6 7 8 9 10 11 12 13 14 15 16 17 18 19 20 21 22 23 24 25 26 27 28 29 30
1
10
0 0 0.09459194832887823 -0.08841522009055959 -0.08593979623452652 0.09952958869994849 -0.07482311362607734 -0.016489452903406088 -0.05056982045500875 -0.006012902447290114 -0.039362215092880515 -0.04681687874828857
0 1 0.017065813736242576 8.258239645373858E-4 0.020300102639717557 0.09287702102963373 -0.0329964187342576 0.021446747669399642 0.09994416916085774 0.06871906907879366 -0.02436599740714033 -0.09790696550404343
0 2 0.00483522589595252 0.036094046055523375 -0.06282086515419026 0.01816119799585929 0.08311637603085292 -0.06941940270710728 0.0060429176727485705 -0.09773879274323839 -0.06519339038196738 0.049074134853022644
0 3 0.09435840723563055 -0.010105332888232264 0.04023434559635488 0.05814961081914892 0.014668923763879266 -0.006847415726158494 0.02903226606732689 -0.06280106174154369 0.035100791699714466 -0.018943965829885282
0 4 -0.09776058101142777 -0.0027950606344535195 0.07542211173767972 -0.08494362229253473 -0.03637018676462139 -0.003438233680853291 0.09969117196765566 -0.09642116731761352 -0.020305952634736894 0.05034264120663994
0 5 0.010278847350617631 -0.08355136559806997 -0.08524334103836016 0.0324965165435717 -0.0778529420353483 0.09252003011782367 -0.07039343230747645 0.07014087556296678 -0.06290114174985045 -0.020047475363304475
0 6 0.028066814393153224 0.09158645556538661 -0.07215584192695453 0.07814502523278095 -0.05462352662128758 -0.013003046979533308 -0.045900637457050114 0.05934585655363247 0.07110117615365326 -0.005358029315628632
0 7 -0.0906318139985798 0.060652627929845916 0.07057646998765714 0.0034733157177314067 0.05559474585589322 -0.0030084625559674253 0.05370520894144918 0.023593604367439697 0.0015344245771848417 0.05255963693886964
0 8 -0.09392171927994394 0.007905537650573967 -0.025127147260250247 0.009339184288427834 -0.00941057086403885 0.007201096918586476 -0.08376564654595593 0.08017925607297714 -0.07021495108317069 -0.045956190581384414
0 9 -0.01171206576096694 0.09319421373230555 0.03579303631596052 0.08835034817846633 0.031054654675904462 -0.043173936289952135 -7.981705792937971E-4 -0.038014970496432 0.03856660109497087 0.07956920800560997
0 10 0.02503032678812411 0.059625542185708834 -0.09312233936919752 0.061718074857719185 0.037288552434226456 0.006204880679488065 -0.037369924434704146 0.009556265437332553 -0.03217380461782408 0.07245835619295449
0 11 0.06205242760271877 0.07234888863060034 0.0240895761040401 -0.07147949787338796 -0.06185956762935525 0.022665222600518755 -0.08301242057147863 -0.04983595508775113 0.03719372438363044 0.0587553413974598
0 12 -0.05341492273310395 0.014547450530678761 0.06841301010811415 -0.06410589500016596 0.048612173092291946 0.043518574589778126 0.02623680355816586 0.029549117133402376 0.022089194084834233 -0.09266725667893502
0 13 -0.08390683810271501 -0.09149323881500908 -0.03809937948148399 0.09006840139083609 0.06674640675246431 -0.07767509731551805 0.0050519384884880865 -0.031011133636823274 0.007320057448868704 0.07861033483599472
0 14 -0.0875275701774605 -0.0476442449888465 0.07518375531302672 -0.08537469170190636 0.08447053528772894 -0.02985727312823202 -0.014908786115829492 0.041441384945052125 -0.04547444356282199 0.01601654783413374
0 15 0.05730373127265437 0.05817702869441485 -0.099064423395004 0.0559259424768299 -0.06528760536422548 -0.03429667075835846 0.08353262754282438 -0.07215961502443977 -0.03802452442813608 -0.001454879115679023
0 16 -0.003463061681166614 -0.010448517567712728 -0.02483700499347225 -0.09030613311526503 0.08299047548410003 0.07533962335842068 0.0938616280567592 0.07479895443600262 0.05141238800009581 0.09151728298736522
0 17 -0.05924722554557044 0.005041059421765091 0.07466722283749197 0.02176087660978256 -0.09612598280078324 0.08553495468630565 0.04305775921372373 -0.09267878042326808 -0.061752326741266045 -0.08690687310325108
0 18 -0.034447644480717875 -0.05490432810578285 0.098352937037661 -0.008635181344080823 3.358053333901459E-5 0.006364545957444605 -0.014042061274365834 0.02352883965277825 -0.06043313870227637 -0.05984481629664029
0 19 0.02566482453865318 0.042796821981738696 -0.058064378169224246 0.024098152499243315 -2.0411030221102912E-4 -0.03752136463598043 0.0846945739249033 -0.09838215378236723 0.049814750339080185 0.04050422964713932
0 20 -0.09181565625823124 -0.05103889987513001 -0.019693924344087614 0.03076314694161421 -0.09596410234033481 -0.06404175447197792 0.05770305638908463 0.07262329879631266 0.011054294539331322 0.07772298367848732
0 21 0.0698365239187802 0.04084949087234696 0.07543761067496961 -0.06230995308268253 0.046849847365546364 -0.013930121519676774 0.09278028412615037 -0.07638309296624156 -0.09369991495059675 -0.05868433130724071
0 22 0.07256453783303728 0.046218074658903034 0.0058146474070639 -0.06113110437505496 0.03871241682999182 0.014520512754848126 0.01395030012785108 0.08090458686611159 -0.07285109395945304 -0.06228512468043895
0 23 -0.06291259680112454 -0.019464459920550306 -0.07259883121108766 0.003256059089083774 0.09844080362961917 0.09605362368745184 0.034562830283747195 0.0869288319450702 -0.01134223366628331 0.019380971268741474
0 24 -0.01681754522077851 0.02305353689308939 0.028210015894503074 0.028282776967446726 0.09630899262499203 0.05838463542653453 0.04402370415595529 0.049500497359294834 -0.012723913637969882 -0.09443342116917755
0 25 -0.06368184485268061 0.08753669388397911 -0.08249349609027842 -0.03432714187233887 -0.05617130646753741 0.017363492589746385 0.07410511559623895 -0.08608783078812819 0.029439509146549216 0.09953801878754424
0 26 0.05850993766603239 0.030079833197292793 0.09916881837780588 -0.07378510417482481 0.08836388315818533 -0.07845341060415488 0.06396486281868129 -0.015777844787168822 0.012663000491420816 -0.01761483368672952
0 27 0.0932421058700303 0.06336880228411124 -0.004812918635281415 0.024279215375829406 0.004298641493963746 0.02493283829298902 -0.06686879151210641 -0.09051181439432149 0.03317276334016827 0.0856246973072438
0 28 0.07436064133936836 -0.07533360588734248 0.0015899533794326447 -0.01729449151006013 0.042906777815697086 0.024714932346994914 0.04424555142854578 0.0798234462477565 -0.03035309002889963 -0.06629775262506903
0 29 -0.0885621375011858 0.0740210846948839 0.03632522298046927 0.0903729669511338 0.07226474562744041 -0.06882010154670366 0.024804885887013423 0.07439050096045817 0.04399300733233041 -0.08073430115787181
0 30 0.03197356651520458 -0.035458226303678286 -0.07647659674597762 -0.01366986131531739 -0.06654615663817455 -0.0787901522212096 -0.04232923423949492 -0.0743344273048302 0.08069409927871 0.00413111261885689 0.09748555719852445
1 0 -0.07484399527311258
1 1 0.09468344599008419
1 2 0.015447658486664267
1 3 0.023831957951188313
1 4 0.05947614833712595
1 5 0.09669225662946689
1 6 0.02562738023698309
1 7 0.08974535763263844
1 8 0.06337258964777034
1 9 -0.061070077121257504
