## LambdaRank
## Epochs = 100
## No. of features = 30
## No. of hidden layers = 1
## Layer 1: 10 neurons
1 2 3 4 5 6 7 8 9 10 11 12 13 14 15 16 17 18 19 20 21 22 23 24 25 26 27 28 29 30
1
10
0 0 -0.007074313315899732 -0.048549261029974304 -0.09465737179902921 0.039246532904070895 0.014660364267090583 0.09522183845476859 -0.062024233804396346 0.07586427027558192 0.08645921197146553 0.0024375121215383707
0 1 0.08814235149686979 0.08768109034476633 0.09887998770516344 0.030905907845378444 0.04968743760749561 0.04857650059395919 -0.04538986358150115 -0.011712578377272508 0.09020628077664111 0.07952134727254727
0 2 0.0039077752751467435 -0.048400868704468664 -0.01981756944262739 0.06712311515271022 -0.06823288694788761 0.08698679127047641 -0.02847869491066532 -0.05276863209135495 -0.055664393248293025 -0.060629849118325016
0 3 0.07434022649427775 0.008852537417608346 0.01886853295019122 -0.07198994312687701 -0.024852448845504454 0.0029717412005540347 0.05089498551428921 -0.009224534053894597 0.06969039882215625 -0.06604954761597083
0 4 -0.008619810196916872 0.02143947440883211 -0.07877454424851396 0.0474000790656662 -0.07926840009402818 -0.09954236413272381 0.04762357157442546 -0.03792475005534622 0.08183261550091082 -0.015597737353003268
0 5 -0.06102714763801306 -0.08655288924048073 -0.020886801525719277 0.07944914616265618 0.09978309039967577 0.01857916300366081 0.013269060486419855 0.055509552969733804 -0.04420731109523635 -0.09137418876726253
0 6 0.07160238992118477 0.07215088798000546 -0.05159105308749384 0.07598221676981823 -0.03889618792478291 0.018591524295802565 -0.02506376435971191 0.07712314914374857 0.09293967867242366 1.931384582568892E-4
0 7 -0.08715197285835916 0.034452558040570166 -0.06464565361695304 0.06373531505004834 0.005095056142242756 -0.03495875401538782 -0.07104003228844984 -0.05816583856327226 -0.047905857756719704 -0.009325068128695543
0 8 0.022351497060450892 0.022401328155658488 -0.04868077597934796 0.03048118336958862 -0.046377800348924095 0.029079055307093055 -0.07063077304655631 -0.05691364186329576 -0.0770429394525142 -0.014465822708416492
0 9 -0.028039352003117978 0.0056717742938334715 0.049113043300410573 0.04610636140341131 0.05748130792673863 0.033777727603734556 -0.09279798240039829 -0.06615220652446864 -0.01892610691699101 -0.027599947332285255
0 10 0.035359276326871934 0.040719879545105114 -0.09056506522905299 -0.0849009525353425 -0.013292898810326637 0.029229531939392886 -0.019351655379016515 -0.0720092648193312 0.030381171822722812 0.04063682852717608
0 11 -0.028574718989406722 -0.098005283915438 -0.027107610090454284 0.02713196101996154 -0.0911185523556084 0.04301487489646641 0.007720086075092406 -0.09632692538262178 -0.05551374305229325 -0.098208409826289
0 12 0.0026078419898020724 0.07013767288731161 -0.0598031771315684 -0.0659445085494275 -0.07224403746972731 -0.05819299772060768 0.06286054163910326 -0.07120678021966571 0.03206694386952349 0.02202717314920651
0 13 0.011783582811552411 -0.09502546209371562 -0.01658453363110833 -0.03152296559482063 0.08675833848706385 -0.033146884870665416 0.011472134504430815 -0.011743365793308721 0.07982581678300953 -0.028882745176534302
0 14 0.07027980993232656 0.07354399949094954 0.03555366411029155 -0.09057719688347794 -0.040295946515094126 0.012370400102660635 0.004906022119211789 -0.0359224925454151 -0.07329132301835949 -0.021031952828847223
0 15 -0.07639802068666901 0.05983834746623529 0.02704201625588112 -0.045531968630265464 0.015848190211770873 0.012656455649960045 0.024321296734774896 -0.057856345302007055 -0.064494483964597 -0.03276956940209695
0 16 -0.032929764416343696 -0.0708440218284129 -0.06592429987453753 -0.03753768283112248 0.09714951285880415 -0.058156818874469496 0.03233159422254661 -0.013618866365739005 0.08638501945963364 -0.07190546944271534
0 17 0.009765180537325056 -3.547478025495644E-4 -0.027063434039709466 0.06726602789845881 -0.0812675086553648 0.0641248950309596 -0.04803086686535292 -0.05587758678941266 0.022826688372199803 -0.006324933741651937
0 18 -0.0017137240008333427 0.00816600298804343 0.03517601969211654 0.026554339521502473 -0.0189997633371582 -0.017711850332353354 0.08796231676812913 0.09106416947858882 0.017033229293012774 0.021759821987997714
0 19 -0.04722791561712655 -0.017858921066495163 0.012667803914104688 0.04243365958115636 0.0023478367577160625 0.09727246505334809 -0.077388320379666 -0.08080466028541206 -0.0763719560370639 -0.010777176851678586
0 20 0.0380622794251354 0.043591740091685365 -0.08123607432897087 0.09739860686650242 0.05133985144447209 0.034206012910964756 -0.07016516444769061 -0.046949192026053424 -0.06045114449667961 -0.06344788671059401
0 21 0.061227363369861565 0.062107734423446075 -0.015444486901639529 -0.07458846891270675 0.018373676659509713 0.045465436808732974 -0.04165323778303946 0.08155349478748551 0.029157601867311048 0.009619738404817182
0 22 -0.04378507268118737 -0.032723831070136204 0.0705258929392745 0.005452404986637623 0.07520080195529873 -0.00758236910724353 0.02856022910200403 -0.08810856446336038 -0.025929842439872376 0.04187902462269814
0 23 -0.026716341544860477 0.013933012566688127 0.06509584415392264 0.055924146333355275 -0.02166226138345562 -0.07190729979410354 -0.02338622468005148 -0.02934167655889737 -0.045161498404599085 0.006114267222885227
0 24 -0.017284486070579315 -0.02608301788844179 0.007796331533356227 0.07694613423049852 -0.09618806794809982 -0.02317236652385489 0.028593830252365678 0.04389097492984399 -0.0411329061416319 -0.03851292309588706
0 25 -0.02548646043395363 -0.02489256022358564 0.05783036114860937 0.08473623195605047 0.08013909321712716 0.004454126617103853 -0.07907425880431779 -0.09789470198938345 -0.09128973814828054 -0.012244881457451002
0 26 -0.043003321640691254 0.0038825963478497285 0.043438982269353096 -0.09886006041176915 -0.014026703938928289 0.08592395907312943 -0.048948982063293886 0.06215763063739789 0.09545475872718515 -0.017835896700861883
0 27 0.06343828895946123 0.06050341077524074 -0.020155676888132388 0.002618106767258427 -0.03638981299286307 -0.06700510349198875 -0.008095207164266436 0.040422963429193985 0.03814769972951629 -0.07259410099379161
0 28 0.05864787248214224 -0.010602876327271648 0.09120065047747791 0.05003300690100066 0.07610145297885205 0.01205678243693097 -0.04441000710827653 0.027435733138678604 0.03313387486701185 0.05135780892762574
0 29 -0.05195954821063346 5.288782595424729E-4 0.04429031681047571 0.008275544437481231 0.05624456561049652 0.03395791131587162 -0.055387969266635695 -0.03497562187392707 -0.029009357057844055 0.06426809637935053
0 30 0.07047548572070088 -0.07485238732238528 0.06951317483566048 -0.0790646097926403 -0.08952569351606149 -0.08863461697416478 -0.008362928381291124 -0.04357000040195639 0.014981100996695454 0.0910427493946548 -0.014657062478363585
1 0 -0.0570035502314567
1 1 -0.06663020700216413
1 2 -0.09452957659959837
1 3 -0.016841102391480907
1 4 0.08933218568563528
1 5 -0.026977073401212623
1 6 -0.047122247517109
1 7 -0.09409687668085147
1 8 0.045583270490169414
1 9 0.019607435911893865
