## RankNet
## Epochs = 100
## No. of features = 30
## No. of hidden layers = 1
## Layer 1: 10 neurons
1 2 3 4 5 6 7 8 9 10 11 12 13 14 15 16 17 18 19 20 21 22 23 24 25 26 27 28 29 30
1
10
0 0 -0.1557288866679074 0.02499583544148412 -0.1203959618465696 -0.11450947734600245 -0.24169279528465684 -0.2628544506296212 -0.19510560752395165 -0.012281424523025448 -0.27117481782748937 -0.1820362945470082
0 1 0.05039938734653056 -0.12392385122047173 0.09134090177979992 0.12357985606199068 0.19449234376840582 0.23965012087079862 0.10556613210071378 0.06778379949581563 0.1697016532024299 0.15231884116423722
0 2 -0.31716565734239505 0.2651834968381667 -0.2536795158319572 -0.34025487191009973 -0.3839155134183039 -0.6186494708432059 -0.16967873757354704 0.029403940585658806 -0.6522116197765631 -0.2684870181301005
0 3 -0.7543510368351104 0.47869763064267185 -0.810130127774362 -0.7375426412808372 -0.9130893311010024 -1.431841495035133 -0.5957653738148185 -0.11021173542609453 -1.4486576799101278 -0.6346136761659917
0 4 -0.18864998628275398 0.1951100146521081 -0.320470212390851 -0.28096944976304755 -0.4221926154193756 -0.6018991198517342 -0.2914171957803405 0.03616175154373349 -0.539691012758874 -0.24193592804232233
0 5 -0.12692428411348883 0.0077730236088020595 0.001450934422528761 -0.086437341710776 -0.024326841411641924 -0.03332343380957098 -0.0857534172193406 -0.09654068489273636 -0.02899328553547699 -0.02372126638857032
0 6 -6.412386903850799E-4 0.12801654475625787 -0.09260439524068845 0.03406488904765947 -0.010963398558016597 -0.14406847673542533 -0.11537403014148016 0.01104842409078861 -0.0999840556986913 -0.11443855014718846
0 7 -0.22369638656448568 0.0611414427788215 -0.1316517217156231 -0.09058665962001934 -0.22806800804400917 -0.31004181389843966 -0.13467377584510287 0.038681568446523644 -0.33815785822089 -0.18240475698752218
0 8 -0.15693873576467404 0.1487066839253073 -0.11910788165417345 -0.14008622248008437 -0.2968262808643981 -0.3060706612088381 -0.20855643704762328 -0.08920042481162535 -0.45136643456421016 -0.20689819240229368
0 9 -0.03187054262569717 0.1477958509324721 -0.20268968603934906 -0.1377246474433745 -0.13650795639126517 -0.12889116933647407 -0.1816577715135877 -0.0796861033659786 -0.1636559276153287 -0.12954618824214334
0 10 -0.22392105398018008 0.042756010785465405 -0.05016103846418825 -0.19357097730017245 -0.20704408452443593 -0.3405384867297173 -0.10834397570491136 -0.017685954912756378 -0.3906875412348917 -0.1967217739363696
0 11 -0.1871224957434583 0.08116606484635379 -0.17644989530442803 -0.22426569549708453 -0.25251377440949246 -0.26597930916674606 -0.20628655238742064 -0.005551952732096449 -0.21596239813212792 -0.061556080071441
0 12 0.06808659641893958 0.09499901555540084 -0.07603397507779876 0.0384961985237018 -0.0656093403972072 -0.13957865153741442 -0.10801899758209646 0.06788312375253029 -0.05966440153246845 -0.04348294103493283
0 13 -0.21828741468503335 0.009798014819413569 -0.18226392970288557 -0.18594919605008173 -0.13007329958130534 -0.1812574720039951 -0.0810172002336251 -0.10019662184579047 -0.2657370017003108 -0.14611769509627465
0 14 0.5104288062984152 -0.3223521992627606 0.5945911057224832 0.6026319680154041 0.7240359007658089 1.041710291138775 0.4343757677633247 0.07748182430119135 1.0044399956711887 0.4566759053420835
0 15 0.1279747603651836 -0.10776972474471601 0.12681514140142022 0.2275057987602119 0.2451436599379983 0.38923059568267604 0.07604162031240695 -0.002193620658873543 0.43494521123756136 0.2372454776679032
0 16 -0.07456890574337123 0.0715981600040869 0.07846403867668059 0.011414374581219265 -0.09894577637467443 -0.025046516561994137 0.06353011987192803 -0.0396302499817641 -0.017905786325653032 -0.0031176852154076555
0 17 -0.2364584052175309 0.05263355635550448 -0.14459710677529017 -0.11436801461975941 -0.16623205067950075 -0.2955864961680297 -0.2223277392299197 0.054828664409769474 -0.4178410460630597 -0.06283016812108634
0 18 0.0035154959146405274 -0.01301739996708281 0.04806927753600582 0.1091181334630984 -0.002684011141207236 0.10814209003606852 0.05765857695271727 0.05362272685960492 0.13077143826022403 0.11593764270749944
0 19 -0.18529469001309506 0.20066562593475007 -0.16760306248210927 -0.28534464641029944 -0.2747580610845143 -0.44281871788875216 -0.27520710774134505 -0.021797436164144143 -0.4409387044548207 -0.2863089972189681
0 20 -0.2528634271447881 0.08813914973809091 -0.24268676072568637 -0.2918434501608822 -0.27114090606157926 -0.48106896560243523 -0.26091552575857474 0.031986642201621354 -0.49287454803996056 -0.301113986563367
0 21 -0.02546552414702971 0.0311795138034081 -0.04702028009732564 -0.12558898570652097 -0.07433443758074516 -0.2929096334744617 -0.014783342273195107 -0.040190221229261865 -0.2841896222184164 -0.14113787386917437
0 22 -0.06702110765961831 -0.01027384547361943 -0.13516361995406134 -0.03806872844067516 -0.2187426606772991 -0.2701213283010419 -0.08750166691649912 -0.04423895076449892 -0.24806105415629992 -0.10369196092626788
0 23 0.021326047364992558 -0.06971254986914097 -0.026789030147019218 0.10110050415470942 -0.027596974403264207 0.057747598340680044 -0.05272398468813955 0.01523709669024572 0.18934155378803633 -0.0286874678948861
0 24 -2.462476694355658E-4 -0.12472556664942046 -0.019296807515986957 0.13559098970314576 0.016844968897896932 0.16607307816723296 0.04793392759346326 0.03211088137578265 0.06306470891090185 0.06473624052293167
0 25 -0.1265001984959738 0.1057017067598687 -0.16094916832071443 -0.16547721835116047 -0.23119685732744497 -0.269462321985331 -0.013607980978248904 0.03506520800086808 -0.38136690849810323 -0.08356394002285787
0 26 9.850667267254395E-4 -0.04095980914578449 0.11578862449658775 0.03171039435402071 0.05987607768380888 0.004686802636727608 0.011111562587331442 -0.07480503804389016 0.1673312054852449 -0.03451338704391825
0 27 0.1352543327941171 -0.11379357031108159 -0.011921194058398718 0.11178038953868648 0.018008035841823155 0.17919965835404808 0.09319988064091915 0.06899305551772167 0.1304303675471327 0.12458818554380381
0 28 -0.013802004046738148 -0.004314822144806385 0.05594281107187271 -0.029662275686860085 0.07248757779598236 0.08657632023096085 -0.030583996325731277 0.04240304231643677 0.06037285178899765 0.08270333707332611
0 29 -0.10969354830397396 0.004769713113706747 -0.1412091448853758 -0.11919828778761275 -0.2684619831018771 -0.35033549712824064 -0.15176186875851735 -8.312310578048571E-4 -0.3782306768368064 -0.10218783183383666
0 30 0.06395376911874125 -0.08287479585922392 -0.08257476143241982 0.02401213913913608 0.021866815823287422 -0.02263873039305812 0.004065092226076298 0.07864751362159864 0.006538377101891123 -0.11017396161907383 -0.0603260620205098
1 0 -1.1482570257511862
1 1 0.7591084148398631
1 2 -1.1797580195428632
1 3 -1.2459597142571517
1 4 -1.4853440510788376
1 5 -2.144940320669433
1 6 -1.0158149424077056
1 7 -0.14049005414093252
1 8 -2.1613316989379494
1 9 -1.0941382292311637
