## LambdaRank
## Epochs = 100
## No. of features = 30
## No. of hidden layers = 1
## Layer 1: 10 neurons
1 2 3 4 5 6 7 8 9 10 11 12 13 14 15 16 17 18 19 20 21 22 23 24 25 26 27 28 29 30
1
10
0 0 -0.04589701164897287 -0.08228768839891733 0.05372867345745283 -0.03724292691768704 0.03777414934315854 -0.05127882737579732 0.06876778044607833 -0.022590554319831715 -0.09503112644695384 0.07495859301388641
0 1 -0.0021861007721250066 0.008178185317385565 0.07053337298481697 0.018700874718456835 -0.026451441353134864 0.08614479846885151 0.026509330607016084 -0.057325438671637044 0.06741601021069878 -0.09227753926304547
0 2 0.0738996502814087 -0.017038539644322368 -0.027383599912905846 0.07299374137445129 -0.07236900828749386 -0.05418209916525983 0.08769537196147685 -0.09018616040146252 0.057506865705385726 -0.0941226251476881
0 3 0.009054630796306548 -0.052285080953957404 -0.03255393743400316 0.05776099962324737 0.013696417425283528 -0.07098561614036208 0.046953798846844086 0.043524529477571294 0.06401728445868961 0.04215366703996993
0 4 -0.08497495332169233 0.01764144431460661 0.04953195549067975 -0.04191266694116391 0.005448538152285144 0.08860940287502093 -0.05539990251122477 0.009552214441834432 -0.005767273589016596 0.007037106998925824
0 5 -0.01420119051588124 -0.0620969390343154 0.031064171592149796 -0.03593047373671233 0.03553120667608 0.04806182919511493 0.013827263294900978 0.08370776781423406 0.06859536330136252 -1.4870588450062973E-4
0 6 -0.008116414191298413 -0.07835705633581232 -0.07475277801012012 -0.09504606670423715 -0.07831858518573095 0.08704792243623771 0.0804669717975241 0.0571200258917758 -0.012533743549408885 -0.05407387902909992
0 7 -0.03516880155339693 0.07449794290437509 -0.05546032138042443 0.03984232365077778 0.0206160014644711 0.007110275762930707 -0.001357648012325504 0.08874933689473645 -0.04565727174203891 0.07712979818214415
0 8 -0.041423481583873156 0.0470080991395067 0.013019087880519854 0.02607845275801108 -0.03426459194796941 0.07974659113377934 0.06304338945696647 0.013617681422327993 -0.058503287946176936 0.008337503286540409
0 9 -0.0838092270597102 -0.009684525274370229 0.007836155231937472 0.0991890137130629 -0.02632655357287085 0.002556593721706375 -0.012239485435159991 0.08907021631336004 0.07942999011899995 0.0032107983305677793
0 10 0.001958504047658046 -0.022745693700673846 -0.03842105389910129 -0.07959823773064865 -0.08417985782284472 -0.01432171439471118 0.05083673768861279 0.09236102074044765 0.06705647175815035 0.013889619982635298
0 11 0.032001356751261534 0.038686078822151665 -0.05073705998331982 0.08123634919782756 0.022963738460141266 -0.02942818312162595 -0.0018787628357549832 0.017555676737774133 -0.004877311996936575 -0.04233213905364634
0 12 0.04083498023625076 0.005784295879593974 0.09640500460747431 0.09272679783042623 0.0022880131241585734 0.04582133278254418 0.03036657249228388 -0.06169657632525544 -0.07407967600939871 -0.04682464999080221
0 13 -0.0514736427204253 -0.0036705393989209284 0.07893843263005498 -0.05787431526204461 0.07848317476439878 -0.03280647074986709 0.04167899611178232 0.07532858296217296 0.049761179332317815 0.050839157492221
0 14 -0.07406072175949738 -0.06596628952377888 0.004176240215799542 0.04090136651203168 -0.020906272319696738 0.08100286633900783 -0.05581868566875116 0.09269728654223056 -0.027616217739651887 0.02216031475646939
0 15 0.08741209153809792 0.0681891819645661 0.037192587541743365 -0.03403847345610803 0.021962824638268947 -0.0413661246431816 0.06962070163287569 -0.06616309948589946 0.031740219838862625 0.06777999496784101
0 16 -0.013493046459092021 0.044483424331082974 0.0092842049667176 0.04780031193866198 0.042591664539755165 0.03802480550950882 0.05572516649308087 0.048242929916565085 -0.07091820884759582 -0.08725277963458863
0 17 -0.03899031686429712 -0.03905159260779219 0.07826373658996741 0.08778737164751192 -0.03504235552307002 0.08191946465978048 0.0700678937501228 0.08412329002183899 0.09590839821005726 0.08147222354920787
0 18 -0.08242904484402752 0.03572223816685609 0.07827169867151 -0.07225608193172146 -0.00879031997416333 0.06227156120724409 0.028980229328533457 -0.0674735422156073 -0.0041666073410623035 0.06323136084263895
0 19 0.044993048887756806 0.04165003776198158 -0.014113838059355378 -0.02994824832653454 -0.019775624748071156 -0.051181124002041944 -0.09246967776571002 -0.04121133425181609 -0.03899326222033346 -0.026525912587756693
0 20 -0.09321424919514151 0.038063862263682524 0.015262516343012499 -0.08075589370028267 -0.06462461150347992 0.02296278343420259 -0.03485242721873645 0.09073212912318329 -0.03420311850900843 0.019934324340700933
0 21 0.044162069265617325 0.001470814033007515 -0.041578207905955566 -0.05965368680043319 -0.021527882373681462 0.09305920880212187 -0.06951129229626536 -0.02679147467936086 0.06430223048252658 0.028768891905665093
0 22 0.024784570957995036 -0.0167070605529531 0.07055560110162654 0.0712832505309561 -0.041869663757636115 0.0013642231200663632 -0.010375599101198913 -0.01446099942228663 -0.01780886951558082 0.09675236491917419
0 23 -0.06244241236493506 0.02821296430479462 -0.03793276585289983 -0.0576328743012815 -0.038389945240655 0.05544666956509759 -0.018916612438040784 0.09907087351272803 0.029335007262543542 -0.031394025803535196
0 24 0.07820936072693951 -0.058948174765848356 -0.08731783011996283 0.01853091115788263 0.037028263505669755 -0.07076784232319203 -0.09714942440286306 -0.0626886709198971 -0.0780979856407097 0.012069475669841664
0 25 0.003889915845715893 0.08011902925045436 -0.007876363273344822 0.02959483125171944 0.03540773412084714 0.0792274517583939 0.01960695336447387 0.020140470945435092 6.41272436131329E-4 0.005073278833182977
0 26 -0.012177942362103235 -0.06350951076368726 0.0481609014888276 0.07187160047751011 -0.09793345851749159 0.06148577380651113 -0.044134016699421054 -0.012458554264545542 0.022981167265597957 -0.03726166506628618
0 27 0.06353006553033369 -0.03256020008552791 0.03234326680787759 0.08748291246076792 0.09219463608003038 -0.0036288432666802288 0.03400661664492028 0.06079511384653857 0.006153018406912719 -0.06701694188437224
0 28 -0.05626423576291906 0.056576620045642595 -0.02787836966777924 -0.049954646943903454 0.04598993116246255 0.09964270687542734 0.05974698500293541 -0.0139511207027019 0.025595932937101325 -0.04761718404422057
0 29 0.059403722375290346 -0.06503408679939571 0.013090108471105982 -0.03255974203025441 0.05351223376429692 0.05714667203951337 -0.009483947308738503 0.018939389587421918 -0.08235824347549581 0.009497751146775018
0 30 -0.08033870488543098 -0.03160263070555737 -0.03135867048483051 -0.08396621154470321 -0.021636489416662488 0.041265246066112204 0.03098748788856917 -0.016181725466311515 0.04767883318737877 -0.06700431093622752 -0.017595618963241702
1 0 -0.07581057399511419
1 1 0.08618925511837097
1 2 -0.030344575643539016
1 3 -0.041820794343948205
1 4 0.05385517328977613
1 5 0.007503706030547587
1 6 0.02492719888687155
1 7 -0.0029475749470293513
1 8 0.03328786417841902
1 9 0.0021241486538201566
