## RankNet
## Epochs = 100
## No. of features = 30
## No. of hidden layers = 1
## Layer 1: 10 neurons
1 2 3 4 5 6 7 8 9 10 11 12 13 14 15 16 17 18 19 20 21 22 23 24 25 26 27 28 29 30
1
10
0 0 -0.08599552886358083 -0.3491089811934299 0.10514532379097526 -0.20788942201451596 -0.17499858916833644 -0.2046231096385604 -0.214039733143404 0.3829448887057999 -0.37637124926000554 -0.09455307413394387
0 1 -0.06267005823674653 0.19977690695085645 0.01901942138764851 0.14603217479653374 0.04505708043761379 0.19452118417579126 0.22396921157473856 -0.31435211419351633 0.14511143946735278 0.03508668400320056
0 2 0.036347136269362236 -0.8484416951976257 0.1357292142030881 -0.30858514108523566 -0.352407489589602 -0.4555036133651981 -0.4708596345990092 0.4113160704034441 -0.7083537995378755 -0.2880932614246039
0 3 -0.08371094907668399 -1.9873679544108906 0.1530409968466055 -0.6232018393013294 -1.0195064887539507 -1.0285044484476695 -0.9320495550917971 1.255431764457667 -1.6360944010723955 -0.7873457729466388
0 4 -0.045772189209216774 -0.7224998438942811 0.05214895096015799 -0.18190181485392917 -0.40805691513492415 -0.26786451353348384 -0.43477030430202895 0.5082568882406334 -0.6881177409347029 -0.2232967419523024
0 5 2.5327289675900204E-4 -0.11644315778770539 0.014577254151768904 -0.09532305388476056 -0.10565099376883105 -0.025022247317845293 0.026113542449821336 0.05724832931604536 -0.029687693876675393 -0.06530219329936277
0 6 0.07596980269759804 -0.3157636821625389 4.942717583895863E-4 -0.11611530156074379 -0.10435129007523171 -0.018787259595542866 -0.07432226801123892 0.1112384153179693 -0.15240810182793865 -0.020405185123652296
0 7 0.0847369261397621 -0.3857885660161806 0.011011676199665005 -0.09795515057662971 -0.22285086560583403 -0.24742922041146986 -0.2533492940527776 0.292157660268547 -0.3433674141928576 -0.24869214030206982
0 8 0.06538489073613984 -0.4938092339142625 0.04827356291908585 -0.1758128475160589 -0.3058020433989453 -0.24014936237071935 -0.32165639642483795 0.27927740876217566 -0.5446311636976625 -0.16429389578800813
0 9 0.03845200844866953 -0.3553115490806051 0.05822883811245233 -0.015156178638509462 -0.09861927285949341 -0.17916412242402324 -0.21201369195981146 0.23518014685923305 -0.3360003598839761 -0.11685990704569374
0 10 -0.08211560258422168 -0.39006510476949374 -0.07719467724982931 -0.2081306009417785 -0.2702201285790809 -0.16414101861335334 -0.1318182606271177 0.2805380658507666 -0.3240672366593067 -0.0764790939093211
0 11 -0.05295365683030566 -0.1832999661078257 -0.07756914059486761 -0.07378172745887164 -0.21917788977939962 -0.06768075302952464 -0.06317510426087009 0.1862851004674413 -0.293667150964983 -0.19797068359382813
0 12 0.07963799800116633 -0.14020111979038233 -0.004319898568483866 0.04187339189820897 0.058052273009483034 0.028552634073022477 -0.12138877029245781 -0.037098971596623835 -0.045980752475750994 -0.07550340470180421
0 13 0.009416677043818156 -0.47887536396471814 0.02161659213072943 -0.2268842870938576 -0.15696089611397043 -0.1766782602958259 -0.2428613603969903 0.2814332034691033 -0.2526233019476315 -0.16727488591575917
0 14 0.060681575316056294 1.473733579721245 -0.1263491849961091 0.4215126797842881 0.7073227913828173 0.7553351185918281 0.6597141805046665 -1.1624364975995847 1.2355899717027221 0.5605987262710321
0 15 -0.04256623165792835 0.45767012741180507 -0.056277416101057895 0.1857423929843012 0.1523979708142177 0.2082359394454675 0.16622009634848736 -0.3695593445523889 0.2681993217757244 0.21760477206857748
0 16 0.08344260520363726 -0.02399783179480225 0.0762869047057931 -0.015557692476199597 -0.0432556391440004 0.03965856592339523 -0.11668298392515462 0.13201803099646137 -0.19240484299609115 0.009746909888911682
0 17 0.012673116549502875 -0.5491103896347882 -0.044146924342443335 -0.2361238021367856 -0.2182064853575181 -0.2497170706328347 -0.16126947380544626 0.295288863226628 -0.4112631050378943 -0.2472165380242332
0 18 -0.07320043051497334 -0.02398301587090504 0.07493279350645912 0.10422106793250233 -0.05905708641559504 0.07826802141241462 0.06901347241771984 -0.09894667225326559 -0.021077912352107913 0.09212919032200191
0 19 -0.04192388192168511 -0.6252488332471587 0.050685308373916556 -0.2636067934526913 -0.3257396123182691 -0.2568698414709055 -0.23132785332870784 0.4232066305005462 -0.5633572891768647 -0.30149394137968255
0 20 0.049562117281909575 -0.7069794683257067 -0.052486264979822866 -0.21564900695696346 -0.40270247423320243 -0.34699145520417746 -0.38408235942924357 0.4318167500908776 -0.6314129046059271 -0.3162679821567154
0 21 0.05127327112111217 -0.3027010675747113 -0.04522913009952599 -0.19939420993228574 -0.2302173840222297 -0.2576327827682749 -0.17079358808779596 0.22777519047519545 -0.37174314759683885 -0.030588699422165716
0 22 0.08874065021912261 -0.1704556542664836 -0.035084293586006725 -0.005009136479173897 -0.07382899696733715 -0.05021614015804444 -0.18577569336917765 0.2664720203976041 -0.32100891973218326 -0.01839690944801123
0 23 -0.031394450085602085 0.1161663530380313 -0.04297621906994052 0.11303789111557495 0.1716066548726569 0.08635985144032889 0.005613224147970457 -0.062144114067210564 0.21071293993466023 0.11277171906744042
0 24 0.03567951626889455 0.07339626290747513 -0.035932359291602184 -0.047292297543644 0.035929516457806024 -0.01823098289015473 0.037480763226208615 -0.061430232145655156 0.07787300775233089 0.0038842396156069724
0 25 -0.05509181364563829 -0.3467978676383277 -0.002429173881846794 -0.18250695212097423 -0.10841402260278903 -0.1801752420831327 -0.16893012907993568 0.07043239284184895 -0.32390676982367134 -0.16735447522505426
0 26 -0.02352854559344163 -0.030923896470547056 -0.03385773048949446 -0.003338721873194835 -0.01818860951337201 -0.04003676676389147 -0.008060550907291053 -0.08932362634237367 -0.020467489502250996 0.055047817798525904
0 27 0.0016598159091714376 0.12368220889164029 -0.012053133902726316 -0.015151194847056683 0.14571274490502945 0.11367985204471194 0.09298945046357751 -0.07224952283378894 0.06348486115049967 -0.008140018009937541
0 28 -0.011399755503026075 0.06282995988137464 0.07583852401606687 0.042728004271292495 0.056188399291797225 -0.026120873008164354 0.0409156280583453 -0.05235450541461543 -0.09588420638179947 -0.077098879628247
0 29 -0.02095876573585194 -0.28139341365993986 -0.02261592334735882 -0.12561114638903617 -0.01855352456590644 -0.17082135408513183 -0.010462619891962956 -0.1713774489696833 -0.15877759310445785 -0.042373685622907914
0 30 0.06791757634680089 -0.11244422751455511 -0.05822501373838421 -0.09772587390725283 -0.0013611290849267163 0.021472810369576597 -0.006548855402751016 -0.2505557275782522 -0.08595293852148485 -0.023370650248515694 -0.20341736147318784
1 0 -0.08964075397485792
1 1 -2.779696341021278
1 2 0.17499269176428958
1 3 -1.0633611722493173
1 4 -1.5805566250908076
1 5 -1.5795585936534329
1 6 -1.5392411336463068
1 7 2.1341914771401234
1 8 -2.4292997434462356
1 9 -1.246436150747112
