## ListNet
## Epochs = 1500
## No. of features = 30
1 2 3 4 5 6 7 8 9 10 11 12 13 14 15 16 17 18 19 20 21 22 23 24 25 26 27 28 29 30
0
0 0 -0.03699618490648906
0 1 0.07931750821839033
0 2 0.0898539215896265
0 3 -0.017273060024705335
0 4 0.0874513172438988
0 5 -0.013575853900682213
0 6 -0.05209481531617078
0 7 0.028584894076902286
0 8 -0.05688618005066677
0 9 0.06724304266508607
0 10 -0.060681328235129776
0 11 0.09155841581724045
0 12 -0.015200831846941073
0 13 -0.0699724101053089
0 14 -0.07041705059055024
0 15 -0.07223212198701445
0 16 -0.09918303213866346
0 17 0.01688154241823166
0 18 -0.03562486416301209
0 19 -0.03131930428394644
0 20 0.013718053541020781
0 21 0.10031233281403479
0 22 -0.02404444017360925
0 23 -0.09149757651204365
0 24 0.07300938800419238
0 25 0.01262670219957482
0 26 -0.06751014829134037
0 27 0.0065314646090763985
0 28 0.03955659177915525
0 29 -0.06154039033321705
0 30 -0.05720522254705429
