## RankNet
## Epochs = 100
## No. of features = 30
## No. of hidden layers = 1
## Layer 1: 10 neurons
1 2 3 4 5 6 7 8 9 10 11 12 13 14 15 16 17 18 19 20 21 22 23 24 25 26 27 28 29 30
1
10
0 0 -0.022831795989611377 0.11757280974189412 -0.2927258981534748 -0.037172491487268144 0.1287209105406065 -0.055160968951107434 0.04259267506210942 0.01911332253810352 -0.0025153134597479857 0.0681513374307688
0 1 -0.02454052331714003 -0.18201681159217817 0.2978489209920868 -0.10248140309015685 -0.14615929710620718 0.07021526579494194 -0.061905623052508206 6.409837477650442E-4 -0.07216736806977647 0.06857651493948926
0 2 0.05668755274397982 0.3111287330150127 -0.5491924681377196 0.0738275693581144 0.3112915039575541 -0.24661722985298412 0.043044146911031075 0.021881711331111064 0.14071944394978178 -0.1227283718407815
0 3 0.18373435119643755 0.6046608286708812 -1.4509133916072432 -0.05971218923330903 0.4828161576999167 -0.32378932593081194 0.029190354591388988 -0.08731463369063792 0.31605406403668623 -0.16148704922589113
0 4 0.12868064213369912 0.18659874565018805 -0.4715196332837009 0.05130297340741032 0.27210249720792073 -0.1772272824150168 0.015764459490361718 -0.13274217078505796 0.22069535635437182 0.003135455921389785
0 5 -0.09287082392086485 -0.04349040470111498 -0.12502608923966343 -0.029835362879328576 0.014340813005940662 -0.002943712785290874 -0.05664740186311606 -0.008691841345018958 -0.017005808670575752 -0.06515452247640048
0 6 0.09269117477314652 0.031630725302144225 -0.1703295391587581 0.046915808096811284 0.10571160884957896 -0.07139955398540163 0.10546514239311061 0.02821496883464341 -0.010448236902777797 0.08020448059985387
0 7 -0.040066409416197726 0.16771056913371468 -0.33942344780197226 0.00713791412325003 0.19160056480252885 -0.14477796917697577 0.07869817499486442 0.017904191230333988 0.02767703647605003 -0.099535337735923
0 8 0.02524735310007795 0.13411372277946407 -0.3886942664609143 0.05500837923445856 0.038884278457515895 -0.05875256675875745 -0.013124041280885599 0.01556686353009335 0.08747734498472963 -0.06336657205980734
0 9 0.08400176423609515 0.09407853717147219 -0.30544252958927326 0.03090049188487342 0.1570022581852534 -0.10202913074553052 0.04517778537626583 0.046703168685133495 -0.039189637650401156 0.07505864398486382
0 10 -0.04327287728248415 0.19203212099045494 -0.26292448347121533 -0.014140130299233531 0.038447024939842575 -0.17228685907041594 0.0019044722732513076 -0.06421645292701929 -0.008987152756336788 0.054894366854768464
0 11 0.04198976277692409 0.03762213063809417 -0.20201931526280367 0.0684802315515212 0.11065467987319917 -0.11862640590413646 0.031071521272247105 0.016985584019817264 0.02186849071213887 -0.06542562505554912
0 12 -0.06361203985771637 0.08725316100702127 -0.08542709274783626 -0.026180871908824524 -0.0028836523387507015 -0.05350948217411641 -0.05474790909482619 0.059877904696187215 -0.07919417832827252 0.013142559852423704
0 13 -0.032808178003162984 0.1407681749190493 -0.33887628898122646 0.0971316112388419 0.1992991847198167 -0.14993490920401298 0.06313177348468678 -0.09922868288722819 -0.005039484502536811 -0.09316508299378584
0 14 -0.08184562107545464 -0.7076883913279389 1.2665835812292217 -0.02273108125208538 -0.42144765777813964 0.45839976820399514 -0.11653529718769927 0.07785824326934002 -0.23796708600450928 0.11389078149320439
0 15 0.05976600273048231 -0.14224405131223278 0.3390633629381598 -0.03757118361163945 -0.22544558112269533 0.015060013324260563 -0.016161548525219716 0.03366644749475947 -0.1597495541722023 0.06601378036586981
0 16 -0.09428354286654232 0.09439430466053701 0.04865282467079818 -0.07867511854472369 -0.003856625106081594 -0.08031101448130362 -0.02119074440462158 0.046923340724129174 0.005233889432346389 0.03862973888329179
0 17 0.06662514828476693 0.14106140937235778 -0.322130669635641 -0.09207248665407684 0.10125477442563016 -0.1655243604925336 0.09509317596277901 0.016318822463473794 0.14030017012204118 -0.09568990213780547
0 18 -0.04111482491557466 -0.06135858016140124 0.04225872262479936 0.03987018739439213 -0.002883651496063383 0.12729793746023205 -0.09057137312097431 0.08004334687705017 -0.0825910672386826 -0.06071094448212583
0 19 0.12288940413754895 0.27265762651888165 -0.4438469963816971 -0.02099926303458488 0.17196434985419526 -0.12428524363158847 0.13080197924971454 -0.07628333096068693 0.20308500327908666 -0.01003246921539137
0 20 -0.04026943218004794 0.20726529281587383 -0.49715130257830126 0.048567161333463706 0.10553115186222367 -0.12818560056531855 0.10920855753655065 -0.10511482488271645 0.08440257987981085 0.06888568384160598
0 21 0.08346340127669555 0.09775852797559538 -0.30653099825489044 0.08261718010359727 0.13779581683583675 -0.16093289067199051 0.08461338743817137 0.024051039284317562 0.08243565040895308 -0.10429283798239965
0 22 -0.02169304304372229 0.030526331470665226 -0.15730655684459166 1.5127202241836562E-4 0.04520852677332859 -0.1167321424811605 -8.782153937631335E-4 0.0763889550501685 0.04672945847002397 0.06390802764414623
0 23 0.06451721090031079 -0.13025045115561923 0.14493812925405083 -0.08998410231786652 0.0321554170865973 0.035300713101390595 -0.05091267616583725 0.10142319543586142 0.04392784692187201 -0.08390779418752435
0 24 -0.05211709070995424 -0.004968281524319277 0.020404575649077338 0.07243834269971727 -0.11865037811890208 0.009822698733662096 -0.10654601631399116 -0.08334491849831954 -0.017717146988006607 0.016573484980883776
0 25 0.007533811090113428 0.06645893116452796 -0.2725292678761726 0.08482063383847183 -0.05066665041463034 -0.11897136306727732 0.09581245603846475 0.02479003321442568 0.01917471932484369 0.0024614005740902353
0 26 0.011781156987141486 -0.11477367611626349 0.0423972184332969 0.047965412016544175 0.009869182490676818 0.09071424129298235 0.06618241697548384 0.06567521086295486 -0.08487317230454552 0.004778105672323346
0 27 0.04220734300309052 -0.07977421884577014 0.0841316655506069 0.07137278366537904 -0.02246706237375573 0.130066168671989 0.05781162692170195 -0.04598255352381776 -0.017786336284855906 0.012129613074248605
0 28 0.020902866317103655 0.047398724613106194 -0.008336921478957624 0.024948752386445807 -0.09732559915157953 -0.08708149363394962 0.04254130071359036 0.04294181983817458 -0.09443295161861422 -0.07797143913971788
0 29 0.07622462019500692 0.1306814163676529 -0.32964290169735705 0.0680357360806073 0.04254329020277388 0.029325335153522435 0.013938819717492792 -0.08504841126062014 0.09723061256239204 0.06500904846178772
0 30 -0.09516054859144348 -0.03223968175895111 0.0019963219436175913 0.06533543593687885 0.0078010048178843395 -0.015824441662757927 0.07443525049901917 -0.01871955624374387 0.04220813844443817 -0.024862578830959426 -0.16767024575703143
1 0 0.15010100374604038
1 1 1.1000063472974213
1 2 -2.3084322703311684
1 3 -0.02865031380839078
1 4 0.8320579455436322
1 5 -0.8479043815238086
1 6 0.13833627283649455
1 7 -0.23968735231506333
1 8 0.4708526745722952
1 9 -0.2896637402252653
