## LambdaRank
## Epochs = 100
## No. of features = 30
## No. of hidden layers = 1
## Layer 1: 10 neurons
1 2 3 4 5 6 7 8 9 10 11 12 13 14 15 16 17 18 19 20 21 22 23 24 25 26 27 28 29 30
1
10
0 0 0.00786736683829644 0.008588840670922126 0.04326564880255801 -0.03685979164115804 0.07317765033542739 -0.07456950457720911 0.07564196988263083 -0.016275119475026502 -0.061344081760831184 0.03302246641668327
0 1 -0.05233489269995772 0.05862197202223835 0.018278718487111555 -0.08995398355312238 0.00712961675438897 -0.08261548643100113 -0.06029869317463683 0.07300253378388992 -0.00665945720509888 -0.012651984145377174
0 2 0.0886119459372524 0.00790645685130257 0.009419434479227105 0.0974793767820292 0.07321912216182902 0.011024335104188755 0.055704027273112744 -0.05297942824682569 -0.028858517230419614 0.0778697526315376
0 3 -0.021750488351465955 0.02598762826902405 -0.030590600065120842 0.0915232790000775 -0.06603262376463469 0.0027624714606664926 0.006878479590012195 0.010161071531476823 -0.007158432759423978 -0.05475424536981226
0 4 0.0034855500978816386 -0.01754580694651764 -0.09716382598830611 -0.019244885033949582 -0.03445968456619862 0.03797182835673862 -0.0992536897195707 -0.06711268688455488 0.02162963689524186 -0.021758621041229314
0 5 0.03219814841407915 0.09256608953051493 -0.0789038834345125 -0.006821880892794826 0.020848356239461453 0.09587284760907246 0.014715847333156444 0.048603968650660655 0.07829440944159063 0.09730279587934658
0 6 -0.010771923957679572 -0.08950899820235948 -0.05073068485138378 -0.033343954502723844 -0.08460194709670973 0.008504450338169073 0.07588709771706667 0.037986749108243734 0.05896394447626154 0.0511010935001282
0 7 0.04146552084785858 0.004580030001309674 -0.04197585482398913 0.09057278551305047 0.08140386558179585 0.05701979395351289 0.0685126684410507 -0.01235424163538475 -0.014517994733196433 0.03313127807759155
0 8 0.06551725741813053 -0.045251307811126754 0.012831285586907186 0.09727219834940434 0.08189534046392356 -0.08557129859117454 -0.08481695953145828 0.054853223799306135 -0.0668033127298367 -0.07309078483896778
0 9 -0.07263748083972699 0.036921447995742096 0.089602880042168 0.08163258439631144 0.091895881668409 0.05945804630522781 0.06915535147537412 -0.08102491688052588 -0.08743556964607745 0.039216665857969284
0 10 -0.02059424347409325 0.01217895845783051 -0.0392258154935652 -0.06536226896167606 -0.03367623799903581 -0.09257956624776499 -0.028894562820980983 0.08474052237320127 -0.06839722520760935 0.03551023088760767
0 11 -0.0690606667017799 0.057436455055099284 -0.09058946574166657 0.023073737046240772 0.005379557308669807 -0.07856259028435884 -0.07351598054877778 -0.020399569456992648 0.02435316540231502 0.04299030447004468
0 12 -0.05919845220378344 0.05660285259746529 0.03860326739482572 -0.05009058616213332 0.007976922696606546 -0.026276838131727438 0.07531062901995195 -0.006342240467578012 -0.0644390288016912 -0.08535879841883554
0 13 -0.0650118126100688 0.08816364896715821 -0.03231960463324016 -0.02366093051396497 0.011463050536927656 -0.0661021177886135 -0.08360793764474787 -0.09867197688028714 -0.026192749903538336 0.07884076673892076
0 14 -0.02149566548195695 -0.004342588673988569 -0.02769931968923807 -0.06646175069587018 0.08128921269321403 -0.032299427243934614 -0.03764571765358746 0.03847151822248849 0.07944414761002473 0.053800828455974746
0 15 0.05473426785001968 -0.056802752917595956 0.015272563444645152 -0.014246291927901947 0.050664929266466534 -0.059800112874308246 0.08876401955534409 0.08604556902089358 0.011980079215401045 -0.03977449900799107
0 16 -0.02245079619592752 0.06912472822869314 -0.046554898064817204 0.013532046603393884 -0.06592702167189925 0.0639298199810232 -0.08430295660006558 0.09321519519584986 0.017308053233020933 -0.06679903361945043
0 17 -0.027690152509208723 -0.07294451924006319 -0.017634799290537077 0.05393865737287037 0.04977993179128066 0.09566363022829903 -0.06140751354486636 -0.02683383904161526 -0.0949193389782156 -0.05421809431146454
0 18 -0.019255747305104626 0.0894382108046002 -0.010310026186955618 0.01078928019835213 0.08710102522705762 -0.015113832602098748 -0.02569065541936085 0.08992080842778102 -0.06075584504541541 -0.04081236208769145
0 19 -0.002241804340253091 0.010770698102694588 0.08347520422645069 0.09365122791508504 -0.0925165453945469 -0.07833307641841074 -0.031122091509857598 0.01694521885718684 -0.088504752011759 0.04332932526076102
0 20 0.07819282002221802 0.010837528502464687 -0.08583120632201441 0.07626390923287449 -0.03701632187873405 -0.046446700268159904 0.05990238314521082 -0.07335927292687376 0.07276170668175891 0.041864495286373024
0 21 -0.03131744730334909 0.027667148572178998 -0.07567083752149485 -0.012101150429935557 -0.09686316198060378 -0.053166626568835196 0.015039470771699901 0.017381685422320346 0.015553595701382665 -0.045879994520062015
0 22 0.008774852535236412 -0.03835506075198902 -0.06894545092520346 0.002227279090875267 -0.016828167472753657 4.3334633895029696E-4 0.05981304316286761 -0.09202817545403667 0.0073026639161944415 0.05477632414056873
0 23 -0.07397252249241398 0.0011361902236825473 0.04993927340816794 -0.09873846120845235 0.006283288031202878 0.01708029274115034 0.0632495102005809 -0.08473901048945785 0.04376145732563339 -0.029919117677583873
0 24 0.07879535765438764 -0.023254187524591328 -0.006263149964479183 -0.06018735048713552 0.08895348621983075 -0.03304960289912818 0.0683662163060794 0.00580844110447829 0.012878588949564437 0.029551564681356758
0 25 0.024713193111457803 0.02091934384949451 -0.049676317461236054 0.07132669445346787 0.015839197399706923 -5.463750931416532E-4 0.08718671467991318 0.0032382601315142944 -7.507148398520438E-4 0.04776544661658942
0 26 -2.677522073296928E-4 0.04513437017199077 0.049363971801679986 0.0421739690603803 -0.0038158452227410873 0.07572341489780002 -0.02809116471034962 -0.011184690212441305 -0.021313762462568064 -0.05126552573573278
0 27 -0.06894501583074152 -0.031833626505989414 -0.0931669306974594 -0.08190136087805755 -0.04589824912710094 0.05229545689424211 0.07592380249077003 0.05963403321072967 -0.02922460776502202 -0.02985105303276924
0 28 -0.07751785963773727 -0.09566234052181244 -0.053101010620594025 -0.026743721216917038 0.032432399690151215 -0.07802626490592957 0.010779166594147682 -0.09203477948904037 -0.04558904841542244 0.004926723428070545
0 29 -0.08686240551707665 -0.0846634063476285 -0.02396561511550472 -0.08389592708579237 0.04660158557681958 0.060673599563952345 0.07108167052105621 -0.01235243480016638 0.028837455152709794 -0.055396623915790706
0 30 -0.06128193356839104 -0.01589096672205826 0.023887013766211062 -0.006103499260121006 -0.06356519283462447 0.04977081936677256 0.06374400509086016 -0.06878202403950415 -0.09419179906600328 0.08473790693067595 -0.04566346853971464
1 0 -0.040569275617599355
1 1 0.07177862524986212
1 2 0.030733715742826614
1 3 -0.0407845154404638
1 4 0.03338002040982211
1 5 -0.07315022498369184
1 6 0.029493367299437696
1 7 0.02839078940451134
1 8 -0.07433911412954404
1 9 -0.09055941551923842
