## RankNet
## Epochs = 100
## No. of features = 30
## No. of hidden layers = 1
## Layer 1: 10 neurons
1 2 3 4 5 6 7 8 9 10 11 12 13 14 15 16 17 18 19 20 21 22 23 24 25 26 27 28 29 30
1
10
0 0 -0.23867944561688828 -0.2923657681692422 -0.3027711579018667 -0.2224539668422745 -0.03136352805905633 -0.5444184641431143 0.19408680008974816 0.010888813869377137 0.05094641330708188 -0.08437765279921883
0 1 0.1526839597674935 0.07690747741422893 0.22950680786556366 0.1688231804631214 0.05412430938870158 0.3956363127811419 -0.05941068760227581 0.02937993619723882 -0.003312223547261364 -0.01167266216041815
0 2 -0.37993252634783353 -0.48941952866933813 -0.538808160214952 -0.4143494729294495 -0.14265867116244332 -0.957555018040603 0.13633345426092797 0.012805585988679686 0.03637616263408774 -0.24031716049839605
0 3 -0.9207720328736277 -0.9520646594752593 -1.4142593164726553 -1.2946507215191922 -0.24814338870729508 -2.6307407245049843 0.5187974620012862 -0.009212850550471425 -0.0958123905256788 -0.36718601411504453
0 4 -0.27806505475586435 -0.47006860581254684 -0.5231757070107083 -0.5277279570558847 -0.01789357365248459 -1.00638656707842 0.22805134635970675 0.011491079687039826 0.015655148246327008 -0.22636720414347042
0 5 -0.03173876580590793 -0.08245332633029087 -0.15034129909036353 -0.1502309679357257 -7.203352394858248E-4 -0.03365858803761744 0.05023161320410783 -0.023240552569814 0.029005882887102454 -0.04029292770671344
0 6 -0.14496424717754638 -0.15257045107620554 -0.1756304907849571 -0.10262313794346895 -0.013650190742623585 -0.15859148970578663 0.06066674009335517 -0.03538995256913543 0.08613487208865467 0.01290502200247239
0 7 -0.2635774554121942 -0.20902614846042317 -0.23013188996592412 -0.28631398033368405 -0.010370636822480482 -0.6422216115935943 0.17316036639926832 0.028138522008302223 -0.11467235205174295 -0.0750595722996615
0 8 -0.2752676162275037 -0.33553858495830335 -0.30405096379737817 -0.26628159440738464 -0.15235526189054338 -0.6631529752165444 0.18190729956847856 0.08852589730374771 -0.02903711702617562 -0.10465129897629767
0 9 -0.18019643330663054 -0.10852222187284151 -0.24920779519379213 -0.11545106331643473 -0.11621405240305822 -0.4055733693740184 -0.025254046389223742 -0.08317398133094128 0.07088394387473715 -0.14209896995099866
0 10 -0.2502415432777304 -0.27758167149753926 -0.20630548299873577 -0.3233738151423864 -0.03351394174982538 -0.5637143608336815 0.16140006300555085 -0.024043308812296924 -0.10852671130954585 -0.11771716303654275
0 11 -0.14245285695249307 -0.19915586813333036 -0.3118521231076014 -0.15821292513555696 0.0011999755209667617 -0.47130205273337916 0.01316589386188633 0.11475484844600534 0.023260345552894104 -0.037117857064059435
0 12 -0.10298322234597664 -0.011538243481254607 -0.059336925103848005 0.01563924942252254 -0.022292825974143865 -0.07607872419218434 0.04273114873729653 0.09106383085928561 0.06789496371964311 -0.12115129679275796
0 13 -0.1901593613263575 -0.22443935627738146 -0.29447628662173003 -0.21538124777304404 -0.11946792917150582 -0.4976075492482082 0.06699709859494313 -0.0645876313122604 0.031095864605079657 -0.04804739847978552
0 14 0.7976273741129062 0.9301120423813145 1.2072519407781703 1.1338988877206517 0.12970406579619204 2.134505221051846 -0.51542425041 -0.07336744521622444 0.0626627279202511 0.3543943840976982
0 15 0.14598462362292958 0.22460774942612174 0.22273810528158944 0.1809373576128965 0.1211956546689817 0.4517360898050754 -0.17562141309119614 -0.09741108966300119 0.08198505281947314 0.14288119665993254
0 16 -0.09240540651613481 -0.09150834034891459 0.0819374932104691 0.013553840921425335 -0.0043415518058508885 -0.05634198638119273 0.04569562742945554 0.08036972603806909 0.06751110401137989 -0.061213107939546256
0 17 -0.22249745933270823 -0.25413308925374956 -0.21989440327449614 -0.2202691998201865 -0.017141996740380142 -0.47112980529886805 0.06312135389326419 0.076241661877715 -0.06253200313704191 -0.1783825432615524
0 18 0.13196866696800313 0.0581233521219769 0.1505857229952973 0.07565340963986482 0.0791015543661153 0.05100068644453416 -0.11011598802437765 -0.06508245274536063 -0.049140111062795054 0.07863068370276764
0 19 -0.2255532432917589 -0.447790851943898 -0.5240368337772501 -0.3767865909504702 0.0066925282926814786 -0.9564145338417112 0.16801526247985538 0.10183228194044203 0.02809513052331163 -0.22490440952810764
0 20 -0.3645442830226225 -0.306450976840384 -0.4741249794948475 -0.29815978124435827 -0.14591570843390395 -0.8265970667461995 0.24595854672846007 -0.0654907946999542 -0.06390076037000568 -0.20936344763321876
0 21 -0.1757557703295263 -0.24998310399990054 -0.28835542723273405 -0.26567051413846504 -0.09152096903151573 -0.3773651849926464 0.12942465223886385 -0.06409361810300597 0.08381422037423084 -0.10050373091050636
0 22 -0.1517911600256595 -0.19037329294303115 -0.2402758451122847 -0.2103146199820185 -0.06775599983218406 -0.2917917946896366 9.08225320871939E-4 -0.07302434807954251 -0.09368559899918012 -0.08831818607319589
0 23 0.1541846722629327 0.15716880662787133 0.11921333516714003 0.0983089718341863 0.05953121257948835 0.07423290308398407 -0.1215837695385505 0.023760294268385086 -0.014569867994394019 0.013125033583167623
0 24 0.13769701826492847 0.09819985370209555 0.0666201357557801 -0.01706885577564285 0.10844531556837199 0.1297700821926341 -0.025286225787186194 0.018250345951340927 -0.04248376837485964 0.03379492698732272
0 25 -0.16902415966462117 -0.2144285476786414 -0.15987555142982615 -0.2032834603462019 -0.013891772725839805 -0.499846892768549 0.046132984873703056 0.04303829473593118 0.026244440487913148 0.009772294289232798
0 26 -0.015258497520636157 0.05160565510209193 0.05794340757266693 -0.015991538291627336 0.03128500942649899 0.13790688839887247 0.016275265134938505 -0.009234748447580685 0.03330956412061464 -0.08008715649476143
0 27 0.012025399756714981 0.17824167503166752 0.06392361288655998 0.1377012174195028 0.08778998984166025 0.2852937653602053 -0.02851892936092548 -0.0711022039754096 -0.05848949423732655 0.08973768491032133
0 28 -0.09450688746209798 -0.08730382327507974 -0.011338800406215974 -0.03567874838860802 0.05301450949689059 0.06662704991265125 -0.0033030680701307577 -0.061239477417966516 0.054264265342741334 -0.08250263663168285
0 29 -0.10419259658497967 -0.22024296952485461 -0.2742994356941748 -0.14136784113467718 -0.11726049026028654 -0.5481438029891645 0.06824496001545219 -0.030703824421966494 -0.045170535647336744 -0.14598547695392788
0 30 0.03150960549826653 -0.1450971781900158 -0.03370678965117805 -0.09256021222331749 -0.05390522783861025 -0.1341456424907537 0.01591272154164124 -0.06763775036805734 0.001594630832221575 -0.0327721702496032 -0.14131226456427784
1 0 -1.5446810998883316
1 1 -1.7089652535778859
1 2 -2.2043618939139185
1 3 -1.9817283390769094
1 4 -0.4182385201233463
1 5 -3.481268315820805
1 6 0.920462449060552
1 7 0.06208496293664369
1 8 -0.12256601051859664
1 9 -0.7676057615187881
