## LambdaRank
## Epochs = 100
## No. of features = 30
## No. of hidden layers = 1
## Layer 1: 10 neurons
1 2 3 4 5 6 7 8 9 10 11 12 13 14 15 16 17 18 19 20 21 22 23 24 25 26 27 28 29 30
1
10
0 0 -0.010024233920576714 -0.05148548030400992 0.021266245018620625 -0.03742551765034056 -0.0019229939362644013 0.09326950417149829 -0.04613814328060061 -0.051208104191066424 -0.02639176482482209 -0.007513500924763473
0 1 0.006504093019342371 0.08212410818468989 0.03968202806837616 0.056560959261872455 -0.09616875767218591 -0.0024550654876078237 0.05294703900779612 0.0627856980628502 -0.04494058475381845 0.06261306656350527
0 2 -0.05216796609684767 0.07384724277937771 -0.09370483638789626 -0.021294195312141252 -0.026440571403217872 -0.055114254466613166 0.025843503057239998 0.05671879309426003 0.027866197585217994 -0.031743568271584005
0 3 0.09331751975130942 -0.05107624927831008 -0.020632856211498164 0.05776606421159682 0.08616386932260042 0.08460223483118902 0.08728180777471103 0.03660493557782886 0.013936855722460036 -0.050725607916101124
0 4 0.01897520282773076 -0.05681772019389784 -0.010703414683463926 -0.02835848914305985 0.05898981566822907 -0.03347555798469223 -0.025166767557012467 0.006986799447022554 -0.06192019650928988 -0.06726746963596142
0 5 -0.031315513651133345 -0.06234360631314318 -0.0034282761022159363 0.0408127774517643 0.07619057323825157 0.02418062829874294 0.09715019390746846 0.0731176651800076 -0.08929232330730451 -0.059858330853223674
0 6 0.08072828611249615 -0.04772984471855849 -0.08962628080575599 -0.022320602078178455 0.09338325961285424 0.0022898888044672046 0.055041727168854075 -0.07311368682698004 -0.08269473726710543 0.05229356606763709
0 7 0.08161917620802871 7.104872067399429E-4 0.0013169900068323306 -0.07418744242009014 -0.009030714194603261 -0.09710003310546456 0.07283849695521438 -0.03320256925368334 -0.0719175905767495 0.04121832434473939
0 8 -0.06961447350212652 0.08048218883868602 0.03798941384798461 0.06749562445816899 -0.00925234555033936 -0.08487820911862556 -0.09727914371083914 -0.06419451542452356 0.04549227822462907 0.08413507195874512
0 9 -0.09613792899048719 -0.05449231426541064 -0.04349910434500827 -0.060243025898950156 -0.04998383598397039 -0.061089804604841924 -0.02525136567844716 0.05039189450534296 0.031788094933441736 -0.04844566876578823
0 10 0.013918247982883778 0.09801359090334773 0.09405203343728981 0.06134666448832276 0.03228977826393919 0.04483815716246693 0.08900451849592388 0.05337198282192647 0.08607032372282403 0.03170472980795273
0 11 0.03551404074259906 -0.01207623049357411 -0.02997412612907764 -0.058787195995405134 0.022615835336878637 0.03049232730242214 6.335984767133335E-4 -0.0036581208622328792 0.05153230968839499 -0.07973025192975954
0 12 0.011981551151868755 0.051645027750459406 -0.09578598467985681 0.061684084298552946 -0.03661464978305537 0.03667712841641548 -7.733959211103004E-4 -0.09735449559603776 0.013015659733315593 -0.016282855252085136
0 13 0.04436295092701911 -0.02298867404185174 0.09986996958002026 0.03101617323507268 0.07218285971957338 -0.017533468491189 0.03779022976567199 -0.009739536881054807 0.026580276298440418 -0.08581749099811056
0 14 0.08923717409371586 -0.08994537383856682 -0.04262519651932587 0.050360311140400314 -0.006486744249638327 0.0062247164359200925 -0.09263873154589367 0.0921912610535444 -0.0070243531666592425 0.09912889492491492
0 15 0.05550302162301287 -0.0890720019725933 0.056221600132943875 0.06035859634881272 0.046479651257615565 -0.06450303852498973 0.014263687862173505 0.001655209389544764 0.033110493734491854 0.05567024346180787
0 16 -0.053142545378344466 0.0917743136845891 -0.08122775748153441 0.05022444734418634 -0.04569156761972901 -0.050257618531846425 -0.08846607566034669 0.021831398703414693 0.09796962567271834 -0.028085805629571383
0 17 -0.0062860209893694395 0.01370823792757922 0.0341510670624693 -0.0315283806106372 -0.005032611086140508 -0.08312831652064047 0.036497023340122454 0.0661898846092144 -0.006057016401034441 -0.0195413735486771
0 18 0.014444723907053945 -0.08665394543895402 -0.08998045971821289 0.09359497535889053 0.0056566952003130385 -0.03928115836222172 0.09420146688835113 -0.07532385065958831 -0.0016189840815815635 0.07691785457588456
0 19 -0.025511322463533357 -0.08896036267459433 -0.07271809355889061 -8.469950308788264E-4 0.05104217085415159 0.025912725054293997 -0.06316860938899177 -0.06974840622907508 -0.07262450270690501 -0.05669721701001086
0 20 -0.05578420537462905 0.061122746381712584 0.06220547434138201 -0.016220554710919047 -0.035094654534605585 0.042337443068504274 -0.0037068048897423785 -0.02882984204224618 0.02482068538230073 0.03824590617110819
0 21 -0.09519387055234856 0.06736549513736165 0.04742047829951661 -0.026227323048548565 0.06335770729612826 0.0051496860935134675 -0.026169329181025613 -0.010345007434216258 0.07771066239659631 0.02991877675069508
0 22 -0.05807667737887689 0.044322877046086735 -0.08818714027993543 0.037312079171369875 0.08205699479212337 -0.07956453784661646 0.07051546994375645 -0.011031640187193907 0.015349117975151509 0.011261073411381712
0 23 -0.03527709846595242 -0.027086791955126012 -0.05110168427240818 0.08408161164261924 -0.04623678140601163 -0.08993345436787854 -0.09360401221178623 0.0976192947257085 -0.09668199721506808 0.020203232141735257
0 24 -0.05757906006137114 0.020302982283955214 0.014823399353573637 -0.06585665279227604 0.07375767291172282 -0.08144535891165687 0.0017664731639724055 1.615647923239798E-4 -0.022404764254570334 0.060666814807707144
0 25 0.060174858954775444 0.005497485907819073 -0.06464113567960961 -0.035581085117656716 -0.0353353797808307 0.01251443895189303 0.053738620945912426 0.07938762330703718 0.07647044290237447 0.08284759206820269
0 26 -0.08415152609225131 0.02506019338295109 0.021269624922548528 0.07453337679005058 -0.08205095763738864 -0.0211729039636458 0.02043004797906471 -0.02878258746193532 0.04868491155483197 -0.013378082672133342
0 27 -0.05228488173455252 0.05027811313113919 -0.04462445413214432 0.07537391995615128 -0.016719931920964864 -0.03263032404880386 0.03859309000072513 8.516376400523778E-4 -0.06337812514492651 0.09602751769092323
0 28 -0.0572194437880511 -0.041630910514171934 0.08251675434169774 0.06438666011263816 -0.03772002144068814 -0.04488238886444017 -0.0793103338944451 0.006848247998813579 0.026297405376813826 0.0976234588526677
0 29 -0.06072792305845138 -0.008923601812830305 -0.06622099890660746 0.0349469419702642 0.08665043752769207 0.01822597925436334 0.08862626755617979 0.006351398614240943 -0.07531374477380912 0.030550990678818
0 30 0.07791319655839275 0.054723601207214354 5.928933966045483E-4 -0.09151980530082686 -0.045097223384450914 -0.022599512766292556 -0.0666820170033394 -0.06861430080825552 0.052855113865267596 0.027057204711975622 -0.03228325769305257
1 0 -0.053255409002304244
1 1 -0.022186297923326135
1 2 -0.007841348648071197
1 3 0.04400414228439302
1 4 0.0849738419055946
1 5 0.023503374308347636
1 6 0.048379540443420965
1 7 0.01014584302902225
1 8 0.019622880965471056
1 9 0.02606089040637047
