## LambdaRank
## Epochs = 100
## No. of features = 30
## No. of hidden layers = 1
## Layer 1: 10 neurons
1 2 3 4 5 6 7 8 9 10 11 12 13 14 15 16 17 18 19 20 21 22 23 24 25 26 27 28 29 30
1
10
0 0 -0.003480874179938407 -0.012001843488074572 -0.07884741880726293 0.06961564254849852 -0.007119232318918736 -0.05664204904072963 0.002163133954547441 -0.06478747604055383 -0.07674579752893056 0.09329715493037821
0 1 0.09991306060286802 0.08604534509530788 0.07671629792906887 0.02398897067228529 -0.07576960965800758 0.008110627684603187 0.031905105801839265 0.013970849735406066 0.07934998113979436 0.09720745565363531
0 2 -0.03320517221865896 -0.08702673902599074 0.09290424695257607 -0.05964511057756668 -0.01731246562109553 0.07276227366689018 0.01046386836974977 0.0928009585971119 -0.031941441438362195 -0.05101928257041521
0 3 -0.0833077983797086 0.024229694132237013 -0.037668444694770674 0.07785671885242629 -0.08655200408335306 0.056242538803071035 0.09889009442668108 0.0010429424776304418 -0.04718157821126787 -0.02642634401574341
0 4 0.06480557611445908 0.09790597248334364 -0.08820674957416623 -0.017019564003815185 -0.075625960520218 0.06817661719141181 -0.05450043181069432 0.016798138518472037 0.020308207617814985 -0.019145265008032607
0 5 -0.031039564310135246 0.03240319323503251 0.022959327417603825 -0.06726522138731425 -0.012627033883367557 0.017999668789119346 0.07426332885504208 -0.06547451658338009 0.059149535034679325 0.04608373509520202
0 6 -0.08770444925104436 0.022458953097913858 0.04066183341879241 -0.009379653721930364 -0.04426930726573927 0.06577740714703766 0.09675469113376174 0.07701852797045021 0.08129378140962051 0.022693562592877952
0 7 -0.027576081568079978 0.06743388611863739 0.09233648112659122 -0.06615483366587313 0.0846792076886845 -0.028708623480298012 -0.02735111706857771 0.07650499796130548 0.0617881340151326 -0.0223466069223106
0 8 -0.044211280957381194 0.021574633695373546 0.06154589996290671 -0.03023468634172135 0.07301837896221208 -0.053339784875500736 0.06592604067153417 -0.08837502680116982 -0.09607156918408813 -0.025082922209439973
0 9 -0.07970932021826577 0.040962144505408755 0.07088720423135408 -0.04311856286030215 0.06305290267613649 0.09012570297784843 -0.06470560869870504 -0.043336343464580304 -0.052447888563889385 0.08930712852447478
0 10 0.08388053621814617 -0.05249377749251639 -0.06603793717385187 0.07939567204301311 0.0020255844331300886 -0.08052339995249264 0.07487885325819996 -0.020525527975980867 -0.06398398536356215 0.03145721942831806
0 11 -0.07121248698086215 0.019383420345151437 -0.09043687497912935 -0.08232049463163921 -0.07324346933727031 0.07407916089513726 0.001279542686243467 0.004365440640437719 -0.0828501546334087 0.0899265788394276
0 12 0.07434757253345076 -0.05104108686861102 -0.06537663839492658 0.02305676015481122 0.05804608310318351 0.032944936203350754 -0.012298952277747237 0.023928224311253472 0.005973989653192317 -0.04066942528686792
0 13 0.04292880895222301 -0.03585461193511806 0.024598414921230657 0.0470184722160918 -0.02467423358966607 -0.09390809176688675 0.00306530211689516 -0.042850124229010196 -0.006185964434320594 0.04924089525070842
0 14 -0.0619223542060026 -0.017637182106305625 0.027241198478472162 -0.0978593396654971 -0.049813322012445656 -0.09282722312012474 0.008650132308402711 0.06318321781365233 -0.025144937368267513 -0.059023593921994036
0 15 -0.019120339568736024 -0.0208308268838346 -0.09113069602636516 -0.04715009448470157 3.5082466025740546E-4 -0.09218958074592884 0.07207445881532946 -0.07997565912477646 0.04991393821951917 -0.0679873783091089
0 16 0.09757526792210057 -0.019958978594810457 -0.07061694682784844 -0.03537456219752643 0.008303021342398046 0.02646901119042264 -0.05809793075116425 0.09464947233385637 0.002168733161625803 -0.07524177279695682
0 17 -0.028538568335058474 0.05447816781466338 -0.02420821150257956 0.08482797357231103 0.08353656853148587 -0.08205702294772213 -0.03677940220283571 0.01097227415968481 -0.07767198987939632 0.06653780613221758
0 18 0.019701629948245453 -0.03428333667031598 -0.07408482725148223 0.03205193090788436 -0.020864440121081563 -0.08548292490426546 0.06949385722216395 -0.0892309946558157 -0.022321099689114516 0.06980302678023578
0 19 0.03607939535584021 -0.07973681944148889 0.07609879854894956 -0.07400294140362236 0.04074471869827998 0.0015746927285850158 0.05287003976740261 -0.035926732299109435 -0.09574246330860467 -0.04793431289196103
0 20 0.07222905524687691 -0.047873858226841044 -0.06800947228259888 -0.006357917361370777 -0.0845781407969902 -0.04364610224973751 -0.06303983253473858 0.094698529214335 0.0365317347372521 -0.018713665105174856
0 21 -0.010371834613288687 -0.0020330360166471544 -0.005193758387684223 0.051149975226729795 0.03451325518247014 -0.019387900264525033 -0.05758148414259475 0.09745005620614448 -0.09239725910669824 -0.005522066910976181
0 22 0.07366517508050528 -0.04285299768307411 -0.05744400961835594 -0.042299772696744606 0.09077389293870215 0.045931560962687794 -0.07768507846736589 -0.0827115323419828 -0.034599962843633314 0.035330218388411064
0 23 -0.04955716820656715 -0.059379151646765396 -0.042796033408683334 0.031092427985947198 -0.029463337412610896 -0.07637729739561627 0.037945519616267014 -0.08434518237065561 0.05181214038804478 0.04256423718731581
0 24 0.07403567894814926 0.007893425354176382 -0.03693611024441408 -0.04058705639768657 -0.059967813629192776 -0.08373788554650712 0.04511626369359689 -0.04545303506393796 -0.06747383753257832 -0.08863015970792501
0 25 -0.08368324303705459 -0.019523523814352843 -0.03889742178552637 -0.07464732608408266 -0.07388268464091324 0.018751128657125145 -0.041906022794988014 0.0778293615326809 0.06857784806732237 -0.030590378072806873
0 26 -0.0658443227692227 0.006720796439868883 0.04552613792251405 0.05902681759657113 -0.010103252967992742 -0.07659423465561602 -0.009337470648352466 -0.03947307533870147 -0.09374056525106786 -0.01887669684066737
0 27 -0.005332185095868946 0.037026097447134566 -0.010696594252350096 -0.08828543338110803 0.09070880976650567 -0.03708793132882141 0.0538262921617675 -0.0340333677826179 0.0024054971077803367 -0.08300807314986923
0 28 0.06479204525096485 0.08032604876775497 -0.0383277343074697 -0.05694508293291205 0.09623387647106801 0.08181664975090047 0.09753755533293221 -0.02521870198060233 -0.03382297996454035 0.0807368474988652
0 29 0.026017560426310284 0.09109520866920304 0.09145960362740287 -0.09606973174852272 -0.08016864717416541 -0.006204872832361629 0.08134693506382672 -0.016407142161305698 -0.05142715408049617 0.09377522100671092
0 30 -0.07294973846932261 -0.08656557717425888 -0.015032123750441304 0.07328957906433398 0.04062579217330572 0.07615168067067173 0.03233235456361553 0.05293921183114077 -0.09173756427048342 -0.033574203048151015 -0.06107592582702673
1 0 -0.05926977843046179
1 1 -0.051191292703151474
1 2 0.09116431325674136
1 3 -0.026165390387177554
1 4 0.06570349633693705
1 5 0.021558320149779334
1 6 0.03726839274168069
1 7 0.08301463723182685
1 8 -0.012457418255507792
1 9 -0.031835485249757725
