## LambdaRank
## Epochs = 100
## No. of features = 30
## No. of hidden layers = 1
## Layer 1: 10 neurons
1 2 3 4 5 6 7 8 9 10 11 12 13 14 15 16 17 18 19 20 21 22 23 24 25 26 27 28 29 30
1
10
0 0 0.05739010099355325 -0.04827613141918655 -0.08361212763450009 -0.08257798295313512 0.08924810963215712 0.06631581889549996 -0.09798480397536352 0.04698520569732646 0.04035196732648919 0.017964277986589974
0 1 0.04927685615169151 -0.07129362909372339 -0.022629531308087092 -0.026119197556036616 0.07046984644216185 0.0880091427388334 0.009455890070043523 -0.024183973367151505 -0.012728624277311138 5.684644002604514E-4
0 2 -0.08207399417253725 -0.06464582205887022 -0.018994031967454545 -0.07170396715723386 -0.09270544344352104 0.010411255372935423 -0.07649090471974905 -0.09467351818603502 -0.018136032632591392 -0.046070762382511746
0 3 0.04394748886964718 -0.009782752797246885 -0.07437248303515256 -0.044793809192763566 -0.017803634956354362 0.00585713047217947 -0.08604548304099749 -0.0037643991063120476 -0.08586682689104162 -0.09336044337366836
0 4 -0.04764081898158159 0.016152339930570997 0.03316110332749099 -0.09995452601834588 0.04964618253802931 -0.020655204735060096 -0.08316004191564984 0.07152255594597198 -0.026193322196137882 -0.014236188313314784
0 5 0.08605885622546465 0.09637369407267947 0.045134876481784394 0.04354665124128943 0.03763893894381615 -0.0911491649755417 -0.08040638930250792 -0.04109066245710455 -0.05355124610461008 0.004838311096464598
0 6 0.002373505366724613 0.06450291073859295 -0.04028357864926668 0.09288411833973834 -0.06032628775484687 -0.042604356578383754 0.07119121876301693 0.015314893695065002 0.07523524828591505 1.9212511650362857E-4
0 7 -0.02058989104330516 0.09242123548498085 -0.019441508700741905 -0.05564785039790503 0.0137965092183254 -0.030108596449275316 0.03823582197837323 0.04317516451291869 0.02186045387563674 0.09144690646395279
0 8 0.058706865381391714 -0.00943129734741005 0.06888220425032159 -0.04823520703446632 0.04168161586136529 -0.07530583445271498 -0.019380688472106392 0.09405386591344288 -0.047862660714694354 0.030731579449123074
0 9 0.08546161726377197 0.03875609468227724 0.0412534673264358 -0.060214939761228194 0.026715818336630063 0.028496146127061976 0.0940520021277291 -0.037280021973670634 -0.008979371075665899 -0.06490781438122561
0 10 0.035464432545514214 0.06118899985605351 -0.06662178936045124 -0.09375246071479662 0.06900537175977357 0.016625883471041346 0.031073875965281265 0.04424421424992916 0.08530643085832552 0.045647965129793806
0 11 0.09178367860969734 -0.08659743718523936 0.014664157180003568 0.03324027934642832 -0.017495915882342845 -0.05748794312681517 -0.09519139705134613 -0.07570451696453924 0.08779122418884647 -0.07671121013949407
0 12 -0.08034598089737086 -0.005862972406081366 0.0922393866057941 -0.04029951968902689 0.07619644694842986 -0.09634473457823778 -0.09334142632947193 -0.030715532198652695 -0.07199755824315086 0.04349976725498568
0 13 -0.09265466223492912 -0.023222085450478512 -0.03067500044100283 -0.06984106087358091 -0.019084609773487707 0.012670410724676666 -0.010936558802680933 0.04209111868518244 -0.01958938900903277 4.33271614463376E-4
0 14 -0.017758589113320036 0.01750179708967519 -0.05002435030767356 0.0026289263211698977 0.031180855776065466 0.07272147309277126 -0.05166363337100808 -0.0448897575891939 -0.09648635211996073 0.06695024285503702
0 15 -0.06093066917008043 -0.012633042182347277 0.06859165198369092 0.014355584105119059 0.09691934469352367 1.3570995209409142E-4 0.05253660226029459 -0.01760885833818336 0.08512907974640944 -0.098594406255417
0 16 -0.016617792323755234 0.016834898572661548 0.09522482545217448 0.01521812148649022 0.059059878228191504 -0.07389673255138574 0.009608523921181111 -0.08853023760938994 0.050379476239891086 -0.09091182054616666
0 17 -0.006010359354830456 -0.006332528329480618 0.02324948187512355 -0.003920352469106128 0.09173791383748672 0.07990834776660474 0.04836252365258826 0.06289285799014495 0.03483230141574233 -0.05666658425612734
0 18 0.018878517135401576 -0.025293179875799453 -0.018404631328095316 -0.0766596068184444 0.061950116479061096 0.04453299936414449 -0.08532680437485712 -0.09138555064399555 0.012364592151813092 0.03099427482852747
0 19 -0.052608158990685855 -0.0672935977463598 -0.009680720597028417 1.4487408227302679E-5 0.044296462922354805 -0.08915200277761805 -0.02667873765650254 -0.09818329190359641 -0.03958618702150231 -0.06615070106783076
0 20 0.09965596867586862 -0.015090885963595873 0.031298664432359735 -0.015556964547652688 0.0026879153991439387 -0.04988569850208187 -0.06621837122776346 0.06767498207216215 -0.004641724551727984 -0.09720636714014008
0 21 0.07429073839728767 -0.09133756064870295 0.051839720868304656 0.058355235633301375 0.0965671311195864 0.08674186885665626 0.044416336046050914 0.06343812966740871 0.09089080149353346 0.030221746811213326
0 22 -0.012173704547576204 -0.011304641165830558 -0.02732377981048436 -0.08473865293744735 0.05037566134687993 0.09476787566148512 0.08608442454332509 0.008486595080379161 -0.04706809339613415 0.08152234241931257
0 23 0.03557669311306108 -0.004362479602028843 -0.01566722461471218 -0.06320423439981873 0.09849496321746196 -0.052698227792277626 -0.05310208124438761 0.06836124298253912 -0.012792459058944385 -0.06254600515350468
0 24 -0.056258695087085794 0.06018608803437921 0.05285626365366627 -0.056120267246197106 0.06372196916750267 0.002390362365503527 -0.00769176525111568 0.07528449874420841 0.037401852567446534 -0.08299215758968104
0 25 0.00414060940306971 0.06123161918966986 -0.06527673007821455 -0.0329608788947369 0.022314988240205717 -0.012375132451070445 -0.039003395408981685 -0.0583924779007582 0.07790971259866614 -0.06878049731194287
0 26 0.06471524084900195 -0.039370291931188385 0.03146218930122303 0.00797786834166176 -0.0655408364133219 0.00804138672898657 -0.04458626170426362 -0.06051706172735073 0.07171869947839692 0.03369076761895493
0 27 0.024338788996595213 -0.07261863869987181 -0.024383341652881467 -0.08702988376868835 -0.08131939528656737 -0.04552918445260285 0.08724278506265931 0.04814429516278985 0.08433802702207807 0.08387490204171957
0 28 0.02634001901027077 0.05019288168606599 0.007861565651848904 -0.0685343630417856 -0.010058739983805801 -0.025065432699030214 -0.05728455708605981 0.05192229443584238 -0.08498988575814075 -0.025225928160002704
0 29 -0.003487115984618561 -0.03972008924391396 -0.0037906463134337464 -0.05038637114289207 -0.07544245485757858 0.08552435320425895 -0.01603138999674285 -0.09918498545175185 -0.038524580391376434 0.07339639269618507
0 30 0.04825785660125414 -0.08348347189313907 -0.012805514604261584 0.061939948917956365 0.037434537930684145 0.011195468040980025 0.0024014485043577193 0.05289987381775952 0.009733810076812654 -0.09597752705665501 -0.040051378309726646
1 0 -0.08609147369861585
1 1 -4.720687684313975E-6
1 2 0.035371679812669476
1 3 -0.005812692455947417
1 4 -0.06491692364215813
1 5 -0.04778111726045636
1 6 -0.0770025029778485
1 7 -0.04590316489338845
1 8 0.031754583120346305
1 9 -0.09059495478868576
