## RankNet
## Epochs = 100
## No. of features = 30
## No. of hidden layers = 1
## Layer 1: 10 neurons
1 2 3 4 5 6 7 8 9 10 11 12 13 14 15 16 17 18 19 20 21 22 23 24 25 26 27 28 29 30
1
10
0 0 0.1594455537364388 0.3656448335538258 -0.09501032472874547 -0.3157227763555586 0.007467227388762115 0.10395942168448674 -0.21573961894270635 -0.09142012606542092 0.03214801798282494 0.02177398965184503
0 1 -0.10447787356747028 -0.19690921708759576 0.09757258203809788 0.15265396631572667 0.016734423997594096 -0.07721441368064391 0.09171581931888843 0.06507192593481707 0.015476099975984849 -0.010516830192602189
0 2 0.26667671945405225 0.5831752024695158 -0.23410828926191415 -0.7538550879681433 0.047130749436282794 0.06195812115466085 -0.17042143157561876 -0.15248189105850013 -0.13658785557572448 0.034273473187268436
0 3 0.855263013911783 1.2560041169879654 -0.6612727657564507 -1.6720880394227775 0.0406495415806652 0.05556841608501046 -0.49242853165175265 -0.4345869031559239 -0.13386445550473544 -0.013107616911651479
0 4 0.3008089262147607 0.5664108599927208 -0.15392867974003685 -0.6243147625239331 -0.09211184403475396 0.08821183082218842 -0.2641281146068957 -0.16383279266332257 0.024621696076264795 0.04645434885237518
0 5 0.04485902658843014 0.08715008588916656 -0.07741630834856396 -0.12482226646292666 -0.0865801012882063 0.10604881900004522 -0.10613569267312857 -0.04727938434909447 0.015152090045852199 -0.030927441174422404
0 6 -0.03174293696663346 0.14632556098596614 -0.07801404810787306 -0.12075894445325258 0.04115469000488559 -0.06407966665870996 0.04950878799286052 -0.09895899070086742 0.023366632242920512 -0.0766730001573932
0 7 0.16202520761263198 0.3117174307305639 -0.19779150639496354 -0.42256265945928057 0.04450926336925678 0.06689462466858531 -0.20021498047972075 -0.05945628759248933 0.056478245326577727 -0.015777043390366476
0 8 0.2369287346123644 0.43358950211723357 -0.16829577079704391 -0.513433009097175 9.412389669125794E-4 0.13482201234695831 -0.16808788747695796 -0.1540153156142924 -0.05372268412135616 -0.004466303489789678
0 9 0.009612067814497426 0.23662482234065615 -0.12941502367946722 -0.15814285071532835 0.04960238289761505 -0.017977321665193214 -0.015349021702251435 -0.05970862193806595 -0.10494743026865748 0.04367233550495752
0 10 0.09149507262437517 0.13024256445436064 -0.13877321906049545 -0.3403487302338734 0.04394317743568298 0.09944775572517571 -0.11403642311948659 -0.004793119753156263 -0.040830500391514965 0.030626016190707366
0 11 0.04615493183103165 0.058367407931685926 -0.037247856005030666 -0.2808407228554012 -0.05373265680310937 0.009220169904798348 -0.1276776004621738 -0.1507945047039734 0.06517533622996112 0.08193572140421687
0 12 0.07715469681153733 -0.014606749650680333 -0.08360572755852405 0.04977700707392246 0.07218945759135958 0.10062144300837843 0.048299333818524345 -0.0462528258164698 -0.04972750050033157 -0.057269165521677816
0 13 0.19429994360252928 0.3165357331367827 -0.038032787775476085 -0.3960210504417888 0.0370874138746014 0.11267106761891642 -0.06358086811710992 -0.14297261268261338 0.032206641828077524 -0.06484776356217958
0 14 -0.7645474046303424 -1.3809829222233132 0.4957587137833854 1.3730645595460462 -0.060361345968931286 -0.10085920983021306 0.5484105667485069 0.3993525549359493 0.029970688588540455 -0.009960127469016464
0 15 -0.1829146347026307 -0.5243049155191022 0.11603625627271687 0.40341900376689016 0.053371585322854714 0.017970909752029775 0.07160622246044061 0.05697589451805254 0.024580075346261127 0.07965598987947563
0 16 -0.035710490486533325 0.08760573609889433 0.0760688692971979 -0.12056682365110784 0.0029130211534020415 -0.026121004373988142 0.07229128076407516 -0.04365958352669217 0.08139622489633215 -0.05015903960169442
0 17 0.14912284352924798 0.24259451355491687 -0.20192495615137457 -0.33537944921188517 -0.02228791835117424 -0.04726295629928904 -0.18606381416661677 -0.02540388729227382 -0.055803639811492556 0.027991110150503175
0 18 -0.08844784877736839 -0.20686401802944193 0.1734419094441227 0.13813160173756586 -0.0819719138307986 0.028209509810678608 -0.015026403613301818 0.10583256788313027 0.0846055529333264 0.0027089760513817353
0 19 0.33153350314112917 0.45185885058525954 -0.2738712207249022 -0.6585811817410293 -0.03128601744444246 0.04685194590091626 -0.21749128317966787 -0.08885670535947097 0.04476808986854611 -0.05839785677014934
0 20 0.18005978791606062 0.5007233721768848 -0.2514518800033932 -0.5892827867958301 0.06582088328899786 0.09443342978152283 -0.23257639311418699 -0.10433015049241438 -0.04083887863103479 0.04579428461292543
0 21 0.23943858474347424 0.3302758792805937 -0.15468582768960376 -0.33693202018229285 -0.060095052091135956 0.05092666761612419 -0.15141767236653775 -0.03424322909023198 0.032385939712717964 0.003708061786910789
0 22 0.18171731547814404 0.08724843196540677 -0.07485666651683978 -0.18354777652240853 -0.09434645718227004 9.36648159441019E-4 -0.022602390300592606 -0.01737271055580001 -0.07813764990001713 -0.07505540352707758
0 23 -0.11697703203462277 -0.04694074965786223 0.0516505527525809 0.13117258078288038 2.865898900880908E-5 0.010388716148650294 0.12206951596672115 -0.05195307625590634 -0.04647399426350243 0.10042068993909509
0 24 -0.07470632086259615 -0.14493497974536648 -0.022018271723310563 0.1891285131036175 0.07288689627160039 0.08334654649980609 -0.04741928934346232 0.005597325762806121 0.01163777981826555 0.08109782113055015
0 25 -0.016265380916742206 -0.07719951393021048 -0.014301604713312677 -0.3459324777255465 -0.09166123882737295 0.10202201523945542 -0.11819629251355701 0.02595778351540441 -0.06160273452186417 0.06874285012281556
0 26 -0.03639103873894012 -0.01168953729697456 0.09838700994180066 0.019565484589201276 -0.028120531290090522 0.046408335909333416 0.09228167086593139 0.04888442172389283 -0.06781796669922441 -0.056219566085987625
0 27 -0.1535657937677026 -0.16406793864577793 0.11982190420234881 0.20140673490659758 0.0665005973181504 -0.06763740709390571 0.026297337332372092 0.10303092602682712 0.02109480111012878 -0.08654678087412121
0 28 -0.04151719679945152 -0.04127604082000756 -0.0010110827282876118 -0.06689191459769307 -0.045222526981838464 -0.0024829129503942753 0.0836397384538561 0.0583620846926972 0.03449745192198155 0.039650540517975126
0 29 0.07983863883825136 -0.030207322595742884 -0.0890477747983877 -0.22547035762341897 -0.05277567236679086 0.07197734431026545 0.006929881782870701 -0.014369486017483477 -0.03851840668446426 -0.0010257016067178799
0 30 -0.13371553457704619 -0.21514811163776523 0.1248043115838891 0.060042546662749344 -0.03430592381870603 0.010034736823889464 0.0704676395123154 -0.04578755634699365 0.03957129144707763 0.017769967618879248 -0.3870949091362835
1 0 1.2958159001341771
1 1 2.246261475734465
1 2 -1.1774947836208622
1 3 -2.6600328991761373
1 4 -0.07574873038206158
1 5 0.11764087243748494
1 6 -1.0737137166252977
1 7 -0.8080796289462007
1 8 -0.2599403642540833
1 9 -0.11227020078745098
