## RankNet
## Epochs = 100
## No. of features = 30
## No. of hidden layers = 1
## Layer 1: 10 neurons
1 2 3 4 5 6 7 8 9 10 11 12 13 14 15 16 17 18 19 20 21 22 23 24 25 26 27 28 29 30
1
10
0 0 0.13819890215971403 -0.18717185419553273 -0.2060272514949468 0.16509679769783403 -0.09910152849123358 -0.09444041419053567 -0.07113321266488909 -0.25019551246606425 -0.15757027179903488 -0.19592096094780567
0 1 0.015653562576169927 0.244497189040005 0.19862592630075493 -0.20392828945382885 0.05804648452852072 0.020229629884226143 0.1384124479634133 0.05287051827704654 0.16934598011500626 0.21699434682232768
0 2 0.04229249148220597 -0.4713022595961684 -0.3330805217239493 0.4117942714218243 0.07420857953580967 -0.256182576368675 -0.18629296208289498 -0.31030805981856463 -0.2978292889080049 -0.3414611191427326
0 3 0.2893862993527394 -0.9713426922111402 -0.9405560667154418 0.7872467022665566 0.05447861866041085 -0.713379410256953 -0.21826945517032567 -0.8623360550188846 -0.9358478388806711 -0.7621190068976526
0 4 0.04634881578624698 -0.39382599754281156 -0.4030208413481976 0.35229402884889727 -0.05710478630663525 -0.3014045394265483 -0.06117760848048274 -0.3178619735248191 -0.34613309007109677 -0.18023646701425966
0 5 -0.048164837527213955 0.04355321350037316 -0.13632093067190945 0.08392890367414105 -0.06084153526859943 0.027615464030236313 -0.0437404504244405 0.06600000847689295 -0.03487523223041888 0.028071931592133396
0 6 0.12895649566171946 -0.02650342632004852 -0.17624417825188657 0.11923400218008401 -0.04258988369784188 -0.1600580790000646 -0.09174884862586496 -0.15281323588106357 -0.1328356096589691 -0.06551044244589234
0 7 0.14104711511065984 -0.3082158026381215 -0.2171430206865316 0.2615183796283073 0.008210929886105046 -0.20838660382619134 -0.08341946921717107 -0.16814827666483126 -0.17075837436390068 -0.17675080916557545
0 8 0.1706907286008731 -0.2376534711878916 -0.18828623138058587 0.25969055110129413 -0.041439967344903315 -0.14045231395466595 -0.006791786867389407 -0.11561877697412061 -0.27803091220752624 -0.12175841380792467
0 9 0.12175371860387209 -0.1315776516962387 -0.09873509636060296 0.13896124555295072 -0.08851014225901528 -0.1074956217552314 -0.0979351440904888 -0.025765014324853015 -0.10740716377146649 -0.010791349476568108
0 10 0.07006544394640485 -0.16325719859951318 -0.2503710786885746 0.09195215577891461 -0.08165098446652584 -0.11671411519766153 0.028653159518638935 -0.061349461761394705 -0.2543378281466883 -0.05251220852447878
0 11 0.028446992188370646 -0.11942596903676281 -0.07635086998492795 0.1962841006882857 0.012621681187752835 -0.07717034533664716 -0.06488556594348498 -0.030846964722193705 -0.19231175680697146 -0.16366587075460326
0 12 0.025810899064035536 0.030505792158422723 0.05559878234495492 0.016266477135706982 0.01566445530413943 -0.0302781480738024 -0.03454604044443937 -0.05469494696906673 -0.02474820695502586 0.05833171986741512
0 13 -0.008641179687960607 -0.18840093805903393 -0.11159418836904615 0.24429146900464643 -0.07056973392938788 -0.04367869214226804 -0.01082714475637871 -0.05999600910382572 -0.2628451663777044 -0.14620948206666304
0 14 -0.1858572660500018 0.7298494649246265 0.6933867877563812 -0.7271112527205104 0.10947910931257673 0.519425227485471 0.26174473139319576 0.5743396552178968 0.7131955833453378 0.5725461941404122
0 15 -0.036781853046945145 0.1955543978595569 0.11202115788527997 -0.31899300584218787 -0.07620564237247407 0.07144839015707574 0.12339446723646182 0.20241211893814345 0.13759186942296509 0.0865901796470402
0 16 -0.02064645907357514 -0.0782090948180237 -0.011145559770749037 -0.059854446691363986 0.03188345956482273 -0.08693230464984801 -0.052272752174811025 -0.02475668870084609 -0.005517907753480236 -0.05242723094088112
0 17 0.007983454286601023 -0.2470315167435835 -0.25535179606162123 0.14647953758278467 0.027121663447978634 -0.08825475398192248 0.017572933824264853 -0.12009155506065593 -0.2174031295562387 -0.2427106626126969
0 18 -0.029719007720839213 0.025582826108734393 0.0062252834330855465 0.005399761959033417 -0.009358744328385956 -0.051220937824900885 0.03565796574130918 -0.04448950178971591 0.08805658442299343 0.0787068512990353
0 19 0.0648643161796865 -0.4244714211312796 -0.24980861571516633 0.25916415808352156 -0.007078837760298418 -0.18523420944387103 -0.17171986299705358 -0.21697341968871875 -0.38913808547387024 -0.274426191300192
0 20 0.05849200438731401 -0.3774221070176031 -0.31461366332602964 0.16034400944533506 -0.036456184934408865 -0.28532406551399303 -0.08111859742403717 -0.2446634574247098 -0.2909419779221578 -0.2506383231327316
0 21 0.08192512723391979 -0.08346220679633909 -0.16217913672723436 0.06244590712175915 -0.054299411559038925 -0.150465216757582 -0.09551749736852198 -0.0962844531152175 -0.19015857489951563 -0.11519398566924571
0 22 0.03982295757943097 -0.14824625545051398 -0.10755981467343888 0.042161999290917955 -0.013595531930960733 -0.07872420945489675 -0.1102324593408559 -0.03319994900659502 -0.06191376170862207 -0.1019255476144087
0 23 -0.033643557329474605 0.1615137550241418 0.07962095689817619 -0.1328367706619485 -0.0967991246849167 0.0600445779917247 0.06488714793661927 0.09687403539224074 0.013378549806171631 0.09428467407066356
0 24 0.05449032910722834 -0.07035259958174041 -0.09349211741690375 -0.019623223461478774 0.07685841509620099 -0.07760730903581209 0.0686588885740456 0.046413903018969346 0.03596364235797072 -0.04288820769524751
0 25 0.04658180837809429 -0.13838737295414885 -0.10661069851114885 0.02479579315712728 -0.09578729992943635 -0.16744307091117389 0.03973009238521226 -0.14915071086128234 -0.035261875466897054 -0.13840010760191215
0 26 -0.09518543331323485 -0.0032344677600928745 0.00426600802266564 -0.07735802871401078 -0.049232321144698526 0.13914300221138598 0.030512884407516688 0.10257832087403901 0.04859760132701765 0.1525662880275597
0 27 0.07338006190396439 0.02890536045373688 0.045090532403742285 -0.1371777995912211 -0.0800392637006595 0.110372910791599 0.036161915667766116 0.13777726585222547 -0.015610876628571205 0.11324144443070212
0 28 0.08956220458401025 0.06371131368244108 -0.1028887593445696 0.07651552805998581 -0.031494115740249434 0.08497254257636244 -0.0315967097160753 0.09057885675521485 -0.028410014508488197 0.03179826773389094
0 29 0.03833936225134919 -0.2353903821102212 -0.14073596120783874 0.09443274302575841 -0.06434578024268336 -0.16613734759645146 -0.13024321201109573 -0.11816868554099214 -0.08971478437472866 -0.18842231659670053
0 30 -0.07869988736112536 -0.0671666533981308 0.015918007051896457 -0.10995541513437102 -0.001553995095108923 -0.09341768011639345 0.09254168970167487 -0.0984618440123622 -0.08684736030828465 0.004519315040503285 -0.021603363680508234
1 0 0.4159999307484902
1 1 -1.5725025465164308
1 2 -1.4634628296857395
1 3 1.4021167505315053
1 4 -0.09771204380529684
1 5 -1.0849480709803083
1 6 -0.5189470078225065
1 7 -1.2423314655389095
1 8 -1.486295754616015
1 9 -1.2176287283933493
