## RankNet
## Epochs = 100
## No. of features = 30
## No. of hidden layers = 1
## Layer 1: 10 neurons
1 2 3 4 5 6 7 8 9 10 11 12 13 14 15 16 17 18 19 20 21 22 23 24 25 26 27 28 29 30
1
10
0 0 -0.24567498538108282 -0.03843878987406425 0.09702956909345346 -0.014351688122061277 0.12886054651806686 0.0783527751133745 0.10074550829402058 0.00317162243628097 -0.1072746514617137 -0.13993512087301105
0 1 0.0097913055703763 -0.0634818393543618 -0.13124318019591302 0.043834070672637955 -0.13429498272396864 -0.055511072636356296 -0.1305438437441667 -0.030142022030799912 0.06841840271193858 0.05032583463618609
0 2 -0.337200513167165 -0.08246058131512153 0.2260465493963666 -0.09407810165826082 0.05051867348123615 0.14548798519670833 0.20531460288304462 0.09050777243367016 -0.18877788817759927 -0.21154647868141263
0 3 -0.9075649895180641 -0.0450705674316015 0.33048453349454554 -0.32064747169957375 0.27708988779891713 0.44390863407720305 0.20769456009237713 0.1738162303092245 -0.3499908701332559 -0.6758911404492749
0 4 -0.22031611115539415 -0.1083049172768807 0.15433894834853693 -0.180602191969843 0.09257269633180605 0.13583648109375968 0.011644771070085389 0.031107474516819764 -0.21058442708189906 -0.21190257070798013
0 5 -9.105843384076363E-4 -0.06156841644521813 0.04880755291760012 0.05206406607021339 -0.015573119689271645 0.07976959908542597 0.04301697315006692 -0.08256865228220775 -0.08779403118897448 -0.04264103236502855
0 6 -0.05823668813479662 -0.10660488629768816 -0.025859046704359477 -0.08526434358635258 0.0554022969763771 0.03394056898106842 -0.05024409571473685 -0.03901817023192555 -0.08532615409855729 -0.06578386135375261
0 7 -0.2811563151912176 -0.10147260017359307 0.10023003478897188 -0.09801668598243211 0.0613467783148073 0.09397621977668733 0.030480103953539252 -0.07632541659843821 -0.005227421292713154 -0.1617894674159804
0 8 -0.2238953231109102 0.03379087223463568 0.029614445252467456 -0.04548246613145586 0.1486227665476641 0.14992858909709877 0.1531099873078458 -0.0017588827233839851 -0.015130965398470527 -0.11154848241408255
0 9 -0.11114801603659044 -0.017529137980319572 -0.001102286855760866 -0.0679122079277419 -0.03736428644021419 0.057125681965593075 0.029467452448792737 0.02542645838805803 0.007827152985395868 -0.053451931852177594
0 10 -0.17311452028474392 0.03797475490508802 4.4215808591858806E-4 -0.002023949572669455 -0.019598671865523363 0.13605609491649764 0.1482169436800603 0.10870450901496506 -0.13162471017323163 -0.07145514821363272
0 11 -0.2214656753193175 -0.10817958364415041 0.056322716947110975 -0.13267228865369507 0.14005952369450003 0.15906503833230176 0.007471791958154521 0.010045494727855325 -0.0969103673650813 -0.1764235228447716
0 12 -0.08587219108432798 -0.030833147899560084 -0.0715041961046777 0.0327187503848388 0.056753886180065834 0.054479908481672376 0.0019918676953581244 -0.044970528557974884 0.039788505171393276 0.008001213340103388
0 13 -0.21578903824605344 -0.051317178589872094 0.12991285863167734 -0.13762907282267978 0.025482818234313035 0.13158882460183105 0.07297584030666146 0.01683264466317869 -0.117003343677766 -0.17950495704053265
0 14 0.6534484032778894 0.16815914672895668 -0.2595455319937114 0.4029518275434817 -0.33457827878518154 -0.3737886739072815 -0.2317175989904937 -0.027577427740199716 0.19415473848754355 0.6038018689412701
0 15 0.16645195967704385 0.05126702259013812 0.033300262467581776 0.08356501425652856 -0.040176755773657244 -0.1155099363247185 -0.13262140414194076 0.051699784634372636 -0.029035931693513244 0.018424698970386528
0 16 0.04065866546270702 0.00433619711827246 0.04250413405777559 0.06888974249272371 0.06959101717323103 0.016676844436599243 -0.0717792980281333 0.026877710856626342 7.039997377700619E-4 0.042875345672497775
0 17 -0.26241662197599347 -0.034826905062367915 0.10205123736117577 -0.09973184719569635 0.1368510744073201 0.05168242898636467 0.039461936630479075 0.10075511911689389 -0.05129604809180389 -0.24867017386471052
0 18 0.1018118333139913 -9.712675508262181E-4 -0.129352450071385 0.12066940594503613 -0.13615227655496054 -0.07072430836898162 0.004396140956105646 0.056500412089543754 0.0027662104415099417 0.13355627869337222
0 19 -0.21491943184540477 -0.02635522053383404 0.20042651357339414 -0.2015699647451327 0.18655747092072789 0.10145047791737552 0.09665363027491508 0.00676227478552376 -0.12146751994386945 -0.17143117181443562
0 20 -0.25003489622825525 -0.09012932278835573 0.009545314307076513 -0.10491866795795539 0.023147768241522843 0.1587113261102462 0.08439492092225762 -0.04865459244455324 -0.13810466721677353 -0.22868499197039316
0 21 -0.13006793824107066 -0.038653047175020085 0.0627359402361538 -0.02654327048286498 0.14579450225922935 0.0437649155727356 0.07039193810761786 -0.06158090976526317 -0.08360050692056475 -0.1754848774250833
0 22 -0.10251072564229374 0.04957090553146318 0.016861561911014216 -0.12053488467274215 -0.01662109847080581 0.07843157409923368 0.12777056379395713 -0.04971519105819013 0.028478354751800647 -0.1761641192810148
0 23 0.1285591593632828 0.07457612511925465 0.05552930533269207 0.024228121083840586 -0.022905413397604935 -0.001362467264181992 0.05784521003402166 -0.058186271213484624 0.08567230734563279 0.0939976776236836
0 24 0.12236922834533859 -0.01650152187024495 0.08116385332723826 0.047919846083118015 -0.036818388747461926 0.04656592062191815 -0.06686543808990761 -8.703446458780288E-4 -0.059303184258503915 0.1192521622574721
0 25 -0.03785656661789054 -0.10584467888259855 -0.04764769310057811 -0.04710278436150454 -0.039302218487439165 0.08517556009278654 0.09517550662378559 -0.014630288157179186 0.006779573508733864 -0.12402360162368724
0 26 0.025387920497451793 0.02945738342314032 -0.031546377415392846 -0.026716818738125408 -0.07425947295380411 -0.0417768308005532 0.06532470560007952 -0.005132725679584367 0.025588956955125877 0.06491909318077978
0 27 0.027730433039609915 -0.08335562698641091 -0.00839371210386071 0.10458648800879103 -0.02166711587554428 -0.08814222723400311 -0.0016467140112907813 0.02022050577291036 0.013103561802500458 0.14654775003370163
0 28 0.05444898915254047 -0.08223494520482405 0.039639008653413944 -0.015073250466398735 0.01398205514131914 -0.015614606857016478 -0.009562044513298165 -0.05763834584142347 -0.08456098433633363 0.0801400813366091
0 29 -0.12346648510676092 -0.06434540611564821 0.1293380935459254 -0.157675337046032 0.030916941400249167 0.04667786928616959 0.12227490566335626 0.08778254511296779 -0.049880402034612054 -0.05394437186726075
0 30 0.050728658047469684 0.08720431277209105 0.035936974555839156 0.020018895406221485 0.04004587231445192 0.028584107489960757 -0.10315012004531408 0.05593890443105755 -0.019733989661499834 0.04123003391104896 -0.12550403996578677
1 0 -1.4124542730049328
1 1 -0.28065794937187466
1 2 0.529947033068761
1 3 -0.7028654912929702
1 4 0.5161614958422408
1 5 0.70966150239178
1 6 0.43475703424357115
1 7 0.10704864347847749
1 8 -0.5825643274266314
1 9 -1.1556559941833957
