## ListNet
## Epochs = 1500
## No. of features = 30
1 2 3 4 5 6 7 8 9 10 11 12 13 14 15 16 17 18 19 20 21 22 23 24 25 26 27 28 29 30
0
0 0 -0.009248104774800677
0 1 -0.013023907188582052
0 2 0.03165975962825663
0 3 -0.042423493345930194
0 4 -0.075846345393824
0 5 -0.08005383671970635
0 6 0.04407727637347241
0 7 -0.010189377545168318
0 8 -0.05730034321029357
0 9 0.05775321932472231
0 10 -0.039252427958749794
0 11 0.08497120122255207
0 12 0.013873046019727074
0 13 -0.007868240629362542
0 14 -0.055205495368606604
0 15 0.03977414499147996
0 16 -0.04510710790630763
0 17 0.018450688692207565
0 18 -0.048153272388351924
0 19 -0.024270628257460857
0 20 0.039112697616685746
0 21 -0.005765088883014429
0 22 0.018464271440341656
0 23 -0.08857443220876432
0 24 -0.06283550686006956
0 25 -0.03848074362846274
0 26 -0.08773463900007636
0 27 -0.0390429761315603
0 28 0.01182779381745745
0 29 0.013240499241613463
0 30 0.036544185131788254
