## ListNet
## Epochs = 1500
## No. of features = 30
1 2 3 4 5 6 7 8 9 10 11 12 13 14 15 16 17 18 19 20 21 22 23 24 25 26 27 28 29 30
0
0 0 -0.06654621485590358
0 1 -0.0695017993694536
0 2 0.07368900326983698
0 3 0.08193623331657639
0 4 -0.07122941027946614
0 5 -0.08067647046942428
0 6 0.08405261145142079
0 7 -0.04166686963503768
0 8 0.037372296656634635
0 9 0.06486608388354997
0 10 0.009649628316812917
0 11 -0.049823513330178114
0 12 -0.019322780785175245
0 13 -0.00492333137241765
0 14 -0.048256206615510916
0 15 -0.005699305729010497
0 16 0.0896028953363016
0 17 0.08770045705471624
0 18 0.003391260822622306
0 19 0.0678763883630144
0 20 0.015798941011115387
0 21 0.08253897059953337
0 22 0.052730861047073925
0 23 0.010033700974821513
0 24 -0.06965185221813644
0 25 0.07297286434052953
0 26 0.06405273870395956
0 27 -0.09734381952070925
0 28 -0.05595507100224495
0 29 0.05218012429690725
0 30 0.08194601535797119
