## RankNet
## Epochs = 100
## No. of features = 30
## No. of hidden layers = 1
## Layer 1: 10 neurons
1 2 3 4 5 6 7 8 9 10 11 12 13 14 15 16 17 18 19 20 21 22 23 24 25 26 27 28 29 30
1
10
0 0 -0.2893478272009441 -0.10328159627362275 0.12609217503044454 -0.23536085779847155 0.003518010137900926 -0.10161810124649953 0.26167059806401527 0.05311564269532205 0.3175565464273176 -0.11470623131672023
0 1 0.24853234068107494 0.2088263842733941 0.04043606113138574 0.21674678591876856 0.013263359513429496 0.02194617579136793 -0.13999063299171755 -0.05589461454125788 -0.23510896956918542 0.07657792058769994
0 2 -0.5827730423903206 -0.3753029522946062 0.12239095706492832 -0.3704655793033615 0.09418281490546074 -0.1324266528967278 0.3477936466227975 0.2810295322245977 0.37332614907709205 -0.23412107526498413
0 3 -1.3314947821530236 -0.7421748433810313 0.3277711797410824 -0.9426805099421633 0.259529687056347 -0.4590155726567388 0.7906877280753313 0.4220402425016002 0.9271884948055569 -0.8300892090980049
0 4 -0.4514441989249001 -0.2831743000015948 0.11974848477201977 -0.4020092130846328 0.21496055958677326 -0.17878007848616376 0.2885779745843756 0.09507770536643337 0.4183051851339785 -0.348464051974527
0 5 -0.05324295434018173 -0.027558437108998395 0.06295187255199335 0.008516772677224643 0.012117009726855456 0.006820677210833577 0.038376263383090754 0.09401788247167119 -0.035888844105411516 -0.1058884446151177
0 6 -0.18788742390875993 -0.1515455620556005 0.12489605593774898 -0.1294811301070434 0.012392130413214516 -0.06435908913821729 -0.015118085426212695 0.07355164493494518 0.04390923455364656 -0.0933349141631672
0 7 -0.385674483492265 -0.24209322309757558 0.11889379601013754 -0.2660651474699191 0.12425847759451743 -0.0020560059916819857 0.2775865389005536 0.06080119570577257 0.31989763927664966 -0.11576046531836924
0 8 -0.4351608866813122 -0.10667047560703032 0.021512843042276235 -0.25430646537127777 0.1535682826707023 -0.07031195922985123 0.15531045283890565 0.12845966481083082 0.3101164198763566 -0.30145769859013655
0 9 -0.12945265202975145 -0.12073769086004442 -0.009619077617567282 -0.1670003503457857 0.014823821128234103 -0.04152789131927996 0.04697890511838268 0.16118349187805953 0.1992191066882692 -0.07357558463823467
0 10 -0.24501215911805577 -0.08417221971560605 5.663335608100266E-4 -0.0762352350982451 -0.020540558085123492 -0.10459035542016423 0.19196269932649931 0.12278437777817465 0.2690313698937336 -0.21603188124871342
0 11 -0.2356338001378585 -0.035799352883918965 -0.03522196421778023 -0.21077604119131374 0.08355235615645389 5.578470245861699E-4 0.09028394810223116 0.10724632653577519 0.07136531646482655 -0.19937412236361743
0 12 -0.07230201389577409 0.042192227435608826 0.04478587162781719 0.0797177251055827 -0.056792972160015255 0.06037909579847533 -0.06346179413861837 0.08253512187112308 0.0523250025041 0.09025372520639217
0 13 -0.1908938038006553 -0.15408463843731407 0.14403588783093949 -0.2647981306680987 0.1053025510971122 -0.07381462549401291 0.21896371267332695 0.0812542201280534 0.24772348249306075 -0.21662971515230262
0 14 1.0952889430586854 0.6362094995152656 -0.3530268620836871 0.7135324725957712 -0.34739772336755204 0.27963351865948377 -0.8162692978292321 -0.46154382345021144 -1.0636263643980677 0.7251118337017336
0 15 0.31705609957744385 0.1718057435299835 -0.07628724306894137 0.18246125978007988 -0.15068646913598643 0.11171277284875063 -0.2914660467177384 -0.1826797097315427 -0.39027856377101755 0.17877204576542385
0 16 -0.028851354322326352 0.06364213782903592 0.02565904949458827 0.0528519140564242 -0.09572426111574608 0.026581888488588827 -0.10415993918942605 -0.03776951365949754 0.004280051671898584 -0.015487685300249108
0 17 -0.3066372079748815 -0.24431509348122907 0.10172231667964673 -0.17108457391902354 0.14373368037633838 -0.019363459038233537 0.1376619233606571 0.10492680499565864 0.2927536577638534 -0.23324759872946205
0 18 0.05429936925490312 0.010563768879628087 0.04126494995284415 0.056852904650339736 -0.00680040215251981 -0.03052211492780563 -0.025351294084676717 -0.06369304933510173 -0.14154578151351702 0.023218977801315953
0 19 -0.48651993541177796 -0.2635539758377006 0.14444153986835592 -0.3710931935516524 0.18348402946517087 -0.2268495214156389 0.2536556895455495 0.20553231044796708 0.44595612347122937 -0.3657892208132697
0 20 -0.44895573873842703 -0.23848087981125035 0.11781493077629256 -0.36969340159517705 0.17095289688789092 -0.15076267555637815 0.26181695028513396 0.14202380749916432 0.42101412881801553 -0.2812266937978346
0 21 -0.1778480579269238 -0.11764467378787889 0.11184665580058 -0.14482035672951374 0.15884975475629923 -0.06811094409376749 0.07815588099676386 0.09038793029024875 0.22330898805470487 -0.04715904629467288
0 22 -0.09756272536380137 -0.173147418635939 -0.05549143405502688 -0.20299691133076045 0.13194779060656417 -0.033458396568210175 0.18635609406906348 0.02796884846722307 0.08225847588350574 -0.11712066751719909
0 23 0.14771309524057433 0.13890185760937354 0.0508946364829076 0.04429057787386889 0.06230796598402021 -0.004431209973803271 -0.03898746276770346 -0.08066156541564382 -0.15207387408133374 0.10062467311342516
0 24 0.059282546343577526 0.0833360765621807 0.048593262636354946 0.14091430297728075 -0.10340204828997472 0.0643326076648136 -0.12211287454835984 0.061937036672847064 -0.035824529679680826 -0.05158457778529673
0 25 -0.17318100587780155 -0.04340769398957989 0.0022966536396738946 -0.11173459134433995 -0.014270073624106771 -0.09566357361558589 -0.11398375478927904 -0.0864568955258844 0.039580980403052045 -0.05073115671001043
0 26 0.03410072428136563 -0.011761153943006203 -0.09045345703312242 0.0813569228306872 -0.02149458259496331 0.033312778999397406 0.006881599242762551 -0.0528697759064455 -0.1360384695343537 -0.06664729568333586
0 27 0.06328843953938106 0.08390303206536981 0.05930301797485599 0.12095510582478385 0.057438419611826906 -0.032435223321573295 -0.08623258537706954 0.04762210603372573 -0.04436823134482354 0.029950734013588675
0 28 0.07893361245350422 -0.09875551617967913 0.04983803915752421 -0.026627300609564634 0.0985575054637852 -0.09421071775270864 0.07729862924986336 0.048905886264524585 0.0612888563816548 0.002257619589324732
0 29 -0.16511394436305987 -0.1203180457928318 0.09286584772241292 -0.00551874160403742 -0.032964598925955865 0.02847225934128379 -0.03011027806063488 0.0755288123653315 -0.11222737009231314 0.03921785499284546
0 30 -0.027250159884586532 0.05572546997978486 -0.02826965550190803 0.07990517529179482 -0.1397704982874582 0.09234968944688876 -0.19584981427581394 -0.05440909633894668 -0.2530205740475663 0.11025072416972657 -0.3408160161802984
1 0 -2.167326440092866
1 1 -1.3691728368083074
1 2 0.4703529261123141
1 3 -1.6538401914651224
1 4 0.5106299063105032
1 5 -0.7822831112854395
1 6 1.3246100203781652
1 7 0.7101774436807394
1 8 1.7584422227259506
1 9 -1.4902074906254603
