## ListNet
## Epochs = 1500
## No. of features = 30
1 2 3 4 5 6 7 8 9 10 11 12 13 14 15 16 17 18 19 20 21 22 23 24 25 26 27 28 29 30
0
0 0 -0.05247787824255186
0 1 -0.023522475851661385
0 2 0.022149265023830446
0 3 0.03639757040072341
0 4 0.03373838691860897
0 5 -0.09857789983253093
0 6 -0.08986468301631449
0 7 -0.09355691331041041
0 8 0.028403162552647236
0 9 0.006557299602232241
0 10 0.07010483927460345
0 11 -0.051630148057779816
0 12 -0.007970767973108056
0 13 0.07470766554076982
0 14 -0.017353962786210455
0 15 -0.02979094292802416
0 16 0.0049248158249673955
0 17 0.05932907022781383
0 18 0.09299775840439953
0 19 0.025588004757792406
0 20 0.008172409722846797
0 21 0.07889344171194353
0 22 0.09038099255140465
0 23 0.03796675755186344
0 24 0.01916107788764949
0 25 -0.034504292743275385
0 26 0.08843268980060741
0 27 -0.07714924840526442
0 28 -0.08900669215573867
0 29 -0.028503554837148073
0 30 -0.09921398013830185
