## LambdaRank
## Epochs = 100
## No. of features = 30
## No. of hidden layers = 1
## Layer 1: 10 neurons
1 2 3 4 5 6 7 8 9 10 11 12 13 14 15 16 17 18 19 20 21 22 23 24 25 26 27 28 29 30
1
10
0 0 0.035077187280322976 -0.05775142750356318 -0.07218694342736447 -0.01638055350274653 0.010178727030796805 -0.06498747974155943 0.006090096607095689 0.07161791046808134 0.09912965954519659 -0.021250614589659513
0 1 -0.08590082766193506 -0.04200357393537669 -0.08451811455425659 0.0452225760512779 0.08474599930492782 -0.09127716024367116 -0.026575274293758232 -0.08144375845108894 -0.021908276055187425 -0.022304881634793203
0 2 0.027479821109696354 -0.0832254639047968 0.023609305375687045 -0.013939851887018665 0.09757688922193775 -0.004194354425858768 -6.450748202170367E-4 -0.021157942541357895 -3.2636559507800224E-4 -0.02456318926040636
0 3 -0.08668039029556215 -0.09462619702974832 -0.031247986938504998 -0.022986019830001064 0.025465250506596048 0.008019778005620964 -0.012379663769809576 -0.06231542797297099 0.09616066059259447 -0.054229280334433624
0 4 0.09572664101738783 -0.02006504779370104 -0.029934156969068374 -0.09472852467210537 -0.004093300313193522 0.027161179563318708 0.010927575380586451 0.07584876297666147 0.008239691365747301 0.035061512524668735
0 5 0.05185446217248401 -0.055536635201178346 0.08736364179005476 0.03603197990647511 3.1881767184033005E-4 0.07396451807799308 -0.027601713723202654 -0.09825134032389882 -0.05990638221922686 0.027444835042446228
0 6 0.0968379501501265 0.07032531679692325 -0.013691264348545326 0.07341553749796072 0.06246542865971678 0.023615207015833008 -0.09232589165001687 0.08979515175202171 0.044918404103505394 0.0727444621170325
0 7 -0.061272394511882586 0.0788340815631058 -0.05122143789081314 0.01578505054083246 0.09401687841814035 0.06995330985485028 -0.094916288324277 0.08308784940006068 -0.05707833215010784 -0.029654124694090712
0 8 0.08905065336733764 -0.06991511693127514 0.05693634068030935 0.030020674642308134 0.0915817129878342 0.054403819198280405 0.09192754668793372 -0.06629795529373098 -0.0016073263568267236 -0.07061320398397926
0 9 0.09966348700189226 0.02577336689036335 -0.013768022149514413 0.016301542164596294 0.030981548899889428 0.054963499520391035 -6.86744739380144E-4 -0.019261038994576585 -0.04005102798925202 -0.040095701040344746
0 10 -0.037643518396146415 0.08127686450073743 -0.06242818484491596 0.04792952341261638 0.05899476375766121 -0.045762268780622416 -0.05087998320508729 0.04199757061350585 -0.026867750988804652 -0.006090485298754601
0 11 0.03345685571071866 -0.073540726997637 -0.09760696176455767 0.08317678909463445 -2.776220867429114E-4 0.017963703562645428 -0.0863796546857409 0.05618846213467198 0.05293929569765438 -0.08301147902262235
0 12 0.07550675836984334 -0.013306466905099703 0.013027745328970445 -0.0695591761277479 -0.04809116070618139 0.03838797991949873 -0.053560074730294255 -0.0029994263558619015 0.01588802666427484 0.007421462997663273
0 13 -0.01164317436124388 -0.08886052500959457 0.0724499267093022 -0.09310276002810053 -0.031523228596516746 0.06592256327322889 0.015763145603774915 0.026260690834005528 -0.019231267499416473 -0.04385983964322514
0 14 -0.08793615840127719 0.06595295288452956 -0.012751588928234185 0.017541086142950753 0.019146968014081944 -0.05077549090078428 -0.031061538368137596 -0.03910221636030532 0.09802765535887578 0.002378919483071082
0 15 0.016478142413559257 0.025829133848027302 -0.05633846851684774 -0.05207241818162888 0.09088750718813406 0.03675920382636331 0.03277230721523673 -0.026912014909896163 -0.007583130994572492 -0.04232564241344609
0 16 -0.07200086923298342 0.03306929578390513 -0.030221378647539182 -0.046888813861412915 -0.01929933611066499 0.007183406547926655 0.06577515201226632 0.0829198333281811 -0.09902401915674082 0.09277955600291259
0 17 -0.04896954883130477 -0.028873961675969003 5.006589331499181E-4 0.01550365137788696 -0.009190043463748238 -0.03543553295379585 -0.051981405289936625 -0.09510375315589877 -0.05172846353717605 0.05847205383437159
0 18 0.030334565357924233 -0.031572248248767296 -0.04896397929190126 0.012207672638463727 -0.04306423579256803 -0.04818240539913028 0.06947484385149234 0.05283651879654201 -0.016734634214135694 -0.054917351999165136
0 19 -0.06848833228985345 0.09755792295017832 -0.04748701970196455 0.0225708557976739 0.025947535238647707 -0.06071427368400505 0.09733147676066678 -0.018523865939037532 -0.046991960239146265 0.06641490566320037
0 20 -0.07028786462938014 0.06490983253016851 0.030782510861267705 0.05670498755838909 -0.06659854427094013 -0.021622519574972444 0.07543439944453542 -0.06874852470054653 0.09137707060785796 0.0857019642726264
0 21 -0.009755867930340948 0.0991000421899913 -0.08970406113327116 -0.02441026389382719 -0.033386600383528246 0.007567141385086029 -0.09088274859046401 -0.0274765743404132 -0.0030527815791114325 -0.03898535216510711
0 22 0.07062244621501186 -0.07201004856253357 0.023669431261213313 -0.057114257941546905 -0.08161780833259508 -0.042782352583567884 -0.09115986665864251 -0.09119499261208477 0.06201326298833862 0.04019453100975935
0 23 0.08539274171940571 0.0951834044792377 8.233177429575049E-4 0.037449088726712834 0.031393605488887054 -0.00348655085009496 -0.033177790647461854 0.02096903167044996 0.030420026291150464 0.05026325342642912
0 24 -0.03795241878980032 0.058340639153584395 -0.012200172378812303 0.08590839948202605 -0.03326086520169774 -0.08968790179881356 0.0748772505981581 -0.08401207919801469 3.6302629599135617E-4 0.03248131171048983
0 25 -0.060692244811448026 -0.08531586147494737 0.016293128450306598 -0.02223165703000716 0.06100860499785183 0.06135814140467238 0.044698834325134655 0.0853234944120875 0.05861005236234082 -0.018499027255428208
0 26 0.01591028266403891 0.054545060858546754 0.08947238282964896 -0.07954113938233477 0.024212185710708732 -0.09510933695394513 0.053136118061334975 -0.0976084078694716 -0.08588056418794925 0.001076605049293893
0 27 -0.009043114755464246 0.056689318438407764 0.030733261496060708 -0.062355035690756844 0.0679168369994774 -0.011692632376128366 0.04333004961203249 -0.07673455265940309 -0.03345158993302633 -0.0017923740508645964
0 28 -0.03245117350182575 -2.964327530379999E-4 0.049088923461749485 0.04881721074952815 0.0826308029459104 -0.08813828647714973 -0.08123639084038371 -0.0174592267613037 -0.03434854593609809 0.07519940995287491
0 29 0.004573353154594508 -0.07148408959126167 0.04582704940430086 0.08744510202872115 0.05957507528203868 0.006752487526401164 0.01342488334556997 0.05319708223032268 0.019081303795673268 0.08056876788429898
0 30 -0.08009860550324893 0.017178106980328428 0.04773423599574085 -0.06551066932885993 0.059978499971491454 -0.07667877298624284 0.08519216448647815 -0.05859875522803225 0.036367104154993675 0.03706711626493652 0.09589821100235019
1 0 0.06657939404249211
1 1 -0.006301289889961407
1 2 -0.037596303969622116
1 3 -0.08468496799468896
1 4 -0.005906790494918859
1 5 0.03229845315217928
1 6 0.05311011150479285
1 7 -0.02973716892302055
1 8 0.026091545820236525
1 9 -0.012922549620270883
