## RankNet
## Epochs = 100
## No. of features = 30
## No. of hidden layers = 1
## Layer 1: 10 neurons
1 2 3 4 5 6 7 8 9 10 11 12 13 14 15 16 17 18 19 20 21 22 23 24 25 26 27 28 29 30
1
10
0 0 -0.04233031217699895 -0.23982327711603485 0.07883588263227531 -0.06878932905269543 -0.2662395917468736 0.08436589954686544 0.19295896969721438 -0.05522300583376669 0.022068649310622662 0.13273658008685293
0 1 -0.0544615611379577 0.08768296495240374 -0.11133799567910621 0.037511547708284375 0.19320500286840056 -0.19842049850835192 -0.20535363436341297 0.014649578921519638 -0.13088874739193498 -0.14973278263645112
0 2 -0.047973854824839825 -0.41043555762623574 0.292716902062413 -0.1786412543066639 -0.6017409333411132 0.15354523575987283 0.38669620294407064 -0.2009564689051197 0.08759586410108038 0.04956422666021491
0 3 0.01935350331976397 -0.8108030506972497 0.5478152972316087 -0.37266020591783383 -1.1003785999473121 0.4716511431583934 0.8093625492054711 -0.33701662200977006 0.3820264171850105 0.3411913747989998
0 4 -0.05392141980594844 -0.30530220200925123 0.28524246176615137 -0.07101934764625864 -0.4474563977185126 0.20100866553936406 0.24302601004401006 -0.24740210792455283 0.19507050808377155 0.15614799440795876
0 5 0.05453783853300035 -0.10368530946820806 0.08942610261852274 -0.050330514897180434 -0.1350024133806925 0.08313955794722798 -0.050942860058887485 0.04615181655317637 0.08139694356541999 0.0895592688489067
0 6 0.014024729795583417 -0.16291315623267733 0.14786285632599339 -0.13152557004179424 -0.1868871995553287 -0.005388323728589262 0.17034276591559816 0.020535985887891166 1.0082157989528796E-4 0.016439640109794464
0 7 0.09777472811560553 -0.17210527412631396 0.04026931498798907 -0.11079452784840729 -0.3282389513380727 0.06366479595639778 0.19088867976208956 -0.0901510309174217 0.05039425507802578 0.07733132058299613
0 8 -0.06266459946572317 -0.2715751434271549 0.16325524318405465 -0.0794548672079265 -0.3784713930678063 0.1401060238259498 0.1064800262121685 -0.1839246232892364 0.15511494938706458 0.07290395274885236
0 9 0.01977911167919528 -0.14902199108102335 0.015076633014689537 -0.1392671107774762 -0.16312629791375258 0.14414458680157646 0.20811723280953373 -0.03894271554773561 0.1392507640341584 0.06196614588391377
0 10 -0.03946351669566587 -0.1257725349461076 0.08912189096910221 -0.06533731019472666 -0.25650228068034364 0.02234671498578488 0.17292014921121368 -0.10277805080794056 0.10193879406269515 -0.005417304650532341
0 11 -0.06279689599235867 -0.08744195340764432 0.00798712494950334 -0.09274377563411139 -0.16987556733678275 0.11334334958176348 0.10142817884716121 0.005846029190799511 0.10407483395206152 0.1147190327186383
0 12 0.02542846119745449 0.06114866665781091 0.10655907559812051 0.07404320704477427 -0.05562853659764382 -0.06512256138779779 -0.04906548181595669 -0.07389549887053207 -0.023351254953560146 0.06338013341349324
0 13 -0.039852150434632146 -0.11911032530789938 0.05779713224875186 -0.016854926889743133 -0.23251316504199895 0.07198213087070712 0.07550931681906868 -0.08684027576800459 0.09843459316150377 0.12110802142396809
0 14 -0.08711993981918506 0.717634603788733 -0.5390626754286031 0.3454215492587074 1.0856132924278128 -0.5529345613439476 -0.7302028841506293 0.3931575499555426 -0.27269029595658556 -0.2474386877989737
0 15 0.047638025082139365 0.12038876553693745 -0.15073759000623038 0.08908246384383137 0.29732582074270425 -0.07301133162670538 -0.2706748649107913 0.018502224949200712 -0.11501102444207556 -0.04868977389762731
0 16 0.06240515198963588 -0.019992787004024747 -0.08288997203933787 -0.07256727289377578 -0.09967672886700905 0.018616193774415243 0.0612741294798173 -0.07871944450730517 0.002388282193958634 0.009063461057829122
0 17 0.08017243343935807 -0.11779193354874902 0.029078428337254568 -0.027091270042718437 -0.27136980955247575 0.11149133550654695 0.20900083690283294 -0.01719697962573138 0.13384876133429643 0.11682894608393833
0 18 0.05803136785667961 0.012940811869167403 -0.043177730522917214 0.0684398285623881 0.09197109334578328 -0.05568162307059838 -0.08127404850869763 -0.05759641586591239 -0.04905497279354733 0.07084444486882069
0 19 0.052648588625480046 -0.21951327653083344 0.18084558824323038 -0.2180425991104314 -0.34994155443230734 0.2097354368734725 0.19518538711901345 -0.14624211447069058 0.06232667996628911 0.16177059284498882
0 20 0.02132177274020739 -0.24043081042466855 0.160282230334657 -0.057723814104261834 -0.34643600528429375 0.24975573792109576 0.23065513298586693 -0.15919727643564263 0.18231987790495385 0.11816230658043826
0 21 0.07036666701111319 -0.06984755472602316 0.09606608269082285 0.013238101131277618 -0.2727026187292019 0.12736230908459856 0.1331466009215423 -0.09678203354823049 6.628121787798668E-4 -0.024747415064340694
0 22 -0.006112428961021041 -0.06660422203654263 0.038426417178159006 0.007429807071327812 -0.2575510238800072 0.059182531265927124 0.18787629365883907 0.010550232535036343 -0.008401412234387931 0.09091331215207527
0 23 -0.028679046533571347 0.09543527783150653 -0.0829532050753495 -0.07213745297971856 0.00866025956910385 -0.11587635944310685 -0.027674677513958263 0.11843229670943842 -0.026620375807271748 -0.0988737568645914
0 24 -0.09084090743864806 0.06877155259613758 -0.10047537582761847 0.06784599850540655 0.11012787404082217 -0.1304746750010697 -0.1391709426447361 -0.05369606238723057 0.05273775839048259 0.01584968286491993
0 25 0.0788043997507189 -0.08908836166212993 -0.08120630875629925 0.034685187370642204 -0.1622991247543394 -0.08773998729451295 -0.05477546590267624 -0.11390116068164069 0.0424885740914191 0.07856569477854074
0 26 0.0877339947829278 0.023851544879490684 -0.0654687989147803 0.1058746673607129 -0.012962353378984687 0.03412564733051951 -0.06865054042282949 -0.01481077121545653 -0.07411635958649482 0.045058002077846715
0 27 -0.06381431110982112 -0.010449329427192507 -0.12016629552596285 -0.04365655103525981 0.07614200885778098 -0.12714567091000675 -0.01108238540475118 0.05720285048441964 -0.13060171725296985 -0.027631178525922114
0 28 0.09039687995537027 0.026778241246530367 -0.02439359182590261 -0.04118921552782997 -0.07520411168349768 -0.04947129383549441 0.00762162691916858 0.0055066128666034575 0.0932569417020803 -0.005057392505506257
0 29 -0.051056846043857185 -0.13417848730141602 0.013188803514925258 -0.10089654112316543 -0.18717584242821075 0.014539003373683993 0.05713402986203515 -0.10347465776546022 0.010426645963087662 -0.056319611324563486
0 30 -0.04889549264215377 0.09883308705721942 -0.03721938758788476 0.08130793850708144 0.0451657399577564 -0.011849920324724095 -0.17688959388471845 -0.07431670809723732 -0.11364214629206652 -0.01745261087732676 -0.36145373594283325
1 0 -0.028913898535714688
1 1 -1.4235960380220998
1 2 0.8720207441338483
1 3 -0.7223477656986177
1 4 -2.0358341342707895
1 5 0.8240608951882162
1 6 1.2887402327164337
1 7 -0.7542474855186083
1 8 0.5447522771271769
1 9 0.4760444159371468
