## RankNet
## Epochs = 100
## No. of features = 30
## No. of hidden layers = 1
## Layer 1: 10 neurons
1 2 3 4 5 6 7 8 9 10 11 12 13 14 15 16 17 18 19 20 21 22 23 24 25 26 27 28 29 30
1
10
0 0 0.08222063774672611 -0.4315903248455964 0.038051623748637575 0.20746975490168826 -0.07331212917105469 0.1039666330092182 -0.2732171303013704 0.1601715374602085 -0.1837390136686051 0.18211279949920842
0 1 -0.1317042333482978 0.29266139831131044 -0.12817655079332713 -0.14979340666094834 0.02227846466948095 0.05296317928540834 0.11768896880620827 -0.2062264925863791 0.04572567810307173 -0.13593550991534176
0 2 0.2556854089557256 -0.6400595151739427 0.20165736348619953 0.3083232621607265 -0.14957927268020474 0.05679332064543051 -0.39087370815725336 0.29626650339382116 -0.3234067633398066 0.34053745722993306
0 3 0.5613152226779449 -1.4932561093293801 0.24912172262417567 0.5411922454121313 -0.2904332928914286 0.20648497748076028 -0.821479969820238 0.8693004479150287 -0.5871929642534496 0.9945315452962536
0 4 0.26034200472251595 -0.611590278125833 0.10342518776415605 0.29709270585626246 -0.08175921900174206 0.038844342561155376 -0.24398589051057115 0.2908319905187736 -0.2936701994733426 0.2993129916196531
0 5 0.051793503454573515 -0.12371430593995558 0.041432933761507064 0.07527597381116627 -0.04459174426088757 0.11820426856638674 -0.06193864096453992 0.014609506383005498 -0.13737699217755842 -0.010025838934324386
0 6 -0.013015345387213263 -0.2085057143509992 -0.010885909179641311 0.013030266094003257 -0.08954740461892224 0.03570621427888933 -0.07537745947364229 0.18317345446873923 -0.14729606920922653 0.1428057250989966
0 7 0.08012534166021504 -0.3959904040575097 0.12899319664719722 0.1714090826470725 -0.09351223202151426 0.02951832916733339 -0.2689164374261102 0.11616174432171761 -0.05305841023946995 0.16296340107886617
0 8 0.07048963047077782 -0.4763310343816417 0.00667463740946505 0.12751597639932197 -0.13454154067592147 -0.01726228625971486 -0.1830243870414423 0.12476174329159079 -0.207610536462808 0.3094148112337544
0 9 0.18729452872458247 -0.2922331635278356 0.06568940826641892 0.16702596347285667 -0.03026313408444382 0.045414955152372614 -0.20816024283053874 0.1575335322915136 -0.032759086763645626 0.09729061391547192
0 10 0.024582854360636765 -0.26809743526409696 0.08355729725176148 0.1004574612870907 -0.13687850618231395 0.04142632825597302 -0.10520341997066257 0.13417382412194148 -0.12394201794442013 0.2055084040566346
0 11 0.003504542623254243 -0.3224241212218653 -0.05431897707717234 -0.002269251632808201 0.037856330664233113 -0.0078999767298873 -0.07741781697130587 0.0378956514204743 -0.13371440022606154 0.03025412416905798
0 12 -0.018833953865270824 -0.07339770975902916 0.016184112259835664 -0.08607516098081248 -0.046253478579238956 -0.0030087644175734655 0.03049059766400532 0.007441043687405855 0.08458629303191985 -0.03409460580721143
0 13 0.035891872282171056 -0.3893329712780324 0.07366531145720147 0.1554061391130628 -0.13148852664360347 0.08204590937400447 -0.21743191714061644 0.23408563637438748 -0.07777615491530529 0.24796092472834871
0 14 -0.5571763809447036 1.2626201289265984 -0.3836158530039048 -0.5353368601100278 0.21150865500721913 -0.31464333502668895 0.6725881171389265 -0.8684207773359389 0.4279799531639963 -0.9317387769433275
0 15 -0.2366822262538659 0.4604767669663142 -0.10928632460266301 -0.2514777604638616 0.16226749044709743 -0.15799731319483326 0.18081607643792572 -0.3704316216487386 0.11314473429640616 -0.4207280958521043
0 16 -0.03802663208375283 0.053581282969742 0.103304167679709 0.06967466050615383 0.07132134504896463 -0.010138169447056361 0.05707186004389191 0.017374518343922254 0.022103581899637945 -4.705377463646636E-4
0 17 0.14005435218168483 -0.32161406655578256 0.13138995569378284 0.19073087390011711 -0.0230297752665458 -0.004305883533277425 -0.17978854781070705 0.28348019226664983 -0.2007976240325939 0.18192530157148828
0 18 -0.05263376685285724 0.056706004184887845 -0.02719233914809726 -0.048997969166200965 0.049721918353736995 -0.07827939027664925 0.07172681954507351 -0.058047221851691554 -0.037409844397965054 -0.04619190947453528
0 19 0.14752913325114486 -0.5964220610853701 0.07978560622996655 0.21986382476023653 -0.05744676312854989 0.17027606027297196 -0.3408080856452088 0.2451890434014219 -0.1881941774855099 0.3498853301647878
0 20 0.2252367361968647 -0.4441318037039441 0.1433248894731015 0.2826502494145195 -0.08899575010327102 0.15325287129624304 -0.24807779282595735 0.38293829761126263 -0.1513538153224178 0.41552810512844957
0 21 0.17429931379944777 -0.1666945199814907 0.14701147714276838 0.00955377330532243 0.0091984980459475 -0.022598578331826637 -0.09749647735634154 0.09503555644249631 -0.0914742951056796 0.19021666858366662
0 22 0.04001934706627453 -0.15838196191865112 -0.0048522612850842835 8.714607842646665E-4 -0.03709293482179766 0.10001661488551629 -0.06538953293982674 0.030162677098205762 -0.14899303253067475 0.03516060358366817
0 23 -0.02442229636621822 0.08096166450964848 -0.1216635774310281 -0.06697344317351163 -0.05966525260307598 0.011297265451191207 0.05403822503596806 -0.11309832154339676 9.723635123382992E-4 -0.132556866805362
0 24 -0.12977640659769502 0.022666937453978103 -0.06295156377342605 0.024074082311476383 0.007672722819036917 -0.038359083562444884 0.12794432774968778 -0.053035492962768674 0.021931170660345008 -0.13351370201382018
0 25 0.021223503298803414 -0.08010392144868353 -0.00791556974525904 -0.09716127092486444 -0.08733395599146627 0.043362222150318756 -0.13873458971624597 -0.041861146156686256 0.04208973832055814 -0.06506050647000916
0 26 -0.07096069438614545 0.03292208351619584 -0.006325979537279652 -0.006251183350541815 -0.02349753258190225 0.0839169316074166 0.058238908655280676 -0.047538861449051825 0.012854247818990637 -0.1578251517409383
0 27 0.03933154008362742 0.14359555700585241 -0.09353643995640487 -0.03218647462383933 0.10574269508795113 -0.09158402884185421 0.1663285336174367 -0.12259906085910484 -0.03837725830228426 -0.1948990494393641
0 28 -0.00540350885468805 0.07359943270694985 0.07510785740203045 0.0453853954605895 0.036047657183704826 0.10025428121102087 -0.024318371994298014 0.010300725715013701 -0.004747911824784263 -0.03934302248338727
0 29 -0.09716442986315382 -0.22713495586748456 -0.04148927433281007 0.04385140951110842 -0.007214492138363778 0.03770431854091694 -6.998025110182067E-4 0.015019912336049445 -0.05020196895314394 0.016979000627221567
0 30 -0.06146456248609131 0.13352747761191103 -0.10104781179797087 -0.08960652281107052 -0.03171652086833628 -0.09013791609104384 0.14264867897185732 -0.16105169658077736 0.05473342859616606 -0.2602285675370105 -0.46933801115982754
1 0 0.8426393802159141
1 1 -2.5689939878783314
1 2 0.45826695081582897
1 3 0.9310022140056641
1 4 -0.6427387176045958
1 5 0.3204177994674489
1 6 -1.5254967182740624
1 7 1.3822852436864541
1 8 -1.1081693131998713
1 9 1.5760665858620142
