## RankNet
## Epochs = 100
## No. of features = 30
## No. of hidden layers = 1
## Layer 1: 10 neurons
1 2 3 4 5 6 7 8 9 10 11 12 13 14 15 16 17 18 19 20 21 22 23 24 25 26 27 28 29 30
1
10
0 0 0.014185672522622837 -0.32606180714133937 -0.5647749870648344 -0.18225926516232302 0.13840044035811652 -0.05566995581124529 -0.7017206657990954 0.07399234974889399 -0.2666953287858572 9.228571201961244E-4
0 1 -0.12459358522164045 0.26907864328346087 0.4729983629939562 0.08040941257787929 -0.11355101807143779 -0.06330126115939254 0.4272942781605341 0.005172975938262399 0.19955782277501719 -0.10887208895407549
0 2 0.16569282394283955 -0.6650374312644645 -0.897497013676934 -0.12244634675977714 0.2251096888648386 -0.007345402158761911 -1.2339125213296562 -0.021784513362483375 -0.5781230750215557 0.20668963988233213
0 3 0.1402177191332747 -1.3794570221086193 -2.449217044892425 -0.511929536555549 0.428536598627666 0.14166229522572504 -2.949103159854242 -0.08391423807840649 -1.2829827859199674 0.33792917221722363
0 4 0.03264819883450548 -0.6228600072356703 -0.9023454323999422 -0.25645589103419825 0.2429872841836116 0.1548372802417731 -1.138142230357713 -0.06677442633153513 -0.37407130728683124 0.21600941411818575
0 5 -0.08478907197832665 -0.033501410075343734 -0.11807395636339596 0.023018158649087458 -0.0030702343208800806 0.09713456592959993 -0.17102237993985597 -0.0038014101915551705 -0.10344599195380216 0.09786817312461484
0 6 -0.07575945985931631 -0.07016498720018227 -0.21995792156104596 0.020079575996841383 0.023642327541768805 0.014338225910141954 -0.34402139901208867 -0.0697566632717368 -0.03860043476057784 0.05991972071308962
0 7 -0.027519602178709947 -0.2715978234122466 -0.6217898383094502 -0.13690285188389423 0.12529834409572316 0.04136138430411249 -0.5788741498829565 -0.08333583875492136 -0.323949208164109 0.0973433949122219
0 8 0.082833177924366 -0.4596590855689621 -0.7694189586185117 -0.11827399794658862 0.11484074736788316 0.024092999902440293 -0.7685516713111602 -0.10213471052442756 -0.3766752128974422 0.044915943468187225
0 9 0.11674241715016749 -0.12916694993470404 -0.42100368830353313 -0.14705598692456637 0.062142871238891666 0.0797547088682907 -0.37963212037264404 -0.05503492800490231 -0.2612123625573948 0.012448929346931944
0 10 0.05943096452961873 -0.24693264589587396 -0.48364511533194643 -0.02121335894445519 0.018273165389804835 -0.05653322951982603 -0.5981736087284286 0.07505251400954514 -0.2743353237446022 0.042283561374140785
0 11 0.10654090677333611 -0.16523295121465068 -0.37936674471492254 -0.10557974826838909 -0.010358413169792876 -0.030720506729108945 -0.5127553350608598 -0.021479422837301112 -0.263366882723976 -0.032274390271371495
0 12 0.06193639663974894 -0.03222228225450077 -0.050902547101815604 -0.0246609226411307 0.10013450466774329 0.05423019508996111 -0.15714098093883888 0.02095824324053728 -0.022725715204439518 0.06081251974065997
0 13 0.11058990216294137 -0.37291143352906214 -0.3684172733090807 -0.025329114352186405 0.06852870041061587 0.10277563848873407 -0.4968164978067772 -0.04971360026345753 -0.16967581366687023 0.025601353872377913
0 14 -0.09543890788235576 1.151745062274334 1.8457122643059403 0.43006729316361275 -0.40808070544607683 -0.1850256997658506 2.270437141387244 -0.0707679980741017 1.0605653324596427 -0.3379147158425405
0 15 -0.003364585658754692 0.28548690303630686 0.4080242743125724 0.15835742475769804 -0.14688595846092847 -0.08126647694622288 0.6071576994035343 -0.04273042973554832 0.20617207424814243 -0.02966170529598843
0 16 -0.03831107612955074 0.028726909210176493 -0.0026892932943727637 0.09481200827232568 0.03166199912410442 0.07600696958855942 -0.020032127517420582 -0.023624609546669135 -0.010670985342503797 0.09468472244324407
0 17 0.00779960046636274 -0.39279531224731645 -0.6460431980072657 -0.2113484237720567 0.05719311404324164 0.011595920013965448 -0.6756471067455782 -0.07296576669544617 -0.3652222540062922 0.10705665577195227
0 18 -0.09124698555361359 0.14589173815558473 0.1054256132407452 0.04394655991236082 -0.09900900702333351 0.07502638323101841 0.11811607518717673 0.05845723699055112 0.01309364549089708 -0.09371265086836661
0 19 0.10719667256501814 -0.5130428816278642 -0.8381926330458983 -0.1479750929309558 0.1331704182454554 0.1281053684150704 -1.0091418654498945 0.0886076670599227 -0.4003233995272177 0.049003618812342685
0 20 0.02581916528882463 -0.4274688068189327 -0.831643269141353 -0.112852593902747 0.18237158473249043 0.14182033288724138 -1.0093353849442086 0.0730675565536233 -0.3570726220740866 0.033142654500355195
0 21 0.10324986461182836 -0.26795762222929465 -0.44209169022939615 -0.09295924296325639 0.0408987569289218 0.008485627461155568 -0.5215304636850082 -0.08446741055916704 -0.1170016641883963 0.07517054545641143
0 22 -0.061430618760503 -0.2866969387527219 -0.34340523863607364 0.0013515163136622217 0.07738661977290696 0.09802445809943743 -0.38853683597026417 -0.026877620012929333 -0.1779823900845686 0.14480689409478711
0 23 0.07995264419708144 0.1437477896528113 0.2696229755608149 -0.053373752046837496 -0.08314493797774251 -0.003907059695517763 0.25044347252929894 -0.0027676204015984716 0.19349164506336924 -0.0011017446506014917
0 24 0.07946131234571382 0.05821251959010101 0.1414660957859714 -0.001140350717313438 0.028621329724903274 0.031188685439908867 0.10488031041806962 0.08003693463664964 0.06389495594040522 0.017891572525221923
0 25 0.05758236938081307 -0.2513596736245897 -0.32640707654929374 -0.08448205451741156 -0.01773272011988774 0.0077589919023372785 -0.5242580731261798 -0.006417359996199317 -0.11819348904523831 -0.030112334989253104
0 26 -0.03096784783810722 0.10356365815622663 0.06211602106532259 0.029522619352288535 0.04990832943818607 -0.10490877685200507 0.16076950438213536 0.05410062269515934 -0.04983646424015002 -0.08272378914763025
0 27 -0.011241036012634428 0.10435344554938286 0.2601492659719157 0.10970849509440811 -0.025414350463425776 -0.015551037029225372 0.29270229205866444 0.0630018385746621 0.07948710208673976 0.023539637715772565
0 28 0.003185368140090508 -0.049442348248584726 -0.07622397248606365 -0.011776452449148886 -0.03734258049645637 0.046730883812982654 -0.08969173152009244 -9.333980003124324E-4 0.022658765495865887 0.0952809331519519
0 29 0.04458762354828337 -0.15849882699363035 -0.42621992441054035 -0.06295925443903286 0.023743648092523325 0.015404407164671952 -0.5866783804404899 0.08668118185923646 -0.23960181440662962 0.12170237178524819
0 30 -0.0446970958276547 -0.13354680558258852 -0.1437939688993436 0.061194038532212246 -0.05465977808691099 -0.1012002360484706 -0.07042363274166526 -0.05919496102408652 -0.05545817229655044 0.025389547376411463 -0.17184135780729626
1 0 0.22856861486439903
1 1 -2.252180707493349
1 2 -3.3284738370787528
1 3 -0.900608061286269
1 4 0.732132802516675
1 5 0.2637134784746693
1 6 -3.8206634992719524
1 7 -0.10318211178307791
1 8 -2.012463445662312
1 9 0.5402926135865163
