## ListNet
## Epochs = 1500
## No. of features = 30
1 2 3 4 5 6 7 8 9 10 11 12 13 14 15 16 17 18 19 20 21 22 23 24 25 26 27 28 29 30
0
0 0 0.09401791160197058
0 1 0.08950150474266848
0 2 -0.03265517721095851
0 3 -0.09740270962387443
0 4 0.038516073476301316
0 5 -0.06077848783688799
0 6 -0.06847316056888782
0 7 -0.079362503389431
0 8 0.06424887825408966
0 9 0.03010070471982886
0 10 -0.07673719385770356
0 11 -0.048795066447396715
0 12 0.04450658417744111
0 13 0.05629511658128716
0 14 -0.04071015367501
0 15 0.01320461310029724
0 16 0.0019415353203167068
0 17 -0.05655183682544341
0 18 -0.008619472194448355
0 19 -0.06974825413210205
0 20 0.005679083887625306
0 21 -0.024938941227566618
0 22 0.04035226274803464
0 23 -0.0777736852729701
0 24 -0.033240791620972515
0 25 0.051975010810892765
0 26 -0.06721578081638023
0 27 -0.023603293912623155
0 28 0.016211755519571
0 29 -0.0993595300133468
0 30 0.014963066205382347
