## RankNet
## Epochs = 100
## No. of features = 30
## No. of hidden layers = 1
## Layer 1: 10 neurons
1 2 3 4 5 6 7 8 9 10 11 12 13 14 15 16 17 18 19 20 21 22 23 24 25 26 27 28 29 30
1
10
0 0 -0.05727110943481455 -0.008453274106413607 -0.4827347811457651 0.11786114371082361 -0.004165345494146231 0.3835751891831074 0.015350836749853276 -0.005916537760567774 -0.03368646047864969 0.12931799974716066
0 1 -0.059146902977907576 0.05751604493278632 0.2509007942818345 -0.16624060534872853 -0.009156395829464292 -0.2228778652682109 0.10703312072191076 0.07744272487181474 -0.004102453989274843 -0.06087962976421797
0 2 -0.012136479192983059 7.127172697478099E-4 -0.8568455199240468 0.19540582303807535 -0.018594588286617517 0.5741618032336145 -0.21289297634339485 -0.18218518346626936 -0.043194789707601884 5.919783324556442E-4
0 3 0.15468617137864338 -0.11597178901803482 -1.9035142834923098 0.4837362809396252 -0.1334539424598083 1.2227696274782232 -0.4225364911963196 -0.22773681696312081 0.04250392125561165 0.24143444482984322
0 4 0.14000415521527088 -0.13146000194200852 -0.8364923429866425 0.22954638604791117 0.03189208341541649 0.5384632514052321 -0.1238413958705717 -0.035919496393527574 0.0735957867726681 0.044317308890969895
0 5 -0.04855434515132391 9.920464535126496E-5 -0.043076824632623016 -0.05443152979871836 0.044435350372200054 0.05667411607889073 -0.11365084144056914 -0.08056026761226169 -0.03991552542870336 0.0343485005028482
0 6 0.02560172749375148 -0.0676070606780005 -0.2826764559669505 -0.028793344807547937 0.002087334958655274 0.2412374422927582 -0.007409612375609907 0.04221481555338463 0.06539801514079663 0.08003639062362938
0 7 0.12826636131484803 -0.012606569209496099 -0.5192825607241804 0.16146835588002986 0.0047826866705982084 0.27310039568721156 -0.03915907519785123 -0.13394908843857353 -0.03143224949243127 0.11276603736683839
0 8 0.13458866739822253 -0.01750740799911686 -0.5843123073726132 0.1420675278192698 -0.022265155784093583 0.43906384863222764 -0.1086347222216241 -0.07011678792670276 5.7416978422532054E-5 -0.02163378322084861
0 9 0.06244318581196585 -0.1015626863433675 -0.3676816497372919 0.04318670821598705 -0.10835739436077102 0.11229758851958686 -0.1521115880231325 -0.047200017139397775 -0.030018702832368606 -0.0629159804164524
0 10 0.09564372584963596 0.02134496651657281 -0.3519798137152042 0.1481437247528713 -0.009520655306982581 0.22455675467455855 -0.16710756500845636 0.03797342014949248 0.07753076374811473 0.1274395479654431
0 11 0.005450058832181719 0.027179794858157226 -0.16704647412441595 0.04314207657679283 0.07118932544311792 0.09045559527923559 0.05284452171624231 0.05122681356285931 -0.018915036956242224 -0.07395292257412954
0 12 0.09031695575847339 0.010343521668488053 -0.12066247325522597 0.008978307974619694 0.09612391220817344 0.017249603987556095 0.02064716817052823 -0.019822910297153565 0.04938030701754265 0.034658596717805606
0 13 -0.0033676004249159047 -0.060268379754372534 -0.3226160954715516 0.08517447897907408 -0.10013703650489784 0.35631564890398104 -0.10582804736660249 0.03149513750470134 -0.05800890836327963 -0.020613205013500547
0 14 -0.16346040643397233 0.18726186993438504 1.6529880528129812 -0.49042060646158825 -0.02788079612042684 -1.4126509211573033 0.2925030621775145 0.2240800565048334 -0.08741765441724325 -0.22449039105143637
0 15 -0.039160100356481646 0.0014610527668206708 0.3160096128523579 -0.17405394359033302 -0.0649582480477143 -0.34331964948256943 0.0634981871186095 -0.028921985620788307 -0.09539364630286075 0.0327320895036196
0 16 -0.07511076254144791 0.05399096592092096 0.005758816972277784 -0.009842002737633483 0.09386571254639313 0.009136879516123577 -4.363739026057107E-4 0.04957484110686511 -0.05345605626621959 -0.02737496467416398
0 17 0.13511226926789494 0.04747615766913448 -0.4672380185499726 0.08905658716613508 0.013973682021835418 0.3218269178956768 -0.1686985522647272 -0.019759606190880484 0.07352227224432216 0.12258933511767672
0 18 0.033036791685074375 -0.00994686219951544 0.11874639687718591 -0.0735099696314251 -0.07157451982516416 -0.16839568201579086 0.13376293850779283 -0.004853837813761544 0.03161115697697636 -0.0879192557235524
0 19 -0.00922592107270844 0.010901351603930513 -0.6677862552047036 0.09111385429499695 0.010437287361824955 0.4410156392787915 -0.11513404198661992 -0.10064129375057233 0.09874601183536308 -0.03619316383466711
0 20 -0.04025640525718066 -0.04810480010342129 -0.6082961866548531 0.15773582989648277 -0.028915960589783747 0.3593137954712339 -0.08296598634164014 0.0016080527462481523 0.005667914075354603 0.018401013547993363
0 21 0.030005828709286718 0.011898919624654954 -0.3008169106326738 0.017783889333940435 -0.011777545840711915 0.2580379361949071 -0.13757606185767365 -0.11978080904327264 -0.04243564888845684 -0.03491317294551435
0 22 3.3300619941394294E-4 -0.07196084914885542 -0.26379505700929956 0.15412430120676412 0.0020927482594005533 0.21918797072020996 0.02227636837231412 -0.008464351390348537 0.009120515127015932 0.06107566170625262
0 23 0.03974759274296511 0.1021212007386452 0.16269135243630536 -0.02071098803514159 0.030020265746427008 -0.19127564247912782 0.07957598636607571 0.10575952407226336 0.005797331883832493 0.03775566528118928
0 24 -0.002373031969337377 -0.0843245690473744 0.14232833894173114 -0.07055612871298718 0.06794595253357143 -0.12532066427923882 0.03952524530746902 -0.05579044648250787 0.03207869809078026 0.022791329933875944
0 25 -0.044661008830844534 -0.03155135108106745 -0.2737001980904327 0.029320108506596557 -0.0028293951910477334 -0.13336650605219633 -0.11420364877968439 0.056240695758026496 0.06790761205527357 8.519131906110094E-4
0 26 -0.012805548813093459 -0.06427386602318583 0.18465952719290615 -0.011489014449513127 0.06174251142582836 -0.16810321784204665 -0.036130450169144075 0.06411454542624827 -0.05691070498849463 0.07896797670084736
0 27 -0.06778222027365013 -0.009701742467678472 0.2658302179801703 -0.05484278450781191 -0.09152333646322366 -0.22318463344922712 0.08588527795663035 -0.047183103722960196 0.0029868480951043943 0.011509452764161052
0 28 -0.01333636764183063 -0.007457360004513042 0.08018538743365418 0.08083922705971401 -0.02867125248283009 -0.06443069937755469 -0.048784437178867456 0.059156355171978064 -0.07316992813058656 0.06650892920642335
0 29 -0.06595036412018618 0.007211475297577235 -0.3093419847890755 -0.034734816809943204 0.015121672569077482 0.04752719818279134 -0.06852031628829142 -0.02297272117800686 0.05146703104790499 0.09649217249838597
0 30 -0.06730576094932593 0.07014598372745469 -0.057576084649758365 -0.013641867433307505 -0.09151641842620889 -0.3601714441174505 -0.04443801232646804 0.06371399365465476 0.03419390110534893 -0.010949081365839127 -0.36656424984574504
1 0 0.16248138339048987
1 1 -0.35818882250353845
1 2 -2.9658032016608082
1 3 0.7570878121793111
1 4 -0.18273149262869462
1 5 2.222292503082716
1 6 -0.775179459890177
1 7 -0.501627586712603
1 8 -0.007079134145475207
1 9 0.21117469791986063
