## LambdaRank
## Epochs = 100
## No. of features = 30
## No. of hidden layers = 1
## Layer 1: 10 neurons
1 2 3 4 5 6 7 8 9 10 11 12 13 14 15 16 17 18 19 20 21 22 23 24 25 26 27 28 29 30
1
10
0 0 0.030823618503107653 -0.07275448197954706 0.07761975185209607 0.05289911896495511 0.06589368007373589 0.08941550989069923 -0.036296244747635945 0.007420881810932456 0.05691904192088392 0.09476577872002158
0 1 0.07263941119960805 0.09383782179610481 -0.08670334278252828 0.06543341235601371 -0.0278023706890752 0.03467458303088904 -0.00861413000200424 0.09372152031411761 -0.09139229699940736 0.04837879684909504
0 2 -0.08349013908325688 -0.005454710772428372 0.06262535539120734 0.010225700274877689 -0.07342159671261983 0.058362306146520236 -0.020090953051602144 0.08392902720679003 8.495233753622283E-4 -0.049834809279354304
0 3 0.06508839660210879 -0.012758702634753798 -0.015104759428736925 0.08019293889540884 0.07887516993621589 0.005952610162245728 0.0219402180510033 -0.046442181020765874 0.030697311017176116 0.09102364796663187
0 4 -0.0017031544461239125 0.035029483730104304 0.0966189841875162 0.06234175811006827 -0.06324809678524468 0.06328805497595504 -0.08029859023058399 0.054203416331203055 0.007452476600580151 0.025651924802225085
0 5 0.05851998075890649 -0.001468366467581056 -0.00812749298511797 -0.050083920335285144 -0.0645310488611884 0.050878805702689246 -0.0867969573451305 -0.06296571412666974 -0.06358826869985136 0.07908738044438615
0 6 0.021965181668652533 -0.07883869437512878 0.00750902171281915 -0.07374101898717768 0.026150600746913236 0.01913807340554692 -0.02886649908048798 -0.09883343275376977 0.028603588408277245 -0.061671391002304815
0 7 0.08960877908807052 0.0445614172712018 -0.019656439252937797 0.08237454475276279 -0.013126098310131649 -0.016751550647850118 0.05025881474506498 -0.040012926294607475 -0.010365405200102014 -0.07345271445834566
0 8 -0.03070425263555055 0.08886700112037085 -0.056171599367668384 -0.056474386764880855 0.03702181266279524 -0.08102547639361729 -0.08555252236264646 0.09978025107676178 0.02633950051018132 0.023108989524815587
0 9 0.05406381794585975 0.00991180199963077 0.038919774338564264 -0.03193084807746357 -0.06030333017003248 0.049270546834924475 -0.007156577167095983 -0.09712801003015646 -0.01638302956030707 -0.019575828955576795
0 10 -0.09595795575207769 -0.020044733928037305 0.05453871428401042 -0.07773051858855066 -0.0591445249319953 -0.06719218220333821 -0.07521195808088062 -0.07152997095696409 0.05014688285109153 -0.09135040095067054
0 11 0.06031714022440892 0.07213686143454888 -0.004860676805034298 0.03511791989591229 -0.043025890935505934 0.04226386128332136 0.004554962775524975 -0.03001037078247748 -0.0628850903597508 0.03643795055852763
0 12 -0.035238326349459 0.04361312893794885 0.03890307207792991 -0.07705488577900028 -0.08257880669498867 0.0065568284148082205 -0.06016961418337971 0.08802890432997591 0.04003824867721395 0.07416469390608296
0 13 -0.029564252561292245 0.09648801283170988 0.06362200019723806 -0.036568268573148655 0.09260470343546873 0.030929858201251256 -0.07452438299293457 -0.09367927675946225 -0.05505439900610178 -0.0570545892465931
0 14 -0.09776979130073726 0.05666040842394063 -0.014367815841780998 0.08961885545197201 -0.028201893624573256 0.015656891152975166 0.036755171811515934 -0.012031637174364394 0.026060473632656837 -0.04431974378908208
0 15 0.06643167427864774 -0.016196297065095518 0.08522125900538963 0.0688513674142362 -0.08501335214803443 -0.04843273364022875 0.05810366504675491 -0.04080442994841624 0.032319022313045155 0.007586170449970533
0 16 0.08861864426726584 0.09331238596642116 0.05605762440998558 -0.09956321195465408 -0.0842405729538714 -0.05334747439471059 0.08749768906693571 0.09210938127071726 0.05061258299556692 -0.0016869012225382005
0 17 0.02517877116112403 0.05266408579731115 -0.025223526256706923 -0.045468300139200515 -0.07193351391544275 -0.07440113380540828 0.0720536090812712 -0.07795516979345396 -0.07680654820091487 0.008688637588400359
0 18 -0.043401491098475325 0.04185107716875193 0.0481224166909276 0.04567817907121784 -0.062036809276459555 0.005921888841432567 -0.02287327344082563 0.0544174575895331 -0.07151957113320963 -0.004188523738939094
0 19 -0.02480494796326337 0.004972964654537618 -0.06572115974230192 0.036389558292852925 0.00933816636571045 -0.0661906626465489 0.03168973012030015 -0.06096453616289181 -0.05519362932409747 -0.03817124497892873
0 20 0.05237100064572838 0.05282494613154922 0.06710203265487397 -0.04485963689292841 -0.05100239561535612 0.09167952599095251 -0.044691173696946467 0.055224410122618174 0.014763457686199183 0.0850225415414001
0 21 -0.012816819090441777 0.05189906639396051 -0.09606392956746568 -0.09709487312214543 -0.023314550623603263 -0.08862763122842561 0.07763781071732939 -0.07455934480508745 -0.01585794043751356 0.0070886984323428335
0 22 -0.08326929291086174 0.012777707823328639 -0.06859884482606535 0.09270274947393284 -0.026660480611524887 -0.006021045827205437 -0.07896948327778386 0.05362994563955081 -0.03467690320246311 0.04573153773500455
0 23 -0.08579316618891697 -0.002238452004570741 0.09780028293984164 0.0440990384821463 -0.09924483748070881 -0.0074477894227768775 0.09507418500825249 -0.02933139610171169 -0.07945156755190112 -0.04299931169569391
0 24 -0.09244444930652805 -0.05437233280088899 -0.017149703510988896 -0.05447552663951965 -0.016208920943871365 -0.049970452306954405 -0.07310596257173523 -0.09546423792394886 0.006126943889798446 -0.08286568156729676
0 25 0.05388604655212472 -0.04545824036746456 -0.08155146066444202 0.07147174535913829 -0.06278246247849455 -0.05795356504649946 -0.08595832994541938 0.028657343832656373 -0.003477487266622399 -0.012023908982095079
0 26 0.03457646450958754 0.05873526926005989 -0.00905545264255051 -0.06545023770522229 0.05750297156498214 -0.044240223577428406 -0.037450004154758104 0.011839829868695825 -0.01792746990149953 0.09724580601664216
0 27 0.004890660688283741 0.05003146925109788 -0.08357554537205655 -0.03136964650475979 0.02314964491558694 0.05833024138595882 -0.05021370328844619 0.03991551648702504 0.07377413031389027 0.05702475157222511
0 28 0.045473445003527485 -0.025889531065595092 0.07343245785502776 -0.005747107877596358 -0.09041496735022571 -0.034845764730180265 -0.08400321347939069 0.05103220748000853 0.060936875251830086 0.09066452847657058
0 29 0.07672624873545615 -0.09186030961918007 -0.06876968623327698 -0.01696684484194714 -0.08560522879103398 0.07370662857969232 -0.0783387738863705 -0.056369495213173935 0.07515927797841795 -0.058257553241679576
0 30 0.049547101879061486 -0.08498564037780977 0.003747518769362898 -0.011297121731962581 -0.0011863720699535017 0.016344333304013293 0.09121704217552647 0.001989427657725036 -0.021450295276622688 -0.09341794010810198 -0.038808442652226174
1 0 -0.08554060757160178
1 1 -0.06644437462091424
1 2 -0.00420105457305907
1 3 0.04026330262422531
1 4 -0.011325592175125986
1 5 -0.07977733016013996
1 6 -0.08804097771644745
1 7 0.0998764112591743
1 8 0.004148107953369609
1 9 0.06452663242816983
