## LambdaRank
## Epochs = 100
## No. of features = 30
## No. of hidden layers = 1
## Layer 1: 10 neurons
1 2 3 4 5 6 7 8 9 10 11 12 13 14 15 16 17 18 19 20 21 22 23 24 25 26 27 28 29 30
1
10
0 0 -0.07650818787733732 -0.09566209172423407 0.03377002492196814 -0.014441512630800086 -0.08675146154331459 0.02223280131128248 -0.05225405715087009 -0.013750876053755495 -0.048507548255142655 0.07827600597966576
0 1 0.07551872072720596 -0.05717904858568026 0.06678885159277062 -0.014420273491229069 0.06231603453521915 0.059597850227657234 -0.05602494109153572 -0.037526797542335545 0.004481406957185269 0.07458628553028568
0 2 -0.05671319803518275 -0.035703689550894875 0.08598798754200646 0.04640142342957084 0.09634338542999578 0.016248300703326463 0.01674805114349191 -0.08679508999897002 0.01853229172716397 0.009885230547892929
0 3 -0.03695315205949918 -0.06214193511564225 -0.015036764780136387 -0.03375351551533386 0.08824422435236395 -0.025543934192865072 -0.011584205195276599 0.08750977358881129 -0.01702466005937083 0.0664792673944512
0 4 -0.0028856830471130387 0.07573852716047477 0.014173645835578251 0.07875675515884134 -0.08632910154742122 -0.012240257215358659 0.08432697832636661 -0.06645019385000334 -0.009341116120949362 -0.06396325542342989
0 5 0.016435177344598272 0.018865984325226202 -0.036470274048359126 0.0347126632290942 -0.04662545024687965 -0.08435771537959946 0.04049718187462866 -0.0718571810580738 -0.01080305277754265 -0.06403681221484149
0 6 0.03844600452059721 0.0036813511507921347 -0.036058542396482686 -0.030606690111125278 0.028557595409072913 -0.07950946723756805 0.05970330187246362 -0.045876532822309794 -0.02939883887815292 0.0891454833414004
0 7 -0.04791929887547803 0.01701263739891134 -0.0878825746061937 0.0853228220578448 0.05096299158634599 -0.08355887201091165 -0.0018063467397356945 -0.017923951043578884 0.05452626909346332 0.07156209883504668
0 8 0.09768146267111757 -0.01674538537308556 0.07783769025238908 -0.08651614026095715 0.014961983423603116 -0.02668161678848615 0.02426936872750075 -0.041818811199761254 -0.0746570784788584 0.007925058248114973
0 9 -0.013012030933464569 0.03586666458276343 -0.05150315230162303 -0.062360292556612934 -0.006013687499606486 0.09766299481139361 0.02654621133210853 -0.0369295262054176 0.09882560793521215 -0.017772731698540795
0 10 -0.07084295025785677 -0.0853643541059581 -0.061168020328556956 0.07004506530022828 0.09934556250692309 -0.0396336931406507 -0.09837816986318045 -0.007712216244318096 0.036091557189321014 -0.05499203760171292
0 11 -0.05217301542672214 0.08669946058437804 0.05872649963258593 -0.04331993162585824 0.07927209470310073 0.02945653377246906 -0.01565663111752296 0.0031752576357496963 -0.019944910495586915 0.0917591727537002
0 12 0.07059961610114984 0.08769254301626402 0.024697674313923536 -0.037893037102921925 -0.08920606711820618 -0.02556737862322763 0.0090695409760776 0.05975330770575498 0.06848261999921584 -0.025032221070334083
0 13 -0.09368904528905166 0.09863815555237995 0.006458223380381547 -0.045548218916455864 0.02388107049120915 0.04118243704586272 -0.02373226865184804 -0.018141699359291115 0.07480675197811422 -0.06457661144248115
0 14 0.07804399544284767 -0.031466779388164494 0.02319559414864434 4.7644847702675195E-4 -0.057567019521633185 0.07793525643261054 0.005160031338439501 0.07190579473431978 -0.09985895104964354 0.07166141079124508
0 15 0.08752805530478572 -0.03269926885182507 -0.059213138668698595 -0.008565664376271737 0.050264493190053744 -0.005416896279167376 -0.03746486977767554 0.03770162790897009 0.016079413697558043 -0.07048625407384487
0 16 0.09986870454087672 -0.052517022239647465 -0.06461033125477858 0.006178049245824902 0.022895138562841033 0.09085572820825183 -0.03816088753846115 0.017602043533195506 -0.056525794650230936 0.05338223896132305
0 17 -0.08003950648124031 -0.021123968155519632 -0.040865840849477655 -0.011654419615209135 0.045592245140607654 -0.07010437249743702 0.08561332223205484 -0.07870657819064934 -0.09129041014599362 -0.017548741949894295
0 18 -0.0058507882954702585 0.0581155121492159 0.0802264981772689 0.011747244886279568 -0.010806823005703289 0.0707562920188804 0.034950717838581696 -0.012231217097474996 -0.057437398677249986 0.0820553343951539
0 19 -0.03519246355279827 0.09497975040452185 -0.01387355669627451 -0.01751161412158645 0.08300823774360412 0.08829430573893864 0.02603636265671679 -0.059177025726692194 -0.05172055137555656 -0.04357681298330815
0 20 -0.044029281504243005 0.0616139695984953 -0.0958151226286148 -0.09901171030477264 -0.04521774326304545 0.012556752037364437 -0.020999970705248516 -0.038456463323099245 0.08436222085250242 0.08986570645003386
0 21 -0.006032585042231189 -0.08227056709562536 0.013489887511995686 0.034992796748671014 0.02374693007099632 0.07303379427401431 0.03985911891432796 -0.07065571617546593 0.02822660236797604 -0.03453762228683781
0 22 0.03136571830003605 0.03978428551478429 0.06567566252932636 0.08936446498719093 -0.03758701367704633 -0.032205885811755076 -0.01589372803488152 -0.01821300001813401 0.06730111185195026 0.09570406020409346
0 23 0.09228283998456831 -0.031231357734557437 -0.05172633540271075 0.09901914298487212 0.011112804538606615 -0.0010459134088323127 0.02764959577767434 0.02559259917539674 0.09079615222724428 0.07592649698887591
0 24 -0.0943491023566434 0.029053614085851723 0.0573204359247217 0.051596766235342637 -0.033866681970713734 -0.07403814103714669 -0.01289594400208153 -0.03063544748769831 0.03566601483089717 0.01934736136481063
0 25 -0.07125834317007991 0.03947510313654525 0.033378363855151034 0.0741172221763782 0.07625125866307894 -0.0050430531051025105 0.04352453147059374 -0.0726455202869346 0.09508793473317327 0.014390064186592793
0 26 0.09612537193864945 -0.06823276868848484 0.027648557792216037 0.09615499478053216 -0.05626120368019003 -0.0424774019291924 0.07271337715461065 0.06227712719380128 0.07370831472301595 -0.06304396419904355
0 27 0.07702411761019921 -0.04730663409572416 -0.029202852773690738 -0.09936517336117501 -0.02427644833553374 0.06325224029298807 -0.023790391002110584 -0.024100464393415833 0.034493024944837206 0.06676878585804887
0 28 0.01720706788952262 0.08603566865458215 -0.010554781982281299 -0.099189782480934 0.02505490750225806 0.03934338652460713 0.008626019613963148 0.01806957210024718 -0.0861357569382362 0.053334903914942444
0 29 -0.011277338390397 -0.08565819253585548 -0.036397598337263026 -0.007273733255633521 0.05015874746868509 0.018015616400121 0.06415326181530807 -0.09550142051528877 -0.06088258758456438 0.026463637501676438
0 30 -0.014369683059784309 0.05493842699272232 -0.013384665375474137 -0.06650337351578368 0.03513743514396951 -0.02925676735000878 -0.07673570813781914 0.014944139306127696 0.006740902461849477 0.08375844751987073 -0.06305424869060497
1 0 0.07636807858944009
1 1 -0.02968677319586282
1 2 0.04859337210655174
1 3 0.003666967153549171
1 4 0.07447728514671403
1 5 -0.02670421637594711
1 6 -0.014026701450347893
1 7 -0.014625132083892932
1 8 0.025370180606841736
1 9 -0.01395264826714993
