## ListNet
## Epochs = 1500
## No. of features = 30
1 2 3 4 5 6 7 8 9 10 11 12 13 14 15 16 17 18 19 20 21 22 23 24 25 26 27 28 29 30
0
0 0 0.09595268790377781
0 1 0.06637813564549835
0 2 0.032078827604226035
0 3 0.0410039717408229
0 4 -0.08638876649475774
0 5 -0.07965051103509455
0 6 -0.08219293028394566
0 7 0.03491117209816636
0 8 0.004226061721963723
0 9 0.0911046152911764
0 10 -0.039295897040928514
0 11 0.005499257520080823
0 12 0.0933568795631206
0 13 -0.058450842126397666
0 14 -0.08302250485830104
0 15 -0.02651629581289701
0 16 -0.016619151534995925
0 17 -0.050270389911743416
0 18 0.04018866918793572
0 19 -0.03960490312058809
0 20 -0.06083199617671234
0 21 -0.07105546231124175
0 22 -0.08197920777819208
0 23 0.08267754596872658
0 24 -0.009450090595746944
0 25 -0.08594177989201797
0 26 -0.005114231622172392
0 27 0.02434145026283281
0 28 0.08241183061729832
0 29 -0.06868244906874946
0 30 -0.09517872333526611
