## LambdaRank
## Epochs = 100
## No. of features = 30
## No. of hidden layers = 1
## Layer 1: 10 neurons
1 2 3 4 5 6 7 8 9 10 11 12 13 14 15 16 17 18 19 20 21 22 23 24 25 26 27 28 29 30
1
10
0 0 0.046340639894838366 0.07160911361972727 0.03553766402537515 -0.03853883966764222 0.053798166629786974 0.00872835994166574 -0.07045054560229407 0.043598114168176536 -0.04503246598715663 0.01987902255191795
0 1 -0.04609866776111809 0.07275803649587374 0.06845087252242354 0.07619758071429508 -0.07882030705881837 0.023694931638977672 0.019185896612618207 0.04069755121614747 -0.07284652452278761 -0.020398248204354118
0 2 0.05338380547233124 0.08309960496517173 -0.041472269716072936 0.05610464468477088 0.05812070780435754 0.03849980888170737 0.012532229728347267 0.09024109694845399 0.0524706897096621 0.087610296416089
0 3 0.057635249120356176 -0.049370303197600336 0.07162854779984755 0.022074103412656386 0.01803636014036165 0.02097531692248535 0.07637044265880288 -0.09348813420643536 0.0727786720980636 -0.07394791065376836
0 4 0.052518317154348466 -0.09894891264344952 0.07123890254962523 -0.05300019603232397 -0.07802545324902696 -0.07736047941830815 0.06024242722989604 0.01993821426896558 -0.08907634228996535 -0.03168464566225201
0 5 -0.026279755501685292 -0.016223239326149688 0.021695277180748353 0.08533313001918154 0.02955570476047465 -0.020429875597110812 -0.09255862598253531 -0.008016827475291362 -0.019408148990467427 0.06300738521869673
0 6 -0.05852171965591304 0.022069825637059927 -0.010359085020954499 0.03662173957277564 0.007604716791605046 -0.006210231228784432 0.04404006915862647 0.012556083937628788 -0.049596812445997014 -0.06979469468756258
0 7 0.07862828048341476 0.03183079059924575 0.012173610546870448 -0.061170703544972706 0.028770401035957946 0.09060338986036187 -0.09880055551011088 -0.007923981433527254 -0.025180116061879292 0.08055443971380932
0 8 0.03185426536640612 -0.06039332809347137 0.07530921868312511 0.07680090227618415 -0.08631028997469226 -0.024717181040555432 0.08442555025239383 0.08764219251623118 -0.021004879539059593 -0.025540093767404147
0 9 -0.039312506082424134 -0.09547397726522171 0.018238253960828038 0.03831206415186604 -0.0689404699148216 0.016795021366912816 0.08899808066313712 -0.05951692841742735 0.06351933590154536 0.011878935350454088
0 10 -0.027154877518834886 0.07118427336536128 0.08440615407539383 0.05002542558115235 -0.07047916853213525 -0.06338765043226478 0.09439280758823636 0.019139370123121745 -0.09583383507341763 0.04322293812018984
0 11 -0.013553130109970973 -0.030583325556608146 0.07016974352978513 0.05525371735918285 0.042467398926025496 0.02846664526090466 0.0857681740013288 0.07830047366826913 0.09718251368688471 0.05955613919149973
0 12 -0.031415927545502036 0.043598706177456405 0.06851470936949383 -0.09794508542543641 -0.08986974448432702 -0.04055225899692899 -0.05339216982556077 -0.04709602875637561 -0.006849176428861816 0.03696842458631343
0 13 -0.003761623425120942 0.06189507102194536 0.046488408148677905 -0.04354992160271216 -0.006899156639694865 0.0414662518928689 0.03291882391580672 -0.09447837300831614 -0.037910980841136775 0.04678444457275182
0 14 0.08093260964205647 -0.09945170286123269 -0.025447764623936078 -0.0846243436390969 -0.034471808147017356 0.04689541106596848 0.03242486279361788 -0.08502044288161575 0.06208939979226057 0.0012035539865592497
0 15 -0.08093310243757627 0.06842621750212918 0.012570410865682205 0.044364737079572884 -0.043443606849460206 0.06353863254680439 0.08965208475758628 0.0553842428519405 0.08477696673222183 0.09035131470067649
0 16 0.09181119776921547 -0.009720922105257017 0.06010182823467215 -0.06698638771336135 -0.05213050498575582 0.007195029005420831 0.06539604481238397 -0.03209826126750262 0.028428523798217975 0.002899144337711061
0 17 0.09593452475702109 0.0042553169645701446 -0.01726537266436127 -0.02729426136735873 0.08477970256251029 -0.010353414306947447 0.007891455826490224 0.02702843176135291 -0.08528482639496039 -0.026926131411242827
0 18 0.04909284452763723 -0.05082668734281854 0.012866726035512846 0.07300355678739778 0.08124038726806733 -0.030837273337805574 -0.07485181919737094 0.0789421105077849 -0.06037782083476292 0.08717233161166085
0 19 -0.011393183922005216 0.041236568132836694 0.022425978158381495 -0.08636650933457869 -0.011906650277066676 0.034803297121659464 0.04465844601284483 -0.043947992789908095 -0.08802971718375718 0.018309240247234227
0 20 -0.09952163520900519 -0.04991846658985801 0.068637617594682 -0.018083202060965014 -0.04972424483796121 -0.030549236361324356 -0.026090252099045537 -0.017036401566031912 -0.0970796263793414 -0.03324530722670156
0 21 -0.05505308033700968 -0.005941229085565047 -0.0829952093129728 0.03650389967631462 0.004920802295186375 -0.07798342493725881 0.03415577077731844 0.04183272218442008 0.008340477140572166 -0.06005635770853732
0 22 0.06284471990941624 0.0998580334703 0.05881299874864228 0.07744428482965945 0.058595769158209514 -0.05997084809335277 0.06431780093591577 0.04306454887289436 -0.054783017965555784 0.009637998183667522
0 23 -0.0436905978225498 -0.04930008215486982 -0.0162167830156985 -0.08694832082576699 -0.04313100953547977 0.008837667658081944 -0.059733773183372536 -0.009203807472792975 0.009714563892328013 -0.07000939660958783
0 24 0.029356588416869125 -0.05668487403663536 0.013571700133204507 -0.07390716509705557 0.03865234285281127 0.0945694204389199 0.09728217623020195 0.07917400776059716 0.024616904901678283 -0.09225113598961525
0 25 -0.008985203126752104 0.012777866358830681 0.09399260114958642 0.021793037102214374 -0.005216920817996721 -0.03598159478416533 -0.09850737832369093 -0.07884298977462355 0.012404285250331442 -0.032211115825873306
0 26 -0.042304748024185275 0.07063085960515117 -0.09886014405467283 -0.03492235957009192 -0.015990345115829214 -0.058715958037177225 0.03968361895547638 0.014070121266097432 0.04591461366109772 0.028243092106357115
0 27 0.05762562239235916 0.028608223731008568 -0.07183537399231787 -0.07746934334532922 0.07904525794117873 -0.03787217473442258 0.0915686073172974 -0.0877108250211485 -0.0781467220513062 -0.03340029376429144
0 28 -0.06514970411018052 -0.03852587524672037 0.07078652058776656 0.018466923834361344 0.030466470662766736 0.07781202770466775 0.08228751337027235 -0.01482805333564501 -0.06480773357032814 0.04451559169353179
0 29 -0.03580374388382843 -0.020524329917052223 0.019618023231492997 0.06729628905910047 0.09914398733782753 -0.07789649118109948 -0.06803372394643613 -0.031015281157537194 -0.08510902831241515 0.03647162392478716
0 30 -0.027479074708017415 0.05373353264604895 -0.054267683176341966 -0.06904831104590586 0.0519771247099007 -0.04455558753216157 0.09475254146107794 -0.04428209286885579 -7.711457031934198E-4 -0.09861216181538095 -0.010312253609299533
1 0 0.029067486524581597
1 1 0.01097557507455346
1 2 0.017449777573347085
1 3 0.010511929169297303
1 4 0.0779756233096114
1 5 -0.023147642612457008
1 6 0.06959645450115141
1 7 -0.03914891555905382
1 8 0.003676599357277137
1 9 0.029992472380399544
