## LambdaRank
## Epochs = 100
## No. of features = 30
## No. of hidden layers = 1
## Layer 1: 10 neurons
1 2 3 4 5 6 7 8 9 10 11 12 13 14 15 16 17 18 19 20 21 22 23 24 25 26 27 28 29 30
1
10
0 0 -0.06076212661316659 -0.07804666311152592 -0.004582383101515706 0.035215958752771975 -0.06507253863906862 0.0686809370253936 -0.030681439845428007 0.06735845910124168 0.05777309209227035 0.0010074036817495921
0 1 -0.010717290100984577 0.07992974236824227 -0.007896494632201332 -0.08580133542696941 -0.012641278812964524 -0.055216387107971165 0.01782628629137258 0.077738057217429 -0.0593310913649483 -0.07833767548315537
0 2 -0.02424981063441815 0.09878065464750485 0.08106764581172633 -0.009094930670789406 0.04116515633789486 -0.09781605685639744 0.025292731829668496 0.07343201558020501 -0.03711659993432412 0.06369270424656903
0 3 -0.07837306342303643 0.0560758522961687 -0.005173575734562841 0.07996129129381595 0.04871501777382478 -0.09084940157433165 -0.04088057752879717 0.007711033438526469 -0.034354446112352076 0.054381080029540736
0 4 -0.03552137291091182 -0.015247980976320305 0.020890429295461 0.07746410498629952 -0.09795224444233568 -0.08075022007550058 -0.056856451844842254 -0.0713553657564981 0.02121967076626204 0.0921035773981233
0 5 0.012808653344847933 -0.04640209390162389 -0.06094613062092917 -0.04693703836527987 -0.0641847070196753 0.08340555222721588 -0.023402424657502485 -0.0627172978034791 0.02146874728375656 0.07108659266425678
0 6 0.037626220395542705 -0.040448581557579584 -0.001086930553956739 0.07986889236380823 -0.05760871106324932 -0.025689669163250665 0.04732136439328602 0.08782607960292942 0.039734436190266106 -0.02805129301772454
0 7 0.009557776762298796 0.007943648417780398 0.0494148136126621 0.03262727337880066 0.03421036368788578 -0.09158359533030817 0.0777711312246795 0.04357479925956727 -0.05220324227780818 0.09950521042446449
0 8 0.09114046958982876 -0.049515483077585035 0.030235805105512756 -0.0384175773043387 -0.09230513670290103 0.0884761646242694 -0.007096595489634738 0.05719108814156165 0.050462298639393256 0.025366966839808512
0 9 -0.052882552804355575 0.08872549075600106 0.03609265589375682 0.015144228280871495 0.07924560818312858 -0.09648614237648266 -0.012068480297227391 -0.05168866488876002 -0.06645178100454958 -0.05691959892858342
0 10 -0.0461676039506952 0.037128916586834954 0.0033166335450532576 -0.07156049605169575 0.04616710099510202 0.014927640020880394 -0.005097044133543537 -0.04683582119302863 0.07110019336634454 -0.031347548432626264
0 11 -0.026457191646233866 0.026841827932596353 0.040397850706695236 -0.07195144184041062 0.09962379866349841 0.0915106755522945 -0.04185280240613688 0.027348230805732295 -0.09955704911474966 -0.056388269246369443
0 12 0.03988580160604812 -0.006036703834038564 -0.09155379313747959 -0.028441511111315255 -9.144284646490085E-4 0.09893119686814769 0.015562626242032923 -0.06240772460612994 0.07559608501551943 -0.04255397932295885
0 13 0.0419943841516774 0.07496879293812317 0.03137684404202987 -0.004248023554682772 0.07276879807613432 -0.04177775272646657 -0.08279388504375 -0.026995682319656815 -0.0687695449735031 0.08824242075857781
0 14 0.045607712458246984 0.036184571276408964 -0.051433462211406974 -0.04794457023326901 -0.03485627027280004 0.099165467542333 -0.07108662888752003 0.020058734816110955 0.028189011977654742 -0.08231023976996148
0 15 -0.030171961007292806 5.842726821515729E-4 0.04758222111910939 -0.015516087980707185 -0.02310168159741948 -0.008012987277123764 -0.04399246665379471 -0.006276748613030224 -0.08514336676568718 -0.04408028928835019
0 16 -0.02687002968312705 0.001822524493574319 0.045455142564490736 -0.05692271498781295 -0.05249886304629201 0.09750547870342217 0.04211817904780887 -0.07693196208593488 -0.06517265884795613 0.04074863311423499
0 17 -0.08868879694035912 -0.00300747012523413 0.09297904310736657 -0.05297123615361162 0.08032194600080156 -0.0017042374474227618 0.012014447967793095 0.0229195483071492 0.0858167958753013 -0.0687168078996404
0 18 -0.028114015027746353 0.08728997107007745 -0.004769138806366219 0.07008808239611312 -0.07094526758110506 0.018387916811240572 -0.057008231497290236 0.046815277465348706 -0.06283135782353678 -0.0863551280069711
0 19 -0.03565989769225874 -0.019651244852560666 -0.09920539650326304 0.048567320907170676 -0.07587855662586215 0.07198708130677864 -0.07672682709366503 -0.04726863226281989 -0.08437201113163803 -0.02870977372489847
0 20 0.013661979021353667 0.06187730945573639 -0.029222890861352324 0.0698417527051282 0.0339904612070702 -0.07334918712268855 0.011788803912881864 0.03639128107646199 0.02814071419415455 -0.04515698825022708
0 21 0.029312670705773456 0.09223329666699481 0.06163693517373552 0.015386173025248744 -0.09015133534593787 -0.0022212076767187928 -0.07521017614415042 -0.025033826876921798 -0.061432350571260015 -0.07596831735685658
0 22 0.009266122042840781 -0.07802023543644022 0.013527169603147367 0.004347666699768485 0.08912129120564025 0.039326468838158005 -0.07522375127321514 -0.08621859781372335 0.029992776965384244 0.03233802879397877
0 23 0.028045435315440636 3.973805450321407E-4 0.05166668536820865 0.08355057602607187 -0.05225498113207605 -0.03152166076855335 0.04888113884379363 0.004161792404968985 -0.07737596197724624 0.09786294098773059
0 24 -0.028267864093556857 0.06323335851563051 -0.010155166384027666 0.059675073235995905 -0.004154663882217847 0.029012940042432933 0.08427600753453662 0.01157729272956135 -0.045761349705383696 -0.005918391071830057
0 25 -0.022839680088781053 0.07408175615444251 0.08066190951200823 -0.09146247551974855 -0.013758595459595725 -0.003150912672404579 -0.08957924919757279 -0.014045056358323742 -0.06944019339004483 0.02969213541301583
0 26 -0.0712916002165762 0.09208163340677754 0.08894367816271942 -0.02889186130420987 0.020685801649944508 0.06387123285528125 0.040252961840243184 -0.09300336264458493 -0.032380240665530455 0.010597646877245195
0 27 -0.054611125410969304 0.04351505457918905 0.04253552415956898 -0.07822758595076877 -0.06368402638515624 0.08411907769178072 -0.022610508762471837 0.05446585815914357 0.009975819127602429 -0.03458046500058027
0 28 0.06513292147998179 0.032372769000695946 -0.0316064099708083 0.028577983671071006 -0.03911008254123904 0.013957015108485026 -0.05580677977989785 0.08569547083028184 -0.04778834832125776 -0.06882782505030172
0 29 -0.03513051056349742 0.08669155192092043 -0.0909384230800161 -0.06473798215545559 0.0268166215226647 0.0926391590108987 -0.019906827649264856 0.028928200946033857 -0.043325187468796746 0.04481180259795691
0 30 0.03448070321229396 -0.09965530763742671 0.015025872697896337 0.041807845784450084 0.09065865398076893 -0.019932186779104015 0.05285033844872481 0.04130011615163897 -0.08395147841247039 -0.08817480563150243 -0.04967001080512976
1 0 0.0740012228488925
1 1 -0.0848897546529772
1 2 -0.004933702759444711
1 3 -0.08091601729393003
1 4 0.006808727979660033
1 5 0.02943150326609607
1 6 -0.08052153140306516
1 7 0.0769208222627632
1 8 -0.037040621042252024
1 9 0.08166845142841483
