## RankNet
## Epochs = 100
## No. of features = 30
## No. of hidden layers = 1
## Layer 1: 10 neurons
1 2 3 4 5 6 7 8 9 10 11 12 13 14 15 16 17 18 19 20 21 22 23 24 25 26 27 28 29 30
1
10
0 0 0.1374890329686964 -0.5244425348977727 -0.3749642278169594 -0.08492516897745511 0.22656959268369747 -0.26651516895825983 0.009161292817876275 -0.11226628340858959 -0.016360578435626816 -0.15966946269125026
0 1 -0.14425102813716179 0.3521939710885279 0.2943719670520346 0.10431245126873305 -0.1625414699513176 0.19425949989321944 -0.07227829410228041 0.08868839978534918 -0.0040113153126548045 0.11523910693599287
0 2 0.17729670286025476 -0.6737640839149935 -0.5612644885254165 -0.36810720795281665 0.5469686137636666 -0.5275924498600713 0.0500675955184196 -0.08681013136608144 -0.10742610339315858 -0.24147939717281058
0 3 0.6447672513942445 -1.9231632513165864 -1.605931943340892 -0.758223788135997 1.3631999507013912 -1.3333877882705705 -0.06064042192486918 -0.12440874499717222 -0.5577932713837861 -0.49929807460223224
0 4 0.12429187520479057 -0.6954796375544591 -0.6203925604640355 -0.3547690255292121 0.5651543201468453 -0.5031175139067742 -0.03972366682598728 -0.14778787941926733 -0.211806608463999 -0.19514509318110088
0 5 0.0016508796447835628 -0.19937695533817004 -0.11679938253204888 -0.14644836499222888 0.0476111021074707 -0.16948618172049223 0.09519213710950845 0.039673922500087444 -0.039739952757917016 -0.08936635810472153
0 6 0.09599219479143993 -0.23811492067322224 -0.20940266467788013 -0.03390278140377324 0.11772928827917807 -0.21145196852744924 0.07424437339166336 -0.04061447166334346 0.020107214922772346 -0.0242006340433428
0 7 0.16090293717003482 -0.5052403417665965 -0.3901099615223789 -0.1744446798749019 0.31706215167620944 -0.26314401162935047 -0.09412064255181292 -0.04139664724509799 -0.04015970613878162 -0.2077364772589102
0 8 0.1858744326372813 -0.5521052096207021 -0.3410542092297105 -0.18127719254209376 0.39320608298559023 -0.2969067386742219 0.006985658135019909 -0.0968676325771762 -0.11772139582051763 -0.14474623123956978
0 9 0.09800333771325728 -0.32530916844392216 -0.1546090251079835 -0.01732929797784095 0.27091756878781015 -0.10496994515240148 -0.06714554288202922 -0.0035780212729137934 -0.1487380301215033 0.01476006453844123
0 10 0.0977396615480407 -0.34293749112658733 -0.3655069018946766 -0.17259211734349836 0.2601013735450201 -0.15661106397793614 -0.01646946102163383 -0.08533804034710417 -0.029844498999766635 -0.025474528182499304
0 11 0.05823658451742444 -0.3243096702194838 -0.1724269736802083 -0.20728604337557402 0.2282546056084895 -0.14164906493339102 0.028517743181204754 0.04971559906521406 -0.11110208898979473 -0.09927303428521583
0 12 -0.052221844675555226 -0.07189071017378557 -0.11256279260974414 -0.06078538426313847 -0.008140618175531618 -0.08463964956520442 0.0725004078879166 -0.04541964100365132 -0.0917257969955367 -0.083653253429551
0 13 0.13136468152675557 -0.47102587411104613 -0.40949641597882935 -0.1423486732905526 0.3719804723433129 -0.24353452880410717 0.02522024738518729 -0.08752983056064051 -0.12382879151031705 -0.040612109769975056
0 14 -0.6650032315538907 1.6037730181962084 1.299354242059092 0.6190492316721413 -1.3974380165506937 0.9945751515053445 0.028527799685303713 0.08807611249181926 0.47612644208409544 0.5407506646770391
0 15 -0.18167897409533854 0.49520290534505984 0.24410165744364457 0.2545355775346971 -0.3947004975778502 0.3250538700719484 -0.04499415467921241 0.09143828765423256 0.19923882793054568 0.0579535296789309
0 16 -0.060617254327213946 -0.03600056829247682 -0.0715000595738745 -0.04914224792485078 -0.01789005699900789 -0.05937101978335487 -0.0631597325323697 0.027647553107705246 -0.07650083576856931 0.05187771108430496
0 17 0.12623027255515232 -0.465691092367133 -0.3307517551565478 -0.18781771447032347 0.34958552639281054 -0.18381517430840869 -0.08403535694624284 0.02670582020449597 -0.13199128801181723 -0.13487792020097467
0 18 -0.09751933413114956 0.12406944645860492 0.20379790338778922 0.13694056543909439 -0.23258708509789622 0.2014947096166157 -0.017156846200062147 -0.07061598729694246 -0.034176554413354085 0.00499947001961942
0 19 0.1630288230223292 -0.7199610566822664 -0.4415318588213887 -0.3091286936992906 0.3486968992291314 -0.5133554993394045 -0.03399380057877642 -0.055367920239026085 -0.11870430775085616 -0.23021876646760203
0 20 0.21786819990707165 -0.5656113850300075 -0.4642004404287262 -0.2848571712645775 0.47783075773269035 -0.302993940237269 -0.052253481244214514 0.02828672358965263 -0.2035907130422013 -0.20943596966401049
0 21 0.03226973090463583 -0.2961322227839601 -0.1935603340530263 -0.21177696537404414 0.2707682706708817 -0.18793176691188956 -0.02029238552336268 -0.07998099774292178 -0.17387464334185437 -0.1381455705862758
0 22 0.16611080911924278 -0.30330871609430515 -0.2530753884581623 -0.08045357343639152 0.07428916582794226 -0.25117794042626607 -0.01755805380720138 -0.07659233563878783 0.03720792817661673 0.010087064989498528
0 23 -0.1537116366621576 0.2803787321392957 0.2038686978025502 0.033113114019936 -0.24539813458166362 0.22463783926164954 -0.06395911392650705 0.11379088747540368 -0.03919044844724174 0.004294205066635898
0 24 -0.006782171695314181 0.18111336337462067 0.15560906826291143 0.09597569095592563 -0.1962367758903139 0.08788426148759719 -0.05565970753211139 -0.0837809795340986 -0.051232539401748885 -0.03578804221178981
0 25 0.10263427507948632 -0.387838350101246 -0.2811462031162307 -0.0912302928736032 0.03545634704688303 -0.17404795645748333 0.029237965104526024 0.07768014510774643 -0.0722438962476522 -0.025875490467176528
0 26 -0.11908553037863548 0.12537651104686975 0.02349380345588428 0.09319166918571799 -0.12764514337065241 -0.04545501703196644 0.009157400005457854 -0.0882560037676102 0.11014780783920604 0.07159143207371985
0 27 -0.01272946595966275 0.24428022802909932 0.08427621578062847 0.00987571667004633 -0.09405613255739849 0.1445107160907962 -0.09996718135459087 -0.041859997968094455 0.11558085451708103 0.11152825951820965
0 28 -0.05980206312518359 -0.09427000329960233 -0.10408860327264041 0.09250965604488148 0.10437565099187525 0.0011345963418779807 -0.047845749980893304 -0.08350748790871422 -0.10082901017816553 0.030337851506055127
0 29 0.033209040891512116 -0.3550146492515589 -0.24138876628277245 -0.014647114895582368 -0.10568911865432827 -0.25533515611847607 0.0363694965482376 -0.10592536869683594 -0.07886764703414133 -0.12267964905566141
0 30 -0.11728097572707886 -0.09482017630354143 0.017342332834728514 -0.011622928233254202 -0.17430960159912873 -0.06652992938768394 0.09008825052871831 0.09137449598642268 -0.011320591749925774 0.03146817304928172 -0.2550745279168959
1 0 1.0332518258115646
1 1 -2.9102653921540984
1 2 -2.460236669900338
1 3 -1.3728081806369232
1 4 2.321244062550469
1 5 -2.0431229217783358
1 6 -0.13228518358254174
1 7 -0.3481314747904
1 8 -0.9377809372754522
1 9 -1.0068758309935162
