## RankNet
## Epochs = 100
## No. of features = 30
## No. of hidden layers = 1
## Layer 1: 10 neurons
1 2 3 4 5 6 7 8 9 10 11 12 13 14 15 16 17 18 19 20 21 22 23 24 25 26 27 28 29 30
1
10
0 0 0.2282081234362461 -0.1624206309454781 0.21888379889888823 -0.28726927623129817 -0.23893861674886668 -0.314905649182223 -0.29637486968738763 0.15862570026531603 -0.07297329789879282 0.1792433668644489
0 1 -0.05969878360880282 0.12199405189114783 -0.04463446396014602 0.2552376967331682 0.2622516272898716 0.0917401534127254 0.2308293987433005 -0.11491094867066072 -0.09466874417861712 -0.08239143545138776
0 2 0.16364349440222858 -0.4593689844236631 0.3982767385770842 -0.36415285613005366 -0.38800284625908155 -0.4825281000639634 -0.5680986927052101 0.4030324422810318 -0.022750532015832 0.20163782263166075
0 3 0.679475174225238 -0.9474006006991892 0.8404784617000159 -1.0636956397158646 -1.2776781622372035 -1.2815762514305293 -1.229162935857577 0.7158953698375599 0.1995474553093043 0.6112787984802288
0 4 0.23545827348518214 -0.37201056282609984 0.35905251390613346 -0.360023680696009 -0.34558318406890975 -0.49778909880177263 -0.5616806581476947 0.3589993655305146 -0.033834200515505335 0.23011572830919866
0 5 -0.011950960780485837 -0.019221839683342953 0.06655902433871141 -0.0811561751163918 -0.004338383283215474 -0.045651047364607567 -0.13151231197105456 0.06148337980715109 0.07307425635948052 0.11024226648797307
0 6 0.14131203719645172 -0.032435139453230115 5.980761353938812E-4 -0.20203820935361055 -0.11370295898991778 -0.09713034737531445 -0.1821408598749545 0.15785694163527908 0.048155528373675885 0.0185949393822105
0 7 0.1320008106249058 -0.24011450536075965 0.08852956351535633 -0.33815806483883354 -0.2391486530218136 -0.30897765683053924 -0.26849378250064915 0.1840659088179357 -0.0156286358906955 0.21780595802827826
0 8 0.2517223747496829 -0.3142884425583449 0.21049903488662547 -0.3568908432091568 -0.3313849415626204 -0.33805758862147123 -0.3776715092071998 0.31353603339279296 0.08811674774914507 0.20074718720219253
0 9 0.10004453632810334 -0.04194964140135747 0.04623444303048572 -0.17478863790631335 -0.06774271852612794 -0.24939433400242245 -0.2485068665459149 0.012684337194546093 0.043266784112456554 0.16486253593133482
0 10 0.20306336624011534 -0.1422592383071068 0.06752264040929222 -0.24042742622130325 -0.3007357061876372 -0.24973100153341177 -0.2947468310216953 0.11923666380220982 -0.08093472815337988 0.13236786802328837
0 11 0.10749724300544532 -0.12060843400507734 0.11780800890517418 -0.20331639464499987 -0.21250096081806785 -0.1596862402469906 -0.1153217681891824 0.13560937273623086 -0.041388340910687875 0.039830150535679086
0 12 0.06803478679682426 0.07424922621458876 -0.05932873162719503 0.008917188537639483 0.03245906101786539 -0.03659549806922521 0.048735294077633065 -0.017252824399922057 -0.07151507640500851 -0.03291697220567874
0 13 0.12148662560901206 -0.2632652610044862 0.09000094337242713 -0.23010608078603031 -0.30578397185303585 -0.3008044837357004 -0.3393791438085834 0.10295495129455699 -0.014418180503489761 0.21009793324535755
0 14 -0.6312266815053137 0.8767670825545181 -0.6638377489588614 1.0167181059998378 1.076724477564795 1.128125474868407 1.1850353109609204 -0.8634006329979603 -0.08262992549333568 -0.6585331412795405
0 15 -0.1414049353400517 0.13954238047389433 -0.2816837155095608 0.28617939087031025 0.24136438228697127 0.3263303160778267 0.1889403762849255 -0.31731160239689316 0.05138018238673536 -0.24422042471370117
0 16 -0.09297204419666244 0.09438708618384156 -0.041361665708866804 0.051466875543938674 0.07557449142746547 -0.09473333172780134 -0.04604202206570622 -0.10040381585974999 0.0661093535506021 -0.019341312347794567
0 17 0.08809779996253654 -0.2056802789841331 0.26794712011595356 -0.22505723395334265 -0.19877097163181687 -0.2926525895796347 -0.24914068400545253 0.14285529765652785 0.03089209797897584 0.2031716911746855
0 18 -0.06453950407421574 -0.0021489255622198903 -0.15797385884770493 0.14184159568859467 0.008537358580496153 -0.025080379348923883 0.027365135941423018 -0.07601575603764316 0.07906737701235325 0.002234811984229824
0 19 0.1398976792407074 -0.38482180906186514 0.16939011615992414 -0.46536429388601536 -0.43863944169079594 -0.45126687310134067 -0.5022650692237781 0.3166918544398223 0.11839436506431078 0.1322842118407959
0 20 0.19097918046260615 -0.34435963640618295 0.23029914595466192 -0.3684921436768036 -0.41271924697588613 -0.3282022284423671 -0.52871043380186 0.344516280797549 0.027536557616346286 0.24807999926217975
0 21 0.18030840573043658 -0.12696156789884394 0.033748625018863686 -0.2788754621083996 -0.2474587809218368 -0.1736524596411268 -0.12417520390859879 0.0625294259882581 0.07153564486391437 0.09060072634524556
0 22 0.12803206728863364 -0.2005747069550281 0.060260042323816765 -0.12178161689155748 -0.12937318179818333 -0.1051662857239509 -0.082700681615313 0.13824152714004573 0.03635912981657831 -0.0017502134482105642
0 23 -0.11589157747905234 0.2031430706574898 -0.12715496551709735 0.19734094882949343 0.1729761506912774 0.23613290111614163 0.16039246868214763 -0.16902323082626444 -0.08016179322202883 -0.0689563381211266
0 24 -0.1276574001082155 0.03710067776391459 -0.08269740604205417 0.021790063245956864 0.20658764906356525 0.16175249153086596 0.07977373077466383 0.003421444743307372 -2.3532223152716676E-4 -0.07360219011539394
0 25 0.07482618329972622 -0.18462975548974747 0.08100565382863505 -0.26805568194119705 -0.25317055835160684 -0.2431470001148614 -0.3289019008313057 -0.03240251440810306 -0.08446045110124238 0.087352646068769
0 26 0.04382859197096636 0.019461797634641884 -0.13893413794548232 0.1385701920602766 0.0898838544247336 0.11755075501441774 -0.031026207490057914 -0.1281379048650614 -0.018235584924373955 -0.11187433080435033
0 27 -0.09989234541558291 0.07386770580482528 -0.1544022962210356 0.05358059503548029 0.16525975433463008 0.19371162520391141 0.178908249574093 0.01111876791990537 0.07075398200022416 -0.071706460090017
0 28 -0.0028227984439581633 0.06022149324417114 -0.07595710456371307 -0.03456858918070793 0.012287408113479614 0.05268539860844612 0.08633358776569366 0.06652259826660156 0.050316035747528076 -0.06840372085571289
0 29 0.05225984006675711 -0.14894065358279973 0.006732933367821424 -0.04724823392879041 -0.17632767025906665 -0.08882576323851486 -0.0910725346318676 0.07829412331551523 -0.06200161267307928 0.041028447357890616
0 30 -0.20159665205393065 0.10157572311382819 -0.167968710616583 0.011034522894542218 -0.059229726376401545 0.0963711839544537 0.08539004638067639 -0.21425640840932314 0.0247831631333087 -0.01801227253333872 -0.38051172964119073
1 0 1.0434234315353799
1 1 -1.7278398743986398
1 2 1.242077450391731
1 3 -1.97482682505122
1 4 -2.037632747293261
1 5 -2.194634047734228
1 6 -2.231339974942623
1 7 1.3497735710086398
1 8 0.06645267713705666
1 9 1.0297291229526941
