## LambdaRank
## Epochs = 100
## No. of features = 30
## No. of hidden layers = 1
## Layer 1: 10 neurons
1 2 3 4 5 6 7 8 9 10 11 12 13 14 15 16 17 18 19 20 21 22 23 24 25 26 27 28 29 30
1
10
0 0 -0.0610124372315061 -0.006444324913167136 0.035152226036764024 -0.0012481025511266713 -0.08016879145722976 0.010472674977306628 -0.07293558017977683 0.07702017914569831 0.07285473849072359 -0.08057594123582477
0 1 0.027556701982271278 0.019769459514343335 0.09328187718614224 -0.027140428469854393 -0.07516014341854507 0.06657958524405701 -0.027023676866303314 -0.0366435660394398 0.009778389569763226 -0.013481521144994636
0 2 -0.022929742051772645 0.014189618301292997 0.0964924236522739 0.028943498447655834 -0.05735931511499971 0.04903011200818685 0.081495184988363 -0.031946719820677906 -0.07389986226339758 0.07589985850478743
0 3 -0.014167877560538262 -0.08867140532136875 0.09458569673370319 -0.002489190296326843 0.009317016642710266 0.01192532342917945 0.01724124022442516 0.0610422573120507 -0.0672412944750315 -0.018517684284432196
0 4 0.09681210558446977 -0.02163599000983075 0.0718193833233294 -0.010212112583610563 0.06049117105943561 0.07219401373054185 -0.009609644158787843 -0.09809543302454359 0.018098634932975505 -0.032034095886417834
0 5 -0.08598847591384548 -0.07994965489142868 -0.014110104307602065 -0.015079282128848 -0.06710736096402403 -0.016098969698905154 -0.011481277921946014 -2.9911018815735856E-4 -0.0429519744287657 -0.021672471977244687
0 6 0.010879275531530072 0.09868408197052975 -0.08922929247620057 0.008246925592199321 0.08647745277690286 0.028444001360400074 0.004061317070763402 -0.06296132200718234 -0.06291916696785321 -0.02306040037135213
0 7 0.00918266111981097 -0.04896699750761462 -0.0671712474653931 -4.6299069902794624E-4 0.0347852708798195 -0.04753585547845291 -0.06363564589608492 -0.015776694812397296 0.05205755900003644 -0.03912125538594403
0 8 -0.021430510317080688 0.005202231248170275 0.0782520751084226 -0.0385488261636232 0.06816915434779033 -0.0035052313424330747 0.05538416691844172 -0.057437972580433455 0.05706388255150124 0.08449707825142438
0 9 0.09528258235497247 -0.06634775311241854 -0.010319455948793589 -0.02996307860282856 0.09174310324889616 -0.06827394278696557 -0.005473896977960876 0.08008907132163397 -0.023086617707575804 -0.07557286494807731
0 10 -0.03941712347824972 -0.056662187933621204 -0.007720432681114845 0.003115335697543449 0.03867915912260761 0.07842450964357081 -0.02931859561802225 0.051824307206029006 -0.08512122191247208 0.007740905164195222
0 11 -0.01860265112189661 0.05873833746158231 -0.09023349284012451 0.07712193135349026 -0.06372384334782455 0.03293537474171788 -0.08348194917138693 0.045124203687227596 -0.0235569189820446 -0.07906746303923735
0 12 -0.07587760162338372 -0.021711488182981676 0.03396726605466121 0.03495084028139117 0.0223458355381778 0.08544986083608754 0.0304067138292036 0.013933926547984423 0.03463245404535728 0.08680104236871262
0 13 0.05807528189273539 0.04776691861011822 0.08942773773440608 0.09510374690510687 -0.004648486148981362 -0.07182811526749312 0.035893308118878496 2.810056598606011E-4 0.06996088398083478 0.08071630763176313
0 14 -0.031225023810549642 -0.02456023466480924 0.08215350889087211 0.00944071052227704 -0.023376837750861027 0.03443398346305391 -0.08030745617190886 -0.06300651875832576 0.05590402233967434 -0.06848149777838199
0 15 -0.009947047213407997 0.02555836726633328 0.0915648811255625 -0.01283420441445235 -0.019650914095287242 -0.02915994796749939 0.03845287899642214 0.06285251953508346 -0.004549768343477604 0.05181982578925744
0 16 0.01534077986370023 0.006801843245765713 0.015597430436187859 0.04453250668255675 0.01125350867855341 0.05548784027907901 -0.04233421399934339 0.05799711451837409 -0.07854394069716295 -0.020274281422270186
0 17 0.08117420974131226 -0.05096218100216746 -0.04827047314181421 0.011218298438077619 0.02135695346379035 0.014315501324076222 -0.07212138106316977 0.08692977805931891 -0.016258147144426274 0.03766750147370736
0 18 0.07608279218946877 0.03814630119107881 -0.05912375662315378 -0.07846421981678504 -0.0576454396147555 -0.0283796096938222 0.04902654036488964 0.06744846426504074 0.0700881138617683 -0.046200444308181945
0 19 -0.015596649931142053 -0.09957832517021556 -0.016656641694459216 -0.04711006949347637 0.06919550394749956 0.013176947095313318 -0.018554544109679147 -0.07438078069002677 -0.05632612007065235 -0.05760107692708391
0 20 -0.03212945060893883 -0.053534922422738516 0.030731982154767783 -0.08500272039515189 -0.06372148163361877 -0.0481400297872746 0.09451524903112771 0.07926453600838353 0.07187070041236784 -0.05009757422060788
0 21 0.02468431165789189 -0.05271561659196945 -0.051969145487861475 0.052854457206167084 0.0770009074262473 0.09958141662970063 -0.07039625572655121 0.022083007262467712 -0.05042331068695689 -0.09409143329695072
0 22 0.05223356850601875 -0.03522219357173251 -0.0034475204259281815 -0.060651668113141835 0.02949295966007573 -0.008554258760501693 -0.036449204343096196 -0.02369094986203453 -0.02527529193095633 -0.06847811465174969
0 23 0.09306173120034154 0.06559307656489566 -0.0833397869503098 -0.052293783629073866 -0.08796064677506314 -0.08254325296399163 -0.052286751722027715 -0.04302024574832398 -0.03848575690879275 0.03018705016246176
0 24 -0.09887011148802072 -0.05263827976230084 -0.06312395860080457 0.09364548620148949 -0.055940499732459924 -0.06865805677826109 0.011202109550408663 -0.09976911445147767 -0.007064225464043767 -0.06998610331224846
0 25 0.004966547329679461 -0.01339606419157952 -0.07212661526973917 0.09981226015359228 -0.007960302320570264 -0.024000772761670966 0.08592519426347738 -0.05582266471604323 0.08100104752330872 0.034026651499818705
0 26 0.055437649062498574 0.02022341927418791 -0.052537578469900724 0.0068713745490827415 -0.04059811911378096 -0.007178735988047018 -0.007032083306450276 -0.017172735300202028 -0.02704765274070497 -0.04779932645068185
0 27 0.09267035633838223 0.07522503874249234 0.05199171965721784 0.06898480767412722 0.05808968292297927 -0.06349336953442665 -0.09738621406050424 -0.04706486270912973 -0.05604384016377931 -0.032049253011288296
0 28 -0.08862555480519622 -0.033900726547710675 0.09210847681722194 0.04864056421133377 0.022698319400488484 -0.0594795781060447 0.05524088462225886 -0.08867770888051565 -0.0032305640683138385 -0.012501731007171897
0 29 0.03959044836980607 0.08052178220668196 0.07809737585204515 0.08845731403846241 -0.05596455891046282 0.09229041593111464 0.05947924084250793 -0.0734023613520394 0.03536677804106376 0.057922691790020756
0 30 -0.08282915573178502 -0.01024212711594842 0.06787339156810056 0.05029545614541625 0.06038970028985306 -0.02625205706466183 -0.08136901148382711 -0.08745163483682192 -0.06929142832997191 -0.013819760714188846 0.053484369069337914
1 0 -0.055571131408215325
1 1 4.764020559378017E-4
1 2 -0.047882150858640726
1 3 -0.09194035828113635
1 4 -0.059444934129714605
1 5 -0.07681327313184826
1 6 0.09461959451436962
1 7 0.035663288086652666
1 8 0.01996165513992311
1 9 -0.028187811374664317
