## LambdaRank
## Epochs = 100
## No. of features = 30
## No. of hidden layers = 1
## Layer 1: 10 neurons
1 2 3 4 5 6 7 8 9 10 11 12 13 14 15 16 17 18 19 20 21 22 23 24 25 26 27 28 29 30
1
10
0 0 0.09853706754304375 0.050669411906440524 -0.027592393719741093 -0.011995142922063242 -0.005324248166579252 -0.03480029576656692 0.04225650113590466 0.0913827882011889 0.00447181820891856 0.01547034256606691
0 1 -0.07422474764279759 -0.05048525866517018 0.05096275835840519 -0.062127456985158425 0.039980897650719556 0.027724982506544243 0.05294009933881999 -0.08311906949468344 0.09017943208770757 0.043462952820306516
0 2 -0.05994232281072094 0.08504310886547843 -0.005366511722030262 -0.08131697656121552 -0.09962356127436153 0.0768966353187325 0.02445990932082718 0.017081253994886705 0.09896743416865249 -0.042398861520368335
0 3 -0.059498316631654294 -0.024127393728741727 -0.012846756526466758 0.073439380569486 0.009693716375986688 -0.023552240116775588 0.046026795023138486 -0.0032208471258403683 -0.0768191596781247 -0.04614995214089194
0 4 -0.08228929819345226 0.02580767787123013 0.06390458037536445 -0.08388726503598082 -0.012864222501042471 -0.028752483140674592 -0.06795978334612096 -0.09175830886471548 -0.03235519354078951 -0.07535050362965896
0 5 -0.08469560495074809 -0.09861936899956802 0.06530239333601102 -0.011595993427978145 0.005507389760768116 -0.04145753190299124 0.0035966404137476645 0.05964350187364529 0.02217388645572555 -0.01866696268348162
0 6 0.05939660783907496 -0.06594588081377542 0.049137594609539835 1.3981471753063418E-4 -0.07962208650949297 0.06233745239163653 0.046868491577151394 0.09081049361490974 0.037039203371954474 -0.0705080810325529
0 7 0.04103984277257346 0.06330600423021054 0.06983696562476825 -0.05480585080808072 -0.051887078083171265 0.02488108470428805 -0.05537091011769398 -0.08509827530868973 -0.08004292518787377 -0.07486742322652676
0 8 -0.08331399867581309 0.02363722283475954 -0.05282482725509131 0.04714173423804253 -0.04304136113152645 -0.0907445242337117 0.0952653996971334 0.09990363544889158 0.048658573560582494 -0.09336932183023561
0 9 0.076048543130219 -0.033896466853409066 0.005838354434273155 0.02816682656147167 -0.07780387612859571 -0.07292666955718301 0.0660890538264296 -0.07883935032974052 -0.049971118590925165 -0.04105233733700311
0 10 0.025688226118282562 0.03124259981534791 0.03996352875552914 0.09672255740475114 -0.09702379011092446 -0.031211232118953526 -0.03506828337752535 -0.07614395130261312 0.025155294637936938 0.08119996111004574
0 11 -0.01126960582291442 -9.192103951372192E-4 -0.026071906731175536 0.0633096294757093 0.06512435892922043 -0.07484852049514294 -0.0922767802389265 0.029441431616642814 -0.09196289032719347 -0.08724972876052958
0 12 -0.05455332033426615 -0.06339928959916553 -0.07985264266468586 0.07984577724811717 -0.08639785459021265 -0.06378703121792509 0.021239858043165524 0.01992236538933078 0.0064625840655464966 -0.0368240769618489
0 13 -0.06934279831910706 -0.03571676950047713 -0.07257937344195149 0.014653020985221105 0.03316586862990126 -0.03712990286782437 0.05590990827878936 -0.03515986802058795 0.06791263508178326 -0.044931170966978067
0 14 -0.05132767443468806 -0.028575450224376853 0.004204866148921912 0.09249369000113683 0.011127214568461783 0.05914579556644779 -0.06288876670339764 0.05168265437253042 0.08436159192333621 -0.054606644449347326
0 15 -0.018433365748565248 0.05412119014650772 0.009491091359700965 -0.04789459029865138 0.005128837976089399 -0.04504463322137251 0.03165609949086761 -0.018455468106716954 0.005730572344103992 0.01662863155363738
0 16 0.010813736684878693 0.08937701422797327 0.03825879470927589 -0.0013024599582511865 0.05085086589114552 0.08580910351659239 -0.01944444238607122 0.00957541656393634 0.09407000990290297 -0.012909289087411758
0 17 0.08660697024358056 0.006104456163603996 -0.026929027702310888 -0.03206812798246568 -0.07487098528192103 -4.6202714351995634E-4 0.0922771162313355 -0.05418328667222685 0.06304203408462637 0.024662439806357146
0 18 -0.025807943174139657 0.07642698530727181 0.051972069746090116 0.029567768223388205 0.023703720694924338 0.0974575191496499 -0.08886078052893903 -0.012558275016029796 0.09821501791185658 0.04566124525670437
0 19 -0.03367354070295822 0.026681431683098163 9.085094452141668E-4 -0.03795978375198358 -0.04007548945688695 -0.08564760962439547 -0.07270004020686921 0.07203223084082959 -0.04487913605835059 -0.09454134056826592
0 20 -0.029376284650611213 -0.019984674451535563 -0.05744280362942909 0.08930314408235103 -0.015365005650935109 -0.046902719469799126 0.0013097038963217904 -0.05612237045014383 -0.02438864249712634 0.04252196875628761
0 21 -0.08843410691828026 -0.03742907094316585 0.047065478745132 -0.07717278091083309 -0.09042389803981428 0.00734563725662534 -0.00857466292734708 -0.038780994755035846 0.045372125915721165 -0.011336294713823017
0 22 -0.03967900238014009 0.02362999533528928 0.037181886753815854 -0.018925423621396275 0.07006176634433739 0.06887795456054163 -6.297462690232168E-4 0.038349881426923756 -0.03881113540796077 0.014922662013092055
0 23 0.03426492572718106 -0.07526429487616079 -0.09225548931798624 -0.08737799764537792 -0.05098399496464458 0.09065907824336522 -0.08335825065563233 -0.06273371822566237 0.03825807093865613 -0.04912670971530576
0 24 0.08501884049749203 0.06812941407213238 0.022422209141781075 -0.07213610628712598 0.013846571052319534 -0.02574823770317668 0.05206973676803976 -0.05254205417849859 -0.07954057822156257 -0.004575769779006856
0 25 -8.815793693857071E-4 0.0898161083473926 0.09940555968602138 -0.0033831069717332467 -0.05476307712488225 -0.0046286424506912375 -0.06688858389293785 0.014571358507099752 0.007067825140694529 0.017328754789122124
0 26 0.015186854411827946 0.04498917839014429 0.05503108078475981 0.006773679975010661 0.09074865664891475 -0.012908902596609366 -0.04049449458620598 -0.010072917810700494 -0.055037673000260884 0.008097089653897487
0 27 0.05897528336848746 0.029780171487940592 0.02210377022709444 0.04692493595758904 -0.09029237603206228 0.019618826159584716 -0.06643070428777702 0.015642623315886256 0.09442880968419375 -0.037148784203376056
0 28 -0.08570245057923144 -0.08842320160058947 -0.05875677503722433 -0.014137937907001902 -0.030088798120862563 -0.07775900268052374 -0.03305501941491988 0.005271234789450376 0.00782391390563116 -0.036246472861764814
0 29 0.047505243070261376 -0.01843767638679878 0.0323217571918878 0.08418117166244356 -0.0918484797847815 -0.01743946863659983 0.002583788813605438 -0.08013782749745922 0.027536456239177536 0.014473741286788647
0 30 -0.06054501530752806 0.09839101515055465 -0.06210794547506362 0.02324257315059321 -0.07947815173324821 -0.09800612243698431 -0.03844378147822948 -0.0748438751908776 0.05323580120600999 0.042499247928499344 0.007557958364486693
1 0 -0.09820409119129182
1 1 -0.08772568404674597
1 2 -0.014588517136871867
1 3 -0.0383423380553724
1 4 -0.026790410280227463
1 5 0.01604842022061365
1 6 -0.0633613318204881
1 7 -0.07142227143049171
1 8 -0.08245615661144277
1 9 -0.028918433934450063
