## RankNet
## Epochs = 100
## No. of features = 30
## No. of hidden layers = 1
## Layer 1: 10 neurons
1 2 3 4 5 6 7 8 9 10 11 12 13 14 15 16 17 18 19 20 21 22 23 24 25 26 27 28 29 30
1
10
0 0 0.3211469839780335 0.03407217879788455 0.06557509645109554 -0.1298969750995749 0.09893820085543352 0.020337590772599962 -0.08964841333598503 0.27194367408783415 -0.13638400790238997 -0.31156485581903437
0 1 -0.28383318782852457 -0.17398318882374922 -0.11298408345013355 0.023851253641398718 -0.15134310186460173 0.019720194139196158 0.12541589696140729 -0.23298494719384738 0.2384073263723563 0.12377273440094257
0 2 0.34051903280861795 0.18499442063385454 0.2646384220600575 -0.3271236488615045 0.14080504732879676 0.09384173702377989 -0.17914625363798747 0.39252717691225314 -0.39539289430051533 -0.5382412954976495
0 3 0.8813255686259555 0.46198520917178615 0.4186760958340079 -0.696505055913604 0.4451304610326071 0.08868631784761445 -0.5542049417732624 0.7356006787019422 -0.8272931042111076 -1.1251027186592268
0 4 0.4608700111237082 0.24692282547557726 0.14757782219704021 -0.2538455388925449 0.2485420353788646 0.11934770415118108 -0.1732903669651583 0.3407391646053632 -0.4420957622947067 -0.4908870206713848
0 5 0.03795661870569492 -0.05557704589690903 -0.06660225856568143 -0.12283914491901955 -0.009585969796743617 0.10243009833155975 0.013207033094087923 0.08900081802226684 -0.024308852414577357 -0.09040549542933637
0 6 0.16809963956661367 -0.002932382397718443 0.06330882353641577 -0.033500525649583494 0.07492286353015423 0.055048053731063196 -0.08241292069265098 0.17151344355339582 -0.11684094880018027 -0.12664400040862414
0 7 0.21063118471937234 0.11579864355815869 0.1951138183539823 -0.2332047722739697 0.11913486985706297 -0.05584512398421363 -0.18692330336524707 0.2033009833453318 -0.17058450136074732 -0.2861601166229599
0 8 0.2949615190565246 0.22104049269054818 0.09616966581643106 -0.16225294442308585 0.21865062002228788 0.02030374922858603 -0.05028041277875934 0.27221914850272483 -0.3335954173841112 -0.2653493041319525
0 9 0.19861033051868543 0.00994447053335585 -0.013645136234080483 -0.15617686816873083 0.04235947154270597 -0.03739040118468813 -0.045051042193496794 0.19231422196908696 -0.15220034334407492 -0.21287828284082488
0 10 0.22591362758335307 0.1109122530337134 -0.00899672455543967 -0.08783384536968034 0.15787020609038974 0.030256187510502925 -0.1734434326917552 0.06702352417353685 -0.25145768424722925 -0.22817269514377253
0 11 0.16527229077254435 0.041916107245390355 -0.019699837854426864 -0.1487692840549578 0.13087651619264665 -0.016182601289970944 -0.10572534208230838 0.165687491404258 -0.12595457399822665 -0.08320332564919057
0 12 0.03679499504925836 -0.03865047599451664 0.014162353945422385 -0.014739601449061002 -0.012576727366405405 0.03360631429950981 0.022010313911062725 0.010461453442947832 0.0077085863586004695 0.07252991662576136
0 13 0.26626248827348586 0.0021865030079702974 0.05097739330529932 -0.0841877160208662 0.13945687729120415 0.03452127394418824 -0.13732119417223929 0.11789434145356731 -0.26545395657767906 -0.29223255270342935
0 14 -1.1227383396773014 -0.42112080761877596 -0.4595002236327188 0.6820703048553204 -0.41563539239673153 -0.05793438738968991 0.4987061885910435 -1.0192106887583008 0.9420401650638162 1.0495175097147127
0 15 -0.2468130826317631 -0.15213524222912214 -0.05198159767875828 0.27002864027379897 -0.09076106789155591 -0.05627050175246096 0.14656448628610558 -0.23700234962890718 0.3126735373145533 0.35451070051565114
0 16 -0.033288639331712666 0.028606761464387096 0.0486733540043388 -0.04386643435560449 -0.0671474435737433 0.01244210665432413 -0.03527958381587827 -0.03474438344469775 -0.03814014165918953 -0.07610539330976983
0 17 0.266832804864055 0.19499284463279995 0.17677767720239435 -0.11166692920261355 0.11535762191920593 -0.01695392117230412 -0.15279876177025828 0.2854355932412124 -0.21449678169381328 -0.16747601060020456
0 18 -0.19404458073890948 -0.05328155720782448 0.03170668017144908 0.09742767886747679 -0.12138768758281603 -0.010383738268090218 0.11633594620435249 5.965432406459077E-4 0.04571883232664502 0.10955974236166428
0 19 0.338563007593016 0.21065565039934864 0.12112513468990713 -0.17172080698607275 0.13842829415233746 0.003945853669213571 -0.2278794806150071 0.3901706915183691 -0.400672594581288 -0.46543850015424304
0 20 0.30814434619046216 0.12344922149035055 0.16278045214642864 -0.2408264970335166 0.18418414275677328 0.03507020416579962 -0.19754071197430717 0.20946245244952183 -0.34703690543249655 -0.47821449668354626
0 21 0.11460058058119194 0.1769527260821138 0.10380807152324255 -0.08319109822696891 0.09459038520348576 -0.0719391221363647 -0.10356894774048526 0.2153715450744859 -0.15893067132382702 -0.24104816618308153
0 22 0.18715609416207216 -0.00771589298795376 0.14428750290420223 -0.06284773101943435 0.07552813085799973 -0.022038400453543442 -0.15166259054837253 0.1916766738646151 -0.19102215301893402 -0.2049176649244162
0 23 -0.16121157163461503 0.007059016012330125 0.04384134344482057 0.14879966198580202 0.026411047542961377 -0.036858241809847425 0.08495483814610673 -0.008469504979053095 -0.00281448417646684 0.09482431272778356
0 24 -0.1558023913640729 -0.05091447053737043 -0.059710258676027715 0.027504127524588834 -0.012450615960053837 0.06559703211773756 0.09465829909830924 -0.13790403775951598 -0.024120943194038652 0.011821664378562172
0 25 -0.008702165848695981 0.07787078503283404 -0.017083081411290918 -0.05168141957281429 -0.02516471595780792 -0.08461488606342152 -0.10333675657112582 0.026105777921551603 -0.1233607334932885 -0.17015418857334197
0 26 -0.11999347168549933 -0.0889853302475592 -0.07751611240772495 0.015697077811341525 0.025031172031218085 -0.1038539828724281 0.10441939586884827 -0.03958031045682238 0.0016842371356162497 0.059453446869970304
0 27 -0.03887373618831641 -0.059105642693216394 0.025872847439889154 0.17444952555481538 -0.12478583315077858 0.004763767350885107 0.1271002987055002 -0.19958253836451587 0.1944116804066999 0.04294072334739248
0 28 -0.025532497385103627 0.04394059903848341 0.04235421523766366 0.06660393800598162 -0.05037900160510402 -0.09155138533047463 -0.06426087000610986 0.08473043777828947 -0.06256290231561193 0.08923595361344147
0 29 -0.04554190898782931 -0.023230595078755325 -0.002042475881852245 -0.06443619560112093 0.04266188863335128 0.020172981782427726 -0.0725614701022745 0.11536470945463968 -0.20611498620345095 -0.2518653865111857
0 30 -0.19570557986833956 -7.276786273328024E-4 -0.12105707729175588 0.0530035373843636 -0.1340895395179484 0.025413048477337954 -0.020518338203190184 -0.1708953652186565 0.00266137169107137 0.1446792103168091 -0.41857077391356245
1 0 1.678637280992337
1 1 0.6951604186632668
1 2 0.6368901549108046
1 3 -1.3627121885602989
1 4 0.7030183690892241
1 5 0.005108469996626369
1 6 -1.097036520048011
1 7 1.4805478775639571
1 8 -1.7680694147431348
1 9 -2.0856639758079427
