## RankNet
## Epochs = 100
## No. of features = 30
## No. of hidden layers = 1
## Layer 1: 10 neurons
1 2 3 4 5 6 7 8 9 10 11 12 13 14 15 16 17 18 19 20 21 22 23 24 25 26 27 28 29 30
1
10
0 0 -0.4281614480870267 -0.31291545659392783 0.08341712129708441 -0.23192234409469445 -0.36368179801361344 -0.34692350627762647 0.316909271021249 -0.1851040016275298 -0.06839271114136289 -0.5430708383302308
0 1 0.20573046209715765 0.26179496538756325 -0.03823874032922275 0.2355971638929765 0.25058984551537905 0.26519210571958524 -0.254748701888379 0.10504942143917329 0.05172884482478056 0.3578410825647878
0 2 -0.8774747580278041 -0.45207071770701834 0.10451770924047583 -0.5469070511648565 -0.5696715271619879 -0.5874244507988858 0.5454337285931338 -0.2668531932820497 -0.3660580532929248 -0.9174516669178684
0 3 -2.105060207623931 -1.1256001012258667 0.4093688653255421 -1.5315227136345375 -1.754790541203564 -1.3111114684663379 1.1297844858794788 -0.600015215641615 -0.7836049653866589 -2.2781846750116115
0 4 -0.748021627059985 -0.5065823729057731 0.123243622738327 -0.5138326803771521 -0.6699067011946981 -0.4745672984186576 0.4163870036180122 -0.29030206097840944 -0.23946119593838333 -0.8788167717654494
0 5 -0.04903706022646375 -0.05399599402303597 -0.06879041712329212 -0.13924764892233768 -0.08281186549965527 -0.15083185351697 0.12499301462768106 0.01451162591008525 0.006077542985454849 -0.09118040614908607
0 6 -0.2453720081461293 -0.143976762956842 -0.019250741466862113 -0.08367046067767035 -0.17142960724369877 -0.08705811640985013 0.1848592044693231 -0.013849675937057434 -0.10725209575990662 -0.2772125120677518
0 7 -0.3771459865448696 -0.35624851275174735 0.12039650427882384 -0.2635178929113644 -0.31749427663275215 -0.23507863104115143 0.18596144135814563 -0.08072906109359611 -0.15981961982915535 -0.41757185460621987
0 8 -0.539102910940646 -0.3381103593027008 0.06127838261401173 -0.4197419609632042 -0.5161648969593323 -0.40124047038522437 0.22238587913944777 -0.07152109868751814 -0.11288051500752638 -0.5684764240397215
0 9 -0.24512504176642302 -0.09375917152018433 0.06937178521702175 -0.126401179816821 -0.24659012021488427 -0.0844019160649116 0.15982377267787568 -0.10223693677843207 -0.15427854008322534 -0.3840067574756604
0 10 -0.3284456988696282 -0.13654290581640532 0.11754478844629643 -0.3912386046652962 -0.42448542050420224 -0.3556208849257563 0.22002091484306646 -0.20034884572859257 -0.23444468681071032 -0.39596445895519355
0 11 -0.28493051104320094 -0.061979098763116525 -0.035555668278602216 -0.18857651904455414 -0.19500625073421826 -0.13825239030719125 0.1552740982585647 0.02934584617012706 -0.14652397212628648 -0.2737313023019337
0 12 -0.0273757450138557 0.056716326002506055 0.02494078557492289 -0.11398990443438098 0.015779113457321095 -0.04248209257372377 0.08700050718812961 -0.11274520237988048 -0.007172040614858756 -0.019159827597734453
0 13 -0.42438315300305296 -0.20750921394320498 0.1359363494385151 -0.3692982139718384 -0.27557410310771313 -0.36669505504068656 0.25786350875585135 -0.20535905821386968 -0.09299891001113784 -0.41552927746434015
0 14 1.7433339382321198 1.0570935198003935 -0.388515168247131 1.3229899555059965 1.3806310952221976 1.013059039787187 -1.211734773773867 0.39445117094284093 0.7109185138686223 1.73318849610091
0 15 0.3899668264938468 0.2525870981053234 -8.463556499789804E-4 0.28557297209003724 0.3596863601398213 0.2629089074330237 -0.3537836782195367 0.023216489166598832 0.06679585452899128 0.45309815511027657
0 16 -0.055307403661776215 -0.09389939988671887 -0.027096965618319247 -0.10854035947417832 -0.11689874275080908 0.01744478955841309 -0.04284823431587725 0.053251915306931866 0.017914163528203624 -0.11137535892898598
0 17 -0.5197280864775677 -0.22883048498871322 0.16534363959185078 -0.3372625473838576 -0.4334014981271233 -0.3363752820915216 0.15751562108145212 -0.1825900579955927 -0.11503656507054566 -0.5083080047537389
0 18 -0.025662379353429722 0.04762803517100757 -0.06542934059273306 -0.01230509976470076 0.12264844782449012 -0.004765098679655757 -0.1480060382919798 -0.06164315021868703 -0.0024162856581660917 0.10406833189145084
0 19 -0.7254778872541009 -0.3852867180685157 0.14487352702285172 -0.5964210311037792 -0.5187366305102453 -0.3704140164413669 0.38033023846850356 -0.2588670232159374 -0.3454780258488857 -0.8623407307222659
0 20 -0.7096391564042588 -0.3525606870192915 0.08289737614373102 -0.4516249488487394 -0.49904201257158753 -0.3812950790156939 0.34102525195810895 -0.08910423707496413 -0.29079830795827866 -0.7741217702008937
0 21 -0.3096125134315676 -0.2019286155480053 0.05124626198329082 -0.15819034770947207 -0.2637742905164742 -0.27645042907399137 0.268472664252409 -0.10023013145972838 -0.0828781280153253 -0.4400712702949968
0 22 -0.32840162690512564 -0.07542259505835308 0.06181343182580554 -0.2611406993848797 -0.22704670309874364 -0.21058036108796163 0.138453246108249 -0.1392066389896113 -0.17986341797526317 -0.343693937385738
0 23 0.268931922407227 0.02359855995805662 0.06075229614358042 0.1878677069283393 0.23517370987481206 0.1737423160196776 -0.020330501909261795 0.07139157121446722 -0.02428594004749721 0.1066411404006877
0 24 0.12609433296370573 0.1323537572749118 -0.08144645002737197 0.18146915177243997 0.1989128624983388 0.17406642511074424 -0.12974666333481322 0.0869250851377406 0.12158135577070968 0.11795873874662595
0 25 -0.3915267812529704 -0.19011899621936437 0.13967052034901783 -0.2973188398592639 -0.33271241766121723 -0.2206252960209037 -0.04527188129075117 -0.1504719497410221 -0.1297120548170131 -0.49099044694520794
0 26 0.032578635324020985 0.09390285733183149 -0.11198359401000237 0.044987189910523626 0.19450459355279476 0.17579357506198479 -0.050042831318515266 0.07344651841521009 0.025047711491951667 0.22643429630436776
0 27 0.21418905188609444 0.12834676202507753 -0.11229391835241519 0.09340807561392614 0.10937200314438163 0.05274768904477477 -0.05159343773894948 0.03020873082317582 0.06024865386927035 0.19408647322837472
0 28 -0.04847011715173721 0.022562623023986816 0.017447035759687424 -0.08299454301595688 -0.05954291671514511 -0.03397488594055176 -8.827447891235352E-5 0.03393130749464035 -0.042269378900527954 -0.03281616047024727
0 29 -0.3395943589012963 -0.17103950854993458 0.008427170987679412 -0.2810815264707746 -0.34565684704267263 -0.21242006816599152 0.09028400795473797 -0.06986985243760008 -0.15332166535039987 -0.47310348066657465
0 30 -0.12636567072713462 0.004187471964511387 -0.1280459754715995 -0.05989749532669962 -0.023924708564905892 -0.06550852178176882 -0.07730215559058483 -0.00959465318784219 -0.0011855831262910115 -0.06627975978302277 -0.10477053884246305
1 0 -3.003400026060746
1 1 -1.9472182370267674
1 2 0.6428422852131215
1 3 -2.3506840014669463
1 4 -2.579606684306605
1 5 -2.062378717811938
1 6 1.9852272251774643
1 7 -0.975412616740658
1 8 -1.3164558475856316
1 9 -3.1134225299144793
