## RankNet
## Epochs = 100
## No. of features = 30
## No. of hidden layers = 1
## Layer 1: 10 neurons
1 2 3 4 5 6 7 8 9 10 11 12 13 14 15 16 17 18 19 20 21 22 23 24 25 26 27 28 29 30
1
10
0 0 0.1182913858144502 -0.4845807912305425 -0.34275961286786405 0.17835063454823463 -0.3938855325214409 0.23369181212696533 -0.20611334704745354 -0.1634870724077002 -0.20524214639621433 -0.2459244069715919
0 1 -0.15605779011265944 0.15991777428532125 0.24349940880731674 -0.14890431931300718 0.17728016765488774 -0.16038627492742294 0.039379740425722454 0.0680498382239875 0.10226027441504847 0.11118299140786714
0 2 0.35641580021616687 -0.8962405687044892 -0.721616233266478 0.22557107668279294 -0.7793045870115136 0.18562886356507946 -0.274860002432512 -0.3120156388421949 -0.4369195100650121 -0.3574704432132693
0 3 0.5697585076630098 -1.87469622541835 -1.733112050074786 0.36200384076520925 -1.7931396769825483 0.5348076030615111 -0.6420827268106821 -0.47377474204936476 -0.7180262893194711 -0.8328813207783835
0 4 0.21839726942721374 -0.6084607713753797 -0.5386858670981994 0.15351736699951674 -0.7543021662900273 0.15799187286465852 -0.28354755993881947 -0.2274176750035733 -0.2587747344691818 -0.24829566266922773
0 5 0.11080657587740932 -0.09654751964224031 -0.07570920941160299 0.0272004167263787 -0.1854220482393854 0.028883035900805012 -0.13101599450461665 -0.07079438670825564 -0.11571510134154275 -0.04743671960030048
0 6 0.06194336910718312 -0.19780968054426515 -0.16330049992431633 0.007085741512332272 -0.23568973711006808 0.03632159550846952 -0.08686018780654899 -0.1467797263419052 -0.046550864726278146 -0.14286056000465233
0 7 0.15671188347682785 -0.42815878529320783 -0.46726706452915884 0.14793832721348693 -0.41456613157064215 0.14619666487043312 -0.06185853521181891 -0.16164425697063722 -0.23845579162711197 -0.25251957348284604
0 8 0.20850418218245323 -0.41420401110591265 -0.493950609413659 0.056645113778513695 -0.41674616640416606 0.049215396275531995 -0.1920765765724534 -0.21682308446040832 -0.26187415800079017 -0.15306632627641692
0 9 0.07395252623795076 -0.3269895469840161 -0.18328974011274135 0.140442143466831 -0.25080434341275243 0.040598584379105185 -0.17668377253334555 -0.015239278904660017 -0.1343213045528244 -0.06769247631163036
0 10 0.1422107515332749 -0.4438182005277204 -0.3088422450818883 0.11193383147159568 -0.34308334613150093 0.08401785497297393 -0.09334831761770315 -0.023316797418534388 -0.21845608528219865 -0.1625424466912319
0 11 0.060728182529759325 -0.4199741613934022 -0.3500653365059589 0.07720120014352612 -0.2704462002548384 0.04783513329177354 -0.17032179568438643 -0.02437977631382767 -0.17464976378291025 -0.20757941298974827
0 12 0.01599927697099759 -0.008708345640494683 0.04657165007985868 0.04430663938453144 -0.04228420629603666 0.060530555830134294 -0.07220491762702376 0.051209614521317795 -0.11318491784047792 0.030643667983658633
0 13 0.22451942680394021 -0.4890655297170393 -0.4362338366147266 0.15156626514151575 -0.38789855157609526 0.14849061755405535 -0.2282317777799072 -0.2039991971683375 -0.19071185053657103 -0.21156093659527042
0 14 -0.6612783014170449 1.5721067638551922 1.4627992432131094 -0.3510308534673659 1.4449822551638607 -0.6196042589500422 0.5257352682759934 0.5536032112682856 0.7167018308721432 0.8037464666987666
0 15 -0.17588390200899254 0.3635046623401888 0.34822161311549266 -0.17450479306635414 0.3086590863943448 -0.07036266161873667 0.12646837856771823 0.08310383006408402 0.15570208179741313 0.1391408156645944
0 16 0.054707271643136414 -0.03444355562978895 0.05748514327839827 -0.07463047096631618 0.11510562812684179 -0.0034049522897970784 0.06346258072318023 0.03460062970786355 0.026204446638532244 0.053530198821946345
0 17 0.15888877713777042 -0.4172776224066529 -0.3221340960640042 0.09536989165854903 -0.3643132711816662 0.21013680887453595 -0.050403839140566224 -0.1056238245105084 -0.101650826986874 -0.18481895068206172
0 18 -0.13204108200593287 0.12838582050567307 0.15181254844686448 0.03098418185825661 0.09957185890117126 -0.12950776478622839 0.03133435687836936 0.04591159115362359 0.10737661281170659 0.16339091350978224
0 19 0.192073789846782 -0.6813507879072863 -0.5684812523761082 0.11037829010285709 -0.6811794673209793 0.23327608673347283 -0.2138435855996049 -0.1769619824545093 -0.3123210402499441 -0.40211956349605793
0 20 0.19650151647850325 -0.6820517926730859 -0.5746831951804804 0.21906479869887543 -0.5168844417602301 0.24362225705084473 -0.27088238165698003 -0.16348329005528095 -0.17856943811297787 -0.2544045494277595
0 21 0.13731335075604803 -0.31816000905545555 -0.2990001414255823 0.1627465244432051 -0.29608496759852543 0.1692742680420492 -0.14299515838169222 -0.05341678951039851 -0.10622007760654886 -0.20596347285125322
0 22 0.14557258438571183 -0.16437045413196133 -0.25610412557433015 -0.01857068528646655 -0.1950602683830966 0.002983848597322545 -0.11114017670412354 -0.05430851057772608 -0.10354341216736225 -0.027788322857122703
0 23 -0.059982031765327654 0.1313992798116952 0.0398240890971303 -0.09816484245106111 0.2185481037270077 -0.12594843755202323 0.08811494666467029 0.08858901250581463 -0.021046625485605534 0.09733597892236796
0 24 0.052098604746639465 0.10521350764962152 -0.043556406565052594 0.011722913331666017 0.014614070436282609 -0.03449199267135261 -0.0694532918523454 -0.06845229531702593 0.08626102012884333 0.06334756496735242
0 25 -0.005815333091051505 -0.36392519069091395 -0.36087645475149793 -0.0295604550490683 -0.2791510842601185 0.06484779116520686 -0.06397591516672663 0.01969543338757361 -0.021319080255973687 -0.18796240720656515
0 26 -0.047379025930702104 0.11058160438324262 0.13306420438079997 0.04658890035651849 0.05671938540648162 -0.022593854737792726 0.131538373002202 0.12593069197700815 0.09193725572914546 0.039205401176480616
0 27 -0.06762179581498513 0.2264841848370969 0.10437140883122217 -0.020235311306702055 0.07508441299191346 -0.023807955829588286 0.1298017630317796 -0.034438436981018984 0.0897067803695249 -0.002279095758054475
0 28 0.010585531792804949 -0.04972974100965165 -0.0772748764873395 0.09669613066346974 0.02416041542674105 -0.03533296365014623 -0.1006011565540374 -0.019408618995350038 -0.07489360291645253 -0.0855402706014069
0 29 0.0832127739868358 -0.27688998968179 -0.2688030765515055 0.032243744653622536 -0.3480327852465846 -0.044580634283588 -0.007980560493507594 -0.15409328116679039 -0.10706626801065217 -0.11254923493324766
0 30 0.026822784294587915 -0.030872691480044165 -0.13655012858033444 -0.10984679643567201 -0.1403009893476409 -0.029424016478743466 -0.08448817633664776 0.08555280604744747 0.08038617943901169 -0.11032736902541955 -0.1348650237461301
1 0 1.1100708702789386
1 1 -2.8534675440597077
1 2 -2.5862667626617566
1 3 0.6975188681629485
1 4 -2.614042748685465
1 5 0.9747879511647345
1 6 -1.1296237242996807
1 7 -1.0018132214561186
1 8 -1.3809809978508316
1 9 -1.4707932959691625
