## RankNet
## Epochs = 100
## No. of features = 30
## No. of hidden layers = 1
## Layer 1: 10 neurons
1 2 3 4 5 6 7 8 9 10 11 12 13 14 15 16 17 18 19 20 21 22 23 24 25 26 27 28 29 30
1
10
0 0 -0.29222027620408586 0.11871876548204621 0.11133836667340781 -0.3425757186472906 0.17465538965129687 0.18612731054081483 -0.0446283026918383 0.06600254668391188 0.11356842573733719 0.08800632517427734
0 1 0.2938271225392205 0.0030035462363449707 -0.1484134812616494 0.2850939979989455 0.03661261168675151 -0.0832617590944744 -1.7700107091267193E-4 -0.16448911849332082 -0.10714575138683421 -0.04167501037844978
0 2 -0.6604269293486955 0.29717280698828435 0.20439388496108038 -0.5266124731945215 0.08938015005561561 0.2892890861492262 -0.03518524288745245 0.11169363422982563 0.32374818670475786 0.23145775764619714
0 3 -1.6054720997879843 0.4592324889646091 0.30132874224695616 -1.2442348230696283 0.32477238047482565 0.6038324352134014 0.20392430815227616 0.419588036709489 0.8190255608369139 0.29349765621707946
0 4 -0.6087093938902951 0.2272984467825165 0.2230374409567042 -0.5439848422653099 0.23593518867003171 0.28823280501311993 0.024638606415232772 0.11517961766257384 0.29914645283225205 0.21631984379110694
0 5 -0.1851404674841952 0.11844585601149273 0.02240473905117661 -0.10582883202652103 0.0721456604380932 0.09987924496345185 0.05585804595487171 0.014230882199242532 0.13074120933022437 0.1148057696021604
0 6 -0.09610032673515284 0.14960376856892038 -0.012724557456560743 -0.17897289683238288 -0.05780996334510341 0.09730150477774259 0.07809510938943713 0.11711357757800053 0.09029272440369011 0.10287983981239003
0 7 -0.4941157900930846 0.16840913776721744 0.1697815723564132 -0.4189207748334687 0.062032616313893785 0.12218196757491905 -0.049624425772495574 0.10858294141983489 0.18486241666218536 0.041250522918887325
0 8 -0.45933443818302067 0.12219079595513493 0.025919120372207265 -0.4207708758680191 0.18738573310393952 0.24821059951247962 0.10406209538481412 0.10282137196564525 0.16004211241005908 0.13495338204521246
0 9 -0.3232838563795339 0.08537011998729983 0.08220925639204736 -0.14288346217219844 0.11709841614734838 0.10740781195868611 -0.03810325085336107 0.0641241294652591 0.16034865902361045 -0.017307182186242137
0 10 -0.2805578585716201 0.19871172670891601 0.1598949385363646 -0.1670699643292054 0.03432852979374157 0.18678420902329015 -0.017876204575819805 -0.005160866839602343 0.22289024041571878 -0.00986896249831608
0 11 -0.22150070067233354 0.03454406562207712 0.07675966457182733 -0.17408711406043553 0.09438816826816253 0.06490736527932854 -0.033822278153478484 0.07620919794974869 0.15840022608181856 0.11823733299661408
0 12 0.0723760769964915 0.08360583636179847 0.08228965689846081 -0.05126896469883112 0.029062733162100885 0.00188159502250425 -0.012136151724567758 0.0446463602461189 -0.0494899711155381 0.01798090633890261
0 13 -0.42646707428876385 0.07684283658510982 0.004699901044274577 -0.263872378377319 0.012566553904579171 0.22344759953565643 0.11799284000052786 0.1030085060943105 0.25901663619539406 0.02292281050973305
0 14 1.444147424689199 -0.6056107735480656 -0.3360306334739144 1.241330289209067 -0.3650187430784476 -0.6565081033504587 -0.03577912630833414 -0.4876890810695788 -0.8789481487629542 -0.4528849455334775
0 15 0.3293272327523294 -0.1354189306212081 -0.16359340506194953 0.38508110000470536 -0.1530616454843646 -0.2299809845522311 0.006257497450360732 -0.21500343821366572 -0.2904204317928462 -0.166693527341222
0 16 -0.00783373742512055 -0.07934536980665687 -0.03713984394170784 -0.09310834059801688 0.08503132531103308 -0.06472658050392649 0.09496608146024339 -0.043622279024316736 0.09230705440303061 -0.025256526208951288
0 17 -0.4979471769323283 0.19120012413153653 0.027501508725421238 -0.33207787285527335 -0.0034458695616355547 0.22410368208999049 0.12812046819455725 0.09663926257074512 0.20512008571635107 0.05733951188606055
0 18 0.023407025528012056 -0.10506899506791209 0.05253591206445131 0.07902824165308586 0.02542048886457533 0.014170654203190776 0.08944753406312644 -0.09662552049637728 -0.0562537646941813 -0.06314307495829016
0 19 -0.6007886450456059 0.13578634332905937 0.22535000162211372 -0.538147008337579 0.23766052556699624 0.2774008376216955 0.055696259673878305 0.16766060858461954 0.2140205327614524 0.17294366739314018
0 20 -0.524928310771935 0.2343417986024806 0.17497271257678845 -0.44082616533942376 0.19296520579145024 0.2717993735344083 -0.021570227581299648 0.10698112223753664 0.2149270314657465 0.0938260338796168
0 21 -0.20008664156713793 0.016109961451018517 0.13833431193511048 -0.29278360787761615 0.02537222958120536 0.19540018014000812 0.09492308902492964 0.009235669255347159 0.21583176285398983 0.04356696754272169
0 22 -0.17909044594370407 0.13645112889932212 0.008893184751076276 -0.18770544204637882 0.021891322416545324 0.09223892588823443 0.010265479415802348 0.10476021718728337 0.05116953575264909 0.00957191297487466
0 23 0.0932727606045722 -0.11610673752579444 -0.07710648642591039 0.058575796774338794 0.04271651521644075 -0.09165674456654288 -0.03191367172507133 -0.03162112945146474 -0.13263465083302595 -0.10016957195475908
0 24 0.08885271669508167 0.043676545147347014 -0.06825579375579868 0.14876873695950904 -0.016499989757959542 -0.04471882680495662 0.07807595266339766 -0.11403606796969439 -0.09692643226656367 0.02161257153333547
0 25 -0.03358331352673934 -0.0015289990494283911 -0.01608660779518989 -0.10964256790477848 -0.08258578193638641 0.0173800827934061 0.06387508440140974 -0.0826692225832772 -0.1534628757440997 0.06476667786552087
0 26 0.18803800445398713 -0.07080445919580688 -0.023373622131964415 0.04752586734050922 -0.07099500209817627 -0.14044301567784287 0.03817738422086812 -3.1423071658137446E-4 -0.03313526974249429 0.05024858998946189
0 27 0.136988484961849 0.04163650751095194 -0.01102734529070569 0.12843129126927044 -0.015567246296492334 -0.10997087997901366 0.034857606597313 -0.09221713681211474 -0.11712623784797845 -0.06752392339526123
0 28 0.06996470228366108 0.013716060196534248 0.047355511649911385 0.07867122704183872 -0.04991495770110484 -0.008219958731412201 -0.08394087046901842 -0.01677752206839307 0.07122798147415542 -0.046057719346167474
0 29 -0.18388810126941119 -0.0942294904537625 -0.04368096162260795 -0.18500539719038783 0.006550706168254141 0.010457390551824014 0.05746981545971343 -0.06520262191776309 0.05236829657551153 -0.005674561032408203
0 30 0.10482843534130197 -0.15960998191063425 -0.02240999085743581 0.03349184337788402 0.03210295339290945 -0.23215347151608362 0.08689291157577182 -0.0864236379814838 -0.224876284789783 -0.08449706816554313 -0.5192655785360053
1 0 -2.7496875499496096
1 1 0.8299781636216335
1 2 0.5236495282602722
1 3 -2.3503270757391928
1 4 0.5055414271575548
1 5 1.0900796040174872
1 6 0.005655108613644353
1 7 0.623060824980506
1 8 1.3277651721966215
1 9 0.5378733549430771
