## RankNet
## Epochs = 100
## No. of features = 30
## No. of hidden layers = 1
## Layer 1: 10 neurons
1 2 3 4 5 6 7 8 9 10 11 12 13 14 15 16 17 18 19 20 21 22 23 24 25 26 27 28 29 30
1
10
0 0 -0.46380757398911365 -0.06443689712179576 -0.3226793594116728 -0.28125826166510853 -0.10835409153922958 -0.18450474992577426 -0.4221577311831857 -6.373376927218724E-4 0.13220137348881097 -0.46111049799211357
0 1 0.20046258334815156 -0.045852572457415516 0.24452118201953502 0.10463784995499073 -0.025292726988286548 -0.04682628072395631 0.1970882448107808 0.045819710288082134 -4.758515540017291E-5 0.2946333682484623
0 2 -0.8193384256312527 -0.10153817251492876 -0.5224685714092668 -0.6570947038867078 -0.2702372405476221 -0.16265918922253153 -0.7207316380829193 -0.2216802213633607 0.16974237025530953 -0.8547405215143077
0 3 -1.8409765260425603 -0.25831447672717295 -1.4427038813691875 -1.448714900065118 -0.35301386996211837 -0.30238172459050944 -1.6036073858765147 -0.3391665084265358 0.6172497200066203 -1.7229487517983972
0 4 -0.7520126557609463 -0.09011204386735229 -0.6030389776247075 -0.5353830405932046 -0.149551107813071 -0.21482639516277857 -0.46538149390801525 -0.20544326133902363 0.21204687103068431 -0.6742044155230729
0 5 -0.18000922645348427 -0.024278525177811577 -0.1836297904861767 -0.0645850138513072 -0.11664870410019658 0.041605233580895525 -0.1758672416634895 -0.04345244124302202 0.10532932607301498 -0.03388494134924344
0 6 -0.11766238335280471 -0.01805990013587724 -0.2176818384282592 -0.22036891454577331 -0.07389920095411019 -0.02668827995887226 -0.07386058413948164 -0.12184910371258616 0.15638089649428388 -0.15821446915878776
0 7 -0.403693731674731 -0.07448993908324188 -0.4146271618375507 -0.3479274665463176 -0.10886873805485428 -0.06360632591178302 -0.27562541242503036 -0.08361871313467187 0.21565089808015167 -0.4042442679136256
0 8 -0.4858549454817154 -0.16755706866288436 -0.2991433105415948 -0.4845150536102875 -0.1268168508171812 -0.19404404785578186 -0.49844478066035 -0.1591068210907573 0.19561447597467976 -0.5815446463373374
0 9 -0.2647965661134484 0.03874427205641215 -0.2530903784019086 -0.26534145355270106 -0.029625305091041425 -0.04737211158022567 -0.2730012564331213 -0.09500981158103912 0.011906606089295417 -0.2944260890976111
0 10 -0.4686427397545269 -0.05439385751132968 -0.2948819124277943 -0.3981457260028693 -0.07906357832451255 -0.09750907856109856 -0.3001877130292033 -0.03834787676168126 0.10861220476366873 -0.4592423889017124
0 11 -0.17206664932146584 -0.08985200507318127 -0.1926212272433023 -0.1676876607374341 -0.12508464076778633 0.039141388662040776 -0.2633802536277011 -0.09392888301914236 0.1042983588344579 -0.31877083978157145
0 12 -0.009104185161275235 -0.020975113022782686 -0.10331234048940831 -0.008616410565254456 -0.02470139506787579 -0.026915725281387363 0.020084491851193396 0.014391190366048644 0.062368776548352864 -0.03664110421006613
0 13 -0.4508668425995588 -0.03980469289338052 -0.2004187612273309 -0.3598274162585264 -0.05122738230158833 -0.036098064358086795 -0.26252158357597866 -0.02428707146737236 0.11360600786088856 -0.3907750995659662
0 14 1.5444113518548044 0.2723759023595958 1.1799783339772811 1.1896164184664924 0.4063702829684606 0.28067516463385545 1.35503766223984 0.3570178132977117 -0.5311068717485771 1.591882940328872
0 15 0.19998732299266736 0.03124264702108218 0.2521696773057269 0.15834387252107124 0.1485482319262623 0.04207929632184727 0.26043903043793554 0.11346729545987388 -0.07650122155698948 0.3120886064118826
0 16 -0.004351956631562287 -0.061705222748055885 0.026781474108742955 -0.11328117286826188 -0.058876460746983904 -0.008497842865954173 -0.08471593189781775 0.06268689154811947 0.07435396383909924 -0.12203029964484378
0 17 -0.5000127895298909 -0.11352830880466615 -0.33157279739377504 -0.22655665460570076 -0.056001569843917756 -0.07600364890801926 -0.4129112895320951 -0.15033356879401918 0.1879015325506957 -0.436183151509277
0 18 0.049735337637435366 0.09012772559518217 0.03605700616471166 -0.07955903919815464 -0.05523407163842316 0.0776536054116594 0.004131314884119142 0.02807028553092075 0.030646671972897797 0.05399881727920804
0 19 -0.6887283128524435 -0.10406918654012011 -0.510038983020097 -0.5800616806031683 -0.236281122366566 -0.20613249585976642 -0.5499810901017489 -0.1057854205209915 0.21035540277088816 -0.7337134428265529
0 20 -0.5380023325738348 -0.05744877357549158 -0.3880966457424269 -0.531526577616772 -0.17135171932127435 -0.10625706560714046 -0.42447878364175 -0.2103663340256248 0.24113416269131505 -0.5150002280125043
0 21 -0.27142517944270184 0.009159309811559432 -0.2009904890695893 -0.2584006872962114 -0.05971052545873232 -0.15520948282258074 -0.21189095066671962 -0.013930756578943717 0.06667980789394867 -0.3722960372593253
0 22 -0.145344322094687 -0.12925302354502302 -0.1679922639817144 -0.12271394501064947 -0.018116028064278457 0.011247845217723871 -0.16613587114098335 -0.049799400412903864 -0.010366037564670269 -0.27006334988912867
0 23 0.11382403621362124 -0.04083227598244644 0.09681067690628142 0.06159336681825743 0.007803898171367574 -0.06401391654469354 0.08277629769309229 0.12500145306895438 -0.07995006095218614 0.23281267541378212
0 24 0.04004758589073105 0.044929760425465454 -0.05739291284415457 -0.014375290265045169 0.04078945076636003 0.09174068800648051 0.04869100747031393 -0.027754558446956963 0.048356012583454754 0.07715895266749644
0 25 -0.28771085744860975 -0.06311687722850574 -0.22425038867485095 -0.2249719925743842 -0.06570941034973084 -0.0658758771511394 -0.28500469611722146 -0.11114541521169387 0.08465176297371677 -0.2761307538135636
0 26 0.07717473938955777 -0.0072511896885016115 0.11926624121064967 0.08490047443930078 -0.022493107779938626 -0.03371683896184647 0.09823509450881117 0.021212728119026945 0.0680143624043898 0.05702664561562275
0 27 0.06458203644705617 0.019720578609788705 0.0871342853647092 0.2068065140489519 0.13532552133282122 0.035810060179081706 0.15855646219401393 0.050074508039333804 -0.058947195350153254 0.23932982232311056
0 28 0.011640548457159871 0.0852603816639147 0.029990647161699746 -0.06085710467299877 0.08800565606293091 0.013438951654175304 -0.09732217961063022 0.009033001632834228 -0.029137408068932436 0.016898037577184815
0 29 -0.29233281264567956 0.002275716431329406 -0.13700186792044358 -0.28255352874257916 -0.15926910210227888 -0.04899792537929959 -0.3478587391284001 -0.037223623580218614 0.11145723187594718 -0.3998516174656443
0 30 -0.046123162546481175 -0.09301650008267072 -0.12803818796423622 -0.04707367160517225 -0.0037946016529763404 0.07956759973722231 -0.019449313371395077 -0.0911499549158681 -0.03051926637326433 -0.15333538124154283 -0.0334053807800772
1 0 -2.746570760410049
1 1 -0.48694891851588534
1 2 -2.1972596099698674
1 3 -2.214086599443321
1 4 -0.7629017609208293
1 5 -0.6211035449626543
1 6 -2.394708665594702
1 7 -0.699611785482304
1 8 1.0044852070167185
1 9 -2.739515822538733
