## ListNet
## Epochs = 1500
## No. of features = 30
1 2 3 4 5 6 7 8 9 10 11 12 13 14 15 16 17 18 19 20 21 22 23 24 25 26 27 28 29 30
0
0 0 0.04302646033120863
0 1 -0.0077602263348557545
0 2 -0.052784167955879445
0 3 0.02945130666377799
0 4 0.05171131548540508
0 5 0.09495914566577604
0 6 0.0337059558606817
0 7 0.10066024840804841
0 8 -0.08734964638777774
0 9 -0.06616875175212938
0 10 0.06247281009225752
0 11 0.07379265820973449
0 12 -0.016380290740373116
0 13 0.06606018002417854
0 14 0.058210953746279416
0 15 0.05676670952770164
0 16 -0.011972275673219896
0 17 0.0032425648054391337
0 18 -0.009883588507970482
0 19 -0.053710033523361324
0 20 0.07816915611971148
0 21 -0.07307830544236699
0 22 -0.012458836705610227
0 23 -0.08255543485569114
0 24 -0.004834941850251296
0 25 -0.013688059072675356
0 26 -0.024264999641482984
0 27 0.08152704180678458
0 28 -0.08628180044126521
0 29 0.04992162267050886
0 30 -0.060728102922439575
