## ListNet
## Epochs = 1500
## No. of features = 30
1 2 3 4 5 6 7 8 9 10 11 12 13 14 15 16 17 18 19 20 21 22 23 24 25 26 27 28 29 30
0
0 0 -0.06588624293862824
0 1 -0.007741640132089653
0 2 -0.09713064155097419
0 3 -0.031863752234585895
0 4 -0.014171383369621733
0 5 -0.01824336441962612
0 6 0.09753623536581879
0 7 -0.009401845329432394
0 8 0.007223640986738943
0 9 -0.08701159417351724
0 10 0.03741223291337713
0 11 0.09822126456531717
0 12 -0.0673056721324298
0 13 -0.07301435310520676
0 14 0.00957976684725139
0 15 0.06410393016981765
0 16 -0.01708045194464164
0 17 0.07860862022649849
0 18 0.05362017586535446
0 19 0.06704184607193311
0 20 0.06228258120672542
0 21 0.025528715926528965
0 22 -0.0966010735286849
0 23 0.07036216648383047
0 24 -0.03355607536771148
0 25 0.09287773127729809
0 26 0.09716148795684564
0 27 -0.005637409592748633
0 28 0.08849544850035933
0 29 -0.0547378772227637
0 30 0.08581176400184631
