## LambdaRank
## Epochs = 100
## No. of features = 30
## No. of hidden layers = 1
## Layer 1: 10 neurons
1 2 3 4 5 6 7 8 9 10 11 12 13 14 15 16 17 18 19 20 21 22 23 24 25 26 27 28 29 30
1
10
0 0 0.021114817337599907 0.09415845968567804 0.04399242462175162 -0.0034871881395779746 0.003289329029114449 0.08786526556411581 -0.058561011313275534 -0.006242629240386545 -2.3959536340155041E-4 0.06961821469115359
0 1 0.04614251988783667 0.05909080689354751 0.028551171839203204 0.009320654846770896 -0.006328068153129332 -0.046340373275031224 -0.0049132276467143765 0.09061022859186245 0.07399043111313135 -0.02058616983076917
0 2 0.09079807712644487 0.05157169859088161 -0.05258127295829821 -0.004228927152942388 -0.0723998530503814 0.06170482509636752 0.0908060594920264 0.07810060903938151 -0.06727824895802904 0.08835527200138991
0 3 0.0032535943288346516 0.013598413525480465 0.07872267945194798 0.02666661122473417 0.05989350210754909 -0.020410914398732764 0.07545953543561813 0.03640128573185373 0.08681499215671845 0.02410661398744151
0 4 0.05314827108181364 0.011663816626499257 0.061763978523564 0.07587596342877272 -0.003194190880743958 -0.07920534588481742 -0.0419529486224273 0.011372434909621384 0.03375199428408723 0.07887554412162233
0 5 -0.040906567199801326 0.054632283893651636 -0.08973383534349709 -0.02230615895033395 0.04795051510067118 -0.06168357280166764 0.06089570127912662 -0.07944452194715378 -0.0949277254088647 0.05248381596098189
0 6 -0.009706699759741106 0.05013221589246121 0.0865168593933907 0.0543427972368165 0.01874370876610204 -0.02937122994806601 0.055278874095260964 -0.030636626870502635 -0.03223363879809603 0.0528622987937639
0 7 0.03478898364785075 -0.011993982023452568 0.06533798866479903 -0.04309720377594187 -0.03063196888031013 0.08159936415032334 0.06188817515458606 -0.036095513285468464 -0.029539397046604465 0.09889625226864253
0 8 0.015724977214102497 -0.0958711146187543 0.005474181812133002 0.03974109051407115 -0.08999161956050403 0.038272227588500636 0.061305862411142546 0.08261705379299333 0.06839815889276894 -0.016291942902535588
0 9 -0.021401072843334267 0.003240086964679469 0.09508773438811484 0.016757737479974853 -0.07345414348863964 0.09655756300781004 -0.08799557416229069 -0.007298187493549268 0.07729204192691982 -0.07075965635983657
0 10 0.09375555625304532 0.0744689594936571 -0.08277796313216998 0.055762987590126205 -0.0842821300874521 -0.054411801437347224 0.026450386186865956 0.017346546042752924 0.017951122403259804 -0.03915010930723799
0 11 -0.05423619365349349 0.024659300729040077 0.05368810230550351 -0.08568272325333699 -0.0649144249125666 -0.05243439965693838 -0.06236241071530847 -0.02396464656584984 -0.08113959494920903 0.03982059027340914
0 12 -0.06861331597653832 0.07075761539241841 0.02931906407510073 -0.0415600606931704 -0.048698584668651936 0.021750774819391933 -0.06163714341912711 -0.027325002402668427 -0.03355136360583222 -0.07912682966092194
0 13 0.051483807509228485 -0.08419359992648597 -0.0815621585448775 -0.014768905846879095 -0.07633862035104383 0.07289969051930714 -0.045152532735448545 -0.044072145252317334 -0.04122934073120889 0.0748515320309058
0 14 -0.003234650846444379 0.005622006889278219 0.0984246331530861 0.03684944223158994 -0.019757445356517623 0.09384378970767834 -0.09232840434312563 0.09638853959395545 0.06870769657532733 -0.099678674958701
0 15 -3.007938924408233E-4 -0.01743029670006417 -0.08212044326407743 0.04614013271231111 -0.03174057655395918 0.017804723851316383 0.09795476205170663 0.09046347571154645 -0.0326136668409636 0.008745086435037651
0 16 -0.02224799330285984 -0.08277959843555563 -0.05767790530206046 0.09585082871410937 0.07656521075641705 -0.03403546023483613 -0.08996117492845715 0.003196576853855115 -0.06859882829403652 -0.04771305169443411
0 17 0.04006552172736589 -0.004878957688463119 -0.01409388706223943 0.011478580315442997 -0.09365798118747155 -0.03401271686275954 -0.035774988296675504 -0.03340971227090223 0.07483159008488614 -0.04301834651806215
0 18 0.08001370624382263 0.01554862240893621 0.04802078613739971 0.06494759610679965 0.03701030009290534 -0.05196983822855023 -0.015887873120022877 0.09098546203941055 0.07335470831357685 0.007391434045696702
0 19 0.06000641788355998 0.0642905232738614 0.08168737106242965 -0.007239986252726255 -0.030425446047562477 -0.015108585788141546 0.0016299113712962927 0.03783692797728306 -0.020079886181948732 0.025868711370687934
0 20 0.08681435503315031 -0.0045912895800777126 0.04291339078563522 -0.049883097105745594 0.07336616203466581 0.02240774274531122 -0.0906272615571447 -0.016629601454916296 0.0766350160182526 0.08148051022393418
0 21 -0.07471205442846204 0.09628424308975919 -0.023991247407311168 0.01169668122073275 -0.04194476974863518 0.07620339128802797 -0.05551030322215208 0.028903835992286766 0.08745480622333056 -0.024632136532222508
0 22 0.03735911494368446 0.0059176831354579565 -0.04527715880818508 0.08937303785012914 0.06849303740037853 -0.045133802452382694 -0.08330226767549512 0.06055622610970404 -0.03285173914636878 -0.09718574679519587
0 23 3.8921683672477986E-4 -6.168991362809481E-4 0.08990162477304231 -0.04288910117054656 -0.03252265742953952 -0.09825300886063777 -0.020784639454371007 -0.04326462118104925 -0.05570625809580598 -0.058370553754266453
0 24 0.003464331825707744 -0.09454939703466578 0.020591656395068405 -0.07839790502763078 0.05532848145612928 0.002003768813174603 -0.06641674384738495 0.09551775685482036 0.06514300476850513 -0.09723874316295898
0 25 -0.0386809642918497 0.0068887788064259875 0.03463658701702142 0.08274531286041348 -0.07821941472420176 0.08605914244329439 -0.061228693146754436 -0.07977308009480093 0.06170898422415838 0.013022056652508234
0 26 -0.027514965742263878 0.09478930436723956 0.042301316777672536 -0.03731534967588093 0.0024631687580896227 -0.09400293548325692 0.08562196161617311 0.07347731414692797 0.025640816688424543 -0.09747573299909397
0 27 0.0978017524617605 0.005724881047870143 -0.01734856208641922 -0.05602193912275264 -0.017712807566641654 0.04643238526388045 0.05140695955036551 -0.08164423944171904 -0.07744148427521562 0.04464853034352983
0 28 -0.03622878003301221 -0.03204544901027843 0.04420287477204693 -0.09426592641203457 -0.07022794914388776 -0.039093288387523996 0.02064792371027823 0.024936310981568593 -0.07787551250468552 0.08540167436111447
0 29 0.016197882763121778 0.09024771344617034 -0.08739804507959731 -0.09773942233619524 -0.0023525215227828584 -0.08495678691898846 -0.08018177379191888 -0.027561454189675715 -0.02896302099917759 0.03464290862352178
0 30 -0.02974186986278497 -0.07897179120982185 -0.0418239949438775 0.0637028551618203 0.07937338394108537 0.08319022554141556 -0.011011353714661627 -0.046011100820297725 0.016709661914983024 -0.03035129182130125 -0.018212407827377534
1 0 0.028649514541029503
1 1 -0.0302262008190154
1 2 0.010401755571365329
1 3 -0.09983243048190879
1 4 -0.03872819617390523
1 5 -0.04057800024747826
1 6 -0.08722953498363453
1 7 -0.029348487034440294
1 8 0.03334688395261815
1 9 0.06335404515266416
