## LambdaRank
## Epochs = 100
## No. of features = 30
## No. of hidden layers = 1
## Layer 1: 10 neurons
1 2 3 4 5 6 7 8 9 10 11 12 13 14 15 16 17 18 19 20 21 22 23 24 25 26 27 28 29 30
1
10
0 0 0.0041478978022350685 0.013985340919585917 0.08865840089200924 -0.011253492221200501 -0.015726239726770286 -0.019786942337377884 -0.04023642450448037 0.07234382348909994 -0.051559971543958784 0.08311759150637363
0 1 -0.023058550186315262 -8.992070135685072E-4 -0.07879320004614371 -0.0704083856267752 -4.8528502536300625E-4 -0.043945317918485556 -0.07574697731644585 -0.0061165526804187265 -0.028196521645006262 0.08118913508554318
0 2 0.016430575451298852 -0.045625989927639915 -0.042864633564839084 0.07096163781163466 0.06731776918790489 0.0389995466486243 -5.01355430300715E-4 -0.02592571356755841 0.054592913093932445 -0.015104444384585414
0 3 0.013380130259277466 -0.026843806663969964 2.528417556062374E-4 -0.030330572053793643 0.08375231124625904 0.06782370973631462 0.015951976878398385 0.03627154396560247 -0.05462057896011779 -0.021696486441894373
0 4 -0.0221261805082743 0.0027333441120576925 -0.07467507920030365 0.0909465655399978 0.06708086321056601 -0.03990736788647119 0.033057804890777885 -0.07647722006624132 -0.03966947268874515 0.017019728752522608
0 5 0.02798114334700225 0.060703699498619715 -0.00810720697098087 0.06509252314231996 -0.017294195768977033 -0.04594945004694003 0.06472258154706932 0.08685146112310292 -0.0483958877578105 -0.039913940856132896
0 6 0.024500873260780428 -0.0740585953609358 -0.06688733705512473 -0.09771022018730412 0.011463685382335633 -0.034539578455198436 -0.09704750856954393 -0.06689924839140429 -0.05721630459656259 0.005283004870221181
0 7 0.01431059738122581 0.08526949180087025 0.058884491437305814 0.0064427635635825545 0.051573244636397786 0.08815957416477706 -0.06621306712776237 0.037799945506898976 -0.048180236096115846 -0.07588285635632451
0 8 0.015733815158786933 0.09213893622799332 0.09481953157803465 0.07731048702750205 0.08999565069239523 -0.0793354832146526 -0.03126135524404511 -0.01987138331123439 0.05588663006942917 0.01206997793361754
0 9 0.027063579722129066 -0.08361381424199227 0.028079778691539665 0.003737296868400918 -0.011399132284994225 -0.07272145671538376 0.011283467774294837 -0.06865737611102114 -0.021578965127050174 -0.0861498414645558
0 10 -0.09799598861040947 0.09439039091904454 -0.008379483273071366 0.006064484231761124 0.037413432350502304 0.07705046668324719 0.06979213304664787 0.052001236216927 -0.044580829626021126 0.07293842444911233
0 11 -0.08506363832935829 -0.06865823901735207 -0.09108297090121965 0.018788607179209018 0.08661032492765552 -0.0223121299065613 0.001837635897586201 0.01989626838359923 -0.036227461376358315 0.08507233244824501
0 12 0.08456303253168246 -0.08549935681887882 0.07214766465884867 0.0748011580984044 0.03696911397770001 -0.015013096793668376 -0.05242529293523687 7.53548561122695E-4 0.006061117014133234 -0.005790128561746341
0 13 0.04939522436189914 0.0374261144151954 -0.02580592397693609 0.05436469903838059 -0.0435939345590299 0.012832851343529642 -0.01995381795575352 0.07230261285074516 0.02450913870149815 0.050276750246741
0 14 -0.038317292098570696 0.023047885529549773 0.029078341657534004 0.04582622093267697 0.08799922993544661 0.011814423223726478 -0.040883658350056806 0.0021999471416524583 0.035226191110688934 -0.03019368778674054
0 15 0.028326971897074102 0.05986681497460104 -0.0736338357414783 0.06593944052909126 0.02026709830310045 -0.08782156328059594 -0.003808538372532835 0.03298765132260643 -0.009138768750409932 4.6333529029761526E-4
0 16 0.021146805170306225 0.07441624596253138 0.015454311648378422 -0.06158427304526582 -0.08374388399180997 0.00974931404708474 0.07955779817677712 -0.03143611320197379 0.022826215558659532 0.08131508017932637
0 17 -0.016196965488927618 -0.08565400727794614 -0.05937013995905206 0.056937583315330484 0.027738389284747582 -0.004922880986444502 0.012972100734686662 9.104174068359582E-4 0.08237355950213601 0.09715070842901938
0 18 0.02301723039531267 -0.019511425277565428 0.04528281629898091 -0.06092765866036271 -0.055669584855189476 0.017759716802138358 -0.09797554055722407 -0.041641884765437905 0.03368124048178932 -0.08143559622266566
0 19 -0.09265737814294851 -0.06467774357989961 0.01281847527447077 -0.008457291560693697 -0.06746920163908654 0.04877941288889893 -0.023155283760417283 -0.07412610665187012 -0.08870903017429978 -0.019899192267405257
0 20 0.008852561673003176 -0.0052655883337517605 5.550603090562254E-4 0.047219017342154584 -0.029309482455405243 0.08025399837266142 -0.032088547058137344 -0.016513274167945124 0.030692386146921505 -0.04267009574544941
0 21 0.055103451211017423 0.043681987583067385 0.0543487544673638 0.04058157614210099 -0.090224141314416 0.002697633557645259 -0.028311416135419574 0.05558421320423468 0.03406283887318678 -0.01430002292713385
0 22 -0.0787740951951726 -0.09127711680654137 -0.010577059031451204 0.09012388416920168 0.003959296546214626 -0.021588670722323535 0.05954509508379651 -0.08351511602434895 0.08042435371631809 -0.09020718125903236
0 23 0.04065927850534527 0.02922028480568291 0.005361702106535914 -0.06368831505231623 -0.06436738233027288 0.08631462464799738 -0.037009957575723104 -0.007922749445466726 -0.06272628756385523 -0.01655560557904499
0 24 -0.06271940979511861 0.058135112090338024 0.07804634748493013 0.04161516451240528 0.013256414800780214 -0.09243704271384907 -0.07723482810619535 0.01950599676586668 0.03431104554953778 0.01168976169661578
0 25 -0.0988406538056935 -0.08151295167648757 -0.06041685280800656 -0.03559830707301344 0.09436275272477389 -0.031146688394605437 0.045917422381337815 0.007189896835707552 0.0719437695889018 0.014294691295004446
0 26 0.0788220175645164 -0.09552151192722151 -0.01277130033328222 -0.08921201071524018 0.046879649874813585 -0.024878605647387503 0.025857632101707113 -0.018304023170590777 -0.02227412254061633 -0.060268298168656316
0 27 7.431890141627162E-4 0.023075271504259434 0.012694526072181363 0.09349183737544026 -0.028379862902867724 -0.08653463973617849 -0.04422782992237691 -0.04853166198039631 -0.005494362587818313 0.014250264026220294
0 28 0.06693011784722724 -0.0295474371538722 0.06422773223359893 0.07885486661047189 -0.014228851173107078 0.08674978446667712 0.05362297934694237 0.0798875581312888 -0.00565695319885698 0.06262249532911315
0 29 -0.05429223697211926 0.04910545161409442 -0.056093264421932236 0.012296061701909663 -0.024416161391881647 0.018677194753056726 0.04251146164110866 0.062480410233054125 -0.060309099767809994 0.04850851593341321
0 30 0.054661276273951946 0.030771693016070453 0.09929061175344288 -0.08297199391763742 -0.09616061791140797 -0.0941602162548335 0.060898658168057916 0.0038703862097057293 0.054953098850295035 -0.0700031203972191 -0.0752272456884381
1 0 0.08422680199146128
1 1 0.0846652537584317
1 2 -0.004156189970672134
1 3 0.07817963510751728
1 4 -0.012503480538725867
1 5 -0.01040635723620669
1 6 0.04683744162321062
1 7 -0.02884165011346331
1 8 -0.040908079594374085
1 9 0.00922388397157195
