## LambdaRank
## Epochs = 100
## No. of features = 30
## No. of hidden layers = 1
## Layer 1: 10 neurons
1 2 3 4 5 6 7 8 9 10 11 12 13 14 15 16 17 18 19 20 21 22 23 24 25 26 27 28 29 30
1
10
0 0 0.09340849170464013 0.04736775607757645 -0.07744997306102985 0.023829121009528716 -0.08257628766682884 -0.039449946101375664 -0.028631108890550275 0.03451382673821644 -0.0903911427294056 0.022872282829422167
0 1 -0.016930623285644292 -0.07116429837675492 -0.051280417747388694 0.03187673799701972 -0.05831730424850866 0.054146303057253764 0.0034625219910852704 0.03371662487726175 0.05796277881941823 -0.04118606125960732
0 2 -0.04250407239513287 0.07247088899384455 0.023585927645734694 0.011376641334677192 0.07708030712305389 0.020318607437907314 0.06993436344329632 0.07296367046145275 0.009613792558936587 0.09850485168029974
0 3 0.09474638869876635 0.010636196652055924 -4.515568383237393E-4 -0.053723613857859016 0.04282297034930864 0.011946139900380353 -0.028239442805564983 0.03608744871107228 0.07334207941474502 0.0337143741820717
0 4 -0.031095094764197674 -0.026052591334675464 -0.010335756143254814 -0.08080644001574892 0.09812443717902726 -0.0014619257416734358 -0.09073406361017468 -0.06559665183690752 -0.08078749128112435 -0.019374621059534653
0 5 -0.014665204034002434 0.013449265394389141 0.012587782072685252 -0.009859871809633268 -0.07132295004074214 0.055589221328448395 0.056535372817698125 0.04470511827718673 0.03754143653201633 0.027476172349905424
0 6 0.048485730693919794 0.04897781495198252 -0.041053910682265604 -0.05086243010651249 -0.06871409305355396 0.0687976564482287 0.03951378151360004 0.03347597880994941 0.05260147203304139 0.09527469424708053
0 7 0.09079934763960797 -0.06256920812566334 -0.04669373916790543 0.07176391278071674 0.08039782482101455 0.00502614020638952 -0.027722377191083003 -0.0792347832093715 -0.028004855925931386 -0.05159155427834825
0 8 0.02661311421754459 0.002370513240720846 0.016349478351310603 0.058015670360367706 -0.044236719353723135 0.0291847530159807 0.0736201860502043 0.04510377020246796 0.09989570635996126 -0.024366193879445802
0 9 -0.09266260580816078 -0.013515318199890963 0.02966954930910388 -0.049315069545314706 -0.08849152176624706 0.020540027735953675 -0.03818547313662993 0.0706519495873838 -0.08085766966008992 0.04264017354839017
0 10 -0.013405977369736095 -0.011050233096768105 -0.03737097349042929 -0.017272278916093967 0.033197209269338696 0.04873962739404296 -0.02788135027115406 -0.0175301935008792 0.027875872149802864 0.0639079694568642
0 11 -0.023030684831563467 0.06388185863551085 0.01585641439242657 -0.06413538840433161 -0.014706062939247491 -0.01708825371859157 0.09362470896975236 0.09495359810125047 -0.04997999470893588 0.03094152972115313
0 12 0.045851069147007366 -0.054918406043708824 0.045469318909528884 0.061204818304472504 -0.04011973229241386 -0.09273289409335192 -0.09856717272374599 0.04651586081619405 0.082428704186938 0.05507204366595007
0 13 -0.010263646393014091 0.07288320584925795 -0.039468147111563684 0.09551982659792851 0.021620113587195008 -0.03567086789304892 -0.08109930896564042 -0.028195016120951613 0.09614019658787444 0.09114647051901249
0 14 0.05415482997181111 -0.028142733740678803 -0.09248970877345515 -0.06938175834504029 -0.07506366104053178 0.041078791476513485 -0.03886795982997792 -0.08429843673996362 0.026546725174889787 0.059640725557216695
0 15 -0.06466196116288335 -0.03519277762488137 0.03662457380307715 0.06747596461556926 0.037518784051428784 -0.03785975429714163 0.06373019432950482 -0.032068184049659124 -0.02965219037219252 0.06669922919380489
0 16 0.02602044259399124 0.041079586289337416 -0.07591361699752223 -0.013026582202169292 -0.08927789412941596 -0.049981807211799865 0.07118130287484971 -0.08885312426211252 0.07535902899153789 -0.0012821116678995014
0 17 0.02871152284280357 -0.005125663417470986 -0.06872623127780407 0.02189374074856903 0.06309115908055328 0.07319152727360562 0.06327801231080578 0.09323873758664207 -0.031806878704096375 -0.044383276368416
0 18 0.03958048900072833 0.09732750596808268 -0.056531272899748554 0.006972071919008959 0.08064673769304051 -0.02817400791911842 0.05898454792385506 -0.017819778658023148 -0.08306715493695804 -0.045779251377027264
0 19 -0.04611409520350698 0.014899481820324313 0.0879562636923966 0.0032424904252455265 -0.033030394018124236 -0.008810021223797457 0.03210032310606475 -0.06195677051369656 0.02323257603392748 -0.09711947906894038
0 20 -0.017519706948780255 -0.03964122907386915 0.05067241506632174 0.07789671470165771 0.0062556238598930865 -0.09900644399480271 0.046453797679888345 -0.06671957404941434 0.07517010792669045 0.09736364403147016
0 21 0.015086870919866796 0.03542777296275303 -0.004431928721638574 0.06407876877110812 -0.09040670319510245 -0.09974269937322183 -0.03613716598304437 -0.06289027607565088 0.09639005142172202 0.0780415723021731
0 22 0.006325038984073558 -0.027212050841986427 0.05466082453829178 -0.03342196623441677 0.04756446285430033 -0.025382994403237345 0.06590780506918002 0.08878300393958782 0.06093435466090532 0.02618935887772326
0 23 0.04122552926133633 0.07399717237885746 0.0772026597150539 -0.08592036240039751 0.07528995502158824 -0.024485254769316598 -0.062307352667148486 0.07132252864755927 -0.03395990023516573 7.40346266094537E-4
0 24 0.07337211970649064 0.06560233577870182 0.07604789662166196 0.0391839608762398 -0.04105076401717557 -0.08061305739610516 0.03813061904761352 -0.07747823097995594 -0.025589141702126474 0.006819857397038646
0 25 0.09877233037980725 -0.017052052491399888 -0.020453421809612064 5.544929026789761E-4 0.06339125339605145 -0.006636447961064444 0.03907871764170725 0.08384815927731655 0.0417028236499158 0.01629483432658398
0 26 0.020904636651418892 -0.09197513179107733 0.055824114404123215 -0.09101343234223491 -0.06433764449914624 -0.06272079029264911 -0.035958914447195844 -0.039256860206872746 -0.007840680302085555 0.08544699859821395
0 27 -0.020376714221833462 0.08371733880281883 -0.043545601418356755 0.08944657479486326 0.07960731944210143 0.09389556074849426 0.00989263452944399 0.04217877457723155 0.08029869750835644 -0.04233074449445756
0 28 -0.07128416555982785 0.0806531018043998 -0.07232916304288513 0.0018236697925843295 -0.06544218591089497 -0.061404999932262685 -0.06431200828986013 0.022510228554167164 0.0686354856519284 -0.05114234192741505
0 29 0.08574866165371917 -0.06333526816567928 -0.07129256429726133 -0.03357167475405011 0.0302114923390319 0.0707326746504129 -0.02653348489177887 0.011821715998506985 -0.043470973231737535 0.0027591860802171565
0 30 0.036233956750084666 -0.09137591666212223 0.05487009272827204 -0.08700747006716683 -0.0016349723343843708 -0.035179006534078454 -0.040876232548444434 0.04155469353409189 -0.049134741514350364 0.058623691848636715 0.05639696866273922
1 0 -0.030402326956391237
1 1 -0.02760332822799659
1 2 0.05107056349515934
1 3 0.004860240034759031
1 4 -0.07251237332820983
1 5 0.006724995560944143
1 6 0.009319609031081245
1 7 -0.033567480742930936
1 8 0.03787334635853752
1 9 -0.052128661423922217
