## LambdaRank
## Epochs = 100
## No. of features = 30
## No. of hidden layers = 1
## Layer 1: 10 neurons
1 2 3 4 5 6 7 8 9 10 11 12 13 14 15 16 17 18 19 20 21 22 23 24 25 26 27 28 29 30
1
10
0 0 -0.046030592173337936 0.050767697393894196 0.016814738512039185 -0.04253411293029785 -0.07202054560184479 -0.052269816398620605 -0.08647723495960236 0.009956193156540394 -0.0737309455871582 0.01583203114569187
0 1 -0.0036088465712964535 -0.05924707651138306 0.07491940259933472 0.09767945855855942 0.021595586091279984 0.0327608585357666 0.09151759743690491 -0.09927528351545334 -0.09679673612117767 0.06986670196056366
0 2 0.07498063147068024 0.08715865761041641 2.851068857125938E-4 0.08851902931928635 -0.04071306064724922 -0.04197002202272415 -0.01424434781074524 -0.07773678749799728 0.06894023716449738 0.0744478851556778
0 3 -0.006886094808578491 -0.04566018655896187 -0.019788438454270363 -0.007606327533721924 -0.07945704460144043 0.08709193766117096 -0.07435643672943115 0.026353901252150536 0.04423784464597702 0.044293005019426346
0 4 0.09920608252286911 0.038489896804094315 0.023392826318740845 0.035291414707899094 0.032968588173389435 0.07431499660015106 0.05511162430047989 0.01507565937936306 0.010658090934157372 0.0760190337896347
0 5 -0.055690787732601166 0.0167828556150198 0.07380343973636627 0.09255929291248322 -0.014035445638000965 0.09235484153032303 -0.06265360116958618 -9.187519317492843E-4 0.08851811289787292 -0.03512371703982353
0 6 -0.05048183724284172 -0.020434165373444557 0.03521392494440079 0.020401764661073685 0.05940813943743706 0.07331003248691559 0.021238427609205246 -0.044388771057128906 0.09217898547649384 -0.07148490846157074
0 7 0.06724610179662704 -0.07657317817211151 -0.024988096207380295 0.07769251614809036 0.019104987382888794 -0.06629174202680588 0.032691340893507004 0.09686088562011719 0.07034458965063095 0.060225605964660645
0 8 -0.05966339260339737 0.0029184878803789616 -0.04418150708079338 -0.09434910863637924 -0.007063430733978748 0.09562705457210541 0.09675899893045425 0.02121078409254551 -0.08042161166667938 0.01223663054406643
0 9 0.021693985909223557 -0.021414315328001976 0.03022751770913601 0.08955927193164825 0.020106863230466843 0.026780646294355392 0.02259654924273491 0.08348332345485687 0.05001652240753174 0.05191046744585037
0 10 0.0971093699336052 0.005001288838684559 0.08431516587734222 -0.09072978794574738 0.004564481787383556 0.02449987456202507 -0.08749429881572723 -0.08508958667516708 0.06865321099758148 -0.029361654072999954
0 11 0.06787556409835815 -0.01360358577221632 -0.08246108144521713 -0.09385363757610321 0.07430686056613922 -0.08064672350883484 0.033219002187252045 0.034828633069992065 -0.08411648869514465 -0.007800167892128229
0 12 -0.046872299164533615 -0.08194127678871155 -0.07257480919361115 -0.04301675409078598 -0.05780511349439621 -0.08688127994537354 0.06319519132375717 0.006394302938133478 -0.03845217823982239 -0.03255217522382736
0 13 -0.0329129584133625 -0.08568234741687775 0.06854962557554245 -0.08017478138208389 -0.08651288598775864 -0.07951126992702484 -0.08442087471485138 0.009970205835998058 -0.020633269101381302 0.06182088330388069
0 14 0.02496328391134739 -0.06937816739082336 -0.06925611943006516 -0.007079005241394043 0.08289582282304764 -0.04169197008013725 -0.059800464659929276 -0.07261873781681061 0.07734726369380951 -0.0875425636768341
0 15 -0.011767501011490822 -0.08178646862506866 -0.08700940757989883 -0.09183955192565918 -0.07834359258413315 0.08958084881305695 0.0218488872051239 0.06957807391881943 -0.06544888764619827 0.04107645899057388
0 16 0.06576601415872574 -0.04534608870744705 -0.06242663785815239 0.05216379091143608 -0.09260839968919754 -0.023417454212903976 0.08390013873577118 0.0520009882748127 -0.043591778725385666 0.007992029190063477
0 17 0.053281258791685104 0.027060454711318016 -0.055449940264225006 0.0164446122944355 -0.05499667674303055 0.09776732325553894 0.04553009942173958 -0.05237050727009773 0.044704824686050415 -0.040464501827955246
0 18 -0.09256983548402786 0.06976623088121414 -0.034608758985996246 -0.03980281203985214 -3.594160079956055E-5 -0.06485962867736816 -0.06442686170339584 -0.019642597064375877 -0.09267529845237732 -0.07790442556142807
0 19 0.02766585908830166 0.05416666716337204 -0.07632225751876831 -0.07368011772632599 -0.047547031193971634 0.0051427423022687435 -0.08602672070264816 0.09648875892162323 -0.08726907521486282 0.06613674759864807
0 20 0.05821142718195915 -0.0631161630153656 0.035247765481472015 0.0199666079133749 0.0888366624712944 0.06552557647228241 -0.02755473181605339 0.0317995660007 -0.08144505321979523 -0.003977835178375244
0 21 0.05698467418551445 -0.007034176494926214 0.04647862911224365 0.06082289665937424 0.07101238518953323 -0.04047157242894173 -0.08640501648187637 0.05538298562169075 0.07935789972543716 0.0712687224149704
0 22 -0.0899588018655777 0.0911489725112915 0.07596028596162796 0.03677983954548836 -0.06319915503263474 0.017936890944838524 -0.02986743487417698 0.0876302495598793 0.045103829354047775 0.08370253443717957
0 23 0.014881390146911144 0.08623034507036209 0.09106449782848358 0.0433877632021904 -0.02875567600131035 0.06142561510205269 0.0589178204536438 0.025473009794950485 0.09932317584753036 0.033091891556978226
0 24 0.09904120862483978 -0.030836153775453568 0.08714020997285843 0.052223317325115204 0.032561637461185455 -0.05306873843073845 0.07206423580646515 -0.024423832073807716 -0.09987057745456696 0.06457646191120148
0 25 0.0546400249004364 -0.09770116955041885 0.07540761679410934 -0.008591276593506336 -0.012250828556716442 -0.09907573461532593 0.07406975328922272 0.07364866137504578 -0.024698251858353615 -0.09875496476888657
0 26 0.019622910767793655 -0.004134046845138073 0.024206627160310745 0.06548706442117691 -0.006136900279670954 0.01817835494875908 0.030804568901658058 -0.052196256816387177 -0.05973443388938904 -0.062483351677656174
0 27 0.005618566181510687 -0.017115075141191483 -0.09983932971954346 0.03258325904607773 -0.0918203741312027 0.042367350310087204 -0.006628692150115967 -0.026599878445267677 -0.015802115201950073 0.05931897833943367
0 28 0.02453821338713169 0.08072428405284882 -0.08960989862680435 -0.028001701459288597 -0.07043951749801636 -0.055458854883909225 -0.08974898606538773 -0.046528540551662445 -0.06950268149375916 0.003079318907111883
0 29 0.08718030154705048 -0.08565773814916611 0.011776899918913841 0.04882703348994255 -0.06866045296192169 0.05352524667978287 -0.008166611194610596 -0.061017878353595734 0.02053399756550789 0.09605436027050018
0 30 0.026454102247953415 -0.009864181280136108 0.07691594958305359 -0.044560085982084274 -0.06130078434944153 -0.0526963546872139 0.09885759651660919 -0.013884222134947777 0.013447308912873268 0.0811963826417923 -0.006262922193855047
1 0 0.02574995718896389
1 1 0.06855447590351105
1 2 -0.042669374495744705
1 3 -0.02966407500207424
1 4 0.09928111732006073
1 5 0.008254635147750378
1 6 0.022436166182160378
1 7 -0.0846361368894577
1 8 0.04823726415634155
1 9 -0.048959411680698395
