## RankNet
## Epochs = 100
## No. of features = 38
## No. of hidden layers = 1
## Layer 1: 10 neurons
1 2 3 4 5 6 7 8 9 10 11 12 13 14 15 16 17 18 19 20 21 22 23 24 25 26 27 28 29 30 31 32 33 34 35 36 37 38
1
10
0 0 -0.02279612882765092 -0.16415619406171306 0.15458819308293403 -0.12710079660291046 0.0150391524321024 -0.03711868006401981 0.140279112272309 -0.23907487784910975 -0.008028560635738898 0.05641458300633972
0 1 -0.029198203373083004 -0.3412640008792658 0.3562704297975909 -0.12903163764454126 0.08168138639996571 -0.008534920446333331 0.25076059534366624 -0.4187593575637125 -0.11381686461164892 0.16672571216700124
0 2 0.028480153069811418 -0.03257807121996027 0.06971001337999735 -0.12848965362533502 0.01400862936274494 -0.09552374767255976 -0.008610638184394667 -0.0629972550710905 -0.085925792451137 0.011788878958531031
0 3 1.0727419979897323E-4 -0.3498711383951553 0.5287018548672453 -0.16521965301132457 -0.08510054824897506 -0.02497958342496797 0.4578018739640322 -0.6632212661432149 -0.2574365740201957 0.3870505443656173
0 4 -0.010219467699192433 -0.07744518091183372 0.19764368157351303 -0.12617987212581794 0.08723185013807848 0.019920903513971272 0.21549666138369922 -0.1660782435750361 -0.15630181767175705 0.06223649504922203
0 5 -0.03920179604180978 -0.17665685608864914 0.3699575391652417 -0.09018795295114213 0.08269927325440714 0.10424858476936277 0.2768078791962483 -0.42406749029124835 -0.12014774519924207 0.20747914198926729
0 6 -0.0171550081358889 0.49803042480309917 -0.6196753320503396 0.293925500087787 -0.09194363153023558 0.013711122037846666 -0.5582144257995194 0.7024775616038977 0.21404001572896839 -0.4462245395977927
0 7 -0.010290320213794836 -0.18663966253205097 0.3788350729799758 -0.06334356002046708 -0.026424317062828825 -0.061133260515380095 0.36807001755357954 -0.5299759672297718 -0.1428051322298589 0.32799884688516495
0 8 0.10669799044549724 -0.05668072831596541 0.13275770998165018 -0.11546147882316014 -0.04437165949252386 0.05910460109291281 0.19036883001545074 -0.23625280055852307 -0.07918414573200241 0.03846298903352776
0 9 -0.010077663678663617 5.155349156406135E-4 -0.0850340178229825 0.0530935504951955 -0.002307536747148946 -0.02433625325881447 0.009400729880178472 -0.049199042594955056 -0.07156460686455425 -0.04973197466441649
0 10 -0.04247196060512596 0.1146285337432153 -0.07473051004889669 -0.024814524063112017 -0.08845694267513807 0.03298663685760673 -0.026071209380330057 0.13678310635072538 0.09140538857475776 -0.10023786579239721
0 11 0.03790252384184761 -0.008841020397184712 0.03616003590000829 -0.06837181067555681 -0.07890590417278408 0.08008187552045004 -0.06805090476313005 -0.04128358420527556 -0.04411721750387694 -0.004486999964939372
0 12 0.012287609628820648 -0.3095329295402572 0.1686060608933582 -0.0722030504111886 0.0673819017698547 -0.08331909348777505 0.33001038408033584 -0.3174083103760351 -0.07564139396884947 0.2351456605847024
0 13 0.1118625936895452 -0.18950809891011655 0.21516438930867665 -0.167033733029579 0.021036824664311324 0.0782544904942216 0.20679090716123935 -0.2622742921929851 -0.056340097464499715 0.03024644032428159
0 14 -0.05476109033688479 -0.11203851459261596 0.02626599979042528 -0.014144610871062181 0.0340983343307736 0.05902060532435521 0.07897660877939032 -0.09811436005820022 -0.03876988828624537 0.03322052522400313
0 15 0.009451094781213705 0.013003126496718549 0.11918915960990646 -0.020479546896339487 -0.051533434825258746 -0.08228572178290253 0.08703100991286525 -0.1936382674307782 -0.12025902110164713 -0.009151743475179242
0 16 0.05317850965205219 0.019922867497377664 0.05507938733583627 -0.0903394981487421 -0.022605911652886466 0.07014837515633673 0.051226105352632056 -0.10379633796900138 0.03819123814712983 0.10555547853368087
0 17 -0.01575094322460043 0.06523935801970131 -0.09591301318742147 -0.07857682328723502 -0.08027924000559726 0.07314019066418018 0.0384621114515567 -0.09268482481639391 0.015873225531829054 -0.06648807011120271
0 18 0.10270352703750556 -0.09342696148850341 0.03776281415452342 -0.13829405962867977 -0.08484215455434434 -0.03981952585675347 0.09857790782966645 -0.22284515430929164 -0.03881752327402348 0.15507155397159547
0 19 0.028827806304929312 -0.05505296968837273 0.14118906396414813 -0.11991082070293281 -0.01823785325168036 -0.08688454815108546 0.08014244674525371 -0.15582141921234752 -0.03831687162034108 -0.019662902355176856
0 20 -0.0663499460064345 0.023760503444177683 0.007620483586320537 -0.09502242763803909 0.009728247888826673 0.08303073159140796 -0.03364234963372769 -0.134745814881069 0.05978088079667974 -0.004937697012393953
0 21 0.09711968698713945 -0.09696518292041378 0.02828039777266876 0.04151516034403392 -0.0554697039736284 0.013984970237956114 0.08374772970558197 -0.041734730488548345 -0.016127417085451474 -0.031394662003649244
0 22 -0.046065206657933976 -0.1914697036447429 0.12440271097079868 -0.016207455186209425 -0.003429750580002659 0.04315052680230193 0.201088412666972 -0.26037529076362315 -0.15038800741771113 0.00807883475542376
0 23 0.06074649558137753 0.09843148088044486 -0.02818126046560556 0.03807378164329414 0.09815906493064688 -0.08102196429665581 -0.11462458870820223 0.042377287365197726 0.12120979637397249 -0.14493172168436552
0 24 0.035683767251515966 -0.014471939753551911 -0.11888048421794858 -0.05870396616295267 -0.0563075195331709 -0.10212316005950543 -0.05637623156151981 0.13406672419061225 -0.0233786733723696 -0.08145419528719704
0 25 0.0010296646850884435 -0.10273998898818568 0.11753549578061825 0.023086220983209692 -0.06511123211134374 0.05422550044765635 0.02209398207870276 -0.0251701110704386 -0.12910463600065983 -0.0018286262604962002
0 26 -0.09294766530202521 -0.030165907275737872 -0.11519774142940119 0.06369141346170029 -0.07117782854839588 -0.07172605315331658 -0.031177201886527166 0.1269210836530039 -0.014186075363232388 -0.047757833435058385
0 27 -0.05608360396703765 -0.01947980934592002 -0.058496838517261715 -0.09949140468621774 0.09384220000670007 -0.06062194468896819 0.03074273935433374 -0.12107017935717648 -0.038067568176696535 0.031345088048977024
0 28 -0.03891773215978619 0.05010376947332727 -0.057197262102768605 -0.04579818626808437 0.0650018081568855 -0.07355096236089571 -0.07193452202805938 -0.11590212991839063 0.0019353888238417998 0.09916894459206765
0 29 0.017018107344856263 -0.10358840586658587 0.11853500754332284 -0.08566748407067248 0.08412708502601378 0.04542542905486154 0.052158394577283086 -0.1482488030904946 0.0031852493342098757 0.01485081447807316
0 30 -0.09456232400242344 -0.10182003578710606 -0.05519369105972775 -0.03845443599688308 -0.08857453510624885 -0.025116692627745563 -0.0850042735081577 -0.07991165388170889 -0.0019159621292174145 -0.01267949451491567
0 31 0.09847456433650022 -0.06606822163447514 -0.10918755109072167 -0.039512364048748985 -0.021565045184611133 -0.06898046825578447 -0.04290927493215021 0.037341907574323825 -0.06012777356643979 0.010418359271819633
0 32 -0.01172844844841631 0.032462238107805644 -0.13277254642819372 0.05854075363779049 0.057046056482461284 -0.05833594795826613 0.0424100562459259 0.017406198651038648 0.08761975055918203 0.06169047354558426
0 33 -0.07213138451565677 -0.12385929233941674 -0.08660022508991341 0.0702940046954883 -0.007030524750698686 -0.07022330372259013 0.07953731963585824 -0.012076436200376767 0.07358570583884512 0.0810337615805081
0 34 0.08251556698592684 0.04515061579671089 0.012409820046267547 1.575682516219227E-4 -0.07904105964401266 -0.029605251152400546 -0.04661579395548913 0.04213207688693439 -0.02456421468026607 -0.0015260886305542138
0 35 -0.06744923244235888 0.08266048219564975 -0.054402426860008075 0.056031656202192935 -0.0912486333508919 0.04995932365979815 9.124389380430227E-4 0.020275200811770817 0.06411698928315161 0.04720995341024641
0 36 -0.03527405390150732 0.07849266517986846 0.07589942231755795 0.02136388130730463 -0.04674274022870432 0.07535485031256811 -0.0865214555353148 0.015039709573303962 -0.04868051340975036 -0.03512456002107805
0 37 -0.03377259637846346 0.040091359529897994 -0.049633757416400665 -0.03742318570026386 -0.03151957873674001 -0.019819537698292727 -0.006973991226282321 0.06403808801341924 0.06906079356070827 0.031197779336218482
0 38 -0.020686606577505262 0.06829604643852068 -0.15606215604770415 0.10716154665045179 -0.007957340386858339 0.01256337929776253 -0.08206166450012907 -0.04719349108100496 -0.05540170564382907 0.022426162511954142 -0.23073632589268595
1 0 -0.02037101365360337
1 1 -0.9271974074991346
1 2 1.1046484939313899
1 3 -0.525616963659661
1 4 0.012473062643210579
1 5 -0.05427468799053781
1 6 1.0024294694024496
1 7 -1.4756386551371936
1 8 -0.5332791120924327
1 9 0.7220064099848531
