## RankNet
## Epochs = 100
## No. of features = 38
## No. of hidden layers = 1
## Layer 1: 10 neurons
1 2 3 4 5 6 7 8 9 10 11 12 13 14 15 16 17 18 19 20 21 22 23 24 25 26 27 28 29 30 31 32 33 34 35 36 37 38
1
10
0 0 0.014985068293986185 -0.05984435684666919 -0.0427063701010398 -0.024359585586529668 0.09195508324966305 -0.1217416649181406 -0.044984424648790176 0.009982784991687636 0.07791388168126158 0.02493051136371996
0 1 -0.21904587006032045 -0.060020171252581335 -0.250435012956823 -0.1012916975827206 0.42588511912716914 -0.2732495998254914 -0.030232770490307297 0.01503772353341552 0.10370862197809919 0.06082903483984497
0 2 -0.07671797393694124 -0.0921842238264113 -0.06360254247881919 0.08778824881384162 0.1191230658811261 -0.16148342424331275 0.04702287640793246 0.06585010707553764 -0.03181231654826243 -0.05732290243377736
0 3 -0.15775271566302054 0.005718269526983805 -0.2682557511411332 -0.04240091394488068 0.46210536169240907 -0.501743443528753 0.03291070274624246 0.22102342091118876 0.17169873804333619 0.23115132638073999
0 4 -0.15158486637946927 -0.07044177325260327 -0.030864983920200446 0.033606853548001914 0.1519541551569239 -0.2851979297075731 -0.05922833851604212 0.13888225920343536 -0.04337195450810271 0.11583157497082934
0 5 -0.1537856632605434 -0.0997886604257841 -0.20220263726029636 0.026473363915662924 0.313424261850794 -0.20804813707442282 0.10620700004905655 0.051881135077855044 0.03585221855680345 0.1805524891515975
0 6 0.3000336991449752 0.004327215452000356 0.4193756395961732 0.10380884862616768 -0.6494726552095407 0.6706601895364643 -0.013628405321731088 -0.09151930897481628 -0.09633062909763858 -0.3648835677153651
0 7 -0.14408761670459697 -0.015454577479363506 -0.2924907437579797 -0.005905410754991054 0.44347968148148376 -0.4191136616539536 0.013346943521974457 0.11332554017632969 0.06254825525915429 0.06293866869587014
0 8 -0.019892505659391095 -0.03434080960836332 -0.13466025705650828 0.02700254241710257 0.21971225977482423 -0.025922562020835836 -0.07299304373608552 -0.03366556841868462 0.07913300776240413 0.02367035760578308
0 9 -0.01639082582749328 0.026538708773149986 -0.05169952646674693 0.021507409071448 -0.018869521413967322 0.03415885420446114 -0.09854720001911786 -0.07283562897344249 0.08834936853403112 0.07621958509368687
0 10 0.010289815487880626 -0.021279483665932734 0.08607989959696705 -0.0815390982547753 -1.6028564974334108E-4 0.136968015925523 -0.03983408813331065 0.07245133912022485 0.02597301030465244 0.07135800778812003
0 11 0.001571916153327632 -0.04449084292717134 0.11940582652100254 -0.006750716485967286 -0.16710814916186195 -0.01212454647025558 -0.03826840648170785 0.04118617815175751 -0.01825815640306816 -0.12942220547689529
0 12 -0.19802502462333585 0.028572969919890327 -0.12422660013366593 -0.0075971010122715945 0.35345874322326354 -0.2880377920202989 0.12977833639129435 0.08404509029029524 0.055074178813456595 0.15183644405274926
0 13 -0.07125686129983172 0.007330916939027328 -0.10793395365423127 0.06354365427322864 0.1557313338917968 -0.2708523330255705 0.10611829593085616 0.12232605298819835 0.04085617276034843 0.12651303614637976
0 14 0.010655517305536683 -0.05640604937057946 -0.09954387951896493 -0.02605537326738601 -0.025131078891963757 -0.1059964550775549 0.09082088577943259 0.03533344444704183 -4.7115882963338787E-4 0.10165947524456177
0 15 -0.024119724910539795 -0.02172372687594734 -0.055852698117737194 0.0353868600616367 0.08150942723466784 -0.03880380796366468 -0.04912616103477403 0.03405654941628028 0.09776558116383761 -0.01169246941741673
0 16 -0.13296803798828014 0.05736306508435548 -0.021245012824388076 0.0815682004753034 0.13620117941500912 -0.18720654073331888 -0.03816839653719035 0.09404354437394158 0.03766426765428659 0.04698295228852311
0 17 -0.008744895118830226 0.021648823514134243 -0.05100572834810633 -0.042335812618069714 0.052725951611464573 -0.08468907913617149 0.09889956460088689 0.08745925531115163 0.009224166302297134 -0.06432670055208009
0 18 -0.07142864253461674 -0.1035419676525554 -0.15185997967173845 -0.07458419064314308 0.24206392991448147 -0.14748392685319486 -0.0079888451464586 0.13659870393046264 0.036270750423555334 0.1183633128594325
0 19 -0.019606252101209694 0.004516365922554925 -0.10612025754997782 -0.04679026208051514 0.1636677337102276 -0.0694725889154477 0.11142387254826858 0.03870970363623861 0.10774885558371546 0.08252590184374482
0 20 -0.040547854916707746 0.05819098096901232 -0.13599983522131096 0.05488460198755404 0.1654375679301978 -0.0698894155088915 0.09522899438904124 -0.038782899939492535 -0.030182941970095696 0.1389879141554585
0 21 -0.11190170312151726 -0.03443458767357062 -0.12168525202643264 0.010329138985979761 0.014871802659127686 0.02555107922149069 -0.07782769728475365 0.06345739759605591 0.0385352525230989 0.10107799115196447
0 22 -0.08786713480924178 0.0595903163371953 -0.09074535735097114 0.06138823799053873 0.16846977777717415 -0.10619576760089496 0.020710065084532096 0.10714992295274349 0.12091149761289241 0.1663008453702863
0 23 0.06452444017250857 -0.08502290652469459 0.037100280313711716 -0.08248338925237671 -0.13888533003328038 -9.275391258278031E-5 0.02822990485910694 -0.07016153869641555 0.03748673366651673 -0.016734010566491393
0 24 0.12606251858132297 0.09659112296899625 0.10465184380117501 6.439015367118376E-4 -0.12455983519736283 0.16480306836706057 0.01313775320150244 -0.05643204049628203 0.016321485463756075 -0.00533662981202912
0 25 -0.010491701582002494 -0.10960542475509194 0.04070605889472106 -0.07807039143978868 0.019160793341923693 -0.13182167409395112 -0.06429036124209396 0.0019111515680856426 -0.05734992547357589 0.05265339014391395
0 26 0.08538077733605172 -0.0743170204843059 -0.044662191913582935 0.09817617464115862 0.00777142009764998 -0.0469021399381908 0.055371924073288094 -0.09002332385514179 -0.011706603659661518 -0.08534979348211218
0 27 -0.10842846520243132 0.07211218391232316 0.02017293274943209 -0.06707549678519273 0.11063816994971941 0.03812104890442712 0.0014613687180721872 -0.05595297546093331 -0.04948743745836768 0.014766195785073004
0 28 0.07478483732237654 -0.015643284525854048 0.013222624156147013 0.05219147601149772 0.0830270759544785 0.07237063015988635 -0.08028897565286008 0.04693741466024086 0.04169935299413862 0.03350659525340104
0 29 -0.09803739602931787 -0.017618502383910637 -0.10171481886202913 0.04232390463710491 0.014866781068286365 0.015874702568381954 -0.06266435158648799 0.08401610728431945 0.04085489303227917 0.04894748707294392
0 30 -0.09215400021003359 -0.07766909598109589 0.02433055048991097 0.033933186362609405 -0.07724063593644032 -0.03190151190470249 0.027531163323909237 -0.03596801315158935 -0.04836110985343158 -0.05815495438111146
0 31 0.03424962055661822 0.06607403921599078 0.05346810080810403 0.08194247572136437 0.07256721462850743 0.0667931369842191 -0.01689187486601583 0.06561709027511534 0.0687690782202117 -0.023037942312413486
0 32 0.07000017549541888 0.05908369336162071 -0.06821408789726167 0.09138444976170651 -0.07161039232541318 0.10811396438177245 0.08881796272522466 -0.03402191330875279 -0.0725126258415149 -0.055820881877092415
0 33 0.06836220956036212 0.07449902964058286 -0.09644352500370183 -0.0671383326902553 -0.05496993011401534 -0.0959588677604587 0.02874886367044699 -0.008736126882831156 -0.07806292442214459 0.04438622478061335
0 34 -0.023257091515121134 0.006927195037263397 -0.030318069443517906 -0.01306084024355181 -0.04137234122972583 -0.04821618249724071 0.06744672218766844 -0.06414576343763939 0.012624315629329547 0.05226350688261987
0 35 -0.0014511951324340628 -0.02521800396410048 -0.007434183495653249 -0.014003073396170218 -0.03995830611340753 0.021600478835590593 -0.052464860040968724 -0.0070003522112269895 0.06884232194208542 0.045203967184790556
0 36 -0.06031135556109754 0.09611852096718534 0.0790518217637491 0.02413562750900162 0.0964082934969812 -0.05400615426280096 0.01698151889020049 0.08343386844533636 -0.07987441935600867 -0.07178059128478999
0 37 0.06409408287285047 -0.0808331192898106 0.10402497585746814 0.09150859490460245 -0.022490330211508446 -0.022435662210684056 -0.09102043040953964 0.011936876951768276 -0.004648924616866443 -0.05649326195867005
0 38 -0.07746705808625123 0.06613107774229623 0.07528773553273088 -0.00683478516214439 -0.020325087849802567 -0.10587244075426634 0.04337147258833471 0.03253269766606146 0.02594696124369671 -0.0012016666748805055 -0.040873679549081096
1 0 -0.5975006696683892
1 1 -0.12728675820735902
1 2 -0.7937217956273503
1 3 -0.11680053629055609
1 4 1.2163838711304105
1 5 -1.174561072705374
1 6 0.04895855899750609
1 7 0.2960371236241684
1 8 0.21930826082085708
1 9 0.5227993846317194
