## LambdaRank
## Epochs = 100
## No. of features = 38
## No. of hidden layers = 1
## Layer 1: 10 neurons
1 2 3 4 5 6 7 8 9 10 11 12 13 14 15 16 17 18 19 20 21 22 23 24 25 26 27 28 29 30 31 32 33 34 35 36 37 38
1
10
0 0 0.028467704905426147 0.09779064186887843 -0.05730033370169461 0.003379946179739374 -0.08302684274513318 -0.013908168019603843 -0.006314189962907654 -0.04439737813461428 0.01954862842820087 -0.026380299359843866
0 1 0.028538654117889865 -0.05018746508399367 0.060922496333221374 -0.09358175807191058 -0.055733953081883794 -0.039268470859501296 -0.025897271534380952 0.0791481853635904 -0.0587762588998519 -0.046577516860953155
0 2 0.058934790168815934 0.04424104282000154 -0.05292647215095877 0.0119312308189903 -0.024752476927870682 -0.03112904782186943 0.05723416850129765 6.761709427225224E-4 0.04297510908501244 -0.055094917074924574
0 3 -0.037888238368254695 0.083894537996308 0.050673097585536966 0.05339763459995153 0.04748506277900099 0.020822814768520752 -0.058315444757983656 0.06224861355317108 0.07073263421888025 -0.04060576378244802
0 4 -0.0080921067242379 -0.005783528460761445 -5.119757129258204E-4 -0.016854685729908874 0.052780664079277964 -0.08479869193372915 -0.09790324455312445 -0.06457581486897437 -0.04782992123339441 -0.04704489216430109
0 5 0.03457032240816611 -0.06626554800462844 -0.08988396501157639 -0.005787640958427837 -0.07676204143755144 -0.051502733409350104 -0.04075878064319994 0.04895268422659539 0.04623838861637963 0.012832969082211204
0 6 0.04756220996938014 -0.047122276505139164 -0.08550883102320656 -0.03950096940489428 0.00681530417308461 -0.025481475930957915 -0.06217929783000078 0.09024679377942266 0.023272367958657697 -0.012184138431982319
0 7 0.07037940208475993 0.006534881381066082 0.08258942890382527 -0.013522843310047036 0.02602459323683317 0.08835761858269446 0.09109864619712388 0.09496642647808162 -0.007076343445450599 0.016155144816706574
0 8 0.03563482821930016 0.06639849509863568 -0.05987379071925198 0.004619469071081455 0.08161844773321371 0.07957978008310958 -0.07844282535327286 0.016518912655397913 0.058777706107208526 0.04658990897627912
0 9 0.06479778148407055 -0.04830075216498302 -0.08015671740271646 -0.07894955942165839 0.09518995334579392 0.02290260661105756 -0.0025732926310872576 0.028850232060188385 0.04987271840862514 -0.08999254825724132
0 10 0.06425906408133977 -0.08651526955812572 -0.011831846672050374 -0.03871021735323313 0.029106427324284194 0.05020273720737753 -0.004174308828567821 0.07412675319243345 -0.02590093829415811 -0.039793010879839226
0 11 -0.014578575226800979 0.094984778718248 -0.09546855273128109 -0.06803784673826813 -0.05109936933927086 -0.03691224842973562 -0.04942777841750482 -0.019642791034954584 0.08328142541867499 -0.013776764095696172
0 12 -0.09981474287664148 -0.012700761995630298 0.049698829096874966 0.09736828409763788 -0.04049441081221749 0.03397903107541252 0.054347058683904374 -0.025019132675007574 -0.04861814215697081 0.04581224504334083
0 13 0.03212132973120546 0.014047753388989068 -0.027171524190234806 0.05981989089872149 0.03652750811280611 -0.09237234042412876 -0.027955158433395685 0.06081729395305607 -0.09195623591766641 -0.024972327573102446
0 14 -0.07863399008049635 -0.04258420684145099 0.056601116076230175 -0.027933981481998778 0.08719754493499547 0.08685433386133189 0.06280918626592923 -0.013307148480891998 -0.012171633381456652 -0.07620985906115574
0 15 -0.03683395802813472 -9.184233660886639E-4 -0.06839248532654989 -0.08251011398247472 -0.051408504562911864 0.0666063628836368 -0.0843356582510538 -0.01327696334464734 -0.031296826205831865 -0.07034751383085044
0 16 -0.03928592388328667 -0.030572479166797836 -0.014963039304781989 0.021825496806727407 0.08676258626397312 -0.07863723459414709 -0.07279730552640253 -0.09698919556664772 0.013439100449251519 -0.07037000802673576
0 17 -0.0970818445488211 -0.014020536975727898 0.09261564094562923 0.08557527950035729 0.007540365831969041 0.014384873766886096 -0.06549697539689096 0.028695222778532734 -0.061638212873911365 0.07107829410967932
0 18 -0.024003686146616795 -0.0782535158963531 0.019467792642790655 0.06420953754663164 0.07489643363516417 -0.03593980454770562 0.0892022846764482 -0.022227052915860104 -0.03644030991294062 0.04928369520780091
0 19 -0.07108445811793518 0.026023514197918172 -0.05613249054940927 -0.038596664511201285 0.025373484145008274 0.012772950959117709 0.040798486774029016 0.006275082956772083 -0.01289060479837679 -0.09643068842659341
0 20 0.05885526637037684 0.04451872649463618 0.09549609324946487 -0.042721811412097514 0.008571392495185685 0.08613248902459847 -0.038278679677997786 -0.09778519437459242 0.045967527153957986 -0.062271743542893485
0 21 0.02522955421185028 0.07181070231372133 -0.031126046423090584 0.04099780458211949 -0.08586338002878194 0.021486740038280504 0.08294645142134818 -0.020822054176965723 -0.0314094362398257 -0.058610255268102054
0 22 -0.028615904087141 0.04461426662558471 0.016249025165045766 0.03595333946579034 -0.09657237643419977 0.08105378487941678 0.07264625127605882 -0.026145023314383807 0.029335771762134123 -0.09298298363919037
0 23 -0.01508479981042608 0.014372983194681797 -0.086256990473019 -0.07525601251627492 -0.07414915976704665 -0.07174270960879471 0.06510103007661702 0.0980560217189849 -0.09947740268666226 0.06224122570388766
0 24 -0.09623869768761342 0.03603323113973226 0.0661540684361975 -0.06361261005844722 0.05351113442833921 -0.09845131934178064 -0.029624775707993132 -0.04987216089951471 0.08176285804851131 9.531238409000762E-4
0 25 -5.224747342709962E-4 0.0917302170633832 0.06263758655153212 -0.03583309625940302 0.05265768664757727 0.0798590151285092 -0.027489105169076274 0.004172437518577911 -0.03485910803083233 -0.06570030233395092
0 26 0.07894952737333501 -0.070904862969601 -0.03069144489523427 0.044623366730588754 -0.001364921247453561 0.09149394764441898 0.0986429068954895 -0.07698151114147936 0.024160860035481884 -0.0378441825832074
0 27 -0.029907010966538868 -0.05410506496164565 0.0521094503261765 -0.020100998550181992 0.08083463541686378 -0.06830355722595365 0.09165542813220343 -0.06091294008346179 0.07278739209801792 -0.03867044328284112
0 28 -0.0835130728739389 -0.029307605576068256 0.0034193509508537606 -0.07764347723854392 0.09825298572738347 -0.08218097782870358 -0.08030826784892507 0.05735091074721703 -0.06384378685816944 -0.09365701668406529
0 29 -0.07026997941042112 0.049392550900115045 -0.07198632356350113 0.07412670055174378 -0.056118600054869926 0.06643651740673401 0.053408393255148484 -0.09476564264930983 -0.005910112792871091 0.030484221974733355
0 30 0.02155973886342985 0.03596184606801396 -0.08972086556470153 0.028534115630098663 -0.058621848978515835 0.07309686302148388 -0.023484259839635358 0.09365844833610118 0.05830824001171532 0.09749790322908429
0 31 -0.08039493542375958 -0.06717850201901265 0.04572373782041257 -0.046102407999944355 -0.08650342506513209 -0.05586082025127154 -0.06621489262170537 -0.07940799876239128 0.009068674268874375 -0.09704427156186225
0 32 -0.0723215295912454 -0.004049844922516307 0.0537611491544059 -0.08409933783732008 -0.04078327194170285 0.08367974625343011 -0.009923379610430163 -0.08486366209883563 0.020002245524580107 0.019836845079912954
0 33 0.021896784593639914 0.006413686456444112 -0.042446408238648814 0.013099857624723987 -0.01876509625949367 -0.021108892182271362 0.036200555539076286 -0.03411005174048752 -0.005006482716456536 -0.07058255473782948
0 34 0.03520459725210762 -0.04365665831630338 3.935923513112225E-5 -0.007529011451245696 -0.01856254302989543 -0.0020609100286633417 0.015914597816878227 0.017945311599528828 -0.006194210086597873 0.09849301082117536
0 35 -0.07958316057920456 0.09061605483293533 -0.09987469017505646 -0.01318629365414381 -0.038258783519268036 -0.06530755013227463 -0.08691740781068802 0.09756128489971161 -0.03486673906445503 0.09607500582933426
0 36 -0.017001114718288954 -0.020359892016832738 -0.0042060028450057515 -0.012041991737056125 0.0218035071485179 0.08149395119465824 -0.019865681037674467 0.04438474051620994 0.07178670607248147 0.03954169466714432
0 37 -0.016956764096150455 -0.015322664520059573 -0.054817720775713466 -0.03370556084649919 0.026402013726059877 0.052517131851448795 0.017268181346244048 0.006449674920991721 -0.08267412494868326 8.372843030937739E-4
0 38 -0.02494891571879736 0.07768512771353255 -0.03336625155400782 -0.07952922866044512 0.00982873244186932 -0.04362343814888446 -0.06992749755121207 -0.0710977631968972 0.06717486638630835 0.009480806995315708 -0.03488074615597769
1 0 0.029834842309355746
1 1 -0.04943392798304551
1 2 0.00897969584912056
1 3 -0.05189843103289579
1 4 -0.027404259890317705
1 5 0.0015262305969372487
1 6 -0.04115977883338903
1 7 -0.0018317103385925083
1 8 0.025439715012908037
1 9 -0.02576192095875729
