## RankNet
## Epochs = 100
## No. of features = 38
## No. of hidden layers = 1
## Layer 1: 10 neurons
1 2 3 4 5 6 7 8 9 10 11 12 13 14 15 16 17 18 19 20 21 22 23 24 25 26 27 28 29 30 31 32 33 34 35 36 37 38
1
10
0 0 -0.011564336558822604 0.07213808594780993 0.1698682980325722 -0.16273887334423937 -0.08987618973365191 0.008136326241870578 -0.03024609106244753 -0.018753861277837625 -0.039490857407933296 -0.015355724165776808
0 1 -0.18130462005453307 0.042833279563786957 0.17094772718437048 -0.3064572512116493 -0.2444628983726522 0.2385697199714317 0.11300084900576962 0.1736538246701161 0.07763055171427347 0.2997329764340726
0 2 0.05317941862524486 0.08425558393486712 0.14774884418302162 -0.1638145652989178 -0.010160217164271951 0.15742465936047462 0.10443791342244321 0.06845929876450975 0.09723487190875883 0.004836426478950026
0 3 -0.22885725189040856 -0.004664186256562511 0.23278114332259234 -0.6462180897083261 -0.22816754144272647 0.43994376376024197 0.2455696822037548 0.3090071782542452 0.0269431556520681 0.40551831574966374
0 4 -0.07234216323821385 0.041745009888571896 0.1893848673302166 -0.1734007839865854 -0.1475933235656197 0.09557229597365764 0.14252265169734538 0.09415243094939599 -0.03701694132928375 0.11133134234262922
0 5 -0.11776228382740546 0.024591553286650296 0.19129764823507991 -0.41360585197699723 -0.0925799459054783 0.22735175038968714 0.1073211413260614 0.13217206415569252 0.12329059927490446 0.20042772079592117
0 6 0.2749088463260632 0.026261750044517453 -0.3924990641040896 0.7859577599048545 0.29373625436698764 -0.5151316831527221 -0.32306737352053516 -0.2930680461662233 -0.102899549602071 -0.4381107760600677
0 7 -0.039107662739203984 -0.027624394463671858 0.26216197809891306 -0.3910592607306751 -0.20652065047164883 0.2325747153527395 0.11233806638595312 0.21716194382233908 0.13237542795820806 0.3160334799957391
0 8 -0.10855891483876295 -0.06989147413353793 0.026786930736086532 -0.18458394952704757 0.021869041730280016 0.08081229306431639 0.15462247722899378 0.15521307206524687 -0.03795453267871798 0.10283858391759959
0 9 -0.08667791806519397 -0.0033157011719217003 -0.0420473019664926 -0.09730230848872608 -0.021722224336113916 0.06519654972931489 -0.04198934360515973 0.006817006075066419 -0.06914389950386594 0.06926247182104874
0 10 -0.04533383538536659 -0.06862678128788129 -0.029064114063856412 0.015226225995672209 0.03066594827798412 0.022211718739362098 -0.12670054785548315 0.005261170737468896 -0.03954239338197812 -0.047348563055500184
0 11 0.04901270117990257 -0.033260092624692775 0.019023056352845305 0.06775650455860331 0.042241135890580046 -0.10299860583137282 -0.056969194167171756 -0.1357503888577524 -0.022413657155044512 0.027983468603060568
0 12 0.0048824250653536055 0.057401417132434844 0.21547351606293952 -0.31502256774892157 -0.11946926419757331 0.22982983235158372 0.1730217634423965 0.210578247946045 0.14916529684095114 0.258479136858629
0 13 -0.1001795669308832 -0.07394519440502573 9.655133815485608E-4 -0.27549246264525695 -0.14880592578574262 0.1430167812449859 0.03867335860596395 0.12185441614759261 0.09574073391215812 0.13145410980553893
0 14 -0.05301636163194733 -0.009893569529215775 0.02844346627983085 -0.024280840226229145 0.07930066104709749 -0.059502028620918544 -0.01162558834749651 0.04221534227818188 0.02935297539472168 0.0333095968839891
0 15 0.050465919329137326 0.011756302580877532 0.08248535109203707 -0.12341696909232858 -0.1000982558179659 0.14641293495958405 0.08752961445784273 0.12241649746359833 0.057664862508500114 0.1047389456938389
0 16 0.07096511147244719 0.053459601283101614 0.03673681502291565 -0.14232129171123772 0.042121811879893806 -0.011895518100946497 0.05625717242758265 -0.040640947471858556 0.009211421112335267 0.14810204174876793
0 17 0.0635965371374116 -0.071258257113474 -0.050448695880266035 0.03952829253533694 0.026669362596710412 -0.02875209538380554 0.06549648201157572 0.09449575081670104 -0.03619705834119651 -0.04018134054602123
0 18 -0.03886373146114926 -0.08859260733198748 0.1532421875910867 -0.05414725989751264 -0.1055247048006727 0.10119942225429693 -0.0033221763262836694 -0.014468369120153658 -0.022181247782421223 0.031908637237073316
0 19 0.004672154442602454 -0.06194733640316468 0.09757362079867438 -0.18704100465286155 -0.1128314852153885 0.15003781428345334 -0.0255071512902762 -0.0029981468607180725 0.014671372226577908 -0.004659698866593535
0 20 -0.030676715890334237 0.004476366288740956 0.020740937516201676 -0.20395949548025588 -0.14734830708893593 0.01875377160377619 -0.03449091123284005 0.053664241340657094 -0.03052353421858418 0.06584551590788365
0 21 -0.10869168411684241 0.017154138497061027 0.052154361935781234 -0.1068063787724049 -0.11344912595775472 0.1494543675629849 0.07100463716627098 -0.027870700867129217 0.0013288001793124171 0.05985041638585055
0 22 0.02521435859039543 -0.01521755918508638 0.016619081750564257 -0.20606642782549697 -0.01680165341118474 0.10858318895836622 -0.01948974190289791 0.15129727203830237 0.11445872765592371 0.08531028048482675
0 23 -0.029058675238246474 0.06810343774304695 0.0476175081594531 -0.08330274885926224 0.0012858426071781868 -0.09290267059744053 0.04025128895825504 0.0036142580342126626 0.07009102129342393 0.07514951106647698
0 24 0.07824872946447357 0.0013873487399506655 -0.1103036688589146 0.08578786328806416 0.03563137896576136 -0.08841440644193983 -0.05288311092066114 -0.07169905308132102 0.07635930858012349 -0.07746358493724849
0 25 -0.011814509672026982 0.05743005738419072 0.10541415475942226 -0.12694993451084405 -0.11860882751250974 -0.01678439533844493 -0.014182488493298 -9.207807085865922E-4 0.006689210380590827 0.023329592875984323
0 26 -0.05780633952107706 -0.032837370877093465 -2.9835830725196923E-4 0.05845886244637885 0.08624106501547836 0.05779997718953637 -0.011738146289788899 0.024652280330415128 0.02341685715382479 0.0735958281027566
0 27 0.04878123138577725 0.06252391950891446 0.05396212307184845 -0.08431252794651818 -0.03319251489182021 0.11942069694633414 0.06942041468801939 0.09785730259033042 -0.010463141428171872 -0.07975038383094703
0 28 -0.06912108179498803 -0.03700901454067168 -0.057051018126687454 0.024185075550396968 0.08311939699881223 0.04665588999464969 -0.010706104617991161 0.0061620232236989075 -0.07013429414376737 0.023360648701068843
0 29 0.07312880344428327 0.06673664560839204 -0.009471257004291828 -0.11933389032408596 -0.07735819517134467 0.06099181692004116 0.06175151805668471 0.04969575330943898 0.0957181864137726 0.1123217409840227
0 30 0.04786580680227842 0.04557230487312966 -0.07133769599484033 -0.0350609749315194 -0.10265068421138646 0.0415642547757983 -0.06840744032412888 -0.08156068528779337 -0.07017899472676749 0.05639901927527773
0 31 0.07428783091921815 -0.09655403750315944 -0.08722006682999317 0.07008841286148673 0.09497160651286972 -0.04734430608335211 -0.06339248429386413 -0.0913183500514516 0.06831358829389525 -0.0693992386360669
0 32 -0.034459598866145545 -0.09677072117033458 0.020242687408741467 0.03486193776580794 0.029281599623707716 -0.10981303144379673 -0.07697109273812061 -0.10817633875784655 -0.02532244991259529 0.04513967143404467
0 33 0.0070964391541738355 0.025960024917828874 -0.03969769352889988 -0.12274815239219387 -0.023411719324484246 0.07223572248731976 0.08063318021111246 0.0059021702032881415 -0.005827382012120715 -0.018147060130892664
0 34 -0.035649058372912344 -0.04488627811650621 0.06926006054222508 0.08128291203790468 -0.06373462301441508 -0.010403312919543545 0.08746746673080477 0.0380822006005591 -0.012005966573842945 0.09261793896746615
0 35 -0.020807337015867233 0.08060777187347412 0.03286156803369522 -0.014602070674300194 -0.09064926207065582 0.022151196375489235 -0.015569573268294334 -0.03191067650914192 -0.05870775133371353 0.027775894850492477
0 36 -0.08126617968082428 0.09250472486019135 0.09614567458629608 0.08903997391462326 0.026501882821321487 -0.0020633519161492586 -0.07806683331727982 0.035776346921920776 0.0031101047061383724 0.05292512848973274
0 37 0.08802687843691777 0.06288341585668308 0.011127439195487091 -0.03865342946894926 0.017312831864169768 0.029427897520345914 -0.0046114181157970386 -0.02051414556386784 -0.023431379349514628 0.0022009796424032747
0 38 0.0741935577734086 0.06345951883487065 0.04113688002821996 0.08821998012230477 -0.04042222678243353 0.01287379317926911 0.07233935107412924 -0.06507868928906622 -0.0896402694745586 -0.0632747648117432 -0.22801475110897956
1 0 -0.45831579089260277
1 1 -0.05366440848606355
1 2 0.6467188418497481
1 3 -1.4051088802852243
1 4 -0.6578553647419854
1 5 0.8522436569094657
1 6 0.47043546292478466
1 7 0.5844060101611969
1 8 0.1822619017730863
1 9 0.7963246932817089
