## RankNet
## Epochs = 100
## No. of features = 38
## No. of hidden layers = 1
## Layer 1: 10 neurons
1 2 3 4 5 6 7 8 9 10 11 12 13 14 15 16 17 18 19 20 21 22 23 24 25 26 27 28 29 30 31 32 33 34 35 36 37 38
1
10
0 0 -0.014557925674444304 0.05933645104972513 -0.10856880737952218 0.1316091090323985 -0.12251824561065822 -0.23016133408852815 -0.06619990550261194 -0.03183507060298189 -0.030707775034824285 -0.11481407588548911
0 1 -0.21218445279418388 0.037812469512692806 -0.3826277995807352 0.17765760433769903 -0.08578062176554312 -0.37045202172137087 -0.4652976222626439 -0.18609037884422305 0.010622246520434291 -0.04403707764287438
0 2 0.026658228654013526 0.007114168203002678 -0.04261805403225418 -0.027539828680756415 -0.027822370206432433 -0.19567111878230725 -0.20404127383138201 -0.013932871912928833 -0.00876094003603999 -0.031924890575401016
0 3 -0.2829811184651435 -0.001818440666333413 -0.6825937634201605 0.34848480027698514 -0.18369374327874302 -0.6325596846086742 -0.7031735391758368 -0.23846059987701054 -0.0998470985896799 -0.19915436237631676
0 4 -0.07732435149156677 0.03927855833606012 -0.32919607034054804 0.12315157054446706 -0.09795934102072851 -0.15281144875088026 -0.2962604395904318 -0.07824035279653474 -0.11027162477357577 -0.07395747528297507
0 5 -0.13012433291194017 0.08704124320215062 -0.49025029625012856 0.25551334464328707 -0.19418541650643434 -0.330324322942565 -0.44547310675453705 -0.2649276157368687 -0.10923684855303532 -0.09109090029803868
0 6 0.45752801547402233 -0.06123122494202315 0.7762810570004847 -0.36923330278054844 0.3788129574955841 0.5982600258018457 0.6174680887833682 0.2240958858148763 0.0902945964360758 0.2831512624904062
0 7 -0.1904995814782965 -0.00878740405592408 -0.5418676752420742 0.2673978302308046 -0.2648792790217416 -0.44699501138960496 -0.46374515911808417 -0.10152078111337454 0.01527920010970006 -0.21277576557918584
0 8 -0.12453058026905703 0.07069579070875827 -0.13484892653264413 -0.007714623899663415 -0.031697567581484065 -0.13453632356355572 -0.13979627878859366 -0.15179457127587873 -0.010880478934344401 -0.015662896765377094
0 9 -0.06045015226645019 0.03235658232179622 0.06420344062660985 -0.05304306016358338 -0.06145161806753146 0.055392392364330384 0.09512038007522511 -0.06044589563356501 0.05163225171505389 -0.024597768616199424
0 10 0.153764353957767 0.01931241624155641 0.057053279117952244 0.02389248623209097 0.021916800868184275 0.17229145676838992 0.045806171399063185 0.05292559872963782 0.07567462003013095 0.04648721690847449
0 11 0.10032297605900041 -0.03943185812290398 0.06262342865539078 0.012821374208229628 -0.031888916611674936 0.07977573189947886 0.008001809166920115 0.10208854298616507 -0.0671001095475001 0.03130621754242089
0 12 -0.21556126811782556 0.11457678425015493 -0.3642288193229639 0.15442208785204395 -0.06079800427699616 -0.38169958690086286 -0.27574127143135924 -0.23164756088565663 -0.06638286775767692 -0.13976558063200528
0 13 -0.17493024938178234 0.08142966092083194 -0.32774147817091254 0.05128858872928093 -0.04347513121720237 -0.38670581954557937 -0.3677038627975988 -0.09120280989855768 -0.09848508805098359 -0.03792310928729544
0 14 -0.02789057903029114 -0.08307039525721092 0.006017790775979087 -0.0762250770047833 0.06232856404562683 0.023245192807001866 0.03794679392066777 -0.0380570281576732 -0.04276788345031771 0.03600562979768024
0 15 -0.14589231480915105 -0.0037866127723575563 0.002683735155891819 0.014009510641043577 -0.07197671477386855 -0.013645312315345395 -0.132467001647046 -0.0736873531003223 0.006967882452034263 0.05459655713361866
0 16 0.032473119110355886 -0.08269476552370479 -0.17038638474155043 0.04342702187198966 0.05186247010145133 -0.12495301546996475 -0.1493810187150853 -0.016376354321552624 -0.09087205905672237 -0.07792410284297749
0 17 -0.0814879028167517 0.005492466348144933 -0.0569569811404089 -0.010532542402370428 -0.05494689561103374 -0.13020676797871963 -0.08183207699319736 0.03141872462060249 -0.09738044872100171 0.08678667876207545
0 18 -0.13865628230300667 0.10092183765919958 -0.24694628936698018 0.1648000673054415 -0.10220420632680516 -0.22439175736790162 -0.2517682905151669 -0.16489959876635568 -0.04131101320913814 0.013476873300924584
0 19 -2.8056191135532283E-4 0.02898314058658466 -0.25283262869320183 0.0665802076668617 0.023957084656700836 -0.12371153325083203 -0.22654794250749669 -0.10468744822769674 -0.01896085476428663 -0.05096856132395031
0 20 -0.0224831771129511 0.08088347639114177 -0.18788432907980016 -0.008615346804847735 -0.0027406301469918614 -0.07213984409611938 -0.2196185468823916 0.021064995950103967 -0.05707602881436002 -0.04810060349386353
0 21 -0.11424380133578325 -0.008229400793305471 -0.1422524246356862 0.0888257497596786 -0.03773135903269596 -0.18290025496626594 -0.10174498984046251 -0.0061053000489515695 -0.08106082420443746 -0.05644988549566801
0 22 -0.1362809457060187 -0.050345628561525996 -0.1559442627490668 0.08097546152442593 -0.05538352380035588 -0.21426097144544431 -0.27942071700605725 -0.11541350188939765 -0.012412391752106832 -0.04643992410694726
0 23 -0.08750217325262402 -0.029877110992937536 -0.08152916713820071 -0.01240875521071904 -0.07611058442229965 0.005679431928735792 0.09167670242382012 0.06788980597487407 0.020812833348932185 -0.0867981706688086
0 24 0.08607660133266459 0.016287055222464746 0.13392203342685333 -0.04701542022837472 0.10940207045434397 0.13105624191840273 0.10618848568433611 0.12626290251508623 -0.011662870675900817 0.05611323285890902
0 25 -0.05462636457335222 0.047867786459523914 -0.014411809422151119 0.10079344114586741 -0.05253892219112107 -0.12947241386237077 -0.12672459851452306 -0.12277284132953324 0.008365389626814115 0.07047777855228642
0 26 0.011666596930821909 -0.035098509712925406 0.00935322818086502 0.04349582183383931 -0.0035628078748206563 -0.07498396109745033 -0.025827287177857476 0.11134402639455782 -0.09443542438599571 0.059559099224080904
0 27 -0.03392833384444661 -0.003164058809214791 -0.09613751311731394 -0.0662967436944413 -0.09642280661049192 -0.1324721787341681 -0.028791783353837464 -0.10358894700614256 -0.036429605833896886 0.08667566067340854
0 28 0.006869728327259707 -0.010146230542202749 0.08810920795679585 0.04673274470590982 0.05524236068684603 -0.04011922376598599 -0.034303672053458564 0.06390034489036195 -0.032590836930525266 0.06579572273239905
0 29 -0.028754017545759875 0.041747723977240726 -0.07383436647971525 0.06839680244279008 -0.022488280343489157 -0.11223201985785171 -0.14287689127035 -0.022358388370189667 -0.043425689797981976 -0.047247134880216805
0 30 -0.09791180561923629 -0.05860171096053669 -0.08787016730577876 0.08354719771428076 -0.008664502446025988 -0.0760967118847587 0.026955722979352375 -0.09438765514173997 0.03357419436048704 0.07765539795562786
0 31 0.09707556647766778 -0.0652925746658684 -0.02033879435754473 0.0012661555410975458 -0.0670094830286596 0.08657546135439725 0.003807732294521479 -0.0625683275077744 -0.04017491014005459 0.10621361342024994
0 32 -0.029251174866493864 -0.006554070116577006 0.022060674178059594 0.06386658667638402 0.0800020037176817 0.09385572115558266 0.09709715278853263 0.11243740850425232 -0.06207434034882678 -0.06096352989012816
0 33 -0.11389617556147996 0.01489637794770435 -0.20721733750031163 -0.07032882893178277 -0.1213042670583527 -0.1297571851016836 -0.07895398259040919 -0.13381690817284897 -0.006436965960706282 0.03709260654727661
0 34 -0.04369317791352541 0.06212364198171372 -0.041881418061694264 -0.05865009124458609 0.006745046984761468 -8.832021288676888E-4 -0.004120496077400864 -0.005320732423695292 -0.09835012484093657 0.09240210852326791
0 35 -0.10482133502052489 0.07021351454948474 0.05228419533473957 -0.009910826721603778 -0.04154264417822028 -0.006616781972872365 0.007383937832232074 -0.048835129523865595 0.04662335174871095 -0.0932559236355225
0 36 -0.07791900060433644 -0.005635057508192333 0.011300799354478508 -2.3943289392678503E-4 0.04046853320556003 0.0813759510351034 -0.008821245170735645 -0.04364885608836337 -0.01747203340258759 -0.04958398578017337
0 37 0.08036470087962351 0.08855740663314886 0.020540886085312383 -0.10119450036612841 0.04436260481863167 -0.022877674157022417 0.08304526697203996 -0.056590285835317104 0.02796192365710186 0.07602808490912927
0 38 -0.10413845752713792 0.027907570113035945 0.050454456775617454 0.009956130174661997 0.007838190433354387 0.06189947799458526 -0.12852775297975275 0.0032831876788349474 -0.041930636199413764 -0.05040244549813486 -0.10285411016585265
1 0 -0.7462775968619754
1 1 0.13849380831184488
1 2 -1.4946595746618658
1 3 0.6932965365416862
1 4 -0.5698294991512444
1 5 -1.3316903293227207
1 6 -1.425729471983292
1 7 -0.6046738373136911
1 8 -0.22048130028414148
1 9 -0.45107866628332005
