## RankNet
## Epochs = 100
## No. of features = 38
## No. of hidden layers = 1
## Layer 1: 10 neurons
1 2 3 4 5 6 7 8 9 10 11 12 13 14 15 16 17 18 19 20 21 22 23 24 25 26 27 28 29 30 31 32 33 34 35 36 37 38
1
10
0 0 -0.21191886555844264 -0.08077306453149237 0.043096252882597386 -0.033084891038904045 -0.15606323105594092 0.09847571616658271 0.08262997945459723 0.08377425699823247 -0.02630716342028517 -0.15640037577961186
0 1 -0.39950390742550523 -0.04118472934082559 0.07594334102969527 0.22235950947925934 -0.4114993446955543 0.46060452378637695 -0.06604086175024891 0.1623598059508579 0.00395013744777309 -0.09964743668216071
0 2 -0.035264315913175324 -0.01726160467005768 0.03721794720018484 -0.02553184511625097 -0.16670480557149914 0.17699302175166107 0.09238892763008291 0.015603399738351514 -0.07182521322805528 -0.05709625351483784
0 3 -0.4396212478767282 -0.01945486535453715 0.33976227055816505 0.13387918071905067 -0.5087366300864132 0.6354630990465993 0.061233032968194746 0.32494043365166697 -0.08834489947987699 -0.15379700447544556
0 4 -0.2595201389078561 -0.08720113439571958 0.12744810135882395 0.143219148949631 -0.2124750525687121 0.24496252792680617 0.025555720387381287 0.06727431083666534 -0.05098862047960128 -0.0663834896694799
0 5 -0.37823374684869526 0.018732411369704598 0.2163288574755028 0.11298841983122178 -0.3532071536238124 0.35147208137003094 0.0919759456643358 0.1954858944361519 -0.04274211678330447 -0.11987203366841703
0 6 0.5969160074361314 0.0484834800179935 -0.2861422343035917 -0.2982434681449918 0.5858201683870052 -0.6949548822985816 -0.06665160679320342 -0.5368678487773637 0.11532114089145741 0.24136080386179412
0 7 -0.38599508875504646 0.07254125666857306 0.09762542550197963 0.10384195860468948 -0.48436710069616956 0.36798722285157776 -0.0015390485046200175 0.24339951746260693 -0.051773427253902896 -0.24405559775249314
0 8 -0.07952279643754981 -0.04953145237694503 0.11468324594111012 0.10877953636760006 -0.1123698183378116 0.15018818555924515 0.05541769451073499 0.1504404642736905 -0.07073392467216943 0.03617626166100427
0 9 0.008242706511431436 0.022816849919259516 -0.03511796450407813 0.04195030862052777 -0.10439587933248813 -0.10914279332184379 0.06325890756145072 0.08208689249138723 0.05340961146346929 -0.015396578073395256
0 10 0.027956696946921576 0.03980778422918969 -0.06897071785711872 0.037110931042713916 0.019937558694393873 -0.15355334694770129 0.012148344316490511 0.031560535465797006 0.06033274635228781 0.0781619161014414
0 11 0.10908555340933361 0.04508884446002337 -0.05571726917409722 -0.07053783156732076 0.002559511926551203 -0.029425193857902474 -0.007867547498630233 -0.028491040687624945 -0.03538697339943327 0.10489072789576499
0 12 -0.37200384718513674 0.08192644846347624 0.21736628192000576 0.006298193885932534 -0.34621132292845985 0.3418227881730033 -0.04443666076760128 0.15251307845400433 0.06904647944384353 -0.18022094088805793
0 13 -0.2048546228582404 0.01918530615379849 0.12661331766916656 0.14654079616196794 -0.2523601425318074 0.24227846675909612 0.01617768465990913 0.1750303064861792 0.04583964089891814 -0.16732167240286114
0 14 0.05336664566263034 -0.009732395199667072 0.0395755910574616 -0.0363554437628335 -0.06671383801189544 0.03126629631138505 0.055500517834922866 0.07694144173493138 -0.050506924376648936 -0.07452543566867352
0 15 -0.07155262708922527 0.09741860321117124 0.1131280262896285 0.10255904045107084 -0.09051944365509158 0.15607390801380341 0.04512753536701962 0.08145282162160511 -0.027242381388261353 -0.0070549126799969815
0 16 -0.12840422734908788 -0.030431340142400235 0.02053553610450166 0.03164366526585348 -0.15144989009159918 0.16151769434348776 0.008801196002174824 0.02575671726092149 -0.09340594609703336 -0.00890149533652591
0 17 0.04672275663638835 -0.040783132171811017 0.04043525643430911 0.046400070792285565 -0.005592722243508558 0.06734008184401431 -0.02788349771897429 -0.0643697355588793 -0.02828010967152883 -0.010897767236509462
0 18 -0.2049858237375466 -0.09013566406590268 0.15026581654875634 0.10499001628694225 -0.21312572767130125 0.19820685668431567 0.02975791790386972 0.18254221254877942 -0.019383228803345736 -0.08637215221292947
0 19 -0.06193567503501842 0.034294241678302126 0.08260521493776092 0.11676702163754542 -0.1306712704748654 0.11418912613307876 0.00484301782233441 0.1451837731098447 -0.011533044570336147 -0.1512812353457261
0 20 -0.041894380112160894 -0.06076365274561836 0.09145325671458726 0.004022552488985505 -0.06901806760751991 0.046503560729361834 -0.09661971245845703 0.020750739040280523 0.053577804284725236 -0.04845448069388746
0 21 -0.05467135038236969 0.013867695794369044 0.11294549079052184 -0.015719459351089263 -0.07116938830571752 0.12896930092527029 0.06887279830884205 -0.009733624256350288 0.05640392284530912 0.04598420306655557
0 22 -0.1512050947940432 -0.02427352284656893 0.03283665670293947 0.13438563573822257 -0.09647056030702686 0.24198039564195248 0.08950915828000507 0.16510738575312653 -0.0364547322864912 -0.12510509954540497
0 23 0.12009175641692378 -0.07614454363334953 -0.14276452773393417 -0.09768688046868239 -0.034961172917212 -0.07340744012332939 -0.042683203416371475 -0.02546570100270737 0.04955891835241172 -0.010097065114609631
0 24 0.15518853210447522 0.0606960332745286 -0.15975526216476701 0.014687892388014863 0.15466478225021701 -0.1694710908108991 -0.05584405660076328 -0.0968865337275824 -0.03842749566845865 0.06296777496825115
0 25 -0.15047788073069765 -0.04906015706175703 0.132380179919695 0.06759215613409511 -0.16036153602933903 0.11028618574993768 -0.0957034423042572 -0.040432828587867675 0.019911620867340926 -0.09443186500048259
0 26 0.06034804207984501 -0.0287973354245192 -0.10941116114049501 0.003837905796765185 0.12293143525991738 -0.024221089193377236 0.09434785060728504 -0.024594156035471677 0.09099944554186609 0.06862165657896405
0 27 0.006675939541096225 0.012011241541957504 0.026253510160999423 -0.04699134861328133 -0.13502549698204042 -0.011092723621976565 -0.06452273031311496 0.09877914115117203 -0.044740424714498656 -0.10499842004907003
0 28 0.027533606596238408 -0.08499278280743636 0.005950329184097883 0.07475487775910974 -0.09958148481422036 -0.025005061585905524 0.09008023198299828 0.04297477609706424 0.07979812447208016 -0.023301208373785316
0 29 0.00478733181310201 0.07478980423304754 0.08340478110946953 0.10689346676663117 -0.03942784715416338 0.025020807715523716 -0.09602254304089096 0.03203200899299207 -0.057659076193545815 0.04948164982460541
0 30 -0.0023071104620833896 0.006636716572265587 0.07599443356834004 0.04850736771953802 -0.1035395544932134 0.09938533187736323 0.0184073106987116 0.018252069496719682 0.05887168553029977 -0.0799262703152907
0 31 -0.05589292020848047 0.09933792957198621 -0.048778892723356476 -0.0384433145699401 0.02580249735936006 0.037713704405554264 0.08554612597579347 0.02473565021011637 -0.028390042959771444 0.008101805378752169
0 32 -0.06598579187452921 -0.0437928753947061 -0.06012208912572975 -0.023550192341249113 0.06424699156385168 0.012472611413742143 0.002976077570372201 0.004603415680266971 0.09978114295144926 0.022915469778686356
0 33 -0.021352739042442264 -0.00176016375756297 0.039276759973328815 0.07914242853597554 -0.05383564470779162 0.0340732925398215 0.07635763959647944 -0.02337031776264494 -0.0029678618719808365 0.008225775592090676
0 34 -0.10721764246672555 0.060971066869345635 0.02463948430677956 0.056128458452570806 -0.06913488994399695 -0.06532644041241861 -0.024386871801603927 0.02696931519899129 -0.026028394988342873 -0.07866186550842641
0 35 -0.01366117037832737 -0.03243972733616829 0.03484400361776352 0.07882068306207657 -0.0029139877296984196 -0.09763751924037933 -0.09800500422716141 0.06247911602258682 -0.07980314642190933 -0.05525123327970505
0 36 -0.07166568306093059 0.09223968831817758 0.06975527393756963 -0.02155635537996495 -0.046131910984235566 0.01653074857729115 0.09365487514760683 0.021120921293462776 0.05693262690300931 -0.033715969932249665
0 37 0.09705292959664101 -0.017610065069573237 0.005398550178125848 0.007094897676572088 0.05557876659300365 -0.16403908494539793 0.04059192143310139 -0.07475128152531052 -0.009215590863250125 -0.060819917922497545
0 38 -0.040708749169120574 0.08802763590859869 0.04793292377939773 -0.11072409210258001 0.006086795024496337 -0.09084086998454764 0.01185104531870929 -0.09287264488947114 0.02599076833820831 -0.04879515954188569 -0.11975183436683312
1 0 -1.2519701130958827
1 1 -0.09945613441749097
1 2 0.581265154317922
1 3 0.42498376684859657
1 4 -1.2886220397235704
1 5 1.322742917032554
1 6 0.01616118453164551
1 7 0.7664057403056668
1 8 -0.21206723996175753
1 9 -0.5819794759770948
