## ListNet
## Epochs = 1500
## No. of features = 38
1 2 3 4 5 6 7 8 9 10 11 12 13 14 15 16 17 18 19 20 21 22 23 24 25 26 27 28 29 30 31 32 33 34 35 36 37 38
0
0 0 0.06539380557481371
0 1 0.0419969242553173
0 2 0.00293794361574592
0 3 0.022548477572714422
0 4 0.038939380128718434
0 5 -0.03045005493545111
0 6 -0.08554117284603371
0 7 -0.02787055906005973
0 8 -0.017269003383659748
0 9 -0.010306550109575423
0 10 -0.07540200991174012
0 11 0.08126629685419454
0 12 0.10066461435887106
0 13 0.007348273819275127
0 14 0.041040110548330164
0 15 0.008655928735185928
0 16 -0.045656047799256694
0 17 0.021635515933618357
0 18 0.001874924366852737
0 19 0.08040809744817887
0 20 -0.020816112870255893
0 21 -0.045335747915780836
0 22 -0.09641628695038801
0 23 -0.030699162073703715
0 24 0.05087969323969413
0 25 -0.056531885363571566
0 26 0.0614474542056571
0 27 -0.05505323475019656
0 28 -0.036679492499084455
0 29 -0.051721074924641446
0 30 0.014424588374167185
0 31 0.07672466282332338
0 32 0.08321861040667873
0 33 -0.02119234756986874
0 34 -0.021187111607329747
0 35 0.03483700676846268
0 36 -0.0035582051562754484
0 37 -0.01139812719361695
0 38 -0.017456287518143654
