## ListNet
## Epochs = 1500
## No. of features = 38
1 2 3 4 5 6 7 8 9 10 11 12 13 14 15 16 17 18 19 20 21 22 23 24 25 26 27 28 29 30 31 32 33 34 35 36 37 38
0
0 0 -0.05921836467938185
0 1 0.0766184966678488
0 2 -0.07579005651609039
0 3 -0.00880913884370891
0 4 0.05016604941583785
0 5 0.08196545909240004
0 6 -0.0727439101094855
0 7 0.03145949789380481
0 8 -0.08121000597175487
0 9 0.02857763735013151
0 10 0.08874684688303668
0 11 0.014656168928022004
0 12 0.03253538635798805
0 13 0.07206296195870279
0 14 -0.04707790359931243
0 15 0.050845258059179034
0 16 0.041915045253047935
0 17 -0.0641733310768216
0 18 -0.051645480997090584
0 19 0.042366846464507904
0 20 0.07261420800770839
0 21 0.06624630071291776
0 22 -0.08176079777876948
0 23 0.05951647756505011
0 24 0.004955455357634424
0 25 0.0995320997767073
0 26 -0.05338088776589202
0 27 -0.07078555459566115
0 28 -0.08699146800225113
0 29 0.016242290160187783
0 30 -0.01922869617591508
0 31 -0.09792508208415031
0 32 -0.0864266113051425
0 33 -0.07070580542338305
0 34 0.04537185547699341
0 35 0.0992938491578044
0 36 -0.019404359968571715
0 37 -0.0786975572804048
0 38 0.05782752484083176
