## ListNet
## Epochs = 1500
## No. of features = 38
1 2 3 4 5 6 7 8 9 10 11 12 13 14 15 16 17 18 19 20 21 22 23 24 25 26 27 28 29 30 31 32 33 34 35 36 37 38
0
0 0 0.09439006535622198
0 1 -0.06836912460419484
0 2 -0.04852234127634157
0 3 -0.002278123714740544
0 4 -0.047831530235873936
0 5 -0.03234533685174553
0 6 0.03805730020476515
0 7 0.007689815635721976
0 8 -0.03468209338516169
0 9 0.08187961550656156
0 10 0.08205317262724321
0 11 -0.038775892906846285
0 12 -0.03901233460178889
0 13 0.03296678033048083
0 14 0.07324284417191376
0 15 -0.09505927022521742
0 16 -0.027384537686533265
0 17 -0.05281106825991009
0 18 0.009576653789235978
0 19 -0.06834723859119879
0 20 0.04351557610149717
0 21 0.008024329864709055
0 22 -0.024663030762805443
0 23 -0.01648457728132189
0 24 -0.023662443995875616
0 25 0.0533459845332607
0 26 -0.040691883611837926
0 27 -0.01254593322864991
0 28 0.09556271430836258
0 29 -0.018175582343535876
0 30 0.09178161496388276
0 31 -0.012321180640475434
0 32 -0.038168247831485216
0 33 0.048205878604390025
0 34 -0.07830816002901532
0 35 0.07660494420906075
0 36 -0.02312269542050745
0 37 0.0435984499918257
0 38 0.06909050792455673
