## RankNet
## Epochs = 100
## No. of features = 38
## No. of hidden layers = 1
## Layer 1: 10 neurons
1 2 3 4 5 6 7 8 9 10 11 12 13 14 15 16 17 18 19 20 21 22 23 24 25 26 27 28 29 30 31 32 33 34 35 36 37 38
1
10
0 0 -0.12229071866213433 0.04284644675747231 -0.022021042194641644 -0.21731890467947254 -0.04531552241892584 -0.02960279968235619 -0.003827814559618735 0.07616125926152234 -2.4740334149784204E-4 0.03225014014161871
0 1 -0.46578145112816766 0.34018630999307575 -0.30942141381267146 -0.41595101656403366 -0.264348250035787 -0.1460045008988545 0.17914872518859926 0.03712395360952046 0.1764761987918374 0.1151766617304317
0 2 -0.15192482866101337 0.11547306002082208 -0.036646506560389404 -0.1995458546323945 -0.14944107331508028 -0.03123940598314341 0.06452443343912642 -0.046126842612559525 -0.014116267693515202 0.10607823164389032
0 3 -0.5394161725246586 0.5431795920827449 -0.5077697912601958 -0.5603222509082444 -0.5010336645032976 -0.07533662784403487 0.2663415224259291 -0.11556791355805657 0.326954811069849 0.06703003703138605
0 4 -0.28059777818844306 0.16132289953926457 -0.21172974947901393 -0.2587564290276206 -0.2142482506545655 -0.11036891399084155 0.012868880084290222 0.016688108150468655 0.17400875396789703 0.022643039126288556
0 5 -0.3374608337553575 0.32623643093804394 -0.2876818870039678 -0.21447608603394405 -0.36779339714520565 -0.15031791909554396 0.24914887104712521 -0.06794261690706109 0.19147943355553496 0.030870932680332443
0 6 0.6637144179308763 -0.6307590637117113 0.6427800647953477 0.5366654322218019 0.5681388382345163 0.2548146347094665 -0.22795053677915095 0.04245008400766544 -0.21644834509062177 -0.20156716734190364
0 7 -0.5183441059694275 0.22338951121808986 -0.4427317023316337 -0.3330918260525111 -0.4162715326238278 -0.17029032058888172 0.16025170594919383 0.03160048918566156 0.13362772078025117 0.08208832345759472
0 8 -0.1710227904619533 0.15297413364681625 -0.07509548596876885 -0.1455961388576759 -0.016517150773054837 -0.009365010445747097 0.15210291134896306 -0.10815095044121546 0.05184992836236927 -0.05308135589268887
0 9 -0.04203191963827448 -0.045310475066572056 -0.09178344047100953 0.08646164948192389 0.08056344590105953 -0.04988814919113815 0.015436319826286246 -0.019182703092966394 -0.00876970462588543 0.06485436230676256
0 10 0.003641094551307559 -0.06108702140465951 0.059551008167020886 0.004969025206104998 0.12482169492210131 0.07632469519910365 -0.04947819973907085 0.015188571538407348 0.030475535556371336 -0.027298758853714813
0 11 0.03586894562911633 -0.06565241193120153 0.11800514584062802 0.12814479235812354 0.010356312973801013 0.06519627385729083 -0.12141104885032394 0.06265521711154133 0.00815738946551334 -0.015620097991922854
0 12 -0.38916078942135623 0.1843509067842941 -0.32679126456296087 -0.296908499553858 -0.18811651192319345 -0.05170713506191213 0.2323235873969488 -0.13022144782003056 0.04453128409280543 -0.025650689496404932
0 13 -0.19428901437783905 0.22377674530179997 -0.15681316950863966 -0.17192375565155468 -0.2104622282495554 -0.04369372147262337 0.05047646205805553 -0.05545493138378097 0.026137577515251104 0.03232188742095179
0 14 -0.09422635954131697 0.1025909788856159 -0.0064722002431974865 0.06468999415071441 -0.04686204197475171 0.03723351993407025 -0.026956580467491047 -0.0823419961124554 -0.009495830546168003 0.008800539853468164
0 15 -0.12298785513476726 0.17657560345433673 -0.05857721488727078 -0.0919292218218188 0.018613686194223586 -0.11324198068503177 0.1018514831220346 0.0686075302416097 0.10024464693145488 0.027544444235219703
0 16 -0.21717285944422782 0.16660396524153345 -0.1369377658328634 -0.1235307472840802 -0.14839875644129777 -0.02578321189098577 0.020967707233240467 0.04824945836290845 -0.037585825485366674 0.054097674765831535
0 17 -0.06585980853361513 -0.03957550226421257 -0.028371020681924538 0.07350787986374466 -0.03435794954989643 0.02356156256976044 -0.05180591668529562 -0.014088053984475836 0.03042611748618701 0.01411388088151068
0 18 -0.26476674815079243 0.158458085648114 -0.15145731135890328 -0.13984158497005814 -0.1886275505384092 -0.06039066750026955 0.12617093721420353 -0.11361336854666604 0.08437306832695077 -0.048360693696153874
0 19 -0.14745449000837307 0.07385015451764376 -0.060184188476308895 -0.1404734531435392 -0.16373708894051148 -0.04463884551380869 0.162737563235907 -0.026940888264299207 0.025394284403517525 0.10228646420762252
0 20 -0.14753472736145234 0.08693208497730007 -0.006285041409614109 -0.15937080786164623 -0.04282605478011799 -0.06352843820716463 0.01577743621541184 0.058235943242466226 0.12900468298089926 0.0028256428376917126
0 21 -0.047162509404196445 0.12256286422368576 2.7910999970396494E-4 -0.038889508503998124 0.018676818545612074 0.0010933078599302509 -0.04318915975069338 -0.0522337789101923 -0.05183885500644156 -0.02083950226477912
0 22 -0.10905558067423511 0.06431292839434027 -0.25155807720522927 -0.2300674882408912 -0.08707147417946202 -0.05111178510556185 0.06334615543120625 -0.06571874074509365 0.05587098590498063 0.06055042312971067
0 23 0.15621529939315887 -0.019377679875024607 0.12367913146259148 0.09766476817663848 0.03216719389453572 -0.0570553950834407 0.02974231244149155 -0.03743445370624346 -0.07590134414804019 -0.0105225993026219
0 24 0.08446090596242437 -0.06738046146237776 0.040774652343664064 0.16056563735406815 0.07528315820534726 0.12503832854890073 -0.15566058165623883 0.005021882342228299 0.0030894306828436074 -0.0473869028524672
0 25 -0.06818761828592138 0.08221295127233388 -0.0500590825707588 -0.04801375609571253 -0.010891759943132531 -0.11444683082221424 0.13412845231235093 0.0014489237030028954 0.1401788628054374 -0.07055567157909302
0 26 0.09694187299596495 -0.0292362896165644 0.05974376825411806 -0.041787041131939505 0.060667627628207176 -0.03677746572984505 0.012300797589544896 0.006622553827458134 -0.09130010334222476 0.06158525927811742
0 27 -0.039912964203688686 -0.00543591637836519 -0.06428136911301201 0.03396336821373038 -0.09706127908788278 -0.03300019003410492 0.04116671943339408 -0.023572159278546168 -0.08110221086644044 0.07655277571945145
0 28 -0.08372470245283353 0.056843963344835144 0.045485714918975455 -0.006760778149429861 0.026675500986360772 -0.08322600946712651 -0.06300450097292622 0.019439994571448228 0.04098485158503829 -0.045510857572974565
0 29 -0.16758897095511918 0.03830049433621201 -0.11122366782665635 -0.07350393142689508 -0.1408843201880734 0.02355481903202014 -0.004088306566706893 -0.06854598410696676 -0.018765216907954664 -0.042703992063182115
0 30 -0.09567812609200553 0.09755107052730573 -0.04990499398330251 -0.0033921030093616777 -0.020190635250550416 -0.07404747092750831 -0.03225459405222393 -0.03727267589455943 0.04955230062248831 -0.0770790146956098
0 31 -0.06456402205452681 0.04939239183840362 0.08214781087953 -0.08049820825273721 -0.07265773286525336 0.09224776074528121 -0.09401190562116644 -0.03137198356031308 -0.05283447386544121 -0.005860869248031585
0 32 -1.6172993200773796E-4 -0.015166343402822753 0.0776183497427045 0.08814678314589905 -0.037113438742772516 0.07854431579447012 0.08203360509043477 0.09695352643941062 -0.06488851543412068 -0.07386552844590034
0 33 -0.015517836055918766 -0.012365440533597227 0.0032753815478689255 -0.07173899163031029 -0.004902138695505347 0.07331218476766815 -0.09272137228828493 -0.03485147132217173 8.465509446755324E-4 -0.004693085741998712
0 34 0.06779455340765957 0.012264311462984548 -0.028707103489467353 0.035655333015681856 -0.033652601178133325 -0.010738993299507995 0.03676813923368148 -0.017642304130236066 -0.02849665246063633 -0.05134333636336414
0 35 -0.011317700147628784 0.008681672625243664 -0.09417229145765305 0.07613454014062881 -0.09889265149831772 0.091132253408432 -0.01035383902490139 -0.02613995596766472 -0.014010870829224586 -0.02548089064657688
0 36 0.06387140199174608 -0.09179739870652967 -0.03869580616840754 -0.08632281506770877 -0.017650638982551377 -0.09808156966752463 0.02448573732700876 -0.03811446025018517 0.024296437716558473 0.09754360188846736
0 37 -0.025270111577833786 -0.044366661768722546 0.06111505537894845 0.0973034926017423 0.00856356909294853 -0.0680883805720803 -0.03209263417892161 0.04312834420367663 0.02982070272085049 0.006786897312995722
0 38 -0.07213040868659253 -0.14688765723032432 -0.06433685973519507 -0.09676030740911651 0.004645342594542474 -0.021202669681608898 0.0018896016619229382 0.09064707819855157 -0.10552614788343184 0.05857730738293926 -0.05840994361385345
1 0 -1.3706113454360855
1 1 1.078069302017535
1 2 -1.1990107975234028
1 3 -1.2046468947592608
1 4 -1.1139121125438478
1 5 -0.4611581384869393
1 6 0.5591131506258589
1 7 -0.19903353492371226
1 8 0.48176560227843096
1 9 0.19767095579261576
