## RankNet
## Epochs = 100
## No. of features = 38
## No. of hidden layers = 1
## Layer 1: 10 neurons
1 2 3 4 5 6 7 8 9 10 11 12 13 14 15 16 17 18 19 20 21 22 23 24 25 26 27 28 29 30 31 32 33 34 35 36 37 38
1
10
0 0 0.07290985133287611 0.08338577778562793 -0.09067267338707102 -0.024522595084250236 -0.017611758523001297 0.0795033363892767 -0.10894569428162508 -0.08283365714400098 0.10927554051030605 0.1899682201205031
0 1 0.016221619749729115 0.04141439759101391 -0.13342422553967156 -0.019045938856481155 -0.0621669811253913 0.09694596881096525 -0.32081580715280794 0.008788597408512351 0.10633694607661129 0.3541725407700616
0 2 -0.020764532136269612 -0.01701780820369821 -0.08120186984318181 -0.12409256176410378 0.0334937096696896 0.06573600278757222 -0.00484706366559727 -0.08681097452042842 -0.04907705163467616 0.05665532137752432
0 3 -0.12572322552791892 0.005173228060949056 -0.32916014459282705 -0.17729647259047568 -0.17689473205544248 0.040764579858186455 -0.28934605078544445 0.0030257639716353203 0.0635769327515197 0.559170649262742
0 4 0.019683294839736284 -0.006624926197594818 -0.07608659152530117 -0.09003686142993143 -0.10578423028456706 0.00503353389563976 -0.1222458280393334 0.06099269046171498 0.12026556310518496 0.1274170423518011
0 5 0.053965960549719076 -0.0453406689225767 -0.12503749967783306 -0.1313012443897455 -0.08376816651669486 0.11893715107385451 -0.3000186404819162 0.02552514149963688 0.15303998964282534 0.3791284408287322
0 6 0.1050885477115357 -0.11150433631946777 0.36224600179959116 0.1900512613366645 0.19513859110470994 -0.10310853902071695 0.46521789871932884 0.05288504387573433 -0.18278204863823266 -0.7264600659449849
0 7 -0.1003965589830101 -0.06236121445744785 -0.16373700584302686 -0.19547839828728855 -0.09275363533025675 0.044670077409150875 -0.19441804896527462 0.010407336557338553 0.15712736483987227 0.4046778033866384
0 8 0.08369193066798965 0.052637346024863786 -0.1670170182059741 -0.042659825080140185 -0.08149859858536866 0.08772498097176291 -0.1394605352927426 0.03432703333939105 -0.012687421123318065 0.05399452669835204
0 9 -0.09720883334862447 0.029855530669689455 -0.018810441529208428 0.03186217138012404 -0.07155706075929442 0.020775316691739442 0.07370731590084653 -0.04954408462046326 0.028661365737248645 0.051016780885607814
0 10 -0.07662420462705297 -0.08572658800797099 -0.061063804556182745 0.10154680583721107 0.0025074489454983964 -0.011448903099500524 0.0661935322409577 0.007212827926030305 0.06058992196006253 -0.048775398213934736
0 11 -0.06532867532525802 -0.016355330254844043 0.1379227291870804 -0.014999505996346186 0.1009769917766732 -0.08641746874053652 0.07247567050755041 0.09511587066328779 -0.005794944381639151 -0.047434397998011454
0 12 -0.10261197362776905 0.10251082056999697 -0.12083624362364133 -0.0012187849051905743 -0.1538937245899959 0.1197655250637194 -0.11715725251666412 -0.06539681524451021 0.039464380725490585 0.349145326705498
0 13 0.007453922543116128 -0.04657019319957998 -0.19972727976674115 -0.09998022796399139 -0.039517512150233684 -0.047835547115790134 -0.04408723033449411 0.09102549809052336 0.13182561287963815 0.19098647179455833
0 14 0.06832299361180826 -0.016230186553706345 -0.09395612284546251 0.01758255745881257 -0.025638549898766197 -0.06436594622243748 -0.04874006600528713 -0.04569639974572 -0.0138268556352801 -0.059571314181327675
0 15 0.018906619904104322 -0.07640435103988753 0.04666625352305646 0.007748307053333494 0.05073246006024564 -0.0658653524860729 -0.10972788439763578 -0.08016253541501087 0.024831200624380646 0.1679050292035074
0 16 -0.04699415674441172 0.06938966860723207 0.017579301201333473 -0.009117485402450628 0.05368452246271593 1.3777998754500265E-4 -0.013828058040507695 0.0819817182376811 0.008954362211823962 0.141420146219104
0 17 0.028681236521650187 -0.053780305870146504 -0.02632321871570584 0.09015949661508088 -0.09895155760235197 -0.047212981146978125 -0.035104397471176225 0.03299833125422488 0.038320182504306126 0.11497449127430737
0 18 0.07409164170303506 0.00452813334200242 -0.17978390805482566 0.018106005277647136 0.0011272680902963098 -0.007901299239469367 -0.06838991633507883 -0.08575538389656819 0.10138949886311666 0.14897226961646687
0 19 -0.02273725777339319 -0.005409745404360542 0.019770196970224172 0.009385946389079256 -0.04384984754726379 -0.00786120024402267 -0.02242924834494864 0.0050435337040272005 0.12204025854746743 0.08952929614621369
0 20 -0.07947501648712581 0.08894238147587546 -0.07475028085528694 0.017001260382141427 -0.050719662927021604 -0.049887279035465464 -0.12929643929105802 0.06534204421277075 0.08096956979407541 0.11445099656704348
0 21 -0.02201316587423644 -0.05710451348874835 -0.0738113247050268 0.0010704196686980012 -0.03599707216926579 0.09056887610378406 -0.06032281281659594 0.030139261567842492 -0.08031631248170197 0.15108540991101582
0 22 0.07649604628498585 0.09631196512581386 -0.11657193400104675 9.608121695884699E-4 0.02417922415622748 -0.07555748993777359 -0.19121152121825521 0.005466137154482546 0.11435791586028997 0.1348013479907478
0 23 0.008615870960552233 -0.0783016408021831 0.052751806368490924 0.027756635352247178 -0.001172522820196822 -0.027376776287670733 0.050362851536640385 0.06228536925586224 -0.06776819014832156 -0.14441946982287138
0 24 0.0082003782096924 -0.023182132234933088 0.09702315791474235 0.11071851883466735 0.08878760161693233 0.08282146272079913 0.051905936328911786 0.0820160092508318 -0.05206290843879191 -0.06195331963895396
0 25 -0.08214799137419257 -0.025863285221616912 -0.004910673317744175 -0.09853760225513465 0.07547291316899984 0.07067497040530477 0.0049109787746479 0.06704250530610413 -0.06868855714724784 0.16537073489694962
0 26 -0.0862120990848864 0.048475460859082574 -0.0663355826712176 0.026404544618010593 -0.05503093750171402 0.09798367993054559 -0.010104091122703508 -0.09798037655244839 0.03493261058161763 0.010712452988172734
0 27 0.07857028717699369 -0.052622970396050246 0.05859956340324292 0.003470388376799352 0.00853942924918448 0.07415678224452804 0.05665721424729141 -0.09530646945553663 -0.017497478804813817 -0.04346981048518095
0 28 0.03556164236319655 0.005105253985602083 0.0449229165919728 0.014930520638941737 0.019260926195489098 0.01267670850577063 -0.07520056786837376 0.09725032077432726 0.032823526316590995 -0.0539066355935066
0 29 0.07017305601459962 -0.04507234577580474 -0.02721028462196018 0.0010236517417250178 0.03312330190192937 0.0939945151295548 -0.054748284837461435 -0.027642423291975502 0.03745893525784017 0.11579502567988016
0 30 -0.016052755074444876 -0.09746342511157817 -0.016765495742524644 0.01056018998188878 -0.0014941875794912225 0.011541138414465735 0.05116543386530206 -0.09829594847448421 0.053112940004067105 0.018442351037136616
0 31 0.05537132716390029 -0.029840906834613972 -0.028353856450934866 -0.07544908092854549 -0.02186939343900716 -0.08174029054324221 -0.0696368972621891 -0.06651615365979496 -0.06555870076702688 -0.05308585345361265
0 32 0.04973491383837506 0.0658725132189547 0.11430341154921524 -0.06974621823369362 0.07419447242356123 -0.0013608926952036577 0.0827682578511016 0.008386071016577403 0.08567836530989908 -0.12260957366731359
0 33 -0.05875430511307832 -0.05819448578320436 0.036243128890787624 0.07239081719993275 -0.016541212261735935 -0.07566156529261785 -0.11677074045123888 -0.0670520310972624 -0.048063887978218416 -0.029478804177574567
0 34 0.026403915194664937 -0.050524760466076034 0.008285713744572225 0.06380185563504949 -0.08898545064736497 0.005877072800346379 -0.04204434819779616 -0.05796159092293193 0.06564457302084346 -0.018259774846364558
0 35 -0.06426235012636271 -0.011311031526893292 0.01813482376587271 -0.07219231947478515 -0.047142801867982274 0.026866778900104544 -0.10166877001453 -0.07023958424445821 0.09779362251566956 -0.0012465479748732804
0 36 -0.04412031173706055 -0.07816356420516968 0.03880446031689644 0.05005675554275513 -0.028542470186948776 0.017354357987642288 0.01207680068910122 -0.03968808054924011 -0.06818628311157227 0.06980226188898087
0 37 0.04182433072937999 0.08580803361925043 -0.04129009391334613 0.01712174032805647 -0.07441858250788021 -0.05076313320605528 -0.02475338344422407 -0.04099518198212795 0.028595991778768346 -0.18727249531693924
0 38 -0.06929597241096444 -0.07194973020891417 -0.05603272897575315 0.05694706248344677 0.08292782430046457 -0.07206523855309685 0.08460007163546615 -0.07525097312394427 -0.09800269961518325 -0.04055243297689611 -0.12859912509128316
1 0 -0.14350292465247633
1 1 0.05735944281601316
1 2 -0.6679237717235892
1 3 -0.37643602302249185
1 4 -0.3584190407237043
1 5 0.16468208819066127
1 6 -0.8286128030059965
1 7 -0.05680788523109304
1 8 0.3333426855016138
1 9 1.2777237159642618
