## RankNet
## Epochs = 100
## No. of features = 38
## No. of hidden layers = 1
## Layer 1: 10 neurons
1 2 3 4 5 6 7 8 9 10 11 12 13 14 15 16 17 18 19 20 21 22 23 24 25 26 27 28 29 30 31 32 33 34 35 36 37 38
1
10
0 0 0.02245054044118842 -0.04265549510414478 0.1521073396794294 0.015614957073119395 -0.09820447137035247 0.027281414045863865 0.06720606865027183 -0.09006872096381906 -0.06740571390229391 -0.035005409115136416
0 1 0.24826691823148678 -0.11392666493684424 0.29706012935711784 0.22560550843270574 -0.1757298351849419 -0.13406362442512865 0.09064386415246377 -0.42419711070460964 -0.1812894642868118 -0.11497693937150838
0 2 0.04830321211599196 -0.04596642228631794 -0.03324950461609601 0.07527398236262063 -0.043016061687225784 -0.019526309281487807 -0.039963264363985944 -0.18238331384540302 0.02050075510988741 -0.02707285926737859
0 3 0.28856799022658586 -0.19470168434190926 0.2422347167518125 0.3339228873470419 -0.38585073484997395 -0.1652904133279352 -0.027012977374268773 -0.4989594199248578 -0.3716296467341176 -0.15801611578926492
0 4 0.17163027306611453 -0.07875119740526894 0.14325086273812082 0.07667036134050045 -0.16369018308147512 -0.11330883219549387 -0.06327844858525541 -0.28012107387504825 -0.19505314922119527 -0.1360715601259835
0 5 0.17047064460505576 -0.10228423402721688 0.2111660390243631 0.14824038158330202 -0.22766207674867425 -0.08854862691291993 -0.041095257087139486 -0.2988186558080473 -0.2280045749217934 -0.09490485485382553
0 6 -0.4054993570544229 0.23770080713741223 -0.4054420332103952 -0.3604870497680867 0.45879504420112155 0.1490771564005172 -0.06967413754747859 0.6447528231216394 0.4087526451433835 0.16766368264383455
0 7 0.14733957663438588 -0.026715511055179726 0.29138643699952704 0.26441093169502655 -0.2622876618702431 -0.02806295876961262 0.07913580393427969 -0.3920874717862766 -0.242068014412264 -0.23856668240473206
0 8 0.004983938913880387 -0.11284275755720495 0.13149682029780807 0.13911378069946806 -0.1369048740486871 -0.0933354534368735 -0.032613280989873 -0.06407356144140794 -0.016769726772564497 -0.06090487828048066
0 9 -0.031449864317394986 0.030360818723199075 -0.07182098013319504 0.03870077535647693 0.039700691289463144 -0.09091865414066888 0.09854474642278273 0.08140749637604591 -0.057578624490406495 -0.06892341510854286
0 10 0.05624410895789559 0.054409410405202065 -0.12938691698108026 -0.062093057363093195 -0.012468171628740437 0.08940995555369463 -0.07686336955702255 0.031248081729996876 0.06200725034785062 0.12346248266774826
0 11 -0.004749823991549417 0.03159803113896973 7.502674914050709E-4 -0.10090131997744474 -0.0012180958437708928 -0.032056752128124456 0.06567988417786619 0.030768330068383105 0.14394991523488262 0.11026375842751042
0 12 0.2094424679342891 -0.016952282040458243 0.20376667817796373 0.172091900666326 -0.2307308766105778 0.038164013131906774 -0.06668096833387453 -0.19412006555748956 -0.25557248836185636 -0.09353370530709296
0 13 0.04446829530170855 -0.1391657659540384 0.19014969019803582 0.07205893982241246 -0.09960877937888754 -0.12261253514157014 0.06731234737684919 -0.27383358558633586 -0.1083860431852178 -0.14500694106691403
0 14 -0.03597804543049939 0.03395918187229683 -0.05432260457962655 -0.03282961230924685 0.08387449481073858 0.030953818549858503 -0.040607723027901464 0.011279500318659232 0.013418718602365898 0.031238462213055852
0 15 0.09160081543384506 -0.12446115641817415 0.024514333435057212 -0.010040935217069922 -0.13742089950311243 0.06075796844478117 0.06449637609199675 -0.18949340573814683 -0.14371025043975477 -0.06592254169451141
0 16 -0.027191195125328926 -0.09862972001015693 0.06722948592427032 0.008699021606517157 -0.04306647658814601 -0.051581287545695374 -0.05520948921925355 -0.022525713082467674 -0.06450837674972028 0.04246802867048599
0 17 0.0011479780795677873 0.019818696891816662 0.011598968675190714 0.07350797866651605 -0.0605938745912393 -0.037494130168812805 0.09291298000084584 -0.012489503129249823 -0.06532512703056136 0.051105057645486056
0 18 0.11388183692035733 -0.012974667134836583 0.12493671179440435 0.1362402296336975 -0.21461950278368366 -0.04702403936255579 -0.03874932200356313 -0.1673653655349163 -0.18594949724822912 0.00293940309040337
0 19 -0.007129053993772574 0.029965614334908016 -0.005035278807168233 0.07722464000941784 -0.10865942148119995 -0.10100590842396122 0.0073382081859675735 -0.17501488238316995 -0.04155785597557503 -0.0624866107621856
0 20 0.004288996096516764 -0.12686875539252956 0.07915513485196585 0.03956716646858762 -0.09880493923446365 0.02492414795790639 0.037583849589795465 -0.04992455805518762 -0.13648789251149426 -0.014137113589665212
0 21 -0.03816549336667194 -0.042583100319796514 0.05784257755508541 0.08581330875331317 -0.12935889396435177 -0.10741835474858487 -0.09113533871145667 -0.06721497661068945 -0.06127757232274432 -0.08566521785512711
0 22 0.11394501077433901 0.013938207097337105 0.004142425280607928 0.12865811786605 -0.11330697511110653 0.03717320998937326 0.10718898810445315 -0.09849352208912919 -0.0941955063344001 -0.10018115629083796
0 23 0.03941280237381538 -0.030437372744855952 0.08503008377814705 0.03934588364874474 -0.07253027281556867 0.08763062035693162 0.07220799170171537 -0.012529919962812091 0.003367986038577727 -0.08603174483256644
0 24 -0.09153271793389436 -0.009174344595374568 -0.1401617957159469 -0.10711871656207723 0.07329388497040226 0.06773358111774178 -0.0101780310390152 0.09393600682808444 0.09275973866921541 -0.007788161437554907
0 25 0.03270408048890309 0.005053219304474931 -0.0634426647382769 0.1190071403791134 -0.10158345428489489 0.07862227133524347 -0.0597509555761878 -0.05920464798609427 0.00994883342640505 -0.09419290324634774
0 26 -0.0017384484781680467 -0.020043843516737433 0.01616616466937091 0.009274468377073868 0.09292790227184934 0.014345787897989551 0.06095658182485028 0.08498465968770269 0.04222849650678099 0.09592930815828066
0 27 -0.056373339925177186 0.004997577345559912 -0.0032720658249146837 0.024924909606238985 -0.06522845834186076 0.0017433685645090772 -0.07843219044087395 -0.006378322901098545 -0.07585109197716561 -0.06806043230955656
0 28 0.07295010338871799 0.032193427664194925 0.04401529806859553 0.01620700516092832 0.04667660461201678 -0.03723330605548182 -0.045640798650820026 -0.027187995805795038 0.03896867769955963 0.07040990730195104
0 29 0.04279613150848877 -0.02779067777111119 -0.014487849758688633 -0.06035055673012771 0.011878125067944386 0.024196620587001616 -0.00959604707304141 -0.14378441917805826 -0.13078154512081855 -0.01485726277707164
0 30 0.005958787211135109 -0.07403067782320005 -0.07415115755673733 0.03287909736960137 -0.03156237444630204 -0.062383340490269404 0.03445390945607957 -0.07546496008102616 -0.044103393597047506 -0.0042508310648756145
0 31 0.07963267797678174 1.4130311635898637E-4 -0.04701440532674805 -0.05632417960725514 0.025960488547334647 0.04534098086647833 -0.09923955252771514 0.0017303945760643211 0.08167071073140011 0.016826483176958937
0 32 0.03399598109754921 0.003846081327514261 -0.003729081492366335 -0.02451892758207963 -0.02782105469432636 0.049727733138030084 -0.015246223707776464 0.13028997037867196 0.08917063471752822 -0.003943786842828951
0 33 0.025515359198154074 -0.1057200001165997 -0.06892181483419699 0.007565569208896374 -0.006059593295068358 -0.04536942959344532 0.08736302105598659 -0.025056679682277143 0.03026606221822176 0.03697571040037105
0 34 -0.023714151396092134 -0.10235935883232176 0.0715776324603921 -0.08840663844813602 -0.03799073588029469 0.05511580187633732 0.03851039935159676 -0.011160736447274128 0.03536985155288998 0.004870585879425411
0 35 0.034465856946171616 0.09203259594452873 0.08880232278097343 -0.012837866631798487 -0.027585494495607446 -0.0608037200682176 0.08785186571712242 -0.02573111084444663 -0.06316162196013715 0.08516164943387323
0 36 -0.024746076390573756 -0.013243757177103905 -0.024446536032249958 0.022348282583857997 0.07675011165906047 0.0690046070587115 0.004722508138314566 0.052941945359666454 0.07834431089678036 0.09376843025463293
0 37 -0.05326810269561464 0.07986069879903158 0.010541440219722097 0.04144623147817596 0.03140653286517941 -0.04093305459104651 0.0024897865017001405 -0.018312205955051987 0.012084738300528095 0.09927162405989413
0 38 -0.040788385105704365 0.010756517003546857 -0.050150878044531146 -0.11849102346631249 0.05151161509967599 0.019806245616665556 -0.045075527036885575 -0.10510117139088608 0.06100600094388952 0.09465955066386297 -0.1193081011917131
1 0 0.6307877296476254
1 1 -0.41862293260334416
1 2 0.7253959496486531
1 3 0.6803878899066869
1 4 -0.888024931230594
1 5 -0.30924693985914564
1 6 0.03823861177567151
1 7 -1.2068309360646408
1 8 -0.852836671184258
1 9 -0.47784366522090277
