## LambdaRank
## Epochs = 100
## No. of features = 38
## No. of hidden layers = 1
## Layer 1: 10 neurons
1 2 3 4 5 6 7 8 9 10 11 12 13 14 15 16 17 18 19 20 21 22 23 24 25 26 27 28 29 30 31 32 33 34 35 36 37 38
1
10
0 0 -0.04596957326902684 0.04913153377387395 -0.04365542501359761 -0.060562903996098594 0.04110698903905222 -0.07818916217015091 0.09478354615140502 -0.06788329125915112 0.006063944863906089 0.003104567082534977
0 1 0.06143296862907523 -0.01584842431742757 -0.04321889873870742 -0.08358283039311569 0.018322171196274523 0.06767571628226074 -0.052928488662278415 0.04799730460932931 0.028417339713184653 -0.006851007323727942
0 2 -0.059948748743776564 -0.07620149457619692 -0.036733176628284424 -0.07687700368387634 0.025603665214027224 -0.061743403025041395 -0.0770010780729363 -0.016041860244188216 0.06924136228954748 -0.025785284222959958
0 3 -0.05687350974544305 -0.07590608690626699 0.09632723129595704 -0.08620404405844681 -0.004444954448484257 -5.830037229302013E-4 -0.01889448157004779 0.055246843698204366 -0.044748945257029826 -0.02328933242546968
0 4 0.05818998755313 -0.0508251416557863 -0.020306809086969406 -0.002435347672866026 -0.040721556567308546 -0.05918077524870851 0.0912279154143809 -0.0859827836293074 0.032144289709548385 0.07803221717258506
0 5 0.02661885943323888 -0.03522907716771338 -0.007287511034697221 -0.0038400557011809802 -0.0470820362975316 0.08683293930245506 0.02007687517093559 3.31542990504571E-4 -0.09065788947111907 -0.060523968694026625
0 6 0.019611030910121084 -0.09961679433249623 -0.05244969013696812 -0.04250937575854736 -0.05674358904555314 0.043404098867993846 -0.09075626375654719 0.08841543068025129 -0.041324770760950806 0.06577671274190922
0 7 0.0026124319334893857 -0.09267934606657786 -0.03561823348346285 -0.057170750530434654 -0.04568243121830564 -0.06486375969240962 0.018606459946277076 0.027255160661960917 0.0238648636286194 0.041486783380420084
0 8 -0.013693671387077002 0.09676567086586625 -0.059925787270108936 0.03101724147662667 -0.049859875611020676 -0.014504523978226056 -0.05191166636009624 0.06337573894302055 0.018546580437367115 0.08734406417890984
0 9 -0.0422379524529082 0.06674167788382579 -0.09428234246169383 0.05573652983413152 -0.03780673362978917 -0.04337821401405685 -0.012557318700760154 0.024513071989662197 0.08276015374158194 -0.054791063954472106
0 10 0.035318279463021705 0.08088433391195556 -0.022325692587413952 -0.054511277950864905 0.08976163054344796 -0.09232066910166739 -0.0946003403919551 0.02594727659980155 -0.03669987821557247 0.07970822472994461
0 11 -0.053324564666712176 -0.09324370423924015 -0.007792492783128139 0.003100285069729874 -0.054603910473189805 0.07243725021433983 -0.05674562602667505 0.08132253810286348 -0.03934163812163023 0.023006109407043788
0 12 0.08120975809495318 -0.08995447608834903 0.0010821319027003028 0.040128857187780254 -0.00949704371492242 0.04776759343499534 0.06228950731266054 1.7305932542949288E-4 0.08997422965467432 0.00556726977813135
0 13 -0.07115648296036911 0.03720736918263382 0.08825420694131483 0.09903995255480491 -0.09227053123139754 -0.07929271038537267 -0.07632889479537223 -0.009958625454137764 -0.087465397963358 -0.018372010571473085
0 14 -0.08890617761791629 -0.01320758285910433 -0.07745627082539994 0.024184836126360167 0.037811748171291605 0.04837405944545285 0.024614839068191237 -0.033885814796512266 3.738440511722035E-4 0.06678571986405027
0 15 0.004563132715874237 -0.07163290315554614 0.036239752578084546 0.05379500984974683 0.017909285454796278 -0.051555098237195174 0.0494671191781606 0.011715405362713116 0.048751724891177226 0.021828828836672483
0 16 0.08183027669243986 -0.026214554964853466 0.09233821871586835 -0.09051965312728491 0.015235613015263895 0.001775662157767468 0.060847693794238385 -0.05530940504194259 -0.06317692126612046 0.06899368631931167
0 17 0.02456919002811671 0.02731298142749316 0.0520558243016244 0.01583975552651504 0.061278672538373796 -0.09941144185454111 0.029472543565322473 0.08872502971949192 -0.06840642919777763 0.05986832149203882
0 18 0.08648938440126648 0.04181220107030582 -0.03716498697812345 0.09317253730894995 0.049660578108342526 0.08779652808905311 0.0031098091682780398 -0.041777239109119485 -0.07732872883246657 0.016094287445619825
0 19 -0.062418794141689896 -0.024959740290481692 7.467098662516057E-4 0.004120776698685214 -0.08740619219818574 0.02294106280680613 0.05196182053041495 0.03481812784548404 0.08745074923639493 0.04063526019422426
0 20 0.06371079174771459 0.08021283132196153 0.0274220400097092 -0.056592303605306406 -0.06038681144338039 -0.0798693632619032 -0.06886615347625964 0.04806640175038682 0.02623082552652653 -0.06380536560674956
0 21 0.0914041224762391 0.06212615694453828 0.01033958335606286 -0.028490148310423406 0.03455212362462637 -0.06361494832220235 0.02167641796703763 0.07235445753407987 -0.030630628445410573 -0.05109227378981098
0 22 0.07256878047897455 -0.036287016639030015 -0.005041154944370403 0.07826595103606113 0.055639900188113635 0.0760106309451508 -0.08817992904449834 0.056022564119040524 0.0724606258036106 -0.01386747336568598
0 23 -0.01696777964358765 -0.03900881310204482 -0.09545331780592128 -0.07774784207469908 0.004490481992578821 -0.0212444086439955 0.003846887419085848 -0.03857448530343541 0.01977075719515219 -0.07115732376117098
0 24 0.028021429027259685 0.09866794594977 0.05362899125505812 -0.0436320863731563 -0.035419876440112234 -0.06894684937655518 -0.03982964963867038 -0.08968037181537451 0.0077083598333397675 -0.09429768938426948
0 25 0.06628160931583836 -0.0732493070887657 0.09185792064673343 0.053747518194266555 -0.0346877494845326 -0.0731979421220216 -0.05338112849627749 0.062298423548926736 0.025787034125063838 -0.01086144998930218
0 26 0.03123763740353844 0.05565371300313302 0.08144916040048052 -9.808883376137237E-4 0.0629457499612267 0.015588267808103063 0.04257030385986497 -0.0638479884382709 0.052084334842218444 -0.028363645621432648
0 27 0.07130921798135972 0.07415434787293378 -0.055822675278038435 -0.03195683863773023 0.041700553595013734 -0.04632661318203623 0.09930383825788716 -0.01844201041669445 0.00482113227733069 -0.07235284112374289
0 28 0.06400679439763064 0.0056174853087707175 -0.021608438370936647 -0.03529196107618711 -0.05520131294045893 0.08182668426506012 -0.009413044337351089 0.018446632691243626 -0.02700375426168106 0.058366844570150636
0 29 0.0667048552265114 0.018662772363554805 0.031910006323125406 0.03414313316245511 0.024443940367035042 0.050394994641445805 -0.06636820421546943 -0.08939076245123599 -0.022538758725706518 0.0968887178436185
0 30 0.003787049193753763 -0.07645183767166068 -0.024687651111286787 -0.02412907848634757 0.04210286075975371 -0.06911745341957705 0.06652428183062924 -0.024331809980366857 -0.044449300801723365 -0.06463131137410592
0 31 -0.07781321916942553 0.09624018868738209 0.017821504140004753 -0.007073397011694228 0.03240847811816517 -0.0017321379948399289 0.05805817771549766 0.014583287035752403 0.05673898826853283 -0.0602801926795043
0 32 -0.0866437057268865 0.04893098276473588 -0.07184385999716755 -0.05607226978649689 0.01912280972319109 0.061104657434483144 -0.05231874636503707 -0.035655024389072046 -0.03459213280562646 -0.08284570606252453
0 33 0.06094618838183353 -0.0693019153492736 -0.060138199076305514 -0.012600437104131166 0.0571812454104978 -0.03270959679022681 0.04433606040678769 -0.05963200725325738 0.08534888637980902 -0.04209338106508237
0 34 0.07232386851940942 -0.07010319020601155 0.01692106809767365 -0.04268477406325615 -0.06417492171528462 0.058054553124021746 -0.062355802862463915 -0.003967958773473106 -0.007348742784173564 -0.00183179848025164
0 35 0.06787709422461383 0.02744822539865229 -0.09698698589308424 -0.049025475404045185 0.081716811744131 0.006114669407554492 0.0963084229723086 -0.0921184784513211 -0.00931670443840342 0.005988602752372033
0 36 0.08379285571652983 0.03930161213879599 0.07567072235744345 -0.05862056883769468 0.024093775856341135 -0.006565648785406423 -0.07884017765375083 -0.06321438138750157 0.08499572528431633 -1.1718674865427991E-4
0 37 -0.04947177900671776 -0.09767194982222256 -0.02413079265199085 0.041311417040643644 -0.0277775061181826 0.028935171296469806 -0.08607582210635516 0.010251822046902549 0.03155536066553649 0.09474057855274418
0 38 0.0782927656279499 -0.012551375261143681 3.438524011394966E-4 0.058537402409153554 0.07749030156573909 -0.08761757989529978 -0.024071129171992497 0.0302348044351717 -0.01388798754808439 -0.06357980458070733 -0.016185801476240144
1 0 -0.08292282372713135
1 1 -0.04881685972213742
1 2 -0.016900021582841887
1 3 -0.0011837899219244693
1 4 0.07956500351429031
1 5 0.0689306035637858
1 6 -0.026281189173460083
1 7 0.043736405670643075
1 8 0.06875813007354722
1 9 -0.05785394832491863
