## LambdaRank
## Epochs = 100
## No. of features = 38
## No. of hidden layers = 1
## Layer 1: 10 neurons
1 2 3 4 5 6 7 8 9 10 11 12 13 14 15 16 17 18 19 20 21 22 23 24 25 26 27 28 29 30 31 32 33 34 35 36 37 38
1
10
0 0 0.08962309883581904 0.09593563828058324 0.06595489500651923 -0.02909453509612789 -0.01578831871874467 -0.025235086017729395 0.08343606622232513 -0.07003370923545944 -0.07477095337702405 0.03905862285735783
0 1 -0.04209716241095919 -0.054442713359091344 -0.0762818633717263 0.09606579291923271 0.05359264181130989 -0.08424875776718607 -0.0885934922164848 -0.023654798872079694 0.052877831977440705 -0.06485727947599478
0 2 0.0027383468244817906 0.005560011651572241 -0.06727017563476655 0.08282147272834217 -0.018132210498372228 -0.09693074085760274 -0.036244041855417894 0.06562001406892416 0.013337445402674262 0.014894985462093942
0 3 -0.055810689718317805 -0.02629367591428616 0.06432325317276762 -0.046216311481849015 0.03777275250808543 -0.019068049310168346 -0.033205545115340844 -0.09302010499513033 0.007270116600537427 -0.0961040438032572
0 4 0.07967176574610807 -0.05188748532001531 -0.009705348450646908 -0.06229626470514632 -0.039174283812866986 0.08353284637921683 0.06218454680065903 -0.06883112376017879 0.07258165096274445 -0.08357388660086029
0 5 0.06360993991989117 0.0743427962292775 0.01577197213376452 -0.011010747115902114 0.0732907618795101 -0.02778869141871339 -0.047912999862961235 0.06293143654915286 -0.07786374169358447 -0.09830450319225742
0 6 -0.05453809985706134 0.01275912462348937 -0.093086674373411 0.07909803732730021 -0.08031508807763563 -0.04276822618436603 -0.08787254227690897 -0.04959562829216459 0.056733088012459285 -0.008537325543648184
0 7 0.07882700930408343 0.06364370660089838 -0.040888276658491436 0.07470808777173012 -0.010063163043270946 0.0622692304657273 -0.02026711042405396 0.041456213636356404 -0.030417692334909513 0.08476187685780391
0 8 -0.022630395248921433 0.06692233094910804 -0.07697955206281747 0.05688065558432174 0.02080195913753305 0.05677930092563644 0.0984332583166249 0.0923873137221275 -0.0351310630474922 0.05226775026180457
0 9 -0.08575704611536974 0.033602680979352643 0.019935057762295694 -0.09884731213680399 -0.029009067657987796 -0.09173421674304538 0.0653256079922963 0.018716387261436034 -0.08638862289495762 -0.01999332566628674
0 10 0.058008515957604055 0.042114014521592864 0.03393314880015587 -0.06936057960914656 -0.023622919255796213 0.07427038358202503 0.061922765162433106 -0.029347932643554446 0.015201628068230458 0.0896965497292443
0 11 -4.866542730515819E-5 -0.0541374932016915 -0.022164756579800556 -0.045400479815948656 0.0778780035362769 0.009743602976468693 0.049363422089911804 -0.0033694277801920576 -0.07908225927143507 -0.05534831078483944
0 12 -0.05505027451352961 -0.0337842768235145 0.0020279914117001716 0.08869524890630058 0.04322694295488874 0.04849460258805381 0.019733622865903667 -0.04603799284856062 -0.07734661167327045 0.07840828335279013
0 13 -0.022548456666180786 -0.0429069741554727 -0.019664233942824353 -0.06708289919718284 -0.03411973844812735 0.08348399050416395 -0.002217037214699691 0.09848992993115727 0.015692980816271213 0.04862646193634856
0 14 -0.007396266976615585 0.0153993071729098 -0.011196087082143202 -0.08549506197225791 0.06323199674928577 -0.01533211373384218 0.04029448306652744 0.09468326789933085 0.06742608435586965 0.026023593599497966
0 15 -0.017679158910365967 -0.00311331843405599 0.011201102055654688 0.07723692519215215 -0.06069854549843349 -0.05799382726262826 0.010021156203389312 -0.08221381066862458 0.0502229790831468 0.06013459201453894
0 16 0.04274560384683627 0.03555212595834217 0.02577528515009266 0.07808181748792095 0.06375311246490771 0.01494022946963217 0.028727839082777682 0.04943515398973897 -0.0798780167475532 -0.04683599450469966
0 17 0.055244036558374204 0.08097422441260746 0.07788701776909845 0.059339168477743016 -0.045053132878650544 0.004936263640963572 -0.047220564516708696 -0.0988927466292393 -0.01054163021791155 0.034763158202084296
0 18 -0.06696105425898728 -0.031690255207627936 -0.006705327504510792 0.09183158759784296 0.017252119589835323 -0.08546343143076647 0.05234485795012408 0.04097449058280988 -0.030437581391563072 0.01346346343199137
0 19 0.03974429003248632 -0.08197790407828898 -0.019183884361136792 0.07739668573356774 0.011447126872704695 0.09249805967554875 -0.006155680575200042 -0.0537392959943192 0.04070532455618966 -0.007834572559673373
0 20 -0.03241898145592259 0.06512866809374046 -0.025093658053690727 -0.052757972070438384 -0.040226370717030634 -0.0259484087574016 0.09155348674764342 0.011909576980661184 0.010140368859397111 -0.07048086405455162
0 21 0.015620538331987763 0.03611303718112642 -0.0818738350915657 -8.678009662038724E-4 -0.07751842252932428 -0.034571238718414804 -0.003695885072723863 0.05211032440311217 0.013488486222623162 0.09497354219773324
0 22 -0.036363140364491335 0.021754336517707175 -0.07203974231613322 -0.007725980550870502 -0.08362876925438827 0.053225601629658045 0.05153533782346319 -0.04324925574632075 -0.03428734979259558 0.09309986093053527
0 23 -0.0783351397902056 0.0469505059554845 0.077824324656607 0.06551521221109037 -0.08246967253508633 -0.07167006996205952 2.490217874729368E-4 0.019340940070294375 -0.042046550517740915 -0.06022491755121075
0 24 -0.07316554464202644 0.007822367593961793 0.09649904472580412 -0.034336404015037396 -0.02915623625913894 0.05464285322399638 -0.07439808170448532 -0.01350722460780966 -0.04963287283013792 0.044101448528049744
0 25 -0.04127617426208641 -0.013066353715150832 0.003833501304661875 -0.050846255710390496 0.050452330324222236 0.02530872130577239 0.04537498381656145 0.08834168003801691 -0.07055264245970988 -0.08723236509451898
0 26 0.01117400248978209 0.013446145414142558 -0.07156522067820398 -0.07751269845944767 0.07066812780964377 -0.07149904019149994 0.07428719696903888 0.06669222766583228 0.040938332701144144 -0.0036698408688482834
0 27 -0.006907776676534403 0.06388932007629479 0.018154004390940774 -0.06844554967892538 0.06645289260656129 -0.06614055154332653 -0.07503403913507134 -0.04645141444038852 -0.053391155318208296 0.017209925774938704
0 28 -0.03945777419190782 0.009162472047567285 -0.03295045126901123 -0.02677886227892427 4.253382588305863E-4 -0.03189161757560072 0.07814789003804719 0.08282455877757512 -0.08397602756386008 -0.022696769157571895
0 29 0.06630170205633888 0.015099106994559469 -0.004000125045719422 0.020476555424532403 -0.033472729950189 0.03142720647751303 0.02063365312647916 -0.08807742946706586 -0.03927223356673037 0.053958047261547876
0 30 0.032534184682514844 0.0891052706126657 0.05835227820605054 -0.02846808083270353 0.08814496719436973 -0.09072442578543222 -0.09425612041970746 0.06591822120599738 -0.026044535567439072 0.07897688835154033
0 31 0.0062245934201741425 -0.0027704849574910952 -0.04465881389894775 0.008275140018415306 0.050450231864345614 -0.03409260957537569 -0.057544979272861264 0.031589840644088936 0.06324548537639889 -0.08198562323816813
0 32 -0.012284746999790286 -0.07477493537717823 0.055666404586581925 0.010421297207521229 -0.037665806077538805 0.024363669958145224 -0.046717932514606424 -0.08755495012665729 0.037495274631699514 -0.09670560385900483
0 33 -0.03497183833670119 0.026523489185463153 0.06704713007712229 0.0422384271805683 -0.09800161343593476 0.0065267247287615305 0.012792247381018177 -0.020302975381244766 -0.012615644195231028 -0.08736597861332995
0 34 -0.04514006127433653 -0.04612699112611492 -0.00930308453569237 -0.08299417633998667 0.03047108274161459 0.07327509373433388 0.009939507217624068 0.052116614832766514 0.06788505731389605 -0.02530569614815217
0 35 0.049024280592236846 -0.09659393341159814 -0.06439500603626601 -0.03016556876637382 0.045500471278531254 -0.03362084618405758 -0.0734669751537394 0.0444258163295338 0.07492722715791211 0.020905697388199238
0 36 -2.8203881401640537E-5 0.07520715754415881 0.08979154245550663 -0.07007601723616558 0.018414604066739306 -0.02173502905940992 0.04956039335927709 -0.07896525606537877 0.05886581493966404 -0.061376001827415476
0 37 -0.05137702169864676 -0.05003134868981869 -0.09287173965402393 0.09982808132909791 -0.09755102549407811 -0.03877424812151554 -0.08771127826561606 -0.08935170304402171 0.09633983696829103 -0.09505098359830098
0 38 0.09908162584287356 -0.07746474343924731 0.05020034149825773 -0.0429877168936343 0.08009318401801485 -0.0030008219696433104 -0.02708038319113887 -0.03906301088133647 0.07654327395663507 0.060700299825576745 -0.00581165542826059
1 0 0.0077181160449981585
1 1 0.0952388271689413
1 2 0.06907913833856624
1 3 -0.01602687314152721
1 4 0.008670777082443317
1 5 0.05564052984118437
1 6 -0.02823944762349089
1 7 -0.03120438382029539
1 8 0.012666231021285092
1 9 0.03825240582227744
