## RankNet
## Epochs = 100
## No. of features = 38
## No. of hidden layers = 1
## Layer 1: 10 neurons
1 2 3 4 5 6 7 8 9 10 11 12 13 14 15 16 17 18 19 20 21 22 23 24 25 26 27 28 29 30 31 32 33 34 35 36 37 38
1
10
0 0 -0.10267774353731876 0.10365065359762868 -0.14186843351202827 -0.1617552326465258 -0.27503587212498287 -0.009394287301687702 0.05657374858650457 -0.19568560649692449 0.011482625226740659 0.054122690979881226
0 1 -0.05567337172819004 0.3662190935923218 -0.33801563101265597 -0.4135713045170498 -0.6623715723261093 0.1339668097980931 0.1038075031191306 -0.602088652424332 -0.21676979860190104 -0.07502005511116998
0 2 -0.08460404471966704 0.12252980991970659 -0.11614300470873001 -0.19036535710874866 -0.10509393423380883 0.015890291656401576 0.12330426527711927 -0.1528773992930569 0.033433705577016186 -0.11225331569909584
0 3 -0.10841477934383358 0.46609150333887334 -0.5337403699479699 -0.6158769643103907 -0.8909489766559232 0.10625646037460272 0.2096276596485383 -0.9261203461852392 -0.46102883597240035 -0.07513752951337213
0 4 -0.03009467821479036 0.0955676573506191 -0.24008605238230005 -0.12765445511527915 -0.3133691815957694 0.13455325039602947 0.07129459415512797 -0.38974328067701874 -0.2220046712299326 0.05365174882871583
0 5 -0.06161185285310511 0.3404454489410364 -0.37075379792221835 -0.4056025753647387 -0.49386559337635444 0.16078629629360866 0.21285331085557793 -0.548026176507833 -0.30762756560325194 -0.06252605943943218
0 6 0.008652459990534446 -0.6471159041646636 0.517406264245991 0.7165019894229788 1.0446478650311755 -0.1743694595150074 -0.3870321742314599 0.9324357812113941 0.3781004626632 0.1482718884897821
0 7 -0.05312422996264311 0.3089657412843233 -0.40008133510907656 -0.3521427552798707 -0.5966419103320428 0.045095685592137856 0.255594023630396 -0.666631695342942 -0.3319374826556878 -0.05380221505225967
0 8 0.044374512173410506 0.1370687935472044 -0.03410193745508596 -0.18046572649666479 -0.2074038279495609 0.07770916142501404 0.10719442448074556 -0.14068996324345612 -0.14960088663334606 0.05711930691415946
0 9 4.880410020745003E-4 -0.07724822626061945 0.014989902200993532 0.07474810070907514 -0.07605589828953932 0.0052274717713695655 -0.08513613572165409 0.07224166777016276 0.008080404302039323 -0.05026701743759991
0 10 -0.09600919217798025 -0.01602314136097069 0.07400045177807259 -0.05653578484427149 0.12004995237396508 0.07300587669344331 -0.03757917162717819 0.08078665747060876 1.3289232769891083E-4 -0.06716845517766612
0 11 0.09775629891131206 -0.12582873266063474 0.07014043771234804 0.11568576331766739 0.022717532774535875 -0.01310566180309992 0.024221065776089536 0.06048550024480752 -0.041512337183054 0.026086390801807618
0 12 0.029239585254484182 0.1530682005214319 -0.32097952397290036 -0.38649168587913446 -0.572655533235194 -0.02265595092650024 0.06070547100032366 -0.44157497915478616 -0.3118861552752795 -0.09847933627547216
0 13 0.06748790386519393 0.0644057684106535 -0.2234748204339467 -0.215592220764662 -0.42972595869768093 0.10890508911291868 0.019934941429818345 -0.38183230381765576 -0.10542964026211538 -0.0073690454947187446
0 14 -0.005147350661002895 0.09002130157975374 -0.04587955162098331 -0.0349633242373577 -0.09026858966783824 -0.022273094672612716 -0.011140827233359619 0.0034957664983317864 0.02405487190785829 -0.043123117066264864
0 15 0.003402425264954733 0.11688129410716416 -0.06467248497781078 -0.16086360847826706 -0.17162385632621732 0.12352460432169535 0.1041153484849381 -0.09746007666464632 -0.004232847249627485 -0.09205932218977013
0 16 -0.08738194064267131 0.10611614389941319 -0.1547508806894992 -0.09153295093877255 -0.08385886488964782 0.027056563317476575 0.04129447305918764 -0.23924669953091313 0.003982410063658268 0.07144013944364581
0 17 -0.02162333848988605 -0.05292744371102538 0.05057857179730477 -0.0682276731998066 0.07820475882432068 -0.0613442114775352 0.014973219813020232 -0.0776702124537072 0.09246356384222858 0.05321216188436995
0 18 0.04692139125530444 0.20258520662130097 -0.26106529801732825 -0.14923319188333783 -0.3683406784302935 0.028923719843432942 0.18139584502158385 -0.30564406635685626 -0.16364795144570846 0.031105213384955685
0 19 0.011200564464690772 0.1762175634274009 -0.18689461551574735 -0.19157086970342802 -0.22157065867370132 0.13362999526388403 0.020627412597237743 -0.2826621445036277 -0.13153610727927936 -0.09029273586509927
0 20 0.09392210879443241 0.020955144882440324 -0.1483562802531546 -0.021944853406672682 -0.12010821110348277 0.05022791156975584 -0.04032118147079491 -0.14355184839721763 -0.1427731799159243 0.012721718358088791
0 21 0.040933518629395246 0.09426817412446517 -0.07380704744371093 -0.07066658654467874 -0.1532012077353351 -0.03977095023465505 0.0709344561382432 -0.023532164271092008 -0.0796390827244608 -0.06003329154372967
0 22 -0.08390844683395415 0.1364129766928319 -0.24590482241912343 -0.11628182026923488 -0.25028919014213075 0.09729059588209864 0.12102741474782083 -0.2560507659575788 -0.10848670756729065 -0.1096087731155331
0 23 0.02819714967037599 -0.013874310148322036 0.032236372779996456 -0.01577058037772051 -0.024021876323579043 -0.03394283937447521 0.0303430279386009 0.06598510519587841 0.0105447358008258 -0.03419235792376365
0 24 0.056752256259823844 -0.20772007475347495 0.03834421393212233 0.0030786743831569905 0.05168420464377425 1.904490433680674E-4 -0.0854928403332742 0.2036649716905419 -3.623726500120214E-4 0.05572466746278292
0 25 -0.0015951862704619351 0.14054580484652113 -0.10570750459452309 -0.07194191980504419 -0.2050871806830489 -0.02969186573878631 0.05832145067585183 -0.13582942902001566 -0.00658484204260994 -0.02646914000183224
0 26 -0.08408348567576104 0.011215487535913483 -0.06673787712207119 -0.05131379140878749 0.0058124829956666966 0.03359277202196162 -0.019902510763980426 0.10933722278634203 -0.04161948011046971 0.07929285788068395
0 27 0.06002578512801322 0.0061111302863575195 0.046434854865330576 -0.06493235641710153 -0.0818528641309682 -0.0025649003988969473 0.0071664102002747115 -0.03377624780331157 -0.048751582872439476 -0.019758093820168222
0 28 0.014434287177369462 0.011253380864408746 0.00599692447938398 -0.027902674284576382 -0.11633663097898071 0.005114344142830271 -0.03686059229803461 -0.08354698385872344 0.07791082013277707 -0.034144357559049925
0 29 0.029498831706718326 -0.01927763629572552 0.012596968390084482 -0.009920541986994073 -0.030232336631213604 -0.039341143568667976 -0.06004286495471 -0.20893257666147383 -0.09657053429753451 -0.10834088217361387
0 30 0.04930743567408989 -0.007645794062417395 0.019793275851294763 -0.07678112475286868 -0.1269891568460227 -0.07092213715352892 -0.01855591233122101 -0.06420160445946062 -0.04479072766078374 -0.0353083843682163
0 31 -0.03930923558159846 -0.024481360965430396 0.07014303882237592 0.09077108187451505 -0.032805957074553554 -0.05032317530764955 -0.08682888361378958 -0.05291928603479909 4.681672015270045E-4 0.09271857004165686
0 32 0.07088194336778096 -0.007065001521195106 -0.0650032005533775 0.07947466045434806 0.023511679992303126 0.023579234317571897 -0.09641347947540944 -0.0024180647886764134 3.1809567986179236E-4 0.04384509551596485
0 33 -0.07918459473076632 -0.023968386254160357 -0.10952600102015699 0.046172577462271706 -0.1556246792195155 0.032872864039875126 -0.05317404953849173 -0.09988245427078045 -0.07775479273408993 -0.07991596019984275
0 34 -0.03459121486665784 -0.038139300094143735 -0.008606182314527436 0.06477318012675577 -0.11347186800299146 0.0229276337403586 0.07052716999743931 0.02586077459810843 0.03171056795264442 -0.057787619602299035
0 35 -0.06823246495485978 -0.007035962512602561 -0.1081049572542163 0.045598049757887324 0.06644308849064698 0.02998078966421043 0.03760914286148702 -0.07159256942382529 0.004676321412338016 0.02075497791819809
0 36 0.06071534064273728 -0.03068158320831103 0.013548969638453801 -0.07268591279316734 0.06982896053885232 -1.2276633034202894E-4 0.06751123889562428 -0.0608643233727219 0.007272224866276259 0.03215856347339923
0 37 0.014591737262416792 -0.03387799564142331 -0.05938907552887083 0.043026143990205094 0.11813455100444284 -0.042884882719511234 0.02783000029580775 0.002351179479508661 0.012134979634048268 0.10157829346559429
0 38 0.027604717452117292 -0.14029945323414383 0.056887383765737196 0.0407459153230762 -0.05354085635778951 -0.015665861764321883 0.025559792184835985 -0.08081654332841896 0.08165158807799269 -0.0763318739121073 -0.07469678287887617
1 0 -0.13706630428165784
1 1 1.06624219244084
1 2 -1.166343046031239
1 3 -1.3421965456402727
1 4 -1.9163797993790843
1 5 0.30150201994013454
1 6 0.5789219301376186
1 7 -1.8942795446696905
1 8 -0.9096616051159343
1 9 -0.26536013284212184
