## RankNet
## Epochs = 100
## No. of features = 38
## No. of hidden layers = 1
## Layer 1: 10 neurons
1 2 3 4 5 6 7 8 9 10 11 12 13 14 15 16 17 18 19 20 21 22 23 24 25 26 27 28 29 30 31 32 33 34 35 36 37 38
1
10
0 0 0.017912385171601306 0.06911796350203606 0.010700587197422236 -0.06897561956327221 -0.01405950506092135 -0.0762297167639771 0.11837862187022791 0.035239280175155416 0.11077606744674623 0.03907280847899635
0 1 0.1200395985221487 0.028105472909797254 0.19201373346989845 0.046313457073262995 0.012064499829442538 -0.07668029890301378 0.15760728768065435 -0.25893236998499447 0.01601437025247711 -0.12857014320113053
0 2 0.08824447933230227 0.09963999409072245 0.08045514426098786 0.031385667695949165 -0.09661601037945257 0.02050060209712203 0.0703372114355869 -0.09939256333319595 0.07038893005957066 -0.016639347321608194
0 3 0.05931908895258558 0.046636050454326894 0.09859709452128552 0.05578087384336463 -0.06378924686759063 -0.12056800499190187 0.22730909060245638 -0.18244900756208363 0.07398658030569961 -0.12020588484800299
0 4 0.07497149898306547 0.010957196281073542 0.08183573841074626 0.11119435261720403 0.09065510227080088 -0.15539184509707274 0.13195100426869832 -0.04454831658100472 -0.012407149173745535 0.018281200049690763
0 5 0.013125026678199486 -0.05239450115210565 0.11196906117086224 0.1513260325004079 -0.014648311527168105 -0.07914589100613789 0.12894209413003363 -0.05970204807134894 -0.03621061260093082 -0.036409310853380755
0 6 0.03883989152770924 -0.15341443463974144 -0.1959113434968793 -0.09361395893184486 0.01507257664512088 0.2917556475641038 -0.2093039662187305 0.3678615312942294 -0.08022218028701388 0.23408959928326087
0 7 0.09298104179322851 0.05968885750715229 0.22428846011115702 0.1664319532677114 -0.042310718856405645 -0.18321832360012555 0.24541986647635455 -0.1817475051133104 0.13012870879457886 -0.14460784996825568
0 8 0.021214718314551132 0.02593999644141329 0.07961403123134118 0.10557379911956688 -0.06283861385715551 -6.283834210129541E-4 0.08570960814265605 -0.13857132586467888 0.021961961356474675 -0.040523884330689645
0 9 -0.09784921871658833 0.020240155272398162 0.06787398213685693 0.032912815203008844 -0.011754974890480687 -0.06417501329538333 0.011697645406436138 -0.016616867535877905 -0.07952180900447764 0.052709613147993904
0 10 0.08435198277771407 0.08697562430798614 0.019587399465492848 0.0587676318901056 -0.037974852441954 0.0049623816736051015 -0.03978186049907274 0.10123853969152077 -0.031344947818592726 0.03244253240977381
0 11 0.042556724645058996 0.0070571263691141155 0.05997673875418691 0.02545962227354957 0.0843492094904518 0.026921216484617736 0.05573436908450429 0.07147523115752447 -0.08644209387773444 0.10213981584521785
0 12 -0.06650562461770522 0.12755764104711703 0.023236358814971336 0.019445706651919966 -0.08005521646900599 -0.16700386440751291 0.1654406424195594 -0.17093853670685147 -0.008528527970997872 -0.15556850261286118
0 13 -0.006436627382586845 0.048059003994711226 0.09927012627503476 0.05772236670499557 0.062247756791342375 -0.14867816125631927 0.1753910541039532 -0.04319540018804494 0.055794146002828685 0.02415593635568204
0 14 0.006936715992346225 -0.05248941154373823 -0.038562994529235374 0.064024129683923 -0.024164118653695863 -0.09084416964350996 -0.0023537808090939544 0.06298666964212772 -0.005607345865297288 0.027505997916117755
0 15 0.024380313478086998 0.11038546985981165 0.07028099118976285 -0.025754472120570086 -0.07254755955314938 -0.08066636499364073 0.06512339981624028 -0.036426385507933215 0.003359396706902195 -0.014600950497903224
0 16 -0.00578601109287328 -0.001451681014847551 -0.018798558492172643 0.007126148295741017 0.038053098739659334 0.01942804752182333 -0.038800253631229416 -0.13402428252465795 0.01870793186639372 -0.10213782734133273
0 17 0.04197299528366783 -0.03586814264217505 -0.03615305797331948 -0.019133875530580866 -0.02755675392768303 0.003110217247030469 0.06258707451652216 -0.08112267615885076 0.04122160918397355 0.03154810916542516
0 18 0.04671317480357539 0.012514012652439474 -0.01234873128584434 0.05203570527133831 -0.04551596612566725 -0.09105318407628048 0.041818983944788786 -0.1616224315706074 -0.06691151299035605 0.049190314765776184
0 19 -0.0521521385038068 -0.011986473867671616 -0.05543358225220512 0.06912590487720162 0.011402382974715386 0.046223122386959935 0.07505477134393737 -0.1287342454056188 0.05655600258720658 -0.05108058782234485
0 20 0.09126813111227414 0.10050937713929092 0.11122205311432017 -0.062040251941648895 -0.011293789551968062 -0.13333686348295104 0.03347371457668567 -0.10855552265478408 0.04710345147164303 -0.032857659436002454
0 21 -0.01693370039608305 0.10753913539458683 0.09898713454722047 -0.0597744507333423 -0.06538117642721653 -0.031680547307209865 0.07940712852922589 -0.014118618085614425 0.009794808325057658 -0.05803105928860553
0 22 -0.057355220686173165 0.07866550657154947 0.11066301481104172 0.14150195605230043 -0.022291388650081324 -0.048764614415473105 0.03999387006038382 -0.03782467287621899 3.107339096514624E-4 -0.022441412164888597
0 23 -0.023187050970486785 0.08293258119662167 0.05435683908290687 0.0664209014543447 -0.020667050955716606 -0.04849770236134058 -0.040072982412405464 0.003289599054959471 -0.0741669949678625 0.09153098619942251
0 24 0.0011201324205937703 0.02825697783590075 0.03503792805402309 -0.0379976461477185 -0.007206247255825785 0.10700396055505844 -0.07487292032201974 0.1102784801318512 0.08225793381616028 0.013761878048894196
0 25 -0.022125379038802975 -0.02770480898314363 0.10221487590488532 0.06612480817797216 0.01051192664645744 0.035011647818619804 0.06095424334457996 -0.1355313967193871 0.1095796649116705 -0.1103711178534115
0 26 0.09221172175445333 0.06429333431152823 0.0691537558269629 0.08124537589035519 0.008284852579515587 0.05722660931250976 0.08198352981713261 0.04115019472481368 -0.04975018709764954 -0.07900024966527011
0 27 0.03038881001469409 0.07326748269923708 0.013208151937921901 -0.08246857930680691 -0.03781197623332384 0.07300658202290378 -0.03487082225983045 -0.06943314550293259 0.0872961468318126 0.04772076202642051
0 28 -0.004728029559207838 0.04729540053166458 0.08548650268314745 0.08124212491245836 0.005682431749365281 -0.04339714642717995 -0.04785861806074123 0.01971698051882286 0.06810731704751764 0.054199044770404776
0 29 -0.012675135257940019 0.013762480926097814 0.038725467035481444 -0.07199922647717044 0.05224432972564626 0.021165193769270212 0.027667959427312337 -0.016422804723284917 0.10006275848814625 -0.05231989367167327
0 30 -0.021743978632948073 0.09855987943131342 0.0813696330507824 -0.07999540647399447 -0.006942716037494757 -0.013734625876200592 -0.06330255263916847 -0.009734287850458524 -0.050863357325638146 0.05927745669476371
0 31 0.05324654516214316 -0.07896723356592344 -0.06172238252205715 0.08325064381757372 0.003571202315509968 -0.06079308952907151 -0.08660816136578423 0.020822284271844828 0.003390209674864315 -0.053284288231329024
0 32 -0.05670085796096265 -0.06320905196479504 0.04843113897555704 -0.0767485219134208 -0.08327757016378992 -0.04361128153486091 0.046009660110288834 -0.05009396968461601 0.005430369056524983 -0.03458152760638085
0 33 0.06575140439632753 0.09945919588078353 0.11429727446081339 -0.04896480202470402 0.08901942903962619 -0.01398625294973287 0.0025647032117642305 0.023461262974789215 0.015149175674909664 -0.002427068779296754
0 34 -0.007677801629670194 0.027461267686231992 -0.05612988449899526 -0.008128106535278203 -0.0458417394222248 0.09687863466343935 -0.015819674346231608 0.05619543326169656 0.039079883811850694 0.09701328613415602
0 35 0.0896486619018277 -0.05438147614210983 0.10057945767930859 0.016534439429421115 -0.02128197291526779 -0.09004949583825705 -0.03382063309454614 -0.0071370979494890735 0.06747168576175995 0.025990136429504863
0 36 0.07793964449015554 -0.013515847280391097 0.04095438856466029 0.05101126009021843 0.027245685327056214 -0.008942473192145348 -0.014470476415719469 0.06244999737909307 0.05609344670765876 0.0351812797276363
0 37 0.08018302377458345 0.041018218253677095 -0.09402602705353776 -0.02165711603433554 -0.03343526528186473 0.06793087294788547 -0.10334513121189425 0.09855120443093933 0.04053602309030625 0.0717617092746868
0 38 -0.07287043262105229 -0.014233274158736242 0.04846802341652574 9.797507854464374E-4 -0.06125420535856903 -0.03537665547144693 -0.0712003891217749 0.027317204431845012 -0.0779718460356337 0.07295435422762724 -0.1091808943029709
1 0 0.062202340937483544
1 1 0.20228132400748414
1 2 0.40017177837422796
1 3 0.23553412116930827
1 4 -0.06967113879617584
1 5 -0.4706358592954903
1 6 0.5354133332164928
1 7 -0.623781781264293
1 8 0.15909433165154122
1 9 -0.37197075349712494
