## RankNet
## Epochs = 100
## No. of features = 38
## No. of hidden layers = 1
## Layer 1: 10 neurons
1 2 3 4 5 6 7 8 9 10 11 12 13 14 15 16 17 18 19 20 21 22 23 24 25 26 27 28 29 30 31 32 33 34 35 36 37 38
1
10
0 0 0.08591041568463863 0.062398990083968014 -0.02169814313075357 -0.12899005169347852 0.1804959296074523 0.03770013030943276 -0.09970702137330174 0.05426845621167735 -0.029358504420868674 0.022483835617641484
0 1 0.153975316653664 -0.18159272743769975 0.23714064706093863 -0.20752603818625676 0.517567651085156 -0.13055601951718163 -0.07100179970431185 0.11722063972709165 0.23454281282699896 -0.08961675789222105
0 2 -0.03531610344272191 -0.10530378112544332 0.09243697699857996 -0.03461953575009865 0.06223080087019065 -0.03468511760480203 0.04805916279709335 0.1259878670099383 -0.04380777971119714 0.007211081816978881
0 3 0.15354156687748055 -0.18753588185664216 0.28923805092604915 -0.4378215146637526 0.7017492360332994 -0.13049773462797287 -0.3072066329970891 0.24173673749873684 0.25870579697064583 -0.042555141792252484
0 4 0.10057200258113354 -0.101945468417631 0.1346567780934762 -0.19481008057731017 0.2971297587292486 1.7853809097197518E-4 -0.06907602027008716 -0.02464806397284572 0.10599661054502454 0.06811532894660871
0 5 0.0826260352645156 -0.019784022437335434 0.2541136729901544 -0.343521929941628 0.5375127981907094 -0.21133367610666867 -0.21240100383810756 0.09318128525983879 0.18849455152025862 -0.018569287863318837
0 6 -0.14594147753543843 0.15019941830567016 -0.4586029701506682 0.4550577374124111 -0.9533232538781664 0.1997806556507043 0.25390513903490347 -0.2657124444354864 -0.39840683185087084 -0.08303972818958325
0 7 0.07539942354493226 -0.19646282059196782 0.33484458128523076 -0.3892085444255545 0.5121317557588124 -0.11730190014229243 -0.11979444155958777 0.12713514401609352 0.13071843199826533 0.014595861121451097
0 8 -0.056809665391831056 0.021070535080056463 0.007938549458811875 -0.1713474548895724 0.21954452260043764 -0.0590052986454769 -0.1033651141283029 0.10283859853574887 0.12316640926843697 -0.052585207506994004
0 9 -0.07505211951992379 -0.033241227367022584 0.043295032262987435 -0.017761921767115902 -0.043141582472876715 0.06607723513215241 -0.03361816314575457 0.026438411420312537 0.013932219546642798 0.025298151761830225
0 10 0.015596028838903469 -0.03981498554374942 -0.09399471836393408 0.08860419382524222 -0.159228623111996 0.021418215124293438 -0.037894197810376486 -0.0883330714488451 -0.0020686608638932186 -0.01071285929099008
0 11 -0.03237257635882424 -0.027717612758664422 -0.03536417764585154 0.046270746448881295 -0.04599261894582584 0.02353130378346991 -0.07410808550882557 0.03456047305454007 -0.05826231249400416 -0.052924150680968646
0 12 0.10400092489024458 -0.1292217762624742 0.2048213530310138 -0.19080388428347034 0.47684615431030575 -0.15131268937107467 -0.17581112130827953 0.04550421641637996 0.23419296173966814 0.006228114880039951
0 13 0.10195442910006138 0.03298246980311818 0.17178614084984484 -0.19571604809831195 0.2978752954185079 -0.036904684506156554 -0.14078209813938505 0.04045739980214081 0.1160180732408653 -0.05317254004361172
0 14 -0.08063400337191477 -0.08065052547434168 0.02091379045668976 -0.04236433679976782 -0.08155859305787434 -0.015806953473197122 -0.014876158553199504 -0.06123127944860126 -0.0899010335367022 -0.09031572152224429
0 15 -0.012824897803978589 -0.033356037541763556 0.14695998812001315 -0.12859188537269187 0.07330171764565542 -0.10955002346526367 1.1345225065752487E-4 0.109667704373892 0.07769797668150955 -0.04908525895559303
0 16 0.02231666031204908 0.04039793388179849 0.14442838824420398 -0.07373137734151884 0.12859808579433413 7.390511015345086E-4 -0.037064944092985906 0.018903862280531748 0.006525767604446928 -0.08881207535949638
0 17 0.01387837274312601 0.09721979980019747 -0.08383346634177619 0.0639189746502367 -0.044926576933611954 -0.07271137141449527 -0.007667758863982402 0.06448045704828353 0.04085594162552014 -0.09543407613946459
0 18 0.1466848250220403 0.040729830519318985 0.07699644877225363 -0.20913000374232074 0.13776810399316686 -0.04936631786523295 -0.1385468418460294 -0.014771830614196612 0.1408984587276606 0.035722252024355375
0 19 0.12219889850690623 -0.11322540405952262 0.13798588573259044 -0.19593084291721333 0.2874130431223638 -0.1455068637208418 -0.1135515637974623 0.136490659674448 -0.01709252664620999 -0.08270688819152844
0 20 -0.042902086289166225 -0.10400573737966001 -0.004631480985235453 -0.12659263595848236 0.16541294716262925 -0.0791429475538843 -0.024919882295096205 0.08323031101697165 0.1410235320505366 0.02156745063925139
0 21 -6.876265590571506E-4 0.06888764445322222 -0.007652319260963883 -0.10105175233951817 0.05253641982058594 -0.03819314794645782 0.009339843907956183 0.06726516906926736 0.1176097496875941 -0.03286271292935125
0 22 0.09537008797565191 -0.012664201115490225 0.08200847378785413 -0.20268230576398238 0.29789355244214494 -0.15242723405930778 -0.04788696955290939 0.010313132978358596 0.1608324979979143 0.0015215597432640762
0 23 -0.08199795966386411 0.03104321297468987 -0.002783547345315275 -0.03788424077077687 -0.16125016483796537 -0.06298774502855968 0.07177008327037829 -0.10916359350053204 -0.1277514848579765 0.0030785408999665855
0 24 -0.0581433753152347 -0.04028428543964266 -0.14812156622862352 0.01724989631985139 -0.10098054541818781 0.10830460048453579 -0.019274683804839002 0.0219098381504558 -0.01970795801324517 0.051343831730056154
0 25 -0.052526400570161814 0.006857267704064667 0.035926580540185514 -0.14662257255432423 0.12460907448706991 0.014303636962857734 0.02961511839541686 -0.010750627337665804 0.11206676077243626 -0.07698143279307891
0 26 0.08402633942760998 -0.05396565358134923 -0.05474456010395022 0.05329118404263321 0.01458739503633748 -0.08287624551841946 0.06683458979490484 -0.05339092870147404 0.051689695427145674 0.029829862746688657
0 27 0.08931222579435709 -0.0408987197597968 -0.07936106076318135 0.0058550665809037295 0.12676574198527063 -0.005782129205741131 -0.09960623502582151 6.399909788007188E-4 0.05239765535482084 -0.054776661267159146
0 28 0.015533351650095279 -0.052389069470541505 -0.07459512278326647 -0.07553065879729579 0.0337534972232568 -0.08662925175216508 -0.021954161799232937 -0.04059900462750203 -0.05100537808228693 0.02130420914434606
0 29 0.10728975227892516 0.06925092736334393 0.10159039985105714 -0.11924169592074316 -0.0012518949947135933 0.020237200476714394 -0.07232244599607648 -0.061034072208618166 0.06776850607423746 0.02547351596610123
0 30 -0.051258397702480425 -0.07854081818784461 0.0017492268564062471 -0.0788110443541794 0.03286820531029155 0.0359608543786989 -0.04856030677326158 0.04547476941858996 0.051660459010876375 -0.028135851712214437
0 31 -0.017863896417404906 -0.02079806147610799 0.003087783060844075 -0.06122162899922119 0.017612137316615137 0.012195539167504725 0.05789460960992158 -0.023345944332484617 -0.061694470993099285 0.018382293329263652
0 32 0.07377234998350975 0.022513993729431112 -0.06747364475735212 0.04977891334048492 -0.07660358526323567 -0.005553897440467192 0.0996532650218663 -0.03486967414108113 -0.09482373284848192 -0.005915439194106915
0 33 0.006233200411319488 0.05793212332922478 -0.02849166300448901 -0.061713564055365745 -0.09361708290286705 -0.08680716007373816 0.03431689840297695 -0.038364508109459454 -0.07030803747001257 -0.0736742255194756
0 34 -0.02577714156180382 -0.006187079021380063 0.044550026143024224 0.09931204840522079 -0.07783217263872502 -0.037451968886348865 -0.06661632739134374 0.08754823288287658 -0.07735777822262868 -0.06111245990258234
0 35 -0.04580628582519015 -0.0522969848652746 -9.99810465617535E-4 0.07325697349186873 0.04585641983383469 0.053797465789644935 0.028274948277099664 0.03857230634162394 -0.06391184613616976 0.05534303149885997
0 36 0.05197463561269463 0.017585995459556008 -0.04178092145691289 0.07694822269901655 -0.004638152177807734 0.041798105556859366 0.02037847674334246 0.03399525298196827 0.07364361306796119 0.10003419278658861
0 37 -0.01646620641996202 0.08079501668945714 0.004670904032365193 -5.820473184350106E-4 -0.1570511163700406 0.007440453720288775 0.04862603071682217 0.06361097837389645 -0.04916189272301894 -7.547059933026828E-4
0 38 0.06812586485230954 0.09013767912914873 -0.08777657596492507 0.09618207140148198 -0.1998322571369715 0.031586771000650035 -0.07270629018573513 0.03144726410563241 0.04131513268037163 0.07310456401440879 -0.12894884415086758
1 0 0.2930217619238206
1 1 -0.4249844837307032
1 2 0.7682318851840987
1 3 -1.0583620419163347
1 4 1.68503732088097
1 5 -0.49454798512366893
1 6 -0.6038575574665396
1 7 0.3758149638281565
1 8 0.6298031159460429
1 9 -0.08976993413912684
