## LambdaRank
## Epochs = 100
## No. of features = 38
## No. of hidden layers = 1
## Layer 1: 10 neurons
1 2 3 4 5 6 7 8 9 10 11 12 13 14 15 16 17 18 19 20 21 22 23 24 25 26 27 28 29 30 31 32 33 34 35 36 37 38
1
10
0 0 0.06855180269453619 0.012341962307178439 0.025320108778237784 -0.07936067189060768 0.06320635521928804 -0.05672978205791367 -0.06684619583849326 -0.09823709117653107 -0.010125909952127124 -0.00426304759482258
0 1 -0.08953623864678527 0.01583023883391858 0.026362208759180505 0.09197468379297244 0.0927087723671163 -0.013976674522006759 0.05001453067299195 0.056096197178890125 0.06047863855902369 -0.0022990955433954885
0 2 -0.03575862216685576 -0.0802803472680411 0.05188058283221506 -0.0335946815005835 -0.02550093132310016 -0.05792546577303617 0.07186733369431074 0.038800909784120985 0.0562748053358791 0.03105679006945295
0 3 0.06870555228296593 -0.008117365462401443 -0.08470177839278858 -0.053733117614905505 0.08948394991684934 0.01271643907054916 -0.09251885128987358 0.00833439987495088 -0.03251255623740944 0.07533584227762453
0 4 -0.08733388501093063 0.06948249496164736 0.05119642845173115 0.04652693375238558 0.02793906324848081 0.07560832272141951 -0.004081568046703327 -0.041422187689622095 -0.0826600904297505 -0.011350080753415153
0 5 0.09439869290623107 -0.019508694566777018 0.08040005019461938 0.05199418837288651 0.00980974112959369 0.06700901208208584 -0.021297542789508496 0.04766113795531818 0.05688733864578034 -0.05720058059064286
0 6 0.09271237976580401 0.05214129270006098 -0.07966658583683267 0.013948174882806063 0.08583391818788151 0.008316618793955545 0.0701373050738186 -0.006137374100345223 -0.004840726725124074 -0.011881820953172108
0 7 0.003520052161534395 -0.03241387332081682 0.04911541044436871 -0.06510967645083401 0.07929029586109654 0.03427579441098171 0.07953653147335003 0.019191622415660227 0.007709926826301353 -0.09366893772880493
0 8 -0.08987066244583665 -0.07783808473280507 0.0584750795990457 -0.028341302221606014 0.07544693422213808 -0.0030261747754788855 -0.08063067242975283 0.09865204757758368 -0.027953823368859522 0.01800865888302038
0 9 -0.008881196467474253 0.07746569866717154 0.08867731457363204 0.05185356284530884 0.09697974117174486 0.01660316944670599 -0.05995886877250782 -0.007159793074027294 -0.054260862290902934 -0.06227810021997818
0 10 0.00984137002512893 -0.06121649198988988 -0.019592011044200927 -0.03521613946013098 0.004229977625488606 0.02993132761019556 -0.07380748125449152 -0.09180284400730687 -0.06546074166532449 0.034294347137915925
0 11 -0.07940425329041845 0.02610513454584839 0.08841323606402655 -0.008950145558280406 0.03647006823093762 -0.055439391665461635 -0.04083523726190371 -0.08398821208544971 -0.06132123626607366 -0.056465472661142053
0 12 0.03743246770527419 0.05274879438601859 0.02624738783322356 -0.0828878595862326 -0.004360263117445384 0.01064600500415931 0.04767572061953833 0.0016778071712145657 0.04552110930894181 0.013057587710322872
0 13 -0.07289705771996688 0.0294502528282154 -0.07925081190035174 0.05421638918047387 0.09626514582572264 -0.03898310157262623 -0.040476558255564586 -0.012410455712673152 0.02797631667394981 0.029532024103134262
0 14 0.03295824097694176 -0.04397705815352489 0.05450095913806247 -0.02723253529496832 0.07239691650715786 -0.029281073231888385 -0.04898209410599805 -0.08494334376976703 -0.08135324562080914 0.09663546700565981
0 15 -0.03784087327754599 -0.003211178417248043 0.08751158221979766 0.0507917826798361 -0.08421796442726358 0.08278984520071161 0.02595445771439568 0.033523178845875364 0.022768663540293242 0.04878731999504955
0 16 -0.06672103974790906 0.030686661455023297 -0.06926345386868347 0.057650884923320045 -0.0724295530557695 -0.01871086513277813 0.032584092234590356 0.009861871095621123 0.04044317273629516 -0.012939268260431815
0 17 0.07694279385437343 0.04286242010669557 0.09940974799676017 -0.040139180727393274 -0.017523983241768126 -0.07160780123261014 0.010976887323220674 -0.007624817739624227 -0.08436590738820711 -0.07752705942399235
0 18 0.07414889282081327 -0.08315346542828203 -0.05600764837813682 0.020398845421422708 0.041306535656845826 0.03046901651052965 -0.04652484562430472 -0.06190112570628617 -0.034863840998680076 -0.06988354872943076
0 19 0.02902573474373067 0.04679236627651396 -0.09328060908157747 0.04256319767937736 0.09061418317252108 -0.07907081112172999 -0.08755072332671679 0.06459021262794838 0.04496017555348101 -0.0717947514245811
0 20 -0.023449470410388487 -0.0503733087333361 -0.0720005155627153 -0.02461811456981793 -0.08382517989283667 -0.06606772744367284 -0.016720984834619066 0.09761484990591937 -0.07050713285995336 -0.05511254241413252
0 21 0.053705171999067956 0.013685869029969018 -0.08148235406961436 0.0395649585306429 0.01698272615481712 -0.017057881635845176 -0.09035636192369517 -0.0592526428433855 0.0013650623004359227 0.05534030052182078
0 22 0.0020015756882349506 0.058833715629441306 0.06574295765720868 -0.034392118919795836 0.024943339292888094 0.06910988498530478 0.006633972873824405 0.014476052463877764 -0.035882442966032546 0.059136211978096244
0 23 -0.02493866141950668 -0.07802246758637549 0.01090118736604008 0.05409604898320835 -0.07913830116828155 -0.002103857778362557 0.0637256089583748 -0.023942849458068717 0.003445649344896657 -0.010230774261942441
0 24 0.06211375919565134 -0.04851010812904911 -0.07102533746343094 -0.06219104545316642 -0.08950362232892357 0.05499607400375052 0.09868311566472941 0.06458832218714544 -0.08363937460787518 -0.00773025740411853
0 25 -0.02373944574483879 0.04799125886248766 -0.0068250366190229575 -0.09883583188473637 0.027743091486092577 -0.06492672012379656 -0.0020837260504104975 -0.0552882888986183 0.05207711014511442 -0.004127351518188336
0 26 0.04371316053049844 -0.028945944136016446 0.02299375369849586 0.007353967393035207 -0.017562925011289716 -0.08095755244318191 -0.0034288546386741447 0.09910446667538507 0.05680497602647056 0.007458896723772709
0 27 0.09707758988632056 -0.009029000469016642 -0.013608558289077395 -0.07798805906834305 -0.05831971414694674 -0.0737575167637535 -0.07054297936221512 -0.07508033027740132 -0.0012763644933713265 -0.05499758834529256
0 28 -0.08098574268151436 0.029420564461309112 0.06096805849226875 -0.09952710130334447 0.08187290352624463 -0.04302086678797556 -0.0313272591352729 -0.09716435638330209 -0.0398604690158958 0.08028409356501019
0 29 0.09400427000373414 -0.06356530326188552 -0.07657467325070093 0.08584751839439678 0.056459073380320184 0.08615070922134684 -0.06785373258132027 0.057089848782116086 0.037464527759170065 0.023437010284660813
0 30 -0.02759624032003538 0.05915267106467456 0.07419988566892391 -0.040805136544899014 0.06757783060181123 -0.020832099815212248 -0.07609806863076252 -0.09899487044532376 -0.07122829276732376 0.09071658916410101
0 31 -0.017599255672108093 0.08553951197735107 0.03164483496529713 0.0647997082890189 -0.04453885814570745 0.09393465577229115 0.08178471763862193 0.01908119046513219 0.0669454504250165 -0.010502241739620085
0 32 0.08845901630187548 -0.09364714218457572 0.024814119644039456 -0.0646293398877482 0.09050821151052338 0.07836381951002602 -0.042998010217536575 -0.03477026889101618 -0.03683391261944967 -0.04480683734974148
0 33 -0.035641439180773185 -0.07902969690127569 -0.019443963919602018 0.05318270922346909 -0.08332438815145493 0.07754725087882162 -0.003161233148654638 -0.0390673019493916 -0.07811814777313061 -0.03238780241231884
0 34 0.02570605187592907 -0.052030559301331096 0.029554202295928356 -0.06750555392976187 -0.07798973421237103 -0.07097000858711376 0.02644380277016697 0.014268150271460512 -0.07759509222676308 -0.07432487139581849
0 35 -0.07610745467669197 0.04524959945487815 0.01774121075778975 -0.07577722167163695 0.07985802125696898 -0.04152925081099544 0.007180135803066866 -0.06789246235798908 -0.05881346068318097 -0.0390940140063792
0 36 -0.016377673125869893 -0.034539248793156715 -0.013152492672453997 -0.0029168636150581078 0.010842472617873708 -0.002404176721560384 0.08450203648096044 -0.01929198931983457 -0.08335173900455593 -0.0029482470662747593
0 37 0.0919473967527584 0.08055727150737313 -0.09341389498517401 -0.00692549844717677 -0.028661527160366063 0.06050605216051341 0.08408392435840759 -0.07586175880244356 0.040742285300438455 0.042376521106456476
0 38 -0.022052063875959902 -0.04717848873507663 0.006159417441616301 0.061734462980927184 -0.06930082215684398 -0.02792818497226937 0.09764277862957277 -0.09154397597516527 0.01366383214422704 -0.021736084951764024 -0.02804574929177771
1 0 0.07602158188819856
1 1 -0.0457046926021572
1 2 -0.05341123417019844
1 3 0.06800761818885845
1 4 0.027363354340195684
1 5 -0.023694092407822477
1 6 -0.07998058944940685
1 7 0.021582270041108593
1 8 0.014562314376235216
1 9 0.02996414341032472
