## RankNet
## Epochs = 100
## No. of features = 38
## No. of hidden layers = 1
## Layer 1: 10 neurons
1 2 3 4 5 6 7 8 9 10 11 12 13 14 15 16 17 18 19 20 21 22 23 24 25 26 27 28 29 30 31 32 33 34 35 36 37 38
1
10
0 0 -0.11388952788625573 0.20606983022534664 0.12073079087739344 -0.008361799357065935 0.021480218618948572 0.018578821946875015 0.052120028585182734 -0.06983165878070614 -0.035992374962563245 -0.09481521705237939
0 1 -0.17958449459064418 0.4250140750803131 0.35030499942611837 0.2813593061177765 -0.08733186406441311 -0.05714628027258209 0.32412021704121513 -0.029717374880667426 -0.2979578973239961 -0.0853678523529402
0 2 -0.03303355124175587 0.06657325479430509 0.07161892018081166 0.09297693600522323 0.05696032342129962 -0.04358573753916154 -0.003735504325814064 -0.0734924381313845 -0.05589684329976629 -0.11554105020047878
0 3 -0.2838496133567492 0.5548908465969257 0.3670818406586308 0.3307132516753911 -0.23220995452818322 -0.070535735433188 0.3544078143735973 0.13801247827571864 -0.43293939917751684 -0.19143253621077333
0 4 -0.15859407475248147 0.13771989750396899 0.13237113342788448 0.1906610554179838 -0.07000405083168963 0.04195437559113679 0.11975231049891441 -0.045086206729779144 -0.051950405496079065 -0.10874344192592521
0 5 -0.177168449541723 0.24674153496717924 0.3368071550546886 0.2700794009186974 -0.07112474371174202 0.06686854605256999 0.19499775115028034 0.1284948006963547 -0.24250967882498747 -0.10554948304765788
0 6 0.2894124473036271 -0.6878583189063245 -0.5829553672431539 -0.5027680999369706 0.1147656164793321 -0.03295940671878851 -0.3833248654758872 -0.05936394996315388 0.3468184204700099 0.18048751217507109
0 7 -0.28409320623161255 0.42609103614927446 0.3277235380209202 0.1371669787540267 -0.005585996460747956 0.05311942928513106 0.32770461114592564 0.02979317238436498 -0.3157691966298682 -0.08249960905545306
0 8 -3.2437236414759453E-4 0.1205669666511749 0.06074256907986868 0.02582380312141363 0.012012525733177322 -0.02278266004950951 0.1329862951015319 0.01638067239867286 -0.057453492383862326 -0.0489629172374792
0 9 -0.020797670086202195 -0.07574169646519001 -0.09132740464228598 -0.08866157003975392 -0.016923527400981193 -0.028697201127247877 -0.008483096150982325 -0.022913298870425456 -0.09001470341036999 0.08104408355124103
0 10 -0.02047044505613037 -0.08746177706041955 0.02995052415962223 0.051388182105986155 0.09574994602328141 0.021055927040800195 -0.07491091385358833 0.08279491332441499 0.02738675171823329 -0.057182044751614286
0 11 0.08728529165674655 -0.18175689579177917 -0.08466397083526944 0.009688878273475317 -0.03233532913055405 -0.08914044917928016 -0.009724315948913924 0.08730156321937249 0.005925836057019869 -0.06276716283856307
0 12 -0.1571936895882137 0.17512135702831616 0.24852239864958234 0.1430251186079788 -0.1146433180926618 0.0748527768425201 0.1799728843272294 0.015063758065081973 -0.2888513235111783 -0.019218927306413773
0 13 -0.14623884728588865 0.11598948100528436 0.13517247556386958 0.08645066197725766 -0.10003025317302724 -0.030548278997702658 0.10584359973896935 0.12339151800457747 -0.03671276085656345 -0.03086805041835441
0 14 -0.07641531053058251 0.08156380798938886 0.05707094946963776 -0.07578033225597579 -0.014071062343062905 0.09948449919589697 0.016998579383142327 0.011403533640494457 -0.035615723633941235 0.0052231302404321354
0 15 -0.1059772812222913 -0.01995937942284505 0.029026734540039963 0.0022496872812512387 0.03610241564242197 -0.09021050083305648 -0.01765508893954872 0.015451687422390547 -0.10196404312170006 -0.06968701863241612
0 16 -0.05219071983560901 -0.0059594630841380645 0.1613369021327857 0.0616088906553746 0.06849337503319496 0.07578515578615135 -0.016982928574534095 -0.011332762313824334 -0.13666292099245206 -0.09618001043268715
0 17 0.0659875014190897 -0.0246190551316792 0.07182327903315455 0.10008649239503707 -0.0067060778598494 -0.07726864723719098 -0.046921113006947304 -0.0021823075195226155 0.030773945235569262 -0.06378807704494377
0 18 -0.18321212595598474 0.2303730845541444 0.21126035268438573 0.055425217657461834 -0.09507387400585361 0.06221676032003435 0.0074554154337697605 -0.0638452865980771 -0.14644776367253262 -0.03696467887630416
0 19 0.0073229294522940925 0.19607639680998296 0.19958523742278142 0.017938769682382397 -0.0322664342967953 -0.0337313220671056 0.08385690855848665 0.10596484120171365 -0.13120907149506947 0.013792361563890465
0 20 0.0350758600133707 0.02067351203888258 0.16328327364889075 0.04482563839494402 -0.028161627788030764 -0.027593443556898065 0.14478139926319022 -0.06918873961368072 0.023528295245733216 0.05534554316207501
0 21 -0.04572295097518894 0.14148827426259966 -0.00981353811560808 0.006443509524686746 0.03994191581372147 -0.0641270881827261 0.001407172423732402 0.0011562903104557097 0.019859717413381175 0.07391315995204266
0 22 -0.10286218557837648 0.20061698905229502 0.19906206847711633 0.13452164802272107 0.01638416144138726 -0.061436942043701356 0.05094880550812822 -0.010527953559538868 -0.14454237725434826 -0.06850671611848333
0 23 0.04908887963357465 0.032121663001783485 -0.08422722380935596 -0.09444361260106171 0.07322942913521721 0.019663198317548446 0.025670113558235636 0.08154608851486199 0.07751486378213213 -0.049998626164081454
0 24 -0.025338328917039035 -0.0172385291387249 -0.10413127319807232 -0.062354625474310595 -0.0018805165023950397 -0.0334420506301075 -0.017044724314485525 -0.09978298156291569 -0.07117454010556518 0.0010618452572399234
0 25 -0.10673497554355839 0.037589814001479746 0.05449301662400804 -0.00158860545045303 -0.043714390943326895 0.022796321980047513 0.06085095001127452 0.07528105274316908 -0.1036443594324191 -0.0259525071386992
0 26 0.0872895961215333 -0.006469175275294126 0.05616904669648437 0.06698850833851124 -0.052712620449324885 0.049086275118770645 -0.0876162517795175 0.09178724647682293 -0.042318432595114135 0.09468512980915106
0 27 0.03983578296417205 0.1315782885496693 0.1277415531865772 -0.0260013665457924 8.105251325782456E-4 0.08676409451738275 -0.016481599547483988 0.0503708152316753 0.05139297807016452 -0.09786045720210398
0 28 0.045720399878487465 0.060753187867968975 -0.011826304873749026 0.0665444594980981 0.035535877265263735 0.08739175633325023 0.06115785813707755 0.03313449331229955 0.012495982306237715 -0.08447331750882797
0 29 -0.1244205868138322 0.14339774742818207 0.15821247419823634 0.12411070167207265 -0.10078434638673728 -0.03176243993059127 -0.042499734498262644 0.07506873378678161 -0.05477270343825949 0.0658384431746296
0 30 0.006188889043297317 0.02354710823631804 -0.007063907680258165 0.003416209439632334 0.09542941361423765 -0.03557531447427288 0.007521084761148007 -0.05463565401112114 0.028864605263340126 0.0845051905868096
0 31 -0.02853625726842188 -0.1038137265356919 0.06974888072866932 -0.0365957972728292 0.10018986878811677 0.0679920885962807 -0.006314818609292887 -0.08316412557551286 -0.025977667600861717 -0.061378140259837184
0 32 -0.021104459728411445 0.016572850985541638 0.056574858256394085 -0.08837733597915354 0.05002597590897866 -0.021171534635957317 -0.07326169312411719 0.012471817591017896 0.08368856245901822 -0.0015129334754596755
0 33 -0.11250097047693168 0.03283036375708422 -0.04265092569972605 -0.06941785135848248 -0.03586113121088275 -0.08764608988587565 -0.03689093223475984 0.049888249336629005 -0.029212519971923978 -0.08726399278113992
0 34 0.05430176075224828 0.0809590754039086 0.09329476058319476 -0.06864858021623813 0.06989060289692643 -0.04708304728108765 0.0025395805357443933 0.07767472926110187 0.043286250808188986 -0.002723307757333722
0 35 -0.045365919089166526 0.0442319608813699 -0.008847662894562148 0.0842803355707465 0.06985387078757528 -0.09303872600604125 -0.0677104759968274 -0.06678191584343897 -0.10796973042174515 0.08273989150823394
0 36 0.06608773881167905 -0.022078248390802472 0.05569041040437082 0.04681786847417473 0.07125595091075214 -0.060562823002763715 0.0535879042794906 -0.010907787442981378 -0.03812121298319076 -0.02624077514703896
0 37 -0.07211938071669918 -0.0400496955299755 -0.15066758766247476 -0.058407092823386346 0.09722462098300516 0.09490539790925824 -0.05589797273911692 0.03555642101736414 0.05744422150400494 0.0023023288728810866
0 38 0.024068259397038484 -0.08751783257113795 -0.1574263208022257 0.05003992618546121 0.004942574553827746 0.026860692156031128 -0.037328289098106586 -0.067780384681338 0.027782655350285287 -0.05356691591832727 -0.2426596228612716
1 0 -0.697163041114858
1 1 1.170986729564534
1 2 1.0199175522104182
1 3 0.7215262332192879
1 4 -0.3559829415381325
1 5 -0.04161369077002968
1 6 0.7222114534292006
1 7 0.0813039051049539
1 8 -0.8831436500381881
1 9 -0.3948542112474943
