## LambdaRank
## Epochs = 100
## No. of features = 38
## No. of hidden layers = 1
## Layer 1: 10 neurons
1 2 3 4 5 6 7 8 9 10 11 12 13 14 15 16 17 18 19 20 21 22 23 24 25 26 27 28 29 30 31 32 33 34 35 36 37 38
1
10
0 0 -0.00863544928212459 -0.005527874688824053 0.09875497654287282 0.02957762639695162 -0.06215962126585245 -0.001947768172128485 -0.029080718609437735 -0.059569355299161464 -0.02424747529087166 0.03764328302280171
0 1 0.0657451616577178 0.08833609110363073 -0.0842605965598259 -0.08042375585871875 0.005188242776357205 -0.09717468394583648 0.06662565279529015 0.07718511987809616 0.002335635709422155 0.08228447693389027
0 2 -0.04591477277256143 -0.01162315229745741 -0.08195829499899779 0.07887020458381698 0.03936783224638189 -0.04112350457559912 0.03596245736985935 0.07798564211113929 -0.008065014512469822 0.021699166017510256
0 3 -0.007681679392456961 -0.07897196494196503 -0.004148185897277981 0.07049776763890787 -0.06694405094817492 -0.06865472722015774 -0.025338699389120516 0.09510297930548926 0.048855740958519224 0.055597329268499765
0 4 0.07695816560567484 -0.04128292881119544 -0.06134692581964157 -0.016336500737013312 -0.09508918657187307 0.06803426009959426 0.06895255738218273 -0.030881693105283416 -0.055581054634693365 0.06720006711452517
0 5 0.023207865012707815 -0.09199170918477528 0.07889487760976041 0.08129241894978127 0.04287755139619068 -0.07721950245427439 -0.041789974461919864 0.060337938526217404 0.04165400511871186 0.05986195691041675
0 6 -0.02353278033829072 -0.02278699804543168 0.06622681682038059 0.018962277659494004 0.04874702201076924 -0.044752759666758235 0.032342275835410314 -0.08161702975659303 0.03308836288115308 0.015966810295334588
0 7 0.041769679313681585 0.08904061106906175 -0.007434279575919402 -0.03798260698763199 0.021656612883908445 -0.03948166906775074 -0.06943351191826931 0.031334331470613035 -0.05247381886773332 -0.09757577156701984
0 8 -0.011765479067524664 0.045236336032295335 -0.04130946331366151 -0.0990783481611309 -0.08314413662340393 0.028657259533859218 0.05263622110770568 0.003614429025742716 -0.06675304049407785 -0.032453905208036676
0 9 -0.031006526305090064 -0.06537266212066763 -0.001456199805420317 0.05965179484593922 0.03693529023708793 0.09725494221207133 -0.0293180468098083 0.07149797522722023 0.0694871701233606 -0.0018112470183778361
0 10 -0.025452406873642662 -0.0852707874569493 0.0695936091857991 0.03074194669710787 0.05604490312216743 -0.07443222591190389 0.07890805840445132 0.013042615355393585 -0.013243501745432979 0.08765054975178499
0 11 -0.08235862999016393 -0.05958788058233513 -0.09744753218196227 0.060711982115448315 -0.07442313579528384 0.015551999200534832 0.05129172055469375 -0.08349484300884398 -0.07383304725052468 0.07880621145575993
0 12 -0.0029969825759087274 0.022402943682728188 -0.05371617642003989 -0.04371071185942028 -0.040947555399898056 0.06626880864585935 0.0700525745649045 0.06713799087963099 0.027006853522724767 0.08410479323676633
0 13 0.047780288139945795 0.06549028744572698 0.051566006906328225 0.03547727318559129 0.026504172996932994 0.07554901567211285 0.04861356560690535 0.06997461721040779 0.07817700384251978 -0.007863379226439097
0 14 0.017904592455308153 -0.0897216505141658 0.08321334453059996 -0.0191262569852751 -0.04662245383793709 0.024979796862491382 -0.09186792237056493 0.013916557249904184 0.08321507868037402 -0.09145384802384364
0 15 -0.003625283948244748 0.061759780282418145 0.09282822581478346 0.055371756896727936 0.06919636661293799 0.08164823998591854 -0.015186896282650802 0.031887921574832265 -0.056561357685390744 -0.0028182940232567154
0 16 0.053596034668934145 0.08181750367113647 -0.025607462725365404 -0.057960164530915965 -0.04676728375433291 0.05161505645598876 -0.024245843537471584 0.0030455288873117293 0.014020381030354278 -0.02266327177048105
0 17 -0.05294861589031343 0.08665321201392547 0.018623496448418812 -0.09714663501862218 0.04455749911689312 -0.010642941792789426 0.06426820649037586 0.04984091554752832 0.07103808019702036 -0.034343879093392544
0 18 -0.02529778184076074 0.018100982289715677 -0.020732854825774513 0.0741449704554441 0.0123496924394862 0.0850647569023072 -0.08504908834437858 0.04291909081392597 -0.09216361900511633 -0.035618227690902206
0 19 -0.05681200060046992 0.05313835310201035 -0.012987032911461907 0.0288966613172602 0.06969252727139921 -0.08276558241119741 0.03468972195486153 -0.036374250635681914 0.001813957390847855 0.06333302295333391
0 20 0.026883980452554225 0.04017311761831795 -0.025651506978547334 -0.00508474126520846 0.07757578065067626 -0.07309310463857628 -0.011134790042065466 0.017353068093941562 -0.04990405855988913 0.008471587550107981
0 21 -0.07908881212960736 0.01752017687922513 0.03515882888109532 -0.07590029882982896 0.058115926127469346 -0.04739761912755534 -0.07661482438123282 -0.08715634864207149 -0.019850139188640457 0.03180809992057833
0 22 -0.08041384158387863 0.00517695486668891 0.054143984285926976 -0.021184526066610917 -0.08763072225429243 -0.07952153726907067 -0.09929197543983448 -0.057095337562161376 -0.05427099838101403 4.3509790640924536E-4
0 23 -0.060383497586049925 0.08760789517685776 -0.0752398284173491 0.0958147165921321 -0.033010420044948856 0.03823018897266381 0.09236439125173854 0.005948825199290283 0.09945934553260716 -0.013259993793010136
0 24 -0.04665954056305964 0.02338185309237534 0.07968147529163178 -0.062246689341500586 -0.07107459421026387 0.0775845841381622 1.7115686887681785E-4 -0.09620054755581442 -0.06983755600316842 0.07769256773297789
0 25 -0.09118171939650802 -0.08193001673585772 0.0998861784251801 -0.0011492673960515354 0.03349694498895686 -0.06862968693634558 -0.04992742748559651 -0.027479745554603408 0.055440667037985225 0.03169542648737248
0 26 -0.011797274885607431 -0.0778416574692186 0.023169623720981827 -0.023815389629493894 0.0532275992847451 -0.00941711066705748 -0.07666807411040058 0.03176274527360204 0.029212478104405207 -0.05574922633504454
0 27 0.0388113728620561 -0.030076270220326776 0.015421723532526554 0.0782828767327581 0.06471366541762182 0.007340123283517779 0.006636150228825117 0.013512275879830216 0.00511355153074331 0.016944243831741982
0 28 4.6372652455622704E-4 0.05697381033071761 0.028601614776415617 -0.07008887621619549 0.07768077363693766 0.025949375212126466 0.08502476360236406 0.045186816301881705 -0.09866183330743848 0.08083984689012545
0 29 0.09518998799477538 -0.03589934253488891 -0.05801462276050288 -0.0663080908318002 -0.020260008783223576 0.09721339410763802 0.07874972760510424 -0.05335325712395251 0.09861470354466804 -0.07819793250870068
0 30 -0.08132127259900669 0.025783043910530427 -0.03735668521649735 -0.04908552905517986 0.03322590281886424 0.055549751577529144 -0.01121649365851932 -0.04012821003332141 -0.07018897135562162 0.05504415278014424
0 31 0.05241286288639487 0.010303693547911249 0.08152670580489114 0.07713884948906623 0.01163743261449073 0.05489070050937888 0.06889614020260329 -0.05795216095077057 0.03269774951274417 -0.04293469203175216
0 32 -0.020409841668272168 -0.06171073732314305 -0.01082494296050634 0.04763039036140444 0.09007619600614318 0.09255219379725398 -0.09853494725691493 0.09619174797381068 -0.03617301668333237 -0.0834461500828596
0 33 0.08168277602118415 -0.0182381003718246 0.05213775043890378 0.05929957455574313 -0.07328674432761335 0.018022372329583754 0.01772537150210026 -0.09819295095048322 -0.06286858483520591 -0.028112353256848296
0 34 0.0094921456132001 -0.08195138642735113 0.015043170141449885 -0.029842057554620674 0.03565646000517894 -0.03653281344757002 0.032792715715103476 -0.040638307457892736 -0.0024155952794116128 0.010608013026166067
0 35 0.0879402905702591 -0.07573068141937256 -0.07604677975177765 0.030887847766280174 0.07416562736034393 -0.08852454274892807 0.07867349684238434 0.0026318728923797607 0.05647730082273483 -0.08271370083093643
0 36 -0.04396056939959575 0.09488560101069013 0.07502573557939954 -0.06699155260473556 -0.06366628000776797 0.0609708992859513 0.010896490019196264 -0.09300527909305659 -0.07584051992344412 0.09722136827252659
0 37 -0.03683797501266167 0.07686110095314228 -0.0811785404219458 0.03537867378355711 0.05695712548765914 0.05494792791404408 -0.025337179633040968 0.09764597383395672 0.08551091557664942 -0.06610745280067444
0 38 0.004078677194778186 -0.02812406430878031 -0.04739479063817213 0.0033171465825717035 -0.04462887291663845 -0.06522281541804119 0.08978583661844995 -0.043468142243463806 0.041709277160571774 0.005368677066880635 0.07774159312248252
1 0 -0.05169871449470457
1 1 -0.016474192962050365
1 2 -0.028206968680024102
1 3 0.0836728662252428
1 4 -0.012024933472275784
1 5 -0.0375976152718073
1 6 -0.005709982011467221
1 7 -0.04374705627560601
1 8 0.020076924934983156
1 9 0.07731632888317157
