## LambdaRank
## Epochs = 100
## No. of features = 38
## No. of hidden layers = 1
## Layer 1: 10 neurons
1 2 3 4 5 6 7 8 9 10 11 12 13 14 15 16 17 18 19 20 21 22 23 24 25 26 27 28 29 30 31 32 33 34 35 36 37 38
1
10
0 0 -0.036767072391910315 -0.08283964124230334 0.030859249047279838 -0.02965378400689302 -0.07564557965757306 -0.007429221132325036 0.0884597934215553 0.04774329650663259 -0.07952549581960608 -0.05855863344688939
0 1 0.02951384725894204 0.08904967748622604 0.08240507094739478 -0.054779802099141246 0.0605066835949733 0.04652521230921205 0.002599535007039194 0.03626932379233411 0.008677433563621884 0.08301312655841896
0 2 0.0750925854243368 -0.0297585007389838 0.02450232116763739 0.05421886004813383 -0.07182395369011377 -0.08109375056436204 -0.03741782214992984 0.006726974595637434 0.08448000686541463 -0.009588418545546484
0 3 0.05106238245721153 0.08619716996193164 -0.09677639634562787 0.03578362045427136 -0.0375203435161974 -0.021118267700292303 -0.09236631385939517 -0.022013444642940083 -0.07920583792836758 0.018560197124231792
0 4 -0.02773788592823866 -0.04369256153668466 -0.010570006152865557 -0.0193092661623627 -0.04989708237379356 0.07921801770323958 -0.03273445119148787 -0.012093622567463488 -0.053589866990076375 -0.06500980413377215
0 5 -0.009397092855790403 0.09962176783900557 0.05385238637208843 -0.013900667088315574 0.0034113673270420404 -0.041660025323516287 -0.09623512059229511 -0.03548266132084738 -0.08079817754206746 0.07501226940714698
0 6 -0.03938028453910941 0.02892215157839927 0.09112096351453287 0.024490873557145867 0.022289118336140598 0.04124045825324712 -0.03145138876555423 0.07420486802876165 0.0721486225695499 -0.09696861065690866
0 7 -0.014898987511673546 0.06427461235200434 -0.017759256371307562 0.008544241681132771 0.09403305903726404 0.014536828512558117 -0.0481520755205335 0.071440502986756 0.03457496883298266 0.05391359077068009
0 8 -0.09637567093158834 0.032393485605524575 -0.09543038287838111 -0.05157773388653656 0.03454046294503209 -0.09494722038395188 0.04732179376837182 -0.004584056610110845 0.03736686113032139 -0.0926722898653538
0 9 0.05410671137505847 -0.03556438514043963 0.009390407010013261 0.016631369231063033 -0.04872059129093836 0.09338167667229397 -0.07308213188127427 -0.0319062249211259 -0.05837657066348238 -0.029973703340122754
0 10 -0.08394477017073092 0.05493422306363641 -0.07270666746124388 0.04758677274860639 0.07282638726378252 -0.0931660625107085 -0.0028768005114676565 0.0717829405448151 0.015233373587894526 0.06668430423525804
0 11 -0.04976063779141302 -0.007590580697437979 -0.0927104417357224 -0.04212509955066375 0.0847131195060473 -0.07919583672193116 0.042479094234537246 -0.009288881334753626 0.0480121455004947 0.036546585877803794
0 12 -0.08800520524780954 0.022068140279878575 0.08674693986922406 0.03628095428572081 -0.005386356638731651 0.007063001986323249 -0.08653296346581905 -0.06901270093597872 0.008277163535007305 0.015653423861198265
0 13 0.0995946513616483 0.010014962703480611 0.02756973197574022 0.05812110042811928 0.03533718248573225 -0.016293353604370574 -0.0210833336946292 -0.01232925418923434 0.059423035019884676 0.07950602927354421
0 14 0.07327051466183059 0.04321380538211772 0.04150906863384278 0.07099873835566083 0.03509838650746094 -0.00503131712622388 0.0036010660327605182 -0.0829594659116768 -0.01065530058124778 0.022639971231090936
0 15 0.04602897582902881 -0.07852238950274346 0.01804262971596954 -0.06535559660778559 0.07100262387546205 -0.011629360903241218 -0.03977291703623971 -0.032889315272233016 0.08052942332700445 0.06779715864834633
0 16 -0.03050521858682707 0.07058600167521938 -0.09888977402774897 0.006810855183777561 -0.06849624229577991 -0.019011925222856333 0.058670092093461045 -0.059129830080413226 0.021102908285818088 0.08174677985733056
0 17 0.09356311163034274 -0.03924158993573205 -0.04457659664554595 0.06422532371001181 -0.0014120050974370697 0.09153460771624107 0.053641690902387226 -0.09646883155837244 -0.07642929752998111 -0.07626645290646195
0 18 -0.07701963278973809 0.0031202331561612944 -0.06077964657169749 0.037303446722916085 -0.06231767614309101 -0.0251780962940255 -0.03277704834310613 0.06677137773578326 -0.005052551632429914 -0.029545968066805286
0 19 -0.03140004738718327 -0.09616059291580388 0.05524805389928569 0.06495711822564065 0.0147878097490964 0.09916473199996904 0.09777272676761269 -0.03589446783991936 0.06446116871059303 0.0868056520008446
0 20 0.012267222646105769 -0.06945769027309964 0.07616791293397306 0.012076279231864306 -0.09276462048108956 -0.04474999725264496 -0.023383650935049148 0.07831949631879667 -0.047701749987818114 0.03888952448726437
0 21 -0.04008773900704178 -0.06328011824353817 0.006907983740235575 -0.019411275388644907 -0.045769865253604 -0.02899102392262373 -0.03370375674752314 0.0789316591173815 0.027441692123144595 -0.08665795738764286
0 22 0.07747976338637767 0.0646000173933596 -0.0010021034764002828 -0.025209899250869233 -0.004959032589607233 -0.0023148755325404793 -0.0974215396593758 0.09236721413328174 0.01683249764853954 -0.05364429967123142
0 23 0.058006730824002296 0.03793830496005384 -0.09040361667218202 0.07193591075216217 0.07731973940381917 -0.0902923913983246 -0.08884444925858691 -0.04351105611833307 -0.002553605939268385 0.03936587119609262
0 24 0.042694217876083275 -0.00937169814178121 0.08350720792507772 0.04180242582877987 0.040343420915375 0.06394373002854152 0.06874801572553565 0.047416079524937066 -0.061035480188088034 -0.017566655039482966
0 25 -0.06059476306082263 -0.07006148839361434 0.04560897572731064 0.09216992758293914 0.07375632473906409 -0.09044670626467971 0.02839796375512906 -0.09141718779737489 -0.09067760798276092 0.08364573642130092
0 26 0.04740977767074839 -0.04925552024860943 0.07079215773908724 -0.009973240550004732 -0.00815572408295241 0.01549157852509122 0.049611338775826026 -0.09395417090208108 0.0023853933580988847 -0.079859335322231
0 27 0.05925483883641538 0.0438580245139546 0.07174279470009126 -0.07216505704332916 -0.012269177532886796 -0.031091278753404856 0.06443646110065916 0.0010127243012005272 -0.01686983939534925 0.05766253029600257
0 28 -0.052181372398871224 0.009277803196717376 -0.033909360546411874 0.08871549276019719 -0.06398106467064785 0.03231136154264322 -0.04308378314199164 -0.016485689305914132 0.044810235389908144 0.04130291875118368
0 29 -0.059225982028989536 0.052466197981911336 -0.06631412259195185 -0.04262265809409486 0.028216538831681712 -0.0151674798321631 -5.44200380633761E-4 0.08249182398564038 0.036446934986663314 -0.09244485005424702
0 30 -0.017495719818434414 0.07560841762930195 -0.08786083910800677 0.009266799067871184 -0.08253792735045253 0.036099104906537643 -0.03814219723550697 -0.024631832226836518 -0.01075696979742985 0.039892128490100175
0 31 -0.02693393108502041 0.014442275829856176 -0.08190499213093193 -0.08839170154401046 0.015885935189617752 0.07134326023595718 -0.03169265346326608 0.07538592990526398 0.022840692242036775 0.0667604567258272
0 32 0.013201572078103359 -0.08130775982856304 0.04055956929068269 0.07583948411812984 -0.06545527055912441 0.03197362217577786 -0.0422369199534041 0.06159910620177515 0.03539183450158233 -0.06259352960717185
0 33 -0.005381825624867339 0.051138865144054475 0.07416548828122309 -0.022051330617166288 -0.030791633244888407 0.013639041915508333 0.0689782567055414 -0.037247802786727284 0.09363591469436112 -0.06806299042131282
0 34 -0.07768124742967189 0.0330391747534727 -0.04048272930828877 0.005614189508437166 -0.004971447033564396 0.06902923839711618 -0.037691138686050424 -0.012779564088455937 0.09601954450412613 -0.011489215399715515
0 35 -0.08373245596885681 0.01821746863424778 -0.026553159579634666 -0.006068533752113581 0.022057097405195236 0.0686962753534317 -0.03653658181428909 0.05471997335553169 -0.029047513380646706 -0.059033315628767014
0 36 0.08886781983371092 -0.02907991188647649 -0.0064305678478492785 0.002833450245416602 0.03414548234912855 -0.07168729124338773 0.07741491046378367 0.03277941188174127 -0.02791342430870781 0.04631829283905795
0 37 0.07149551796892144 0.06192326774182609 -0.07773800362956132 -0.09920335017182942 0.08403136589415089 0.02060762422735318 0.09408402908463773 -0.08393449357079212 -0.013924982777366686 -0.008048161580201064
0 38 -0.05174777421243866 0.049946733364512004 0.045950245978669424 0.04008077942522878 0.0552574982695027 -0.04452219278110022 0.07221284151393083 0.055264844397143444 0.08794917475213665 -0.00242269975786564 0.04095855355262744
1 0 0.08103330433368708
1 1 0.08483151346445006
1 2 0.014742362312972527
1 3 -0.06103571504354481
1 4 0.03106757439672976
1 5 -0.04555558413267088
1 6 0.04303384572267563
1 7 -0.04918950051069266
1 8 0.08100930601358469
1 9 -0.0729967504739773
