## LambdaRank
## Epochs = 100
## No. of features = 38
## No. of hidden layers = 1
## Layer 1: 10 neurons
1 2 3 4 5 6 7 8 9 10 11 12 13 14 15 16 17 18 19 20 21 22 23 24 25 26 27 28 29 30 31 32 33 34 35 36 37 38
1
10
0 0 -0.07616214759806048 -0.014498795461711358 0.05348108720373158 -0.09743777748151855 0.03429594432116763 0.047003875776401 -0.013824425983959353 -0.041996613700820744 0.07442393150114125 -0.0877169728595146
0 1 -0.008415038926870488 -0.0407222377524549 -0.024865243230595642 0.05362967154586023 -0.005514033817924263 0.028627460377837848 -0.09886025243819513 -0.06476643505671223 0.010099586664242285 -0.0678741906838576
0 2 7.284295155483232E-4 -0.07592832547280824 0.07054119025331981 -0.032620955885924535 0.06354289774035483 -0.02161207321163517 0.04928780803078833 0.08951816506316677 0.055559513804056236 0.03178846431132446
0 3 -0.013098131227145855 0.06892112754710863 -0.05804758376489275 -0.08605165701500515 -0.08400259576221238 -0.06443946230796899 0.04820870617827675 -0.07414786540466163 0.09342428496582823 0.0818720988018396
0 4 -0.017186297261145473 0.02200872652802451 -0.09883880161811516 0.08237437491501269 -0.01589306391345582 -0.024139919001982396 -0.05478918437751212 -0.029419860178817495 -0.04849864582003205 0.09560400574843683
0 5 -0.07825044362514832 0.05405504621370312 0.027575592297695423 0.019790250210598537 -0.012198542142000201 -0.09902821848245802 0.06348681068375374 0.021817600756419513 -0.07047631778858658 -0.08857004706171005
0 6 -0.08559234805140953 -0.04160933547887072 0.04216988658348431 -0.09777326706464783 -0.08302869472951611 0.015586618818992265 0.04434516396604236 -0.06315973007144766 -0.008854367278167687 0.0013862844252625955
0 7 -0.038211129577065434 -0.08432544495341665 -0.012863993875903248 0.09613964480339557 -0.06574518367222101 0.015491864192995955 -0.055742348229034275 0.0055465802432462805 0.021279523376677805 -0.03531208466383389
0 8 0.00975262296110174 0.01843132791694776 0.04571892955459885 0.013515575504807626 0.06998982262338807 -0.02934476668552208 0.01980863264237359 0.06367336423121678 -0.08403020538614696 0.030469726280322445
0 9 -0.03727174452817381 0.08294840663446178 -0.057603500146376475 0.063295754969698 -0.05869681722913276 0.03155227760657273 -0.009317434788656518 0.08039293270162569 0.08262550618311136 -0.09749740304801803
0 10 -0.028249772596201175 0.018106224242527794 -0.021637997780317515 0.025377652915851156 -0.0350250436368034 -0.022104907289500726 0.03807839321818558 -0.06191392619003553 0.05903004469159608 0.09946666786514978
0 11 -0.07648712143525326 0.0856078128095097 0.022309145155050617 0.09330488499088968 -0.028321645141706212 -0.042848893368082244 0.0641399390877757 -0.08902448489883377 0.07773942279063137 -0.008807265371884308
0 12 0.04938156721191947 -0.06474822406819608 -0.007152561387282817 -0.027765624242912366 -0.07840353741493519 0.0928906047896474 -0.08596855756406271 -0.06459346869195384 -0.056624541482645646 -0.08454196307935163
0 13 -0.026624819325697713 -0.016828503972122568 -0.08793483106843399 0.04394466293270434 0.06842007887948179 -0.09501188170081702 -0.027381481968266848 0.06633753151256801 0.04144098895418092 0.07793249866939067
0 14 -0.06624889449593686 0.06933529156238645 -0.0702733353539625 0.0889709815662983 0.02506488026672231 0.09519644044908616 7.361467932645373E-4 -0.019902304162432966 0.09879080442112789 0.05947365991396993
0 15 -0.07107675373696085 -0.04927499302533573 -0.03231406581842369 -0.05004095712855243 -0.004038212197311665 0.06401370591495105 -0.004349789420694763 -0.09984020357090172 -0.06575943448539663 -0.09483509912494897
0 16 -0.06286470079724617 -0.06641982224507648 0.02342883950592694 0.018807643090052936 0.08637476451862931 -0.05195877190689647 -0.03469813354453077 -0.06565789442904987 -0.04187662718116788 -0.08849198446186274
0 17 -0.018861091859622207 -0.08837145808150423 -0.07244975661118443 -0.09482928560057968 0.09225891178086412 0.023167799882156677 0.07539229576144724 0.08401853719462646 0.09856735604178975 -0.06911525194546858
0 18 -0.025173054918132706 0.06318727620385498 0.02832366818557774 0.06345878150292135 -0.05464665684655812 -0.021206499018179 0.0015292271616063596 -0.015134845577749547 -0.03255395975447547 0.04388834148381977
0 19 -0.08215381801953503 -0.08603649077294728 0.06590083673250632 0.03121751392760109 -0.003933694605399144 -0.07723358496839128 0.011282937274239782 -0.01675160063618747 0.013228349931424866 -0.08564531531685594
0 20 -0.0015859143482711935 0.0052048606794586035 0.0766185658842409 -0.045689786509737026 -0.08082439853649322 -0.05123707538375374 0.05825335673521142 0.05975518564627414 -0.09332791033508932 -0.09963361081828627
0 21 0.04538357649957218 0.051851108229507496 0.0918400652650977 0.09516232455049943 -0.08903139274341008 -0.049250059615522035 -0.012707990152102014 -0.04884547488921746 -0.03124123710687842 0.00860973040175078
0 22 -0.016947864721476687 0.016957729928076915 0.010528060147273201 -0.05498177574013609 0.010267422116808398 -0.008483303063451499 -0.07237883693240621 -0.09486248497027934 0.037011754802353816 0.08762945338249083
0 23 -0.06355096071694086 0.09767081405701454 -0.08874108961147296 0.07886055822131947 0.054994735814313064 -0.014036776420123551 -0.0812787434094913 0.013855666903694218 -0.021659061354230163 0.013790686540162654
0 24 0.030881905588335996 -0.08190573088059022 0.004777557786857953 -0.0817207158836495 -0.004533032731587921 -0.058543101236134765 -0.09653372445438042 -0.004995526769294497 0.02789613384812905 -0.09058077283127709
0 25 0.016130950419470543 0.022530933663128826 -0.009364408912404337 0.010077453985590578 0.09144423773041324 -0.08367885423084966 0.07897917202065811 -0.03461738788973144 0.020974930908606183 -0.08125225382139169
0 26 0.046903608093501664 0.08672060440583511 -0.06718907466340099 0.08222326986619302 -0.05773555252231644 -0.03137782780390617 0.024161813329825803 0.07835041992893062 0.05414491700102022 0.08740249504536993
0 27 -0.009958207759215375 -0.018539849475019497 0.06619037171201127 0.01566149772422311 -0.05740943211200983 -0.064927728842166 0.011054905381924213 -0.02525834433280287 -0.015578659059581244 -0.035462137962538956
0 28 0.022087433105099703 -0.0673095039440491 0.02874136519415663 -0.05720119712948909 -0.025720057318238353 -0.0052486468400221985 -0.029624689121715845 -0.056578518312360375 0.050154277917941414 -0.06041173551357774
0 29 0.06935484727591276 -0.055582356617430384 -0.08068059357132763 -0.03216667751920491 -0.007798280376926513 0.026077210246925615 0.0730710250414967 0.08295984502547003 0.004891558884730009 -0.07843494320804077
0 30 -0.09869335472205543 0.060387571160184506 0.08607099957856604 -0.02518744221730138 0.02282585460339873 7.675096329145603E-4 -0.0030574697201943613 0.06559060400305272 -0.011110784167699698 0.021670285269225764
0 31 -0.07502272628311006 -0.08278773930039729 0.018172405218102854 0.06448703969050999 -0.07454937418711408 -0.03170085315419078 0.03708409400590654 0.09234648935532801 -0.01781632698714148 -0.02276897214543868
0 32 -0.07884695690090956 0.08355312893806804 0.029196353708500322 0.0744934017143931 -0.006765394371375017 -0.0862223587609442 -0.07634637414180896 -0.01572972536404543 0.07238299888268565 -0.01587611771292967
0 33 0.014411543095290335 0.06804388995914225 -0.0868001570355025 -0.0845260336430624 0.03481303166408593 0.027536592951679855 0.01400592414109115 -0.04711979415541146 0.08768157989290211 0.09608322186773119
0 34 0.09119170400150471 -0.03921967993452192 -0.03549130014102839 -0.08244626618015681 0.06550578607099104 0.05838920034160026 2.1787474551082618E-4 0.005470190229513031 0.08578509081563608 0.011016864641493861
0 35 0.08577416837215424 -0.08320851624011993 -0.0037459731101989746 0.00615117559209466 -0.09374596923589706 -0.08491691946983337 0.019674301147460938 0.028420936316251755 -0.0012985586654394865 -0.05586259812116623
0 36 0.05440839484478213 -0.06322629073716957 0.037194230459366075 -0.09895599622115597 0.04156695986444696 0.07912068137295553 0.07434145899410939 -0.01172659367285283 0.011816737613310261 0.09467091946668016
0 37 -0.05544736089212881 0.032347463809767614 0.08444107059903742 0.0700684815864368 -0.08209363726300206 -0.044193977789236775 -0.09044754706836981 -0.06738233683726733 0.02697854866562858 -0.024896325033104454
0 38 0.003783969943868622 -0.01279608590304763 -0.0919679918590184 -0.022713224296434055 0.020729606699044795 -0.0300734668141385 -0.04087381135063276 0.06046368944835323 -0.09250974903242976 0.030934043816185038 -0.0414932668209073
1 0 -0.026568461209535515
1 1 0.017571449279785108
1 2 0.07412679493427289
1 3 -0.0028859674930572492
1 4 -0.0789195075631134
1 5 -0.01725539565086368
1 6 0.05237195640802405
1 7 0.0019077599281445185
1 8 0.062370218336581955
1 9 0.05371508747339266
