## LambdaRank
## Epochs = 100
## No. of features = 38
## No. of hidden layers = 1
## Layer 1: 10 neurons
1 2 3 4 5 6 7 8 9 10 11 12 13 14 15 16 17 18 19 20 21 22 23 24 25 26 27 28 29 30 31 32 33 34 35 36 37 38
1
10
0 0 0.01200318929479768 -0.08344282227425234 -0.0995181403371887 0.04513020074553809 0.028548348406136674 0.07738745252873085 -0.041248236450021326 0.059613948983392354 -0.08397033832869513 -0.04368773561382296
0 1 0.0687185290084988 0.0363121189856073 -0.08498929167713734 -0.04995418922503436 0.00519253710725812 -0.05020555339958591 0.02285819092275471 0.014105172971504374 0.009724274415627532 0.048913695456382314
0 2 0.05398107012621117 0.09915635014995171 0.08942805166116777 0.067283701612597 -0.0864799565832997 0.07642546071147441 0.00995220696074706 0.028109583285737396 -0.06265660898931891 0.031136976883615778
0 3 -0.0032668124191898348 -0.056672283294492025 0.02370828928534774 0.07597593102014878 -0.08795919398707161 0.05991395416459731 0.005481996776752765 -0.019640650459106224 -0.050670749217044224 -0.0862736150274234
0 4 -0.041414714699484996 0.009835586484473796 -0.08409433495868779 -0.08654782049649799 -0.04312499608598762 0.033128875670432004 0.04265424666005534 -0.043357998271937336 0.08720671914196976 0.008008324199780405
0 5 0.05426262084456992 -0.021322561438599386 0.06213478847394814 0.051051096550050766 -0.02323339963003815 0.018792709747430563 -0.019360889659251215 0.03167808537516415 0.06920091401008073 0.06879704884110076
0 6 0.028610032516890576 0.05608104349676149 0.07343065071251485 -0.04525746913191454 -0.05888536413331971 -0.037038517426121596 -0.04574613744754685 -0.07966099474392238 0.09412762616266739 -0.013235183456133228
0 7 0.08292862977626271 -0.08268793394754571 0.0450025518452448 0.07885752027252278 0.0623805830907631 -0.09578478872270893 0.03710662548565822 -0.07242748107731958 0.003762049920638521 0.0680001888407946
0 8 0.03950127817814331 -0.05233057412196872 0.03584149541821747 -0.06543598309246162 -0.0477905027293842 0.05567387955442358 0.025352490502639696 -0.07200544379994354 -0.050632328361605125 0.09723735096441652
0 9 0.060855075141891826 0.03368250795719937 0.09005645476825798 -0.015375034599241617 0.03556085412309144 -0.03086439635049387 -0.07236479530498048 0.013189178047863476 -0.039827947214851195 0.03811199678151995
0 10 -0.098339904041781 -0.07490273508271068 -0.05711991372156467 0.04476466123079492 -0.05969408090923087 -0.05967086746056381 0.054491514845123296 0.06499124103481936 -0.09255303206430841 -0.08796483072637636
0 11 0.07370450954594555 0.061609185048225726 0.08567124727142206 -0.03981938559496117 0.05662254832940899 -0.04559847613089534 0.01987321823829807 -0.07773594519475291 -0.08573137332054623 -0.0876254629014168
0 12 0.050644914544750376 -0.09203699904275091 0.07946532565733135 0.09874731461423457 0.05590110863790085 -0.04281958759879723 0.05930066630237891 -0.0934436132153247 0.04001665787541736 -0.03744593277134566
0 13 0.09705917941702152 0.048102848267337135 0.023533406201156574 0.04023059646311024 0.058750422344267285 0.007322955666409891 -0.05048128496434194 -0.0579795490548186 -0.08350112478151174 -0.07083008184328478
0 14 -0.013349162586881062 0.08294663511283533 0.07664220419956104 0.013773349257074902 -0.030968468326175363 0.003491041015131554 0.04843507347173635 -0.056575647180625466 -0.012671896254343182 -0.01234897947228463
0 15 -0.001032300461617155 0.0994816223758308 -0.008774772700255196 0.05131884240159135 -0.05210004697681215 -0.08280237705937671 0.07767047390331212 -0.03266604601561356 0.08403244738144033 0.014981638289199017
0 16 0.09665239795505735 -0.06811397227015738 -0.025146135015519346 0.03547776850305809 0.0057236657358155085 -0.018152107343868143 0.0015540807271345245 0.0437979276636369 -0.0015101148727769968 0.04676902909097239
0 17 0.04658882965421127 0.03117055825216147 -0.09181553960403865 -0.02968966382180827 -0.018449329444361465 -0.09717267219672573 0.0804978974822455 -0.01785252886312265 0.05611221385186334 -0.02009178413365206
0 18 0.07697597130768953 0.0019857178230181403 0.09853778921250665 0.07675165843414755 -0.01510145093058691 -0.05919710032971989 0.0029388336914623462 -0.07531878320450401 -0.02198250176139567 -0.087746101922279
0 19 -0.024021089821976725 -0.07284889331900793 -0.09901732414067262 -0.05249688425546324 0.05813439772533954 -0.09824171042886023 -0.06456037969181941 -0.07014326616597259 -0.013677927550464548 -0.09088144356744651
0 20 0.06046529885095862 0.0607189876135228 0.042321401388478286 0.09536065047374329 -0.04325287632701587 -0.07990165675744489 0.05434378981272903 -0.02352231687683661 0.06466840168710147 0.02518712779030506
0 21 0.04577318509934579 0.006460509501844732 0.09617317484399109 -0.07832622895262041 -0.08509434476058947 0.011172623881088133 -0.06718456316952587 -0.00615289070910379 0.04281467006056808 -0.08926647680519739
0 22 0.06785347696309248 -0.09261644977320062 -0.09861101847523383 0.05832329548837048 -0.013805929623656317 0.0156794321609476 -0.027495376084486753 0.09064524574472638 -0.08236661636719796 -0.014784057570164225
0 23 -0.049166117876463994 -0.09837799868062042 -0.007755408675820382 -0.01667464644492231 -0.022470414982651923 -0.059486674311004406 0.06595952422473718 -4.6681777573136105E-4 -0.0816049992267811 -0.02454540047257993
0 24 -0.08972319542626267 0.08683093972077038 0.03812359658981852 0.08111679045718354 -0.027362751100243044 0.029143856760659056 0.02103619763174582 0.02927276704235946 0.001766608105227671 -0.07159676085734577
0 25 0.08376716293617287 -0.0389315363733138 0.029084662007978625 -0.011707397875377596 0.08738576335756022 -0.020022834473560357 -0.03063170162109909 0.07430539740583345 -0.057796285058222256 -0.03224338330464484
0 26 -0.007585096311352984 -0.057080364092682426 -0.02430443764742653 -0.003795124795858789 -0.0506427344724637 0.05842828350634402 0.0692214557844078 0.0066854668269052285 -0.02606447836313944 -0.03419251312773365
0 27 -0.057130127432067426 -0.05781807211092964 -0.013091929487052975 -0.05943580870052034 -0.06684801976939611 -0.07628941345531201 0.06751783966073906 0.09032701162612576 -0.019096075921205054 0.02943462677078384
0 28 0.051619715627293554 -0.031235558956281027 0.07855885241967153 0.04276589333372631 -0.0015993438178147923 0.012455883890852126 0.010360773275830433 0.03238209586732166 -3.111498534586224E-5 -0.07535583807512285
0 29 -0.0875282412025639 -0.04199931489996023 0.08342967052328557 -0.04287665584246712 -0.07927016626323788 -0.0321095396698987 0.0427220416647306 -0.026895094219628376 -0.09709226299735996 0.0726829837312665
0 30 -0.06740469482334906 -0.0852080298249419 0.040336454276399536 -0.03796736861881951 -0.04414132686854189 -0.09622175428958055 -0.06168322145329394 0.08743584366281114 0.0444808384451451 -0.06252166357536028
0 31 -0.06835399168001759 -0.04437814753111152 -0.027106406015319464 0.08986742800799878 0.08532157701268972 0.05123178572681707 0.03586245437884249 -0.013507445075858783 -0.03313934578251352 -0.08903616136615065
0 32 0.09639449911054783 -0.05984849369733167 0.014901181630845355 -0.09734541479453768 -0.0014793946035560775 0.03824425253368883 0.06431411730124724 -0.02043750595159955 -0.027923719931257248 -0.05500915718366538
0 33 -0.08012833787650299 -0.03589330211855705 -0.04639160050572191 0.029827208855447453 0.06062442592939041 0.0923634526805506 -0.06940263923564656 0.07330134424022151 -0.05698712409374974 -0.09499103941472375
0 34 0.0332035615903832 0.053273475012196154 0.08314800801530978 -0.02810144575635773 0.02303351344083439 0.03864621282471658 0.05695717274592224 0.09956909448582665 0.03415867386995192 -0.05773749530254088
0 35 0.09710881114006042 -0.021422129124403 -0.006068819668143988 -0.051749128848314285 0.06864352524280548 -0.018283898010849953 0.0803055688738823 0.03387262299656868 -0.051315076649188995 -0.06775408238172531
0 36 0.009871739017921986 0.08780826964583133 -0.003768890911998998 0.032858541670716994 -0.09176488034588948 0.052151397354825324 0.010103832640793967 0.042309866744157855 -0.0031968248682349982 -0.04080631754357263
0 37 0.024774834592109444 -0.010755380979179413 -0.09681629680490789 -0.04380995628868806 -0.07698481337991625 0.06819707072270946 -0.05039243296595294 0.03773855400832816 -0.055845053027374164 -0.08573251371631577
0 38 -0.07019634737750667 -0.009615470234478255 -0.046109351923882276 0.027415026416304826 -0.042141200234647264 0.09856395300317723 0.08969900603829753 0.004620555727121752 -0.061395395665870406 -0.008772170174086626 0.06308238208293886
1 0 -0.0730287134647365
1 1 -0.01052944641560326
1 2 -0.07459862530231523
1 3 -0.04209064319729799
1 4 0.04023692756891261
1 5 -0.07160018384456598
1 6 0.0038162886630743655
1 7 0.07645475864410413
1 8 -0.06908404827117921
1 9 -0.0744784921407694
