## LambdaRank
## Epochs = 100
## No. of features = 38
## No. of hidden layers = 1
## Layer 1: 10 neurons
1 2 3 4 5 6 7 8 9 10 11 12 13 14 15 16 17 18 19 20 21 22 23 24 25 26 27 28 29 30 31 32 33 34 35 36 37 38
1
10
0 0 0.008432453942297536 0.09167334097380997 -0.0683354826171482 0.018506312602297393 -0.002152757988519896 0.014838833864034251 -0.03341434726902858 0.02919202061974419 0.014676706350762396 -0.053636972753801616
0 1 -0.0786571471666508 0.008419752285161078 -0.07162507713172112 -0.02994593417977945 -0.0860588939344086 0.02371572091746463 0.09069300144846873 -0.07671328726710236 -0.06459334462224897 -0.027450173569080857
0 2 0.043366259169717286 -9.228073539034111E-4 0.03934064021332908 -0.09504779982980188 0.08106311805456053 0.03417557845312367 0.05705955974723857 0.029562630872897316 0.03954890945499713 0.03555040727019371
0 3 0.09484512742436381 0.09586141077712917 -0.07016280910295054 0.005353150195085383 0.03732440207394285 0.09679760313368414 -0.0982779454283497 -6.481187206834657E-4 0.03627447775661039 0.047172893201492816
0 4 0.07623005368490096 -0.018108116622587114 -0.07653647713271056 -0.030106551983673905 0.08038412626456035 -0.023867135257452925 -0.05336391807229876 -0.045536608107554444 0.0998728177685862 0.06488726163213618
0 5 0.0053263547120307436 0.07171900612775149 -0.07893542813456272 0.09338686878630574 0.0601816041425323 -0.06532196940693126 -0.003816231311260981 0.07096124885343807 0.023083735795072287 0.019149681206926384
0 6 -0.06993920285484219 0.09664452623788108 0.07798937929515563 -0.08176429728791708 0.02628821176492489 0.021341645412691363 0.07888942289502021 0.018898760265411232 -0.06975684495297858 -0.06766735674075731
0 7 -0.07889430654943545 0.06250874912398588 -0.05440840501190276 0.07568733800085456 -0.0829023115527631 0.0497046774101221 -0.08791653591243055 -0.03278733346843986 -0.01105864615225043 0.0020798463746504936
0 8 0.010352425499564591 -0.025746359121068218 -0.03147856988153849 0.032729082609348294 0.0903435114202026 0.07584627478122671 0.050603878377648695 0.09800049903642727 -0.026254913274605288 0.07727068415879332
0 9 -0.05392398851130507 -0.02944230395464679 0.011895658712379489 -0.06233569697898699 -0.05125557323005869 0.0918170512143221 0.010544486948298784 -0.05923937199695255 -0.01406851227322147 0.013300826807102118
0 10 0.08305898798956089 0.09161685890250972 0.087808206130943 -0.024706224058077604 -0.03249356375786493 -0.09191811419356204 0.025214136472488873 0.02749420649800751 0.060174530786730206 0.0692271146561717
0 11 -0.013373966486119288 0.08108453109612007 0.0765238962642385 0.06872161558559424 -0.06159231789828397 -0.06422685165179594 0.07346864845257034 0.01816977293668224 0.07645184360760345 0.01869483598713235
0 12 0.044263962317511535 0.0307169437933399 -0.07374189032185872 -0.026740035060158925 -0.032960275721760725 0.0692484034346812 0.06886900678796622 -0.009938445992192405 0.004697760434204092 0.04098479587389223
0 13 0.04250795617107181 -0.06164998473154048 -0.05540913855750697 3.126781687982177E-4 0.09967292209258309 -0.04220498064785394 -0.020957226683017166 0.08695714253786692 0.028450301193405605 -0.07139731203902897
0 14 -0.0033179313614395316 -0.01612131683357106 0.016116914787197168 0.05192600332106122 0.0047659533503722935 -0.06677412811076522 -5.732191653022103E-4 0.043959833986239046 -0.04933700336675188 0.08624890176188735
0 15 -0.01720263106679379 0.0903717745445391 -0.07580235635040855 -0.03944282563046276 -0.05257065877147945 -0.0611898355055837 0.005941352069267966 -0.0838880078938782 -0.030745060398747262 -0.04582549179862858
0 16 -0.027812217484744564 0.044209549017468125 -0.03942399053375454 -0.07181968122398814 0.08483725673144962 -0.0930088188738242 -0.04934802567523235 -0.07039494708545975 0.028571119003380926 -0.01876659761819633
0 17 0.09301674176076001 -0.04048976671209051 -0.07540025160076026 -0.07652978906258626 -0.04621515405014295 -0.08543208286930397 -0.0055517843631905745 0.07163888904331994 0.09958675745417055 0.009408624112200099
0 18 -0.05677677145332997 -0.023015761461956327 -0.016402285737067722 0.06453477106723286 0.09420029214508802 -0.08887607252563386 -0.04745422332784178 -0.033520662061910726 0.0829798291743799 0.014519918384670248
0 19 -0.014295580391292199 0.01771520606258254 0.05099970979581555 0.07992795987943292 0.07812052052095297 0.07599876119470814 -0.00539445607445865 0.08298403330380491 -0.0829105382339332 0.02586926530457004
0 20 -0.05788935507934071 -0.09282412667246108 -0.09901166755355466 0.07505940703800888 -0.022413174854343867 -0.04817961594278693 -0.09580536845231978 -0.09906451327015597 0.07050455052703368 -0.05422444374708843
0 21 -0.04089129872212134 -0.01839398765245433 -0.07012473587395279 -0.0544245295292935 0.05716304979170218 0.05754947644635462 0.0864918522649176 0.013166471691441564 -0.06852921182784458 0.08699313280839281
0 22 -0.09433594580503579 0.048363251203251786 0.03116661460375396 0.059731842967875676 -0.03688176080726594 -0.09528345999409459 0.07731139357751073 0.05401615353204205 0.06734185286928343 0.06644257433529507
0 23 0.09564100135109542 0.02504140180747435 0.02620600786590192 0.09621776386366064 0.034473604010619004 0.050580495629893196 -0.039821723585018134 0.023438610439383334 0.0414139823932977 0.02671491373975742
0 24 -0.07436196254295116 -0.07007580325652077 0.04777873301503761 0.03469190653674086 0.041922362014895805 0.02019803655780905 0.06272387078446338 -0.051854705496115906 0.03657978133421826 -0.09180897477421011
0 25 -0.07018111009511661 -0.024361433517646396 -0.07244593519285288 0.013877359965734784 0.008972666153377527 0.05448811336831958 0.0041699127060367555 -0.0014665786711024489 -0.07349779550810549 0.08136800330539612
0 26 0.04232064015732757 -0.015885638264731813 0.09502584601254549 -0.048136359633076234 0.011255307608356588 0.05626437507534672 -0.049084766626922335 -0.05754253240336336 -0.05926443426484533 0.013574554334903456
0 27 -0.08847755271596319 -0.014105288241439518 -0.002158700361275775 -0.04896998856635379 0.019263088648878927 -0.03890098381960323 -0.07033510582995596 -0.030343019578991593 0.021675372982643035 -0.0224789530025815
0 28 -0.03393059471562962 -0.07111805858395898 -0.06711699643701512 -0.04966390481991738 7.628594774658493E-4 -0.06791808887196879 -0.0980245200302624 -0.09057624463640211 0.017202852714264284 0.02652415792740576
0 29 0.01832636892508848 0.0023911318961206294 -0.053532902181872934 -0.09850183195251917 0.08866428754696379 -0.02747134966417739 0.022135353929665768 0.02503438253005858 -0.03289901116648811 -0.005355457387327891
0 30 0.05952721842596045 -0.09903586072744892 -0.04016085812731282 0.038370316164136796 0.0012428797174889854 0.011635844185995989 -0.09021239531288713 0.0636276230956081 -0.09239257854146024 0.045207929383668015
0 31 0.03896010578410448 0.08790396794789362 -0.006228802858986359 -0.01107238230484536 -0.07556560026589282 0.035282043892463415 -0.08775580977882454 -0.008017420086340495 0.003156803139677399 -0.04504594648170227
0 32 -5.245332875699543E-4 0.09316577057557437 9.670661323431024E-4 -0.028407685135243072 -0.030893378401200385 -0.01978876584421362 0.09736643665776225 0.06174910942710133 -0.09505187771972469 -0.08822316000408258
0 33 -0.019769657559178803 -0.05221795680192894 0.0033769916539478488 0.0036498888407142703 0.09200120794382598 -0.05348834741128163 -0.05817185713079405 -0.008714639559723724 0.015903629137146644 -0.05463425007882271
0 34 -0.0010752273379205418 0.08226660394045492 -0.010756066949122017 0.0862262585470956 -0.07817644336857224 -0.05680862828353182 -0.07906095555978715 0.013356437815552317 -0.0655973456955042 -0.009308089000506052
0 35 -0.040098525600584745 -0.09113498042177808 -0.07838799057294504 0.02167963978159214 0.09544348721187555 0.06084113561482955 -0.09125962104554614 0.09180310373024037 -0.0930486470961408 -0.054515391619197384
0 36 -0.014068798031933796 -0.09929469170351694 0.015996689500532686 0.05868732622536816 0.09863811574834581 0.09482724061162337 0.05066557144351706 0.05967022397587155 -0.0011498489154517972 -0.08702272230760938
0 37 0.08234287722071489 0.0560221646479944 0.08830647228575343 -0.046717187503583855 -0.025450485365767817 0.07748760175213493 0.05478483023760464 -0.03483966452789798 0.020201693222785696 0.09355834337067502
0 38 -0.061801479790393306 0.07803521596951463 -0.05700214368955206 0.038555773605095586 -0.05411771415488743 0.06851505573758387 0.08499253173701467 0.007671402900472139 -0.07889594509104808 0.09938359184805348 0.02647488191723842
1 0 0.014565092511475159
1 1 0.08730671554803776
1 2 -0.01791219785809547
1 3 0.030377184972167067
1 4 -0.0393576622009276
1 5 0.05761608481407151
1 6 -0.033038336783646996
1 7 -0.039422690868377554
1 8 0.043528765439987786
1 9 0.026793677359819416
