## LambdaRank
## Epochs = 100
## No. of features = 38
## No. of hidden layers = 1
## Layer 1: 10 neurons
1 2 3 4 5 6 7 8 9 10 11 12 13 14 15 16 17 18 19 20 21 22 23 24 25 26 27 28 29 30 31 32 33 34 35 36 37 38
1
10
0 0 -0.06579239035673548 -0.023459863345883805 -0.015473681393913476 -0.019167040878975274 -0.0042013173355773805 -0.031224754115241202 -0.01601891903444876 -0.013437232339597482 -0.0783169264732203 0.015533440404643741
0 1 -0.03582487501060969 -0.07592054477783906 0.014932555583763048 -0.08473572681707306 -0.024623311872600688 0.04123036885762325 -0.03937044324022026 -0.039856721952727346 -0.05999587511524792 0.051158723617410064
0 2 0.08901492410205782 0.08079870207080313 -0.04079468248799844 0.013913381796195341 -0.0472993074818825 -0.049288333706912525 -0.05130617346135714 -0.043649619437962354 -0.02129437063826652 0.09523306978131563
0 3 0.09899991179878745 0.07460092527605913 0.09231815946618885 0.021363472349543444 -0.09908278538523543 0.09376569840803614 -0.042093848289899906 0.03171327341728888 -0.0743738580353421 -0.04140349931721937
0 4 0.09132402519594537 -0.06335548709283419 0.04761083582001634 0.06655013077124859 -0.09360185558942352 0.030977405564649594 -0.022113401530670696 -0.003558487444615256 -0.09278401244535328 0.049054697033985295
0 5 -0.09051165446095517 0.05737633941089266 0.08969786265884078 -0.027103096998736233 -0.06205731480989355 -0.04794609287045648 -0.05942959422293982 -0.05106433017962537 -0.07060903711968262 -0.06375207260248683
0 6 -0.030063433264856436 0.07595416943076272 0.010826659499906787 -0.018933820876394714 -0.06216505310197744 -0.05215851082934894 -0.0507809611224113 -0.09198285428504806 0.06408258410155868 -0.002882803503369492
0 7 -0.08789999949608142 0.04436981149811187 -0.04414811892769548 0.04880416511984858 0.04409896878798359 -0.08975159694908552 0.02412831350409073 -0.04731548013339358 0.0489332931979396 -0.07931664911107132
0 8 0.035536647311784894 -0.08383014994597483 -0.01847931999477752 0.023451200218409626 -0.07606536557828768 -0.09643191075073697 0.02135203108359174 0.05179037607038463 -0.03159269799155198 -0.0663727573878224
0 9 0.014653261953810209 -0.04150338000910809 0.05643748217598639 0.03966780119758502 0.04595356325622871 0.012150322655668294 0.06295692816385633 -0.0693453261529775 -0.04245040472955007 0.09297648804877627
0 10 -0.09135482906142693 0.08665622111296177 0.050239713657811616 0.017736783527447352 0.018916885832471992 0.0130321329385782 -0.04476076692366594 -0.09201729050695075 -0.019635430095429687 0.025556098258909064
0 11 0.006357416495300478 0.007370146572561627 -0.00574051590526839 -0.07255171109765556 -0.04323340042119071 0.04783748252081712 0.06368184449851642 0.019568766246398778 -0.04972610721504258 0.04667655037018749
0 12 0.049256243970662986 -0.06950645964335707 -0.005631735363458478 0.0010312831680366113 -0.021243845351492725 -0.065930685647239 0.061016117354079344 0.04783727939746094 0.07340003022731462 0.03507826449349593
0 13 0.09909054015033784 0.034790218059116335 0.07156204975292504 0.06571160910264852 0.03819124309291791 0.09507350306176131 0.014612195504440236 -0.05531203729558252 0.017938584594981197 -0.052720624719491245
0 14 0.017531536920255004 0.07805543127708064 0.009603192544423498 -0.030922704184372263 0.05396422775904227 0.0350270134962615 0.004158457367973782 -0.04395544477509087 -0.010667237400329103 -0.06009287711941742
0 15 0.06831035144997832 -0.08133489093490257 -0.07590318401154302 0.04202451493844718 -0.0924410781500999 0.0709740747259027 -0.026945439983612273 0.011576902436504185 -0.024271963757981078 0.02868141999632242
0 16 -0.08673012271301424 0.017128331652125354 0.05348954055638132 -0.057268236695972904 -0.09188551783928448 0.0779682047951282 -0.006627447124321074 -0.058488857724609156 0.050795231353081685 0.06238127489931324
0 17 -0.017825602530062056 -0.0595435172059154 -0.0741023049929948 -0.08306327388610381 -0.0648355462565095 -0.03776647899106502 -0.02775660668959446 0.04297848616540192 0.09831012516632084 -0.045943853832391385
0 18 0.09319452965943556 -0.090587309208389 -0.04675669325984733 -0.0038527574750007727 0.019111924190838826 0.0646977244059106 0.04933596993844398 -0.02201114366786557 -0.01348267382844119 0.018513581501809123
0 19 -0.05525545200436779 -0.06890747919041017 -0.0575629286683962 0.012483914330310104 0.027718488962523692 -0.07174370720879089 0.017793258245759 0.05609564703715872 0.010750470062297594 -0.07103087739369468
0 20 -0.09596091087485631 0.06318003206223784 0.04478343638694508 -0.0066215218533492715 -0.083559156380631 -0.054484923856228086 -0.07113601504448533 -0.02547217788830974 -0.08175883708914557 -0.005784400612769736
0 21 0.023255363247432374 0.03986517187226281 -0.00627978607156975 0.09366863398386574 0.08633857712820475 0.05768890262975219 0.02189046757145949 0.03423474432590025 0.09993825012334084 0.028873397689265216
0 22 0.04050265888172004 0.046492377768517466 0.0892616866365153 0.022064357551293306 0.07417028264696417 0.09567064909226346 0.03707187770177552 -0.05324395051941317 -0.055017948550967755 0.0898492585832429
0 23 -0.05046918617672051 0.03696734714324714 -0.021395951413689218 0.007838758577836148 0.032650922685643104 -0.020722372443758328 0.022403071696899386 -0.03687252172627705 0.04764199225897588 -0.09196008687475911
0 24 -0.01244518089562504 -0.08122519004680728 -0.044650606536502754 -0.0195752967950878 -0.08867572867520951 -0.08875684298938298 0.028524197065946687 0.004056954464963742 0.07831321151842954 -0.005640677816763536
0 25 -0.06621608464309807 -0.05754382401828379 0.09355477019333641 -0.02998440371549998 0.06717658299344863 -0.03405815438814671 0.05610184244837641 0.09146308596064869 0.020567952745179863 -0.05942681182588583
0 26 -0.03829657607713216 -0.01588662768050901 0.04151959719667663 -0.08620824201235705 -0.07957892909277943 -0.07260808228520892 0.0602963570679638 -0.010465104056771894 0.01862531324832146 0.025526004095761418
0 27 0.08528435330795385 0.05028993043741243 0.017854648188422292 -0.010678960973044818 -0.08884405664939851 -0.06746758239366203 -0.0737067386960374 -0.08306525610235395 -0.088031806636693 -0.06775031238895453
0 28 -0.07498003903698036 0.05837063084422329 0.042393721134739305 -0.07760243820980797 -0.01637781677724664 0.06145752969912242 -0.049690675035313 -0.020805624665078813 0.0764284818988636 0.07336386496803507
0 29 0.09641255813375375 -0.07420421640399427 0.04323661897648279 0.030508160662373482 -0.012464945567364973 -0.08120380872328864 0.007480379240041658 0.08890868344860531 0.08696854400826314 -0.04063582321186281
0 30 0.04546301252882582 0.01214199461266017 -0.024480354729665196 -0.06994876982340928 -0.08289761666440491 0.08050656656696539 0.06083390056709987 0.06095196697804866 0.06501881340015699 -0.04760439319794497
0 31 0.011244192896304071 -0.009199261529159824 -0.057289853595767846 -0.08898983428455359 -0.09376071194251973 0.09929271968893641 -0.06737517226988173 -0.09839426837534618 -0.057078915554780195 -0.07113934447247161
0 32 0.00911890583107738 -0.08658510259316275 0.041874790318532376 -0.07594029875372733 -0.026300361085011662 -0.030100066687991003 -0.023547807809048853 -0.05418333882974494 0.056524006094307855 0.09720223792998058
0 33 0.014866464275854151 0.032345044353406474 -0.04188539640507348 -0.05313517184495948 0.0565479452574685 0.04132796552830192 -0.08875533573498294 0.007034493721619147 0.08661558205209693 0.002866589867565785
0 34 -0.036802469634720364 -0.019142003421989042 0.059359742324667786 -0.021066666550668755 -0.020341591519679025 -0.027422739209191173 0.08082957139703027 -0.035774234968571426 0.0014600085350078046 -0.09616299314365509
0 35 0.03359706717102056 -0.07467122055918046 0.0012706219461333902 0.0963883221897578 -0.09861462533376412 -0.031101215463880796 -0.08588084341881519 0.07316289132467621 0.01394454852595591 0.06371035227472395
0 36 -0.044582714458625654 -0.027401689999077043 0.07509064976204091 0.08773382400630163 -0.0554601369899492 0.06639232237366786 -0.05116083301679415 -0.06625387027606489 -0.047923765577326624 0.04747488002310217
0 37 -0.0807390650105466 -0.07764226299602676 -0.058306630359100234 0.025419197656136497 -0.01710625155692819 -0.0489494753606047 0.024259047247213495 0.07975098937953434 0.007835987215482239 0.09064809090725905
0 38 -0.07204250131005606 -0.07986011907644021 -0.03537146755989721 0.002767301428646853 -0.038897195514079136 -0.039359615622831565 0.012388858427032759 0.05064480133132813 -0.008061786589029363 -0.07363612116981103 0.06409578025341091
1 0 -0.07618950307369161
1 1 -0.06456079334020469
1 2 -0.037169575691223554
1 3 -0.07451181113719987
1 4 -0.07077403366565703
1 5 0.06092317029833793
1 6 0.0028407871723175214
1 7 0.012496029958128785
1 8 0.05106478184461571
1 9 -0.07007170468568708
