## ListNet
## Epochs = 1500
## No. of features = 38
1 2 3 4 5 6 7 8 9 10 11 12 13 14 15 16 17 18 19 20 21 22 23 24 25 26 27 28 29 30 31 32 33 34 35 36 37 38
0
0 0 -0.09716609987016112
0 1 0.08597019693516192
0 2 -0.09793529420109072
0 3 0.07286316537481463
0 4 0.03738166345870012
0 5 -0.07843493748048624
0 6 0.02457275945792921
0 7 -0.06769211840913057
0 8 -0.022717197847686447
0 9 -0.00925507370405516
0 10 0.027647036537026718
0 11 0.08885831353310929
0 12 0.07495649384767658
0 13 0.052510919642976765
0 14 0.04628706999942455
0 15 -0.05394566993125129
0 16 0.02400213052760537
0 17 -0.00445596717796161
0 18 -0.05841848893975897
0 19 -0.029391760217373154
0 20 0.04562260249749717
0 21 0.04911386408878897
0 22 -0.027182058899174976
0 23 0.057225093300468446
0 24 0.08968769215696824
0 25 -0.012774595316425223
0 26 -0.0026469927806896986
0 27 0.029776517444839747
0 28 0.00847580490064613
0 29 0.0150479023560075
0 30 -0.012877477485995518
0 31 0.035948973803167056
0 32 0.03663045168536899
0 33 0.07075427779095904
0 34 0.06263442184272236
0 35 0.08216804602911076
0 36 -0.0130015201037843
0 37 -0.021933920738653766
0 38 -0.09393222630023956
