## ListNet
## Epochs = 1500
## No. of features = 38
1 2 3 4 5 6 7 8 9 10 11 12 13 14 15 16 17 18 19 20 21 22 23 24 25 26 27 28 29 30 31 32 33 34 35 36 37 38
0
0 0 -0.03447091612184038
0 1 -0.059456740293628796
0 2 0.04575056145337901
0 3 -0.08694723358266339
0 4 0.042194799949044404
0 5 0.007195151954222432
0 6 -0.03903038952968905
0 7 -0.06517773783925823
0 8 -0.08882062214173464
0 9 0.0459352274806979
0 10 0.012592005411992221
0 11 0.06670232274342813
0 12 -0.05829549480100055
0 13 -0.06232086056259984
0 14 0.07386513845737114
0 15 -0.06175678659215029
0 16 -0.09415317620932602
0 17 0.05291990561127428
0 18 0.09070235142930971
0 19 0.0763316070452095
0 20 0.02154699088084744
0 21 0.0025640826001574525
0 22 0.010508364893153885
0 23 -0.030208443546447757
0 24 0.07809550133733584
0 25 0.08816983376818116
0 26 0.00737613705332482
0 27 0.0660359461797637
0 28 0.07611637354257796
0 29 -0.08825404511668208
0 30 0.026354869318947767
0 31 0.04448392547397123
0 32 -0.024838917917084098
0 33 -0.004943639735342746
0 34 0.02635640204237966
0 35 -0.042902020524107194
0 36 -0.05233804136514664
0 37 -0.09742176293602386
0 38 0.010818314738571644
