## ListNet
## Epochs = 1500
## No. of features = 38
1 2 3 4 5 6 7 8 9 10 11 12 13 14 15 16 17 18 19 20 21 22 23 24 25 26 27 28 29 30 31 32 33 34 35 36 37 38
0
0 0 0.08606573992345475
0 1 -0.09245079209372362
0 2 -0.01423527381222948
0 3 0.055225482644572214
0 4 0.004962309803434029
0 5 -0.0441299284813427
0 6 -0.052823011195586064
0 7 0.06839763367197554
0 8 0.09632730036706974
0 9 0.06291797011890926
0 10 -0.06529142435651115
0 11 -0.0048569854081021765
0 12 -0.02210412050215839
0 13 0.04077136468150613
0 14 0.05779255620448019
0 15 0.09972061076351317
0 16 0.001565680813846456
0 17 -0.015553079942803997
0 18 0.04670716063423399
0 19 -0.004168008580193375
0 20 0.043073102032696736
0 21 -0.0023181519845655845
0 22 -0.0802519660538905
0 23 0.06441499564898176
0 24 -0.03941094411090717
0 25 -0.0901145105723212
0 26 0.08741012395158436
0 27 -0.030275377909936826
0 28 -0.09365981691215847
0 29 -0.029138244544531455
0 30 -3.155962498413784E-4
0 31 -0.052778832027356705
0 32 -0.04449643426676958
0 33 0.09794655988061876
0 34 0.04468854773213889
0 35 0.010796307478277976
0 36 -0.048454176697165105
0 37 0.052750962254799076
0 38 0.05977371335029602
