## LambdaRank
## Epochs = 100
## No. of features = 38
## No. of hidden layers = 1
## Layer 1: 10 neurons
1 2 3 4 5 6 7 8 9 10 11 12 13 14 15 16 17 18 19 20 21 22 23 24 25 26 27 28 29 30 31 32 33 34 35 36 37 38
1
10
0 0 -0.06860292243034544 -0.04968836902288572 -0.0558562324424845 0.09254136628609465 0.09956178283820041 0.061308610354493025 0.05385508283691675 0.0440850660816127 0.07339490423363054 0.09778872007744735
0 1 0.08499232029407311 0.09647213326752391 -0.06095080146387569 0.020821003098649083 0.014109063675515461 0.07953977407134685 -0.018127534647908738 -0.09397024394151794 -0.07719189945738025 0.011437640770487686
0 2 0.014373500338828312 -0.09484741781129404 -0.019964094013950596 -0.04464416395559805 0.06848950323717373 -0.02377506216558034 0.04909452249757742 -0.004236194148438622 0.09607599369278687 -0.04591894179668367
0 3 0.09114715198633586 6.378299508408352E-4 -0.009411733030449409 0.039601038395203854 -0.061740649521621914 -0.07190290383119236 -0.026700614166609883 -0.029546399893374955 -0.05112906568621781 -0.07122340133616067
0 4 -0.04506008008606742 0.025304960786602534 0.05239138676887346 -0.05352165924069953 -0.05645358425962317 0.05990251800672657 0.02644269380720292 -0.06412916307402529 0.027407615673670217 0.05137872395015186
0 5 0.02241235446909358 -0.05043850927612899 -0.013543052177595527 0.06445699975052015 -0.08553979945556325 -0.04609654922742644 0.05238260527614687 0.05729223276107205 -0.036941464382459155 -0.07938354485594182
0 6 0.06405398621122597 -0.03684773304071701 -0.049627327373633956 0.062325578045844106 -0.08898413223594721 -0.03044078433560675 -0.038858513844529444 0.010883841817197712 0.008767404714151232 0.012714663810159118
0 7 -0.03952416861149297 -0.012174900163156645 0.0306051071592116 -0.0736679374723468 0.09339380209856657 0.06126940268126332 0.06600640648803811 -0.0375850518165556 -0.03012187881984855 0.007677168213522625
0 8 0.08484221055799131 0.08199276330981692 -0.014279566412482687 0.04439693406329347 0.02802465361286402 0.08437557559304103 0.037705415280822004 -0.09511957191196244 -0.036354129193780685 0.06466145590325455
0 9 0.03589683631388055 -0.09808820657868672 -0.0742480940878004 0.04782568659735053 0.056161646076558616 -0.005830505130461305 0.052145080965518134 -0.08743364002584292 -0.03337913190938028 0.04258092095760619
0 10 -0.08837292563741472 -0.03347868835906337 -0.011876782264606062 0.0604921994541742 -0.017642003056943776 -0.022519971075192793 -0.006798689181928311 -0.039729262324018896 0.016964404500987493 0.09673795778863405
0 11 -0.01536803237289505 0.059299944967674614 -0.014740875917421098 -0.02560482795054625 0.07618727566478269 -0.05259642222031835 0.05351028606443375 0.02003677293591004 0.018397042734345243 0.017596371359062623
0 12 -0.08753810539538978 0.08271378640914252 0.0613649469355881 0.02976375678211705 -0.049291529564394226 -0.021639039565700135 0.011364482467939169 0.03612613032642419 -0.051623929042491294 0.09587445217258492
0 13 -0.035687509565646904 -0.06588063025499744 -0.07282523267241575 0.036569563057222206 0.019310298234829125 -0.016786377215777706 0.04657823761039658 -0.09410599673714751 -0.0820685414034571 0.0033549208420317242
0 14 -0.07941214588179817 -0.02018399452206163 -0.07594570574730738 -0.058079490525166845 -0.036374454940829165 0.09693261951823977 0.09196667655552675 0.08977762774612941 0.05529848927483959 0.04976771814417164
0 15 0.08810181113175812 0.094590070354225 -0.003964598916870902 -0.06367635754603246 -0.07598753166723696 -0.09513162855241439 0.0518275289724385 0.04208585718980492 0.022992424209839483 -0.06416316633614698
0 16 0.001950188386185782 0.00246612845021959 -0.09116265693337379 0.05515425682137629 0.026023512730155792 -0.002450485255660397 -0.07458977734113464 -0.01510129833644098 0.0476727804353925 0.02930880862864519
0 17 0.09538271648541662 0.004673036043844792 -0.044160566437019017 0.07001538647977182 0.09450149624208926 -0.09144485511320502 0.07943918424198362 0.0927422028535663 0.07935140439926265 -0.0025047182277802105
0 18 -0.025449272921147126 0.036380736965824174 0.09413313022840004 0.05382776477513581 0.012855433241026185 -0.010900324347387656 0.046974460270540294 -0.07140304305561677 -0.02526115564520293 0.04082525300252971
0 19 0.0510106407880968 0.027186193612717593 -0.059575054920664415 -0.08545304714720206 0.040134975470589467 0.00412340914877499 0.08913426772275257 -0.07556869703539884 0.0806927064895396 -0.08088245350231114
0 20 9.382800093553436E-4 -0.08590279152848503 0.02533758897035578 0.004732261333508976 -0.023761974937232935 -0.05444043483835253 -0.05202167638738928 0.0831012514129493 -0.028589574269153643 0.02068417292201293
0 21 -0.09083856425208207 0.06990614974556447 -0.06706092951781721 -0.023813813694867653 0.05922290999121425 -0.08705274425913685 0.09464363512996905 0.04267891785898211 -0.02714706685517733 0.026903804335292842
0 22 0.05786471979281519 0.023925213162750657 0.08106009391350774 -0.037668756788672125 -0.029152171168205097 0.04667147271274313 -0.07954935472553779 -0.08504670471954798 0.028569964010153166 -0.028278391311291118
0 23 0.08495341142299064 -0.007542315563577632 -0.02446725374532236 0.06332967959830751 0.09964843618976511 -0.06839337095499654 -0.07866262335880708 0.01544373262081048 0.06230320198300546 0.002240420469857087
0 24 0.0912509592500063 0.057026956377779506 0.040279270363467616 -0.030977643348530353 -0.0023503813316807314 -0.057554434169835855 0.09978490501060949 -0.09098524411126611 0.03209842928413926 0.07851595746731059
0 25 0.062270585542711976 -0.07742230384908362 -0.07158659181778292 0.024932483780645245 -0.020856146270058544 -0.05562365388062339 -0.09256606266512535 -0.03151733736101461 -0.0515117876263342 -0.04005467057317503
0 26 -0.005220976843549947 -0.04251313873493103 0.057610729883481086 -0.06279138406096098 0.08404290311221595 -0.054233836692790145 0.0648238418676785 0.08296148140035585 -0.07139416778506928 0.04717096055899944
0 27 -0.033182603329560856 -0.0999904362760756 0.08792823736355644 -0.02685565115972321 0.051571657924802304 0.03403256825787561 0.005116912515020883 -0.033020671871120885 0.06554422258920747 -0.03564875919002321
0 28 0.08372755700158155 -0.05180410315856996 0.02196698810301106 0.06883290596699476 0.0378523405492679 -0.08254119864353096 0.023379431372721225 -0.08788730627158606 0.06496749677941378 0.07122673766893942
0 29 0.05653727411638204 0.09397961936299011 -0.07113697199902975 -0.01928442127625541 0.09464912644263482 -0.016126393905872897 0.03124544603205233 -0.01720598017199563 0.07889601373193729 -0.004763302213336869
0 30 0.0422178193375081 -0.034032907037610645 0.04959763687582079 0.06943303413678674 -0.07263327942582247 0.009682905224188914 0.035715665254823774 0.015192794394255759 0.060376259745485925 -0.06602243106201047
0 31 0.006378524187971238 -0.055070435996743994 0.08383210184194588 -0.04650274309468168 -0.05725496519064605 -0.0854328811054378 0.016132457584458262 0.04338383153596851 0.03391561315310246 0.010577589159243063
0 32 0.07430820612328452 0.051683095993932913 0.09088824640891795 0.09365019602329872 -0.08991916707202226 -0.013245898762353662 0.04760332576259488 0.09524222266064149 -0.06334589178116208 -0.0774086519636952
0 33 0.030958673765232213 -0.028881605966019262 0.011231571572994571 -0.017044282290559522 0.08460530950838457 0.031602968180315265 -0.0741026732759703 -0.07120554135609997 0.09056015245685997 -0.09803158078824548
0 34 -0.04656812918021434 -0.08955469995917265 -0.06322634783007629 -0.06451447240651792 0.06495887054172356 -0.05972993052154151 -0.0819871398618961 0.08123193254888207 -0.018942857572100954 0.09013370971802398
0 35 -0.062000361190626296 -0.017317697480016395 0.06705335236157416 -0.007491762913896523 0.009675883615880706 -0.07147855200328965 -0.08207542209096445 -0.09119207704249498 0.0761463999836315 0.0639355025324701
0 36 -0.011187737020941611 -0.05077707791674004 0.08619742515084698 0.08279816588337519 -0.0052428755758996345 -0.08326878731298851 -0.03444960727831313 0.0462266615592953 0.06374219413635152 0.01900333790329384
0 37 -0.025505860010801826 0.020030837802392277 0.04488903399211475 -0.07558634444890998 -0.0846112856164787 -0.0027947562890046065 0.008145220926954692 -0.08893534890548493 0.07997534280631871 0.03836718636830669
0 38 -0.02714198146546027 0.02686292221478276 -0.048661600269404526 -0.0947202580523774 0.05413820047889069 -0.04910741223729355 -0.011366149691383057 0.08313424925541704 0.07770461796394333 -0.0468335613987287 -0.04850315302610396
1 0 0.0015306413406506068
1 1 0.09428578615188753
1 2 -0.0797421485185633
1 3 0.09243223816156322
1 4 0.03791240975260676
1 5 0.03906322643160763
1 6 0.01569142378866684
1 7 -0.0336096361279485
1 8 -0.09683302044868443
1 9 0.016584223136305982
