## LambdaRank
## Epochs = 100
## No. of features = 38
## No. of hidden layers = 1
## Layer 1: 10 neurons
1 2 3 4 5 6 7 8 9 10 11 12 13 14 15 16 17 18 19 20 21 22 23 24 25 26 27 28 29 30 31 32 33 34 35 36 37 38
1
10
0 0 -0.0011208182141386241 -0.009751276793248546 -0.02204229236057568 -0.09885290626476806 -0.019974799912166667 -0.024662408417173598 -0.08553250598050344 -0.03512795919915433 -0.05253832457250957 -0.013087886600606691
0 1 0.07612100392319725 -0.09162226916086293 0.030745732322961735 0.0979349758118432 0.0337420830281311 0.08597272134658977 -0.05880036222616306 0.06421288709834243 0.06717802019879528 0.052739602787730884
0 2 -0.08852244400903392 -0.012046007453591344 -0.009061931416579428 -0.019079342866811812 -0.023721553001555505 -0.0610397327400868 -0.026889140148247045 -0.014922858805251439 0.0215242016036703 0.0534253090050338
0 3 0.028832349820110376 0.09811889758040751 0.06634137259923686 0.0433785274007684 0.004755889504470985 0.023223795928930473 -0.014355155762049931 -0.038126167565341235 -0.013596333795190419 -0.019632782323079204
0 4 -0.04694916264975684 -0.0801843084700478 -0.05933421681957171 0.07310249843497271 0.02377560161739603 -0.018994214221913212 9.206216376344374E-4 0.026111021168007155 -0.09825410860124983 -0.023080168811228943
0 5 -0.0033154913896202747 0.019320376892128035 0.0419299458928583 0.027617472840109764 -0.07086778665167617 -0.09900369372859923 -0.027330901932105883 -0.09361805617357548 -0.09858382335681358 -0.006116448699002389
0 6 0.03413496927371312 0.08049307213841782 -0.04049401898887176 0.043499520199850115 -0.07722779807606901 -0.09758162168750802 0.021292233264128275 0.09114826647817569 0.0028397968194359574 0.0053506376361066
0 7 0.011229890463164367 -0.0017125786692705192 0.06255357029867166 -0.08322143979611574 -0.043378422827816364 -0.06266469731161242 -0.05494721745416774 0.06703782068605171 0.0769105187999076 -0.05489943726605701
0 8 0.01899557503041867 0.08624768481842882 -5.73310253738708E-4 0.0736269623256303 0.07444073312855866 0.0985538213449792 0.026024225238146514 -0.0015218905103785933 -0.030780728404396038 -0.029041517855696013
0 9 -0.04313538127092221 -0.0414866756634212 -0.0271794304823314 0.06695300096202426 -0.09583259631431984 0.022306086036955955 0.025668495830483685 0.06718329136259603 -0.08975574481101474 -0.0878011712320554
0 10 0.049708473815775686 0.029159944277164507 0.06252070602714585 -0.06893379758041242 0.052242170205393526 -0.09999208718490149 0.030214526061981793 -0.015856171438709155 -0.09952011137357673 -0.058346949704012135
0 11 0.07429323766072256 -0.03692277923670619 -0.07819603233000091 0.08833838904417389 0.047869937468396885 -0.05089659669253605 -0.06810053222869493 -0.04510323567921924 0.06181275880485388 -0.009983700787587627
0 12 0.07497740153851286 0.047121728487545284 0.057233666257106554 -0.09119838760915 -0.0840349936812186 -0.004199302982085615 -0.08340419654850677 0.0865740985173196 0.07751020428644377 -0.004860340682501965
0 13 0.07782141655852658 -0.044121872827818244 0.058211557810307624 0.04154214355613744 -0.08873534698615645 -0.025104765327346772 0.03397498277676142 -0.04825644030484035 -0.08946962374701255 -0.04597232878152397
0 14 -0.047897990521345316 -0.06171682544387094 -0.008573379761964955 -0.06908202868566053 0.08454071382859865 -0.09383866622143877 -0.040182100474805985 0.08904878336921894 0.04155163564455809 0.021090041093060445
0 15 -0.004716531419953559 0.038939972089555915 -0.034329484107990554 -0.05496862902396618 -0.0022614047332087037 -0.005671175771865414 -0.09169674614695533 -0.056362840831798336 0.037249086322440284 0.0010136095824005307
0 16 0.009008510628179608 0.09598937762313063 0.09689511240504856 0.08183253670605053 -0.04751425073577358 -0.04395336869068664 0.03326129985919604 0.05100315604998681 0.00840121264979678 0.09152248186998393
0 17 0.03372532196208334 2.0769557341814113E-4 0.0639094719422148 0.07011948595557696 -0.06443265491056885 -0.07248722663104976 -0.09712901932668212 -0.03399048078875176 0.035186210349441756 -0.03597138893374377
0 18 0.08985966039476063 0.01700194836483698 -0.06759638068502798 0.05696372918031211 0.09657143863957157 0.05543376360945122 -0.042242381321322485 -0.05427265870088067 0.06169177747397806 -0.0943903808868448
0 19 0.06545446871038586 0.09732719775611476 0.06814891251917941 -0.0582248430757235 0.02141455753859012 0.08314416048744375 -0.0545869254647856 0.07275931007705701 -0.0714838170830709 -0.09023373561781302
0 20 0.001800456121392363 -0.07033511917394394 -0.019282757861661552 0.06104568411609146 0.06817302049945698 0.0972392676594426 -0.08674061783993599 -0.0092543975992513 -0.04952159760374507 0.06912000900499003
0 21 0.035095958867792876 -0.08218649361482641 -0.04889173333832273 0.08766391322192635 0.02208053202382505 -0.035020606016282686 0.06819233895159174 -0.04053587917087697 -0.00703531444560702 0.08914650444947103
0 22 -0.07578760377642872 0.055143643918898796 -0.0037526939921391955 0.053585136872800476 -0.061203824743566934 0.06646395122563858 -0.03298115150855322 -0.08626030603637014 -0.0616020730963436 -0.08962031250328735
0 23 0.045697865801050744 0.059443596831944015 0.03334334003694629 0.05782445056839222 0.0714407451765676 -0.07255714062350346 -0.04628634868047542 0.09911604754851112 -0.0967771915906869 0.024569025183382737
0 24 -0.09850781288670168 -0.07593401983715288 0.09326268286195225 -0.01835711444323852 -0.08493503708538798 -0.005268222907842646 0.09601478557675953 -0.019600715198706924 0.004403248764152084 0.009892424500322926
0 25 -0.08004676152655993 0.03404271873137328 0.056773254230750296 -0.025436355748494753 -0.09419154918618644 -0.0987027021360423 0.06403480915650289 -0.0022863297410610607 0.08969711164446967 0.004954850451461972
0 26 -0.047606312268694786 0.09664567457969692 0.024856774663993136 0.08438045960209262 0.00805914164073848 0.0409293999859102 0.03510274390971855 -0.09157049572299006 -0.08229050388344004 0.020654265426651473
0 27 0.033264788388880244 -0.013401876958456469 0.0981427589338247 0.05962550469173728 0.04604964899273731 0.017786485378421025 0.009207377086002236 0.036969970767342854 -0.09574299876456245 0.03073644628687861
0 28 -0.06447089041809498 0.01425773558797797 -0.011425751988954028 -0.09790789780209438 0.06437889030332754 0.05122188016153964 0.0886899412792751 0.04174579474406601 0.058588898394581035 0.028716155573597957
0 29 -0.02036800164159016 -0.07390145616111785 0.06586458247455107 0.0766983690503418 -0.08958583209572299 0.0601789196594277 0.03456738293776286 -0.02642132298475999 0.05003115495253602 0.06383186900211275
0 30 -0.016676423932982277 -0.06731539252655298 0.018502641146443007 0.012545284191770874 -0.0986579910865947 0.0910634339004887 0.06952031824683555 0.04393573067028757 0.017425298102528505 0.04790483139751262
0 31 -0.0534969840061813 0.08528983916312906 0.09181152259093744 -0.023923587740035623 -0.05596914139015716 -0.013856287160895892 -0.015958503270620112 -0.07150989772954441 0.07772351450834578 -0.026407399246622724
0 32 0.09434934565859511 -0.09008013242973796 -0.0437049645557655 -0.018524822504632377 -0.04573609737680471 0.059097277507343234 -0.041816050604093144 0.037431641338307654 0.06737724439143554 -0.07145918118200027
0 33 0.05182115108343402 -0.025686984559899508 0.030131403421658667 0.0015229445547958876 0.0494837313836623 0.017376121667742998 -0.07031938625435451 -0.06912203611064847 0.0611146568334634 -0.08295767931907955
0 34 -0.05440035408338698 0.028903285480469616 0.09978445442673743 -0.044998668035320426 -0.019197839029321005 0.022194780710238688 -0.03612913137240776 0.0027968548763488677 -0.032357512466594775 -0.07759001965734835
0 35 -0.04385531693696976 -0.010325664654374123 0.0746840313076973 -0.03653157502412796 0.012636477127671242 -0.050037652254104614 -0.01980285719037056 -0.009515553712844849 0.03989298269152641 -0.03239131718873978
0 36 -0.07498587058379926 0.040027835691874535 -0.09685896686922502 0.02994208492612842 -0.05144889275940706 -0.06436411261085345 0.014040849602791824 0.02392366281972825 0.05249773969015913 0.007698744187216439
0 37 0.046548101563094864 -0.0011516452412565644 -0.003503130893589647 0.04940094131322525 -0.06071654515276273 -0.08967491945293019 -0.09891943071149212 0.023821393989476917 -0.02999572613134222 0.062246875949238535
0 38 0.05831628535080375 0.06291283864156327 -0.03233779646391118 0.08360456844987847 -0.013128072572660687 0.09723546827931873 -0.0909636178217199 0.022208438899082875 0.03185643686571399 -0.09557003945573005 -0.027394670993089714
1 0 0.008697599172592168
1 1 0.09705661237239871
1 2 -0.04039936140179634
1 3 0.06952123343944548
1 4 -0.06831900775432503
1 5 -0.0738769099116321
1 6 0.08348737657070228
1 7 -0.08553823083639167
1 8 -0.075889162719249
1 9 -0.04553925991058392
