## RankNet
## Epochs = 100
## No. of features = 38
## No. of hidden layers = 1
## Layer 1: 10 neurons
1 2 3 4 5 6 7 8 9 10 11 12 13 14 15 16 17 18 19 20 21 22 23 24 25 26 27 28 29 30 31 32 33 34 35 36 37 38
1
10
0 0 0.06270567713912913 0.07661316856958979 0.0727992379545144 -0.042769249778470846 -0.05315275301470624 -0.042905934158746405 -0.012076495038215824 0.048707361718952985 -0.024939346333874436 0.10943276469051672
0 1 0.20588302743578088 0.32404424524765224 -0.07698659931163403 -0.009614258565276843 -0.2809666815372879 -0.04327457138115436 -0.1361343969084626 0.2795764721928546 0.3092479615639731 0.0755386208703076
0 2 0.01845810836866785 0.16057108936998085 -0.09645702504732497 0.0950613705788764 -0.02751694379306056 0.0026233260684495456 -0.04947633605966788 0.09871637234374446 -0.006975485495308198 0.07140982123361314
0 3 0.165180199832795 0.4198058911923566 0.02425618451554958 -0.022292325200545086 -0.40901760403329834 -0.1119379427698941 -0.20922427809389757 0.4215353408109053 0.3677438691429145 0.24106328479553987
0 4 -0.01810662652683225 0.13080440183390712 0.03545894205516384 0.026067910394883924 -0.12813158754363033 -0.04677906870021738 -0.0906579399730369 0.03928447017572275 0.214052832893311 0.05022176848147323
0 5 0.042005036928227685 0.165312708506432 -0.07250358654490026 -0.02341465418791575 -0.16980812340184767 0.034015019981825906 -0.046638123698584305 0.2737391312232051 0.21290131829820183 0.1366351249384567
0 6 -0.31612105866703877 -0.47738560483700304 0.013829301339233527 -0.09895411273211911 0.5919785058607049 0.14558671582116298 0.1778811634088776 -0.42274567721566825 -0.5114560091357513 -0.20205564367260243
0 7 0.12713973878948534 0.2768335609601869 0.08161901244848832 0.10268251783791608 -0.33448973141808963 0.009276966210241828 -0.08530261384133582 0.3284192585994792 0.23670152418211232 0.18040480415534904
0 8 -0.0449130182423604 0.0917017785219975 -0.011680198801932202 0.10352461172962708 -0.2029019035713746 -0.10966112659906699 -0.13316936065220997 0.043257308092684535 0.1555037088786476 0.044470074421352306
0 9 0.032184240670233503 0.006200260983835369 -0.0718078057459399 0.07613513776357152 -0.09291788209610717 0.09383761781779873 -0.03146653596473614 -0.05314378640149746 -0.05187580210974659 -0.0431077345670174
0 10 0.07866021490446824 -0.019278235327491688 0.007781785935117684 0.09140529470897456 0.10669376855096407 0.06347707600058469 0.06077306305526627 0.04531060471895609 -0.0734384062284807 -0.09855622927762643
0 11 -0.024693899041187586 0.02413055715429802 -0.062443547472261204 0.03568125337644458 -0.031582369578810165 0.04695766972418235 -0.0533989539045568 -0.12908479311787285 -0.14280077905888724 0.03787202609290518
0 12 0.10524710639595042 0.11851854631576754 -0.055593397761004866 -0.08417503616663627 -0.27520037034917394 0.010621524117029461 -0.11628364367784792 0.2991267161690067 0.18636917136384765 0.06346921180183275
0 13 0.0717410346758385 0.06662102524573611 0.07528528493123485 0.013040074176627434 -0.21690575356218722 -0.011200505766453822 -0.01922343231719822 0.20722417413105307 0.044594849879167835 0.07984088232537027
0 14 0.019730118134246938 0.010398791432406221 0.025018077675651063 -0.045478720542775054 -0.010121595091190861 -0.06461811792643993 -0.08186592786935629 0.10194413924903853 0.0507298538833073 0.017138331603946406
0 15 -0.011666241211896237 0.1353167275000926 0.029934340144429184 0.0102510584571242 -0.14600742346719522 0.04260633665756238 -0.06138146964845352 0.03725002715493939 -0.0023551162378582674 0.016806061775630696
0 16 -0.03187071076943648 0.08904098900646863 -0.08965599042985 -0.0831682165337629 0.0025067808754417435 -0.05250685541206043 0.030766077001239733 0.08342624889569365 -0.0056175307383482765 0.09085470891179784
0 17 -0.0776973938616654 0.0015026596715221091 0.062737242512303 0.08664581673558909 -0.02186391971859369 0.07171183965213757 0.04489529779600844 -0.08794400674344888 0.061974374634808906 0.035988009090342714
0 18 0.13843838899612596 0.10389602280799673 0.06416407209841313 0.0397279849313164 -0.04653593319905337 -0.003727230750692053 -0.08374151111133624 0.09090272849468806 0.1714639137515644 0.09187921947418437
0 19 0.044453465885167125 0.1469057804212553 0.10236290016654946 0.05388142409383103 -0.1366017068698536 -0.06230459410853086 -0.08504740118018381 0.17507348914686596 0.024211689694742095 0.08997928538582325
0 20 0.05756525368903088 0.14306906531197192 0.043373242613546525 -0.01949272770398469 -0.12039160601142727 -0.014625075868752845 -6.666817612244302E-5 0.07679171070005539 0.032392319569028966 0.06064847242266066
0 21 0.012891465328563608 0.10232579287061294 0.030871538083892907 0.07439140277783275 -0.01716731491881171 0.031239938501451316 -0.1020441929995185 0.05848298150386212 0.05181990583233639 0.10535685855222554
0 22 0.13380768442107066 0.1976594254939303 0.04953962398068447 0.05286603319611921 -0.2195208841719581 -0.10452357840344187 0.02930532389518266 0.10086949337748122 0.16795379345467032 0.08269319617387422
0 23 -0.012368008134508607 0.025514706909381617 -0.04380073545253526 0.04127645356108059 0.08373725316896743 -0.07807257788550065 -0.01807714904290056 -0.04369543601812499 0.03322348189397962 -0.11026296818793747
0 24 -0.11953027348022366 -0.04553380743894961 -0.0563624319212426 0.02439941009789966 0.019353011026832866 0.08110962939566316 0.11673507610713735 -0.04401153576175847 -0.1480510156886984 -0.04909004914649254
0 25 -0.06128988513031367 0.01774999103868107 0.05536393892838951 -0.02672215377524485 -0.04407359187534709 -0.11359161948643191 0.04455083071065428 0.15925398293575196 0.14282107306258576 0.018519550992635563
0 26 -0.011614344851747156 -0.05557230590120497 0.002265287359600969 -0.061523963256103924 0.10647195089153982 0.08351577007930099 0.07811524900079517 0.03207307775861677 -0.0769766216815439 -0.08909244285798781
0 27 0.0404362217178002 0.05671957474956126 -0.051259132711846365 0.09200182618237229 0.024515476388475083 -0.061870545082777055 -0.036020382433603865 0.0669943875105748 -0.011511695883308066 0.002271262486427851
0 28 0.05921936459554175 -0.02302411878626915 -0.04957723029421953 -0.026999862822591054 -0.011917804943227698 0.09614726105418091 -0.08677470245079577 -0.011650874583516414 -0.007629929678240131 -0.003099666119876662
0 29 -0.05609590395276231 0.13304194382822834 0.0427055796105273 -0.08693146257152469 0.017466088751372354 -0.10764791827803982 0.019683141554061943 0.004670049995465464 -0.05503515412079734 0.10494893200974878
0 30 0.0659890908724089 -0.03888088559652337 -0.01703624343524013 -0.014160416936406661 0.07652226027483426 -0.006207654047572491 0.06562597366303582 -0.0577184218141942 -0.04967877563141628 -0.022798107351468935
0 31 -0.006393781289144171 -0.05642900594805991 0.07398952161793372 -0.0050226511477458775 0.06176823240300891 -0.04044797599118843 -0.08164171638033735 -0.09332232426778968 -0.029869450896488212 -0.04643222393925944
0 32 0.04118293711055731 -0.09191458758249023 0.0221218673149681 -0.0515519896450568 -0.054135444859965666 0.03932675055662134 -0.0064324610900052285 0.05209989234938737 -0.07706211143971588 0.059249881713505155
0 33 0.07764959106334714 0.06646884655364763 -0.08404431937519599 -0.06293058772038616 -0.03421346348094268 -0.07606679191211078 -0.03463149791910753 0.040550047703151286 -0.06904571981792143 0.056521529293105846
0 34 0.08100448833140385 -0.0073491129633648355 -0.04684727348049489 0.07213722311344987 0.03342180578218998 0.033366347125087556 0.021636063539281672 -0.07088284369651343 -0.05906865343647006 -0.06300955100399014
0 35 0.06170414518972793 0.04516460514799982 0.0264836350510201 0.07590276905232328 -0.006223170562251996 -0.03672286868705421 -0.09979991254830127 0.06783673109270355 -0.03807136342941002 -0.05306489306796097
0 36 0.05477159718312599 -0.041643056436238814 0.06302066934467898 -0.06731617489260489 0.07161812216575388 0.05171532312426353 -0.0301238705692788 0.004452603301698417 0.0632241785705199 -0.027897347049463516
0 37 -0.014521165895404415 -0.053136735537575995 0.05314101753375529 0.08572609038984186 0.08761479772460497 0.029305251005366375 0.014589291605152394 -0.16299442103235245 -0.1506742349350666 -0.12417633757029681
0 38 0.04144851673878016 0.02230292916436101 -0.07629918933173034 0.026083226742885924 -0.0890291561043941 0.022435482091488563 0.015355166319926488 -0.04224995132881506 -0.007556246521634211 -0.08760325126687549 -0.07955907456682992
1 0 0.4191206601738551
1 1 0.8521951333610825
1 2 -0.013218058482439081
1 3 0.019993027682845065
1 4 -1.0261272238821593
1 5 -0.25861154215832977
1 6 -0.42392419315877256
1 7 0.882195931203618
1 8 0.8218129339109937
1 9 0.42392067240748604
