## LambdaRank
## Epochs = 100
## No. of features = 38
## No. of hidden layers = 1
## Layer 1: 10 neurons
1 2 3 4 5 6 7 8 9 10 11 12 13 14 15 16 17 18 19 20 21 22 23 24 25 26 27 28 29 30 31 32 33 34 35 36 37 38
1
10
0 0 -0.09464493864368441 0.08623505009319664 0.017664083637316454 0.08856878921342362 0.004155236004707963 0.0602225760822835 0.056233627477640186 0.07033445522521158 -0.03215268824999002 0.01654976767228193
0 1 0.09196374165834792 0.08224236175702548 0.017595418494412197 -0.01638805216555928 0.025353046939279048 -0.041626247599421386 -0.09471777421549595 0.08324147167616489 0.08301083737429213 -0.09545661495985037
0 2 0.0967754890030251 -0.037850239079048886 -0.055301277447665914 -0.007404285823063793 -0.013909200473435215 -0.04690829874560769 -0.014089511092180238 0.06927090954416572 0.07335414981409612 0.015337182644024587
0 3 0.04206788726988728 -0.0888147155028147 -0.06899544371477676 0.04345353613904924 0.08059116598265129 0.04548251152331515 -0.08124515541760129 0.06110468790448465 -0.09157449188506185 -0.06937746303655488
0 4 -0.014311506340299322 0.02807745453075368 0.03213245174100652 -0.014433609246378636 0.027693932222861574 0.06115602617167646 -0.0625794875903189 -0.04704757903825186 -0.052523806115065276 -0.0059208993334331885
0 5 -0.04219761930854036 0.06391499864597315 0.06674943872037617 0.022909039382993653 -0.019964189048040946 0.08717498098978167 0.04745099177200139 0.09970746234976083 -0.09296170626736065 -0.05826778981606848
0 6 0.03213954760848762 0.030174233368724414 -0.08898102234494172 0.06634147972503242 -0.0983276718216027 0.026633031288899614 0.027074519451333896 -0.002437087837415362 0.013917226157033112 -0.04200518879831441
0 7 0.023896195465025825 -0.026739433334823582 -0.020556273965636918 0.0840320345186827 -0.043294417840956716 -0.07185257267922454 0.08619635558089236 -0.09638752716237968 -0.031093197014131446 -0.08292161013122981
0 8 -0.003931493044971027 -0.06785501120282653 -0.03817266232957764 0.012689986734614335 0.019818892363654132 -0.005321819261859824 -0.010965588565664751 -0.0480517117599572 -0.04410373766088678 -0.07233378258447687
0 9 0.020393904107404513 0.04296318193922139 0.037619032810659474 -0.05272727962358049 0.007761362402166779 0.07323292154400096 0.0675763575576341 0.044728484470089445 -0.04983114692515945 -0.008704073200096304
0 10 0.09595343238095766 -0.03085647031959231 -0.0824248058091439 -0.016556840657429347 -0.09681145658444112 -0.09458891884374841 -0.07885674277004033 -0.07679058775382941 3.576965525646847E-4 0.07798072369920338
0 11 0.04712268583588658 -0.085007071128741 -0.02467202623341537 0.08031282540277483 0.09662493400033259 -0.06819425153080971 0.08867158836395331 -0.0015263896527522686 -0.02660231352836954 -0.016559483123949982
0 12 -0.09577964036298374 -0.02274158059088303 -0.004433904356936858 0.06176829736934848 -0.03996408639624434 -1.5860183054638004E-4 -0.03548819078500015 0.09516264081992264 -0.013878346863446314 -0.01915614299641414
0 13 -0.07362391221356471 0.0247985292403043 0.09211383769414697 -0.019696026815155324 -0.08592663933138522 0.016198030903154192 -0.021755887606546107 0.05661669632852609 0.06316390346722675 -0.048912736342477586
0 14 0.07669838918121719 -0.004516242081368275 0.06524937972867005 0.04481678386696805 0.0240092458236135 -0.04857873944678514 -0.09818358367399542 0.09779338425856822 -0.003871544244501229 -0.03189224924215606
0 15 -0.04795640723727924 0.03494496303170283 -0.04917235285830005 -0.04338233089113599 0.037712745435974214 0.09591661408245322 0.056058335884533156 -0.0380401854997772 0.03150071681734057 0.0012610476816410283
0 16 0.0704030201126852 -0.07855971574211182 -0.08240383693439339 -0.013198406440864379 -0.07307435032907772 0.07528681225307982 -0.010290186838580805 0.06239512041811051 0.03198866093337552 -0.08011865652797533
0 17 0.0995950022423235 -0.026520721317146157 0.037141178588075696 -0.059265726162937196 -0.027478532133137955 0.09671377249544114 0.05155405471668207 -0.029655552763001185 -0.06788132148366165 0.06274833212350038
0 18 -0.09118455224482667 0.09374360395943594 -0.06897726408364765 0.07965624468433549 -0.09368715921566588 -0.049615985230542975 0.0678380097450654 -0.052934929876077695 -0.048205765414111854 -0.08402595718052096
0 19 0.08890075862974947 -0.09413269922484539 -0.035983627180487116 0.07899445241912244 -0.07098640560104272 -0.05346021100846623 -0.07528420505860776 0.07521496730787691 -0.08124966885522664 0.0321718229375229
0 20 -0.07300655964853182 -0.039404745383169563 0.0039753723635951935 0.013778975520666556 0.06019316263202696 0.07677570551363078 -0.03707708392669278 -0.030074695213692867 -0.028915568068792658 0.014786983680881263
0 21 0.08983680581511337 0.09594329659396572 -0.0939774484970039 -0.059705879173534857 -0.05162562806084511 0.004833475445249944 -0.0744968088256385 -0.09381922010817208 0.0933689333721072 0.0760449768524658
0 22 0.027598358234455472 -0.03758602369124748 0.07089060132407776 0.08431600730684463 0.06923914051435881 0.04874665661248087 0.02252214849558642 -0.08253187267694446 -0.08586303052597324 0.06792014544800115
0 23 -0.09205467912463706 -0.04877933803579256 0.07420990428993791 -0.049587785040792615 0.06282633827061258 -0.051628875227518876 -0.04702348611412 -0.03499139645878612 -0.05755770564546133 0.026523532662681353
0 24 -0.006405993153165461 -0.03683718712207726 0.04667888698812834 0.004634288752253326 0.020569880215382565 -6.658329827191789E-4 0.006075956480637433 -0.010700633048449421 -0.030486560190991278 0.003838088965862688
0 25 0.08462860611307196 -0.07817179979200112 -0.08302342148411446 -0.03436689554045731 0.07225115043606577 -0.09021209194389408 -0.00775841303168893 -0.058524293317572286 -0.010357774911920714 0.060095223715457016
0 26 0.05243292792961761 -0.05874248615224446 -0.04633556040237394 0.012956659700290885 -0.04969315306886456 0.0672593248884202 0.016709482013343043 0.014667667734885039 -0.01232128033369312 -0.07207773368865558
0 27 0.036568775715417196 0.02252955078465538 0.045060244021545896 0.003218041382345731 0.08420158711069678 0.0987397872987122 -0.016628049018279276 -0.03395028630114099 -0.09614996529904271 -0.03708280612394559
0 28 -0.05725438071169708 -0.04730645377143909 0.02943349783241093 -0.001065700497941045 -0.034479672874786066 0.025470839977905144 0.005743776846542694 -0.06260584859541389 -0.01234373104561702 -0.01639486551178755
0 29 -0.025055846591137867 0.05899441620305348 -0.017989370326821155 0.02036041308681435 -0.02526867311158911 -0.05817708503914325 0.023554609706090274 0.01772783077487272 0.06844203590769445 -0.03278598048539396
0 30 0.001019920727301459 -0.02828672823996303 0.05481717988021536 -0.09567797755310019 -0.02281669184629344 0.05270141214018477 8.046921660343424E-4 0.04278594821142341 0.062417988101138626 -0.09659910304004195
0 31 0.06888423005711726 0.0817568214430899 0.09509333623935856 -0.019474507145252794 0.003979435143789552 0.09931464886627535 -0.011747296454182805 -0.08203530879591577 -0.013525553467347793 0.03451197442425501
0 32 -0.03633146519158469 -0.08785234187743143 -0.026548565327126707 0.08040491427202698 -0.08075444820203738 0.028605861966087383 -0.08080108942763127 -0.03234351724708209 0.08053126523699194 -0.04537419593398191
0 33 -0.016429268317022967 -0.03749038243077524 -0.028787726481640685 -0.013002622915449074 4.128027207735511E-5 0.07784419209122306 0.06673366648496569 -0.03856472066697917 -0.062153199271042556 0.03451102705287743
0 34 0.09532925991387094 -0.04333616484303283 0.01033418034212963 0.04409103312462642 -0.042000602379158876 -0.05793909575917168 0.06857261036755796 0.04946464826286265 0.05802992477985384 0.02447889746378206
0 35 -0.0036184639104764396 -0.0957930665009882 -0.019733990090407518 -0.04076479560949666 0.02109522019359467 -0.09433875272744528 0.07906065779436974 0.02294935436929067 0.05306246187138555 -0.003375404496088103
0 36 -0.04137154108800746 0.09038934221314597 -0.013223124032395717 -0.034053836653523226 0.04842066427697497 -0.09609659769662497 0.06590846950205317 -0.09197343372477827 0.009804768122915367 0.0358805498706191
0 37 -0.04059200179613136 -0.007690749025097521 0.05710890943709775 0.06973665653294345 -0.02542402165462915 0.09330026089379398 -0.09170524849619037 -0.08087590299138568 0.0884564548149873 -0.08421153295485523
0 38 -0.013009241229613314 0.09030982959729043 0.06338415984413527 -0.09001000184626777 -0.048224823739521715 -0.09719539672882042 -0.04104642001094393 -0.025838370261166928 -0.07589405251552497 0.014130377768839545 -0.07206326723098737
1 0 0.05854569002986028
1 1 0.07694724202156039
1 2 -0.011290132999420223
1 3 -0.09292371571064008
1 4 -0.00853993277996772
1 5 -0.015477317385375397
1 6 -0.0633933916687962
1 7 0.004875397775322347
1 8 -0.0011956095695495458
1 9 -0.09225668013095886
