## ListNet
## Epochs = 1500
## No. of features = 38
1 2 3 4 5 6 7 8 9 10 11 12 13 14 15 16 17 18 19 20 21 22 23 24 25 26 27 28 29 30 31 32 33 34 35 36 37 38
0
0 0 -0.022873348454592775
0 1 0.06687179710943927
0 2 0.06672540708796316
0 3 0.08900350443881994
0 4 0.08710901970686186
0 5 0.0336686785449511
0 6 -0.029642560170768207
0 7 0.04823558597529258
0 8 0.0941336274120505
0 9 0.06517521705511703
0 10 -0.01474089253221154
0 11 0.0815769015384077
0 12 -0.06857366625575219
0 13 0.080090275292826
0 14 0.026689209416213156
0 15 -0.02913630531568084
0 16 0.031050588708181275
0 17 0.06636317112302524
0 18 -0.04252486892359183
0 19 -0.03463694939235403
0 20 0.08929739109685299
0 21 0.06351275369049372
0 22 0.0560080583258311
0 23 -0.04422241921963302
0 24 -0.049717417283343404
0 25 0.04362791455184385
0 26 -0.0646881561132436
0 27 -0.06800276335129382
0 28 -0.07230585126585624
0 29 0.010345542505602219
0 30 -0.03877979191877226
0 31 -0.04675179309606016
0 32 -0.09249021770217541
0 33 0.09128967547037195
0 34 0.07446507581893505
0 35 -0.09219010691023592
0 36 -0.07244419460137436
0 37 -0.06941522949941316
0 38 -0.08291390538215637
