## ListNet
## Epochs = 1500
## No. of features = 38
1 2 3 4 5 6 7 8 9 10 11 12 13 14 15 16 17 18 19 20 21 22 23 24 25 26 27 28 29 30 31 32 33 34 35 36 37 38
0
0 0 -0.008540571898110109
0 1 -0.025769713069151497
0 2 -0.07002836679993416
0 3 0.007191757435088499
0 4 0.03816481918137456
0 5 -0.06215530488493241
0 6 0.01096873899593073
0 7 0.023747569624054825
0 8 0.04936365271982851
0 9 0.05049750333235634
0 10 0.045464611843876096
0 11 0.07048028011231568
0 12 0.09155054041267098
0 13 -0.04746485328174972
0 14 0.0639454011732419
0 15 0.05246856438396379
0 16 -0.014328887503145291
0 17 -9.385495914763279E-4
0 18 -0.049554158882990834
0 19 -0.01956049911165719
0 20 0.06525915366399293
0 21 0.0857727210005982
0 22 0.09463974351443563
0 23 -0.022816358869808682
0 24 -0.04911010737929588
0 25 0.04380880150858935
0 26 -0.09408834016910825
0 27 0.02559457017188435
0 28 -0.07159327705530423
0 29 -0.032036185831470186
0 30 0.026081296207143962
0 31 -0.09445367689496291
0 32 -0.01644859097019224
0 33 0.034643202445719654
0 34 -0.07621241044747683
0 35 0.013893976447272267
0 36 -0.07104564514245217
0 37 0.020679882350113674
0 38 0.05184207111597061
