## LambdaRank
## Epochs = 100
## No. of features = 38
## No. of hidden layers = 1
## Layer 1: 10 neurons
1 2 3 4 5 6 7 8 9 10 11 12 13 14 15 16 17 18 19 20 21 22 23 24 25 26 27 28 29 30 31 32 33 34 35 36 37 38
1
10
0 0 -0.016398490034603315 0.01971212567166735 -0.08624841533284452 0.0845804918379993 0.0013631860017268873 0.022619098464586932 -0.03193890651724896 -0.07795311466969383 0.04294965284701003 0.060364292269222124
0 1 0.025629535768169415 0.05222570039169988 -0.05513833013387237 -0.01904924832976766 0.06771794943304368 -0.09742169472965027 0.09976594054345767 0.0019108560337654068 -0.08946315904421107 0.08077283055093731
0 2 -0.07940710110609314 0.06984658537128832 -0.0585365555818608 -0.08882972545039533 -0.07216013674334426 0.09117492004719534 0.019397304115726453 -0.006068482368694666 0.03420741045252895 0.08496948234263114
0 3 0.03449229519407004 0.013303473760030595 -0.08137344283537705 -0.050042889684078495 0.051057793199709656 0.07893315117101196 0.0145786224903524 -0.06838381442129438 0.08955559295421632 -0.04556051672301849
0 4 -0.0728220549217669 -0.06007734249894439 -0.04074715409358066 -0.0859799927294801 0.08012686827172394 -0.045253887095590604 -0.059936374748011625 0.013482202971442347 -0.0044712097578959095 -0.03810150310634815
0 5 -0.07060200372450365 -0.08389255599918131 -0.06022679045316531 -0.05747257390071465 -0.021498080064764575 -0.01900655560975034 0.0679232387506738 0.08920892044770479 0.09554642998576098 -0.014678963819227338
0 6 0.030933862760592092 -0.07678280181069339 0.033925442916505524 0.07078215809106257 0.0011969966499896431 -0.04808654010011263 -0.022080115022376574 -0.09436983904952262 0.08411442629222511 0.008759553756673848
0 7 0.08257956644502132 0.08329415047795864 0.07564608372612223 -0.0455974965233406 -0.03285040575607151 -0.09259611479775036 0.03446530003420357 -0.08694302016009509 -0.09595851237528215 0.02273607691214169
0 8 0.06585715344923768 0.06137104776968476 0.09713754638384722 0.04600254428252176 -0.03535710908021153 -0.08070926518694681 0.03990409906054182 0.0046314339501357755 -0.03521937268852219 0.049108227815645354
0 9 -0.0310008508010939 -0.07279258336087845 0.09888543590045569 -0.06575415953348061 -0.016311047079434874 -0.07349163618500466 -0.09580089488459562 -0.045774008197771665 0.09695924187627859 -0.08092758199710276
0 10 0.04123153742089314 -0.03109898021824909 0.017536758175389255 0.019133552515390683 -0.02535779619990323 -0.001062304840115208 0.05782691914374281 0.08799142989460279 -0.0984473420882594 -0.0212892867535507
0 11 0.013866751977837679 -0.010357421158539108 0.04997563022941891 -0.0883379937069902 -0.023226920862344236 -0.09455743586280567 -0.08415532793731337 0.03778818346106514 -0.07613520374423303 -0.050381953783956046
0 12 0.025378315350541237 -0.08362973630153775 -0.05470404226181024 -0.07946593162325125 0.0840950095671214 -0.04825497569722829 0.059874154926083514 0.08477573858089271 -0.07508845000348563 -0.023712248760921623
0 13 -0.017463392741382925 -0.009025145507090021 -0.008739876612774838 0.07763246929868316 -0.0037464794144790327 -0.01635542789373441 0.06880741825340474 0.07986186487421756 0.09416950265624384 -0.0778377106904215
0 14 -0.04945223513370909 -0.07980470177031347 -0.01836982509748855 0.007672127987342107 0.04910920150338722 0.008388078514517172 -0.09970633487016838 -0.02397157828771819 0.008924542378392413 -0.013675808516133477
0 15 0.06815644274629488 0.0757399030197904 -0.039562697285542285 -0.0644792431948204 -0.06163594187615515 0.08591587124181928 0.001674633428801284 -0.0725370804492413 -0.07278132543207996 0.00933376579613491
0 16 0.09268429646058737 -0.09051927917896832 0.05569150171320249 0.09394010176149169 -0.04517227562238178 0.04046888667600013 -0.08029590896416113 0.06383171120725314 0.06076711543500324 -0.015315919970474377
0 17 -0.010778635454364789 0.013451134546015573 0.08744281632623449 -0.07469126955601436 -0.08888572885183921 -0.013714160203431006 0.09786285511878466 -0.025505951870532277 0.022956237934929596 -0.08290084627185039
0 18 -0.04174957614188014 -0.03763947425891719 -0.01919690998424512 0.06778897834353895 -0.02608583967759839 0.09548400128375271 0.042812407371259305 -0.013831092417476052 -0.024059106213811784 0.027571305494714565
0 19 -0.06408376419234511 -0.07720020149502876 0.02451787261902341 0.08726263389050251 -0.02576094625566289 0.045678504064199564 -0.014043483604915486 -0.0816119553621219 0.06806594382961907 -0.09134993510188281
0 20 0.023725573766593407 -0.056314006748608536 -0.05960819662488568 0.07278860727028698 0.08546583726846337 -0.0500892237800182 0.012990226342479863 -0.04179725073839027 -0.014380727895795536 -0.025177822200950824
0 21 -0.008882426756150096 -0.08637405622988857 0.07610556001828984 -0.06566938551340536 0.012070563203240441 0.05909074629658573 -0.00286258592293226 -0.010776706325934911 0.040520709268492716 0.09893193764839764
0 22 0.09372731440772851 -0.056700195775555275 -0.03943930630331008 -0.05285675660033637 0.07245157249182192 -0.016837988268631296 -0.02012082796580585 0.04363523281956276 0.07807748793142541 0.07799956997766982
0 23 -0.046881965048619495 -0.009999558573834062 0.03275818706473679 0.027948116836536537 -0.09327794886913782 -0.06641525427556155 -0.06511251348210403 -0.05830482449365627 -0.044723233771406704 -0.09109216156186334
0 24 -0.06635889731713665 0.06631027317758727 0.09177387554820016 -0.05302656988203697 0.02380899178184036 0.0881104688937452 0.048972449460207214 0.030544752464656728 -0.004673221664208276 0.09785017402393141
0 25 0.028492080755681503 0.05931815242133147 -0.06151567791576679 0.09657160489349244 0.021970256767458663 0.06934996110070508 -0.09282549202867778 -0.09836946951978986 0.0709502250642293 0.03625657051597696
0 26 -0.018494810687064434 0.09146846346028276 -0.057335917113921074 0.07735432380359947 -0.025500697039004226 0.01713959747511255 -0.00795977549712164 0.06836136802982176 0.09697046162177239 -0.06119044492929165
0 27 -0.08760001888886748 -0.04332342149317873 -0.062204480597935034 0.09811586197658778 -0.0483933896049595 0.06734153841115852 -0.09647605824647523 -0.06215608627185477 -0.015880544570482637 -0.039104950278994834
0 28 0.05546657482278852 0.04570839181373527 0.017045737287902447 -0.08904284471885203 -0.049305145667669886 -0.04076130361386565 0.09802205233233563 0.08732846951427628 0.05016092266170113 -0.04660019441962599
0 29 -0.03663966171857748 0.06580986522473266 -0.07910738972912632 -0.06388963885295074 -0.028079694941081673 -0.08802206300498068 -0.036781070104955446 0.0834150121508563 -0.010702259422146207 -0.07225790645808797
0 30 -0.026370450918438374 -0.05632024679068486 0.0034947962612148025 0.08408860462682911 -0.06720764635585613 0.0019509669758771603 -0.04660999609255353 0.06678593422856509 0.01254044686802277 0.06925122674522732
0 31 0.07211328072756255 -0.07076762146792454 0.06603937504688927 -0.018167996271621398 0.08331433752433723 -0.0764917642606899 -0.03816234843339499 -0.028612113783864145 0.0879782117782415 -0.079149759647248
0 32 0.09571918169616153 -0.07628435312888794 0.013188778220128004 0.018055585827851404 -0.03579286493962098 -0.03702018009913091 0.027842907761126037 -0.08881965499046315 -0.058655527547143996 0.09430320077694512
0 33 -0.012475894382421174 -0.07218531585962827 -0.02341416280127448 0.028219747471150528 -0.045343591730660215 -0.04974360095394705 -0.04454209657807148 0.05831641137673332 0.019546717737547223 0.05411017753985231
0 34 -0.02882119474932436 -0.09779171715584012 -0.06497571658854993 0.018288165734667454 -0.05600450464604798 0.05177731951218405 -0.026400947912700957 -0.04785263746527928 -0.08135798468754535 0.059020858112646395
0 35 0.0420608845928571 -0.03795296510737713 -0.07113307318617067 -0.03158698307754966 -0.07063777240487397 0.09696384035998966 0.0905158677968802 0.09767084412522482 0.04233453999776781 0.01914575388069971
0 36 -0.0252652820199728 0.08620636910200119 -0.0455203652381897 -0.06854496151208878 0.05874095484614372 -0.024742966517806053 -0.015848945826292038 0.09871183335781097 0.021413063630461693 -0.03862002491950989
0 37 0.06466080995011127 0.03437657150253546 0.09720823925225948 -0.050459416845497214 0.06907441775947147 -0.08402502472356846 0.0014742027533198774 -0.07920049481654713 0.04751171310212206 -0.03564901677009564
0 38 -0.07644076204026087 0.07630437599158935 -0.022688239880456863 -0.04993323485595135 -0.006325290295646471 -0.09926029574433773 0.004172047530625218 -0.058303586839292786 -0.0505430281090806 -0.008324540921387796 -0.0802430436015133
1 0 -0.04204912856221221
1 1 -0.0290520004928108
1 2 -0.06113533303141576
1 3 0.011746263131499431
1 4 0.03701407462358478
1 5 -0.040475510060787305
1 6 -0.014493030495941655
1 7 0.02442038618028167
1 8 -0.0906702801585194
1 9 0.047655235975980925
