## LambdaRank
## Epochs = 100
## No. of features = 38
## No. of hidden layers = 1
## Layer 1: 10 neurons
1 2 3 4 5 6 7 8 9 10 11 12 13 14 15 16 17 18 19 20 21 22 23 24 25 26 27 28 29 30 31 32 33 34 35 36 37 38
1
10
0 0 -0.09297979214670082 0.04386744214345913 -0.06379667048798204 -0.034370701545511674 0.07334461283507339 0.09621128317272243 -0.09187003567525232 -0.07588562263959657 0.060795463107307976 0.06829779605156229
0 1 0.00253536878230165 0.0570192603735584 -0.0914121964646785 0.09251041816316469 -0.09467518276650128 0.04714710228579127 -0.017113238903064657 -0.0454357754153455 -0.00747304278660034 -0.05847125016877055
0 2 -0.010067686938088974 -0.056361298653631646 -0.06861139953729575 -0.021720466528159992 -0.0262374248656987 -0.06628470993848457 0.08114259231559832 -0.04204236596477211 -0.07989080969807755 -0.06312544631569168
0 3 0.09196808383948805 0.02704030687885122 0.05473675334639908 0.04942672577849522 0.0031635044675266035 0.06731615198845466 -0.06499694370039656 -0.0692506920313104 -0.07181064506427713 0.027954302118439592
0 4 0.08516285317846825 -0.03231512504518583 -0.09293222559656837 0.07913673355883508 0.08652076062106462 -0.02638452222705419 0.07679342835661128 0.0536616992834964 -0.054920638978787496 -0.09998594805813976
0 5 -0.011234458868091598 0.06973924422815227 -0.014153334682701831 -0.03257335812534193 0.047583583886093954 0.0982560219469792 0.04812707794917108 -0.08186134828529361 0.05990984822176908 0.08611419349249408
0 6 -0.09570891633207222 0.013228277252683772 0.006067934900329678 0.06870695624349568 -0.09156604733358874 -0.07134004332580048 -0.06179598649909296 0.01839574643440295 0.03913393362692336 0.04933207796759942
0 7 -0.008478354585602576 -0.079028876080158 0.03227439102896448 -0.04829222349130614 -0.029956922604736157 -0.030743487786880075 0.08604071186380548 -0.09559558068435885 0.01374020330372899 0.014483677823158955
0 8 0.09849968143157876 0.009651235339180273 0.05878643496368861 0.021017599417428104 0.04162353617558755 0.0558948020086644 0.062186421391121 0.014772564859859139 0.07080391937878683 0.03812862105026529
0 9 0.0957937708756251 -0.020898179112101227 0.0503634535254345 0.009108194188292115 -0.0857670372147704 -0.04972581458806899 -0.01577679486641839 0.0640871371011534 -0.0765561946014658 -0.07207940677137104
0 10 -0.03157162362366649 -0.0020654033031337086 0.09527043593323505 0.08668732802617281 -0.058675200635237575 -6.858007961325472E-4 0.03176375745007298 -0.040619267129189784 0.014824135892763012 -0.0530870029340734
0 11 0.015216976460656782 -0.07328695950481624 -0.09742290410636431 -0.0574070764041102 0.09902350952767634 0.055300933504439806 -0.03926200423416767 -0.03309178633076166 0.06220930645143075 -0.08425454857064915
0 12 -0.0847382865060949 0.06202190078900813 -0.09793990428769948 -0.08151487291823498 -0.006475136911653235 -0.01711761790882379 0.08748876093946144 -0.006382745554806549 0.030353682976090708 0.046006293028228035
0 13 -0.05145881713930513 -0.06688208076897184 -0.001255847773243057 -0.023692888981314084 0.029217752988989983 0.06023973410174177 -2.0764045526935196E-4 0.07360192636807161 -0.061948062149060186 0.020120267627196105
0 14 0.019872086165968264 -0.08482357947783242 0.0454948156671784 0.08272368445887464 -0.014796747620344443 -0.019489155445011726 0.07481330075744135 0.009316214790971028 0.07008724347542501 -0.013941403405782272
0 15 0.023377389411697064 -0.018843352989191355 0.07332405288983822 0.02521742838507345 0.08834304945425159 0.09091856294924959 -0.03252976718321308 0.06455542956167365 0.08505595160084374 -0.09711506570993758
0 16 -0.055895412083341665 -0.08951841703699967 -0.09258133436363822 -0.00603816032080444 -0.0978688673316038 0.0971727735577129 0.03665354571850403 -0.08693270242471593 -0.0804910322197989 -0.07240113204142222
0 17 0.045577529881590806 -0.0049648378119809475 -0.019092644295832916 -0.09695505602148358 0.030257353407151816 0.06201771480110118 -0.016760181644792312 -0.018308182711699303 0.02034202839794283 0.08667821201688103
0 18 0.043630152049852246 0.009813636020828053 0.0351917220565942 0.018646885513806936 -0.08366830971136999 -0.028335358491563045 0.08047558976743148 0.06429543281542291 0.014375002836339749 0.08948607081375856
0 19 0.03894401605062791 -0.022534696584728075 0.08272760506607153 0.03645480541797269 0.06781230355533471 0.09309056628655193 0.05454668877664234 0.07314376317305052 -0.02355933996858429 0.08315166068588234
0 20 0.044098811730174985 0.07017545757925783 0.010356266069081193 0.022098836368187578 -0.07530677982304541 0.028040170087636825 -0.08828331639321214 -0.07943929180538009 -0.08706766258573308 2.4157906110050832E-4
0 21 -0.08346739161274402 -0.056036788739209135 0.07102703056199254 -0.03707726668132137 -0.014058464290254731 -0.08551055859186701 -0.022373097646369716 0.009891520578833366 -0.08279367538288315 0.03840075694494909
0 22 0.09154454226712778 -0.015333313736483804 -0.09044909803057218 -0.070444387423773 -0.04791906358512476 0.03845294538250724 -0.09182490575953504 -0.09257985601576649 -0.005547992294230154 0.07580244587081819
0 23 -0.0511571043073084 0.0708180970905861 -0.014902289375151366 -0.07947965615489525 0.052732000456545663 -0.08169525285200319 -0.09511008359149464 0.08630539092793661 -0.08823989610925403 0.059779505476393185
0 24 0.06663030075657037 -0.03852570018217475 -0.0731484452176866 0.07419696633543903 -0.04533406081682846 -0.08553454896337072 -0.04109558292802209 0.06165939059030032 0.0764598791470683 0.08057396093257817
0 25 -0.027473968915954324 -0.02599980373136875 0.01871273047985442 -0.050597996783987874 0.08097379230000337 0.08582441446075809 -0.0373420456702173 0.022257567654693607 0.03588627681490669 -0.015634856512074326
0 26 -0.028904953578546472 0.033942285321157416 0.036355416130760536 -0.07856443450865322 -0.07941912780816966 -0.04879171886954953 0.028996674847535955 -0.09393247751656983 0.05291005964553454 0.011758807858558177
0 27 0.030331012307330426 0.017003684892635974 -0.01804650950631263 0.06097216718506985 -0.03165863908956438 -0.03432141905664249 0.04650041258219768 0.011899884671523845 0.02535295458046203 0.093716789247843
0 28 0.058996862702932064 0.08212177576381556 0.023973930745890958 0.09519881198888769 -0.05217794826723271 -0.013626826304454921 0.09627477584970516 -0.0659136237476972 -0.012760360810618779 0.08003340305968845
0 29 0.06272304904426276 -0.03067577428104648 0.014138765119860062 0.0368471568184804 0.07721179470613058 -0.06803448648323643 -0.09502842114413472 -0.084160552038146 -0.07138843183978655 0.010981382232836368
0 30 0.03972557319758382 -0.06347384580137116 -0.05312435701664183 0.01161282414210764 0.01522131258897355 0.002929506684723854 0.03211842782075265 -0.03898347536336928 0.0717394149469963 -0.05831151668634222
0 31 0.09157731031743833 0.021205066932099198 -0.07999768453054466 0.07149543054369349 0.03762458635563609 -0.07393264382709008 0.061203816613230426 -0.08226670736248333 -0.035649740170520305 0.0801540404047116
0 32 -0.06381357751926911 0.0847271431967966 -0.08637834807074858 0.09902469165992332 -0.05489711558144713 0.015299498995909525 0.003477198514538282 -0.08514248442778917 -0.023348911982583414 -0.09575793423188222
0 33 0.029262909989898032 -0.09388318450543039 0.037177596437231744 -0.03176875686684742 -0.06526763568997646 -0.033285032729534744 0.0578519440448965 0.08501394571077743 7.554203938631459E-4 0.09838193258925877
0 34 0.09058662698689524 0.09568137278435696 -0.09334000837083256 0.09048240481883564 0.04222670189944389 0.029980560941947825 0.09327251349007597 0.07928798682543911 -0.06451053839362128 0.06860291465223402
0 35 0.006233650271282698 0.015282332894759797 -0.08512088656970003 -0.030378043657446396 0.057119440277206994 -0.035557456327101555 -0.06664780526430204 0.047496557223626286 0.05202885716776798 -0.03637741879769354
0 36 -0.08847005665302277 -0.06949175894260406 -0.03508778661489487 -0.0043708207085728645 -0.01644265651702881 -0.07538659125566483 -0.0021445094607770443 0.008262085728347301 -0.01094521302729845 0.016064828261733055
0 37 0.06433776332110122 0.053522241317426576 -0.025120820532186828 0.09222052406095893 0.05096142819331792 -0.09348207880714308 0.06197711248729906 0.09721744675502651 -0.0038953098596868144 0.07190696860611777
0 38 0.06741868466498503 -0.09002916072453895 0.06029793200574205 -0.06355854114588733 -0.09575420918869808 -0.021884817288071567 -0.062074727767915276 -0.08380009030400067 -0.007785586668009876 -0.032089596309139004 0.06950767338275982
1 0 0.0916635841131214
1 1 -0.018639821559190438
1 2 -0.04219944030046427
1 3 -0.04530350491404497
1 4 -0.07830768078565621
1 5 -0.09746710956096628
1 6 0.0712476894259449
1 7 -0.09434746950864636
1 8 -0.029359197244047893
1 9 -0.09003499895334209
