## LambdaRank
## Epochs = 100
## No. of features = 38
## No. of hidden layers = 1
## Layer 1: 10 neurons
1 2 3 4 5 6 7 8 9 10 11 12 13 14 15 16 17 18 19 20 21 22 23 24 25 26 27 28 29 30 31 32 33 34 35 36 37 38
1
10
0 0 -0.04573874693369794 -0.0182830538873952 -0.06918856524566072 -0.017251935562110545 -0.017865136614269903 0.042893219523815494 0.0019937724191836435 0.04812092996428564 0.03728382618013075 -0.09428281109935437
0 1 -0.035927291077883804 -0.09018003876548841 0.08071224881470468 -0.09645303723286898 -0.04065539147625141 0.08814719846139836 0.0957919497349152 0.0941671945843994 0.00680696225180774 -0.09483042457175377
0 2 0.002607255737428476 0.08924043773722935 0.07728019194643701 0.04972909411826779 -0.09791878805588848 -0.09502356615304523 -0.023117589855400553 0.03609424512978162 -0.0622423489660237 0.09335809925649327
0 3 -0.05704863161760251 0.002377784696940118 -0.09161630889348182 -0.047885841050540445 0.05927121657019483 -0.036490286166216454 -0.024946450957581717 -0.006076792955423502 -0.03294506256448441 0.0051496539011042786
0 4 0.0768306388631929 0.08557167942793381 -0.09064602975827825 0.04626747859024615 -0.08732583466773709 0.09794645202279025 0.06324544138011523 0.017347717382048992 -0.05355342598091892 0.0023430184073749117
0 5 0.041355410978633204 0.045620904614421504 0.05691278571805423 -0.032324481248164456 0.07370388828709104 -0.046588795494985645 -0.06347375428479453 0.0403389210505248 -0.08156114086332429 -0.06283417334912071
0 6 0.07879407043961768 0.060722393157419424 0.033915661527527986 0.021869485748502396 0.004773823873982854 -0.05338450377564963 -0.05930689970507786 -0.05066982445501227 0.022830853590594096 -0.03367275019176112
0 7 -0.08662872346295826 0.002415862202995333 -0.08432317356647878 0.04843644858621669 -0.005072841549584095 0.012507185685069094 4.888339409128624E-4 -0.06750588572171183 0.03192787467993232 -0.0573585851955204
0 8 -0.05778437989954546 -0.0032409148386955133 0.04656301935804215 0.05446972722502955 0.06835694611757477 -0.057436392413242714 -0.06140992355147088 0.07799707638769524 0.062031338759963965 0.023978904261047044
0 9 0.09686223560656035 0.002575776478269502 -0.039218608852227214 0.041264636404880685 -0.08118357383885964 0.011903465213874457 -0.02593133041181979 -0.09692755593275285 0.023499061216862974 0.029274288463495137
0 10 -0.014182248321331295 0.038756149413475154 -0.08160401554370121 0.025065827483908693 0.03952207168264477 0.03084241964955926 0.016780181450057483 0.0636313477471534 -0.09491931997898384 0.027765653245898265
0 11 0.034643170945276684 0.03340310062129397 -0.003808595922196751 -0.009653337027587663 0.09482827085744511 0.08321147063202423 0.048845802152410064 0.03156690472594714 0.030665140650065738 0.061724901440858335
0 12 -0.089493399030816 -0.09317855926305314 0.02597806177588897 0.010550301452479635 0.03346739925325163 0.02666397684002893 -0.08305999199475055 -0.016651311799903364 -0.07862818048761153 -0.037952967236185416
0 13 -0.060265035280245245 0.06753242375492903 -0.0035591192887462226 -4.65415361113713E-5 -0.06616612608409844 0.08768495959071806 -0.07764487047113015 0.029030134405583642 0.08850348552929069 0.054989593285980375
0 14 -0.052415439016819346 -0.008367449633664188 0.05833068721108018 -0.008274772605338711 -0.008451870020111425 0.03978086543262078 0.07903883228916078 0.06271450719418942 -0.06869651100572757 0.02456175882316044
0 15 -0.013204927439021031 0.04265251035687475 0.026887318773953124 -0.06312642524322486 -0.05958714939893864 -0.029105665783852135 0.006105010659062697 -0.07037426876377739 0.07598313242100488 0.08293934155890928
0 16 0.027246123173958366 0.07924091099693881 0.03976633490542233 -5.48127684265233E-4 -0.09208212165875826 0.07234261051509203 -0.019936332570219772 0.06505882676096283 -0.02519959357805113 -0.06267091638086558
0 17 6.78947125455085E-5 -0.06622150389473998 0.0393513608574694 -0.08683491261015683 -0.07371801148794259 0.04298987125033217 0.027370401547976618 0.0232592186646953 0.08410258699739485 -0.06616515437423598
0 18 -0.016230948345199874 0.08353097610362685 -0.0446408293025186 -0.08842246363890928 0.037315975422237156 -0.0561212136603761 -0.0725726068094864 0.09279071997262531 -0.093131806141785 -0.09089141704508469
0 19 0.09162151990722807 -0.08377282921789345 -0.05594623507073379 -0.03634467033170564 0.035957059302408306 -0.039569931858190785 0.09959452997609494 0.021117586352841115 0.08715695317220429 -0.04380299608441013
0 20 0.061411578417993634 -0.07302217940855157 -0.07005638278801979 0.07143659758088693 0.007915347390180322 -0.052812172553052775 -0.04567240576130923 -0.08267187648117098 -0.0969880774041622 0.031345654250150755
0 21 -0.08776471441542551 -0.010881307596239738 -0.07668216098752133 -0.030703625122073756 -0.06094752664278699 2.2823513883708793E-4 0.08820097693843831 -0.06451825448380342 0.013742809330913217 0.06331494550455667
0 22 -0.09643189336348598 -0.09620834380190245 -0.038421668974098606 0.06254109965709505 -0.07040832848084348 -0.02502855786606042 0.08870945623817496 0.039422278690398174 -0.006147540956485701 0.07680416078392151
0 23 0.021597220916424593 -0.004008919492321894 -0.0045714587470116 -0.04920261059716377 -0.09798219840591658 -0.03535815128085146 0.02355379303595381 -0.09907020221898591 -0.06968725932418367 0.06811355024095314
0 24 0.004372373149411416 -0.033614245674821776 0.08700825681949291 0.08546429306991674 0.04816446366724239 -0.0804360701984268 -0.010828356784878234 -0.06349575839377773 -0.0012126652104721175 0.03773773411273161
0 25 0.0017110052995028535 0.08784313179286919 0.058894733781470095 -0.04115995285093713 0.08672955210500359 0.0152807862901631 -0.03306789188854178 -0.08731386958321785 0.08716783063263447 -0.08405638645877901
0 26 0.032627592047661476 -0.02764774653862117 -0.0734115761540476 -0.024938265939667817 -0.02288690540680054 -0.07859861976960614 -0.03551494661085295 0.03176204942395108 0.01899455107865669 -0.035967177111678884
0 27 0.026516028658399148 -0.06882536247299048 0.074199709289847 -0.07976138857212868 -0.04728814968804403 -0.09830981581192014 0.06749147482592771 0.09187284719708227 -0.09382023768155576 -0.0060996031789098916
0 28 0.024995631167380315 -0.09203257714209465 0.06681600036132548 -0.0792256067747382 0.09292073190991651 -0.0039061418493963438 -0.0013844501237548483 0.078502883182761 0.01696443212130555 -0.03131405071541609
0 29 -0.09248181499801583 -0.0032722404817081543 -0.024376157609612474 -0.019887298741732586 -0.09063358435518731 0.009767604735678696 0.07228814317836939 -0.018008657799133396 0.07835368315504412 0.08902444830871893
0 30 -0.0663487929304351 -0.034022717790740994 -0.07510131726515872 -0.04638706615843746 -0.09571845870563404 -0.001119831194647324 -0.07912318800333147 0.05816162638025675 -0.07110941871248543 0.03412786861777265
0 31 -0.0372612218580898 0.09611965204116307 0.037775472119398926 -0.05193350927995274 -0.0022965954345814995 -0.02407906032156564 -0.009827627978005559 0.087603207547073 0.08509015373735625 -0.05883300469798316
0 32 0.08329551472929246 -0.09831520087589225 0.06613519480465818 -0.008426500302467391 -0.08030298735503161 0.09669640394978361 0.04497626464464109 -0.04433195369516977 0.05600411180062388 0.09738192646773687
0 33 -0.08673103234287972 -0.06034889464815727 -0.08404603905401817 0.0868287746415422 -0.053933584585715844 0.0398748643672482 0.05561226899063348 -0.04885472081616959 0.03804431668931065 0.0725332323941714
0 34 -0.0812606723444452 0.08899042155024418 -0.0725563370393673 -0.05796513298623126 0.06674140472618313 -0.007466487349678348 0.04702881297543249 0.015603510617610039 -0.09253813857277911 0.04758987367022883
0 35 -0.04842515539738431 0.07834861484628966 0.08945181660377217 -0.0593273779292883 0.03847721923297987 0.0588080538937446 -0.09578398733283537 0.05664767396628975 0.08871089527958763 0.07413898964361346
0 36 -0.013584799441836484 0.041763156546560154 0.03299903175181821 0.02039604541855738 -0.062372632712135216 -5.773541839516994E-4 -0.0226961194724467 -0.07358696206863875 0.015535097693323084 -0.04222833167925467
0 37 -0.051063825109376286 -0.07267254486632989 0.010035120112812514 -0.06792357780461238 0.06517009719577097 0.010178987693847693 -0.039449899501772634 -0.007083223992521866 -0.09410156953076067 -0.012477158587859773
0 38 0.031192916192884515 0.010348798868824971 0.029634073155242486 -0.02261728041469344 0.06228170527696314 0.08079654965441496 -0.01451654602929201 -0.014476049693723176 -0.01776186187797951 0.09717618192157522 0.09301985800266209
1 0 -0.07549907267093585
1 1 -0.047918725758790595
1 2 -0.012584179639816314
1 3 -0.05027528852224398
1 4 -0.018317531794309713
1 5 -0.031192231923341876
1 6 0.09455706179142018
1 7 0.04849278181791348
1 8 0.033624202013015726
1 9 -0.0370871424674996
