## RankNet
## Epochs = 100
## No. of features = 38
## No. of hidden layers = 1
## Layer 1: 10 neurons
1 2 3 4 5 6 7 8 9 10 11 12 13 14 15 16 17 18 19 20 21 22 23 24 25 26 27 28 29 30 31 32 33 34 35 36 37 38
1
10
0 0 -0.134876302321649 -0.19685912219207058 0.007224097133837074 0.2000220521237396 -0.05659584294914168 0.0826992146847351 -0.035048342619535676 -0.036924073900870595 0.04120558091279756 0.07615947342642329
0 1 -0.29285468569170825 -0.42809212874351843 -0.30849543483409725 0.4105753111152973 -0.20727735409862738 0.0809027909090849 -0.011257313198779173 -0.2351548998108775 -0.23226451717069518 0.11139046683634572
0 2 -0.023535130223666656 -0.10423431749789583 -0.003972831469048029 0.1048489852645787 -0.0902584632860702 -0.054369322764724254 0.04902602897745134 -0.12727215504251602 0.011996650668837611 -0.010834764833386284
0 3 -0.36063633176368637 -0.6765262727542674 -0.30344873395000777 0.48859418899287044 -0.27779697811530046 0.143596471632023 -0.19269511387270646 -0.17332385063402578 -0.24675216671277475 0.04725558969350879
0 4 -0.20628297765913178 -0.1382795402360155 -0.11380724621947053 0.16426673995170668 -0.1338914753327675 -0.04164551416259161 -0.0641851677731426 -0.00287360285051022 -0.13268808677968547 0.12692627965867942
0 5 -0.18430078375744893 -0.4095783069429575 -0.1967909542361597 0.3740445317206481 -0.12523191444767223 -0.04192545281493794 -0.04192707973908072 -0.14342946170943033 -0.14685475536841366 0.0827161855962931
0 6 0.3217846308584437 0.605703217955244 0.4595983185583805 -0.6311606825883175 0.3664187715762702 -0.14414048192178627 0.11657301967414721 0.21176889395915618 0.2817522880657296 -0.022579675298700856
0 7 -0.13326411284773154 -0.4601204380050979 -0.3150147273123333 0.3912329443293049 -0.17477262126580925 -0.0075635985732301686 -0.0016017523437883514 -0.1467358202052438 -0.19263734169522478 0.09032293105246836
0 8 0.009687612484860284 -0.11540597653622761 0.007713197702903058 0.17240329734849055 0.0070154390563993375 -0.06330376748895894 0.012452378160395136 -0.06286630191043009 0.021463689586557512 0.04716655763606184
0 9 0.021414214607388626 -0.007266460863718165 -0.04827061627510801 -0.08243212108594987 0.07795555910117635 0.02774105951406754 -0.07998077979461084 -0.040159840021801854 0.05813079314423589 -0.03379679204894629
0 10 -0.027522749168773484 0.08768271184838827 -0.011543300843663208 0.019865041649516416 0.07862593266296697 -0.08876792218808113 0.07255342547928569 0.0738437133086374 -8.500918635666889E-4 0.08004365594215618
0 11 0.10710733988995094 0.05221916283298161 0.11114849359947068 -0.0033047400183112115 -0.038902773090542034 0.09084960833833956 -0.02143632988033562 0.02849508078595723 0.03831346100717912 0.09150992459240401
0 12 -0.0953617212458734 -0.30472931614147264 -0.1924164180463825 0.27999889848604287 -0.0834031855269297 0.08627744613245929 -0.10734835493036178 -0.03885947178074839 -0.07294013346697711 0.12805778359112624
0 13 -0.15007993267281164 -0.28325011246633897 -0.20095967419055108 0.08090428361752687 -0.04204746314812812 0.06844219297254223 -0.06120131744048131 -0.08141250537641168 -0.1161050622834896 -0.04212450281539804
0 14 -0.046935672965503876 -0.12201785879065072 -0.024531225661200744 -0.06555582897371451 -0.08327307200028254 -0.08153636113974327 0.0507811286995439 0.021159740907074082 -0.03942653419102306 -0.040648899152194724
0 15 -0.06703428377296661 -0.06460313134075918 -0.058173226301810266 0.1831121287078563 -0.010728940882162197 0.008402504288903113 -0.048532186416664305 0.04239850642042243 -0.01570828920589246 0.09234927442049139
0 16 0.016677492762313933 -0.12702206304463004 -0.009391280569129022 0.08908533792493756 -0.046792070555119726 0.10712701109834227 -0.062025021958128826 0.034483644051637286 0.022889535544113295 0.036438199185307586
0 17 0.054780645555459216 -0.07565570360955903 -0.06000539477727869 -0.028723633294613717 0.055190417661448846 -0.03240475028431754 0.023223491770185248 -0.06576263040894037 -0.0846899590095104 -0.02908632449466888
0 18 -0.08043173344267801 -0.28819555226915783 -0.1572401158415833 0.1982672101429487 -0.06670257616605055 0.035831547789623525 -0.04925558229039444 -0.05818457627028728 -0.12976900093576282 -0.05726793228033874
0 19 -0.010002692823685374 -0.08777204945734582 -0.028710706505477888 0.20443050294629314 -0.04988927266564826 -0.05393205467969171 -0.08659302373690324 -0.15801518527116196 -0.1595520449328862 0.028855325983289448
0 20 -0.03488967507099761 -0.15013799987665402 -0.07555973204676121 0.09123384645965002 -0.14601249246085385 -0.06065126816522754 0.03486330029649273 0.002652154444988031 -0.1286097998678458 0.0030377656337417483
0 21 -0.0926139736256642 -0.1825831831099167 0.002820089876671033 0.06962825686312223 0.004898412095824012 0.030109505844146105 0.07441358000631831 -0.0923259920824985 -0.06275852365889562 -0.0028340244611867248
0 22 -0.09559659669993317 -0.1556474382381784 -0.20736812380229142 0.08381705985108326 -0.18961338390821447 -0.05812909812638551 0.03864930778774439 -0.12980409134419482 -0.04286051035725841 -0.06647935216444732
0 23 0.044520166903115194 0.06601101047620127 0.059165721001590496 -0.06408146620845681 0.09390983625161342 -0.07596394998052389 0.07204515808718093 0.047768870486652064 0.09291022899451318 0.056581586332351365
0 24 -3.782534773242178E-4 0.14810692880737963 0.12078614578229784 -0.19461884163376714 0.06514794259750137 0.005263077036581107 -0.019873769378055142 0.11267232511078958 0.009504644595727366 -0.09428901852744803
0 25 -0.006771220169135974 -0.18538294327205157 -0.020105963681871092 0.17208142351305958 0.03578087746788942 0.10261023300567805 -0.11228428615632574 -0.004813013611971767 -0.04824410264667267 -0.05933640930930313
0 26 -0.032211193007485664 -0.005647121559236451 0.005242488272752454 -0.12223283019814624 0.05330133808661966 -0.014357832745298244 0.012595705935990504 -0.07306763583667801 -0.0344463993357029 -0.019656113670209314
0 27 -0.10673069993485905 -0.038442936949429844 -0.013826831749471682 -0.0032971238547842667 0.015901154575115088 -0.029640577529577935 -0.033100099595062764 -0.04813874132138116 0.045055711383460144 0.02638185560034978
0 28 -0.10603740669236673 -0.016517405263710542 0.05182776703392067 0.058637883665478084 -0.043485145529633486 0.010922368480123954 0.028620836232810254 -0.017263446195088024 -0.08262671469952504 -0.0700259623449329
0 29 -0.12382880243589751 -0.09548380856248073 -0.019984915287699925 -0.015883374299938285 0.03860596374028274 -0.04811733378636322 -0.05835417083757566 0.04986039088251784 -0.058779620113792654 -0.042509545010867435
0 30 -0.1015396708320083 -0.10877925690563371 -0.08511160819611294 -0.01399720837592282 -0.05717104479580852 0.10020753248532935 0.06531272760793591 -0.07163914457362676 2.6180882799324524E-4 0.0876577639677525
0 31 -0.07295599722398115 0.08202549227307121 -0.02026491691542635 -0.019276512710747123 -0.01450817012414549 0.07715032937422694 -0.07964880749182679 0.04657210291326941 -0.03172444032805033 0.03817880697645417
0 32 0.07903052091507408 -0.03465068302059045 0.08628117454318163 0.009209216451471961 -0.038344361414201236 -0.04035722600959008 0.06267020108560692 0.06138147385892046 -0.006709781673255398 -0.0058550716943536595
0 33 -0.06802180239974005 -0.10528770315056106 -0.10324457364690681 -0.10227949880685513 0.07983016993887339 0.08620108689485419 -0.06698030089600113 -0.11034421714735777 -0.028418348183703545 0.05141772913740378
0 34 -0.02784142890562998 0.06833443311609341 0.005965724638724693 0.03942423524076323 0.006928659563295235 0.028512744331747046 0.09252187443353364 -0.022924018748827917 0.060789994549720255 -0.054382409869168945
0 35 0.06406674506252319 -0.08191896549105553 -0.031263128193325405 0.04694145347075215 -0.010123452998319515 0.04567314393749691 -0.082559737615207 0.065098470992922 -0.09949512631312632 -0.07355632163772693
0 36 -0.08699244559144849 -0.013683164202518194 -0.10335010600967788 -0.01327518993702186 -0.08253038759602169 0.004051287536498455 0.020245624769126225 -0.056277174195911064 -0.007620847423160616 0.014451984806435591
0 37 -0.04982539068363154 0.0478483950087242 -0.05848649551556078 -0.16744760994431984 0.10354711479172155 -0.04717112673785315 0.006629563361776152 0.02627057939297414 0.027642587424097944 0.08682117229533264
0 38 0.06446947526889055 -0.10657955736596376 -0.05000172550496893 -0.05886038127807964 0.026046524442167627 -0.011751417824412629 -0.04463611009319696 0.04416421190187289 -0.010479927667919272 -0.08072906592839453 -0.005890161034888874
1 0 -0.6956443307068685
1 1 -1.341379851178987
1 2 -0.8388007204376416
1 3 1.1826788434755802
1 4 -0.6435191082780575
1 5 0.16070137352620575
1 6 -0.2684087894114901
1 7 -0.48774851742929376
1 8 -0.5945215399396229
1 9 0.1380830193484092
