## RankNet
## Epochs = 100
## No. of features = 38
## No. of hidden layers = 1
## Layer 1: 10 neurons
1 2 3 4 5 6 7 8 9 10 11 12 13 14 15 16 17 18 19 20 21 22 23 24 25 26 27 28 29 30 31 32 33 34 35 36 37 38
1
10
0 0 0.011606139668944956 -0.03950927031169477 -0.1764879549571745 -0.0812193229037873 -0.10220178870065189 -0.068934199529464 0.051095757642138515 0.1435412569371175 7.738794955178244E-4 -0.01466111157218432
0 1 -0.1387915782560524 0.0027104640399674765 -0.19552939187373553 -0.21457255288501384 -0.4397104668152094 0.0462148459281047 0.49019579828890375 0.054081084635114705 0.035436799483853525 0.2234371073264347
0 2 -0.03994125943661365 0.09381572271074855 -0.11588794999643708 -0.07505597829629718 -0.026807863439159675 -0.10396000075219351 0.011690692724943264 0.008250087023703487 -0.05171398733270907 0.08024638220719674
0 3 -0.17465325070640117 0.009995277261384073 -0.45258223608422693 -0.1466382740121082 -0.6091671807705619 -0.05515584744859716 0.6915705395509194 0.27768744995336425 0.15473168661537215 0.38964033250833735
0 4 -0.1806244952727784 0.05125084420072479 -0.06680883002743686 0.013034465300512455 -0.28715118768053177 0.006958537532259821 0.24499510505293606 0.1075893393151713 0.1310629853743526 0.185931562339702
0 5 -0.12336215416393574 0.10304254199947598 -0.33425891764841 -0.21528091902294952 -0.4463898630712515 -0.00553727252522683 0.27779416609331065 0.1929717912392489 0.09754327355987165 0.24419408974471518
0 6 0.27322568273289516 0.0844262406505794 0.507936835976119 0.2410068025825147 0.731390150878625 0.004463049639854782 -0.9033843641891689 -0.23209470042430294 -0.011861942454370368 -0.3946448511420898
0 7 -0.0985027866410344 -0.08138076833613493 -0.24037250383698539 -0.19944107806830674 -0.36695112363658206 -0.09229351175810671 0.4372702203023808 0.14370116525287382 -0.013328991219864555 0.28770161117814136
0 8 0.006646506412980302 -0.06317754547123307 -0.0717266337268631 -0.048844943344735305 -0.21392956961470438 -0.0119992016732063 0.14713935620054497 0.06990779392920778 -0.025654368731773788 0.066923757524819
0 9 -0.05601862557441103 0.017204504948951635 -0.0021657380803342037 0.0971947498816014 -0.09027158663639992 -0.02846122455889276 -0.13682717221355487 -0.014265247976393228 0.06074697606000807 0.04116346314061466
0 10 0.021448460324961692 -0.03671448605036995 0.002152547745853665 0.06715370717076063 0.09869081484942956 0.045850395004034324 -0.039146300817901124 -0.05999253463083138 -0.018668359520620237 -0.024192418911445978
0 11 -0.015994207128136165 -0.0145911019626255 0.06769326028163844 -0.008840539288802275 0.06911681071069645 -0.018375250153841297 -0.01881871504611088 0.05003207339380509 -0.006036525571680372 0.04142508239075709
0 12 -0.08919673334021881 -0.05444002380250353 -0.2931346875694959 -0.1556928448918639 -0.3571719161193507 -0.04547688648090693 0.3823801879620919 0.043559955343825875 -0.014397135710639252 0.18473539563434516
0 13 -0.11942172730264439 0.012601192275466785 -0.15905400421579724 -0.12550131699340006 -0.30193610230684076 -0.00489119651461297 0.21954460972608897 0.04379968056205403 0.13171216856699192 0.11653311165812018
0 14 0.009607379255697358 -0.045685329586676926 -0.004219837786418436 0.05307585069080235 -0.051877483780419495 -0.10141549242873764 0.13811236215649986 0.010026897259855014 0.05342847060639982 0.006434646852569295
0 15 -0.09856154455074 -0.015487561822169692 -0.07937061829294739 0.015532334485232167 -0.05074212505391418 -0.07815733566496871 0.13299538392257565 0.13612880708234293 0.06554375609761731 0.14872459620192174
0 16 -0.013720854920341927 0.09395948227827063 -0.09427225155673179 -0.041629580127585074 -0.1467828151641218 0.02232032996793444 0.10938739852244056 0.08099142401618545 0.013260927382673615 0.09847823616644984
0 17 -0.10529908247184007 0.04124369322192478 -0.04830990870036334 -0.021220429939245083 0.0060599959000848195 -0.0923909340999035 0.015379687279946784 0.1051850864038536 0.006261687545051565 -0.069977453051361
0 18 -0.05066078462881253 -0.059249740902074445 -0.1774014379326722 0.020214447272546045 -0.1559076427828584 -0.03571924169705378 0.20466926799654242 0.1315543417824393 -0.039028158849336844 0.10485772461444012
0 19 -0.05052201961724619 0.059566291447934794 -0.06708457292719347 -0.10822831551394993 -0.1465641156114984 0.0273900207767264 0.2141072387112706 -0.03230639468168405 0.046794808633703916 0.12372170865747682
0 20 -0.13237845015766259 -0.005723574012032434 -0.01485915879920798 -0.11036147241479159 -0.041311404719411436 -0.03982356127624109 0.0947897571503516 -0.0216954361419158 -0.061135988995310774 0.037111759784746345
0 21 0.018393962140801346 -0.024160102319880146 -0.10130443528411727 0.0684888264838898 -0.04494508498240675 0.021640193303042673 0.05680812674624945 0.05709912180750331 -0.004222741314817267 -0.05428299424780265
0 22 -0.1151167721479624 0.07211368236908633 -0.19197838479401322 -0.05050032847439367 -0.09421935599195297 -0.03689203510082941 0.2753318289749642 0.04340282023336302 -0.01585726421706184 0.09261077596652227
0 23 -0.01394457282108343 0.01795078299285373 0.08942851191046101 -0.05657201408028275 0.04263275350076309 0.06966514244302299 -0.06508743727574848 -0.044438749687600046 -0.045894717361279536 -0.04083912307435804
0 24 -0.03997838142322586 0.03809916495650925 0.14375670743053828 -0.033347992409324324 0.16803097165062353 -0.0668703437585492 -0.2269519375245318 -0.03841745314516641 0.05080930262460589 -0.050910322452505936
0 25 -0.02467719455172299 0.09228251770354776 -0.05240880665760099 0.022672769659742853 -0.19785863342559742 -0.07071244103194096 0.1802130947637226 -0.017737025045537046 -0.01511208088343683 0.046018455193716334
0 26 0.01914173818019515 -0.07135019834781689 0.09257787461017376 -0.05501271049712824 0.055198227317882056 0.01818381123731935 -0.08221474356610915 0.023847143514397783 0.005093352765737525 0.040753933986154546
0 27 0.05607097750683057 0.04831149798846874 0.0734347024514756 -0.10177958518798039 0.03578216396544589 -0.06636864246067876 0.09075989328897602 0.008415965845564144 0.04276175271819528 0.08851349804851583
0 28 0.050891711144377065 -0.09683557154075874 -0.09216767360906039 -0.0022272526551302576 0.058087209644382215 0.08868721032993064 -0.06326571676448355 -0.06263591954756623 -0.014411608952433206 0.04181206416313678
0 29 0.06864523034204276 0.08119526687301852 -0.009077269814257828 0.06398870381988817 -0.07387066804165399 -0.061988722038449726 0.08192131622388696 -0.03152120775790168 0.018794048221828327 5.047445019233884E-4
0 30 0.06101103425853149 -0.05379492747123684 0.06936458548944283 -0.10349576100218526 -0.12462140801136536 0.09366377512337591 0.06774389325221489 0.10403066898357768 -0.0955370615848514 -0.07955486820766296
0 31 0.03646239333788547 0.04153086349652356 -0.05598947679621226 -0.0901299909392129 -0.06553550428724936 0.09232848450695742 0.05472053830853903 -0.07623359566176999 0.02250639738864097 -0.005943400331355819
0 32 0.10292837475470266 -0.03985776910619864 0.012894926047391727 -0.0525014155140905 -0.03156366702837109 -0.017767470090512143 -0.0488475789088318 0.018769461047997257 0.09010304097010192 0.055014534787906945
0 33 -0.04578069985621466 -0.09755562646224468 -0.12666877685378833 0.0441417742242445 -0.08033563927376995 -0.011193072144181845 -0.010080468725894003 0.06942184441876907 -0.0298672954699481 -0.07956435970174168
0 34 -0.015390359882134571 0.08466826412881351 -0.020622611592064122 0.009199755016593385 5.54676719012245E-4 0.055428108755238514 -0.06291918602871725 0.09539392720339769 -0.027115716622020863 -0.0537686941127098
0 35 -0.07608315568533867 0.025354752313145178 0.051387510245747885 -0.08662071621211315 0.07821197288848236 0.023724802847047644 -0.07115385197823236 0.058445590099670076 0.07959180086201795 -0.052001449937390504
0 36 -0.10138699621125012 0.00918316492476247 0.021762719200241844 0.03442511411263008 0.005830811666501249 0.022571093439424508 0.060809765062817385 0.05169773898784881 -0.05469941730606529 0.05666295920697673
0 37 0.040018605168674164 0.06799057918654708 -0.05670338238885907 -0.07182541031717493 -0.05486904507265987 0.002821570449019981 -0.20013472849052025 -0.04509094854154158 -0.03748841106071873 0.01788042479245699
0 38 0.06085299087025959 -0.06029072485551432 -0.005548209909660937 0.07879712306454872 0.0076776424764224945 -0.053938661777835774 -0.06996158206686064 -0.06146947933651531 -0.08789707401107759 -0.05254010138512902 -0.19685359383104103
1 0 -0.5225684237469542
1 1 -0.0749006496654714
1 2 -0.9937800263499752
1 3 -0.532966136773094
1 4 -1.3999571497066934
1 5 -0.15922282674034402
1 6 1.4940483124988315
1 7 0.43375309127953954
1 8 0.09327994081103697
1 9 0.7399311812856443
