## RankNet
## Epochs = 100
## No. of features = 38
## No. of hidden layers = 1
## Layer 1: 10 neurons
1 2 3 4 5 6 7 8 9 10 11 12 13 14 15 16 17 18 19 20 21 22 23 24 25 26 27 28 29 30 31 32 33 34 35 36 37 38
1
10
0 0 0.10974978229865637 -0.008726153731040152 0.12674108364550093 -0.13672048230153855 -0.15395349511060386 -0.1523699098855972 0.18240063516788643 0.14191748723474354 -0.013489036674398913 -0.08165694137276094
0 1 0.13232082290058655 -0.06297411526271432 0.20371321672463094 -0.04247303239938608 -0.2477883829633464 -0.12863636084729724 0.4350640939953384 0.40257511887031533 -0.247281483943788 -0.09023982694047245
0 2 0.09372711777135682 -0.023108701523263504 -0.004293188249961013 0.054933660345374814 -0.13261445613681971 -0.09693175773340106 0.0904388923244947 0.04713423905504641 -0.12477077353020291 -0.011088904211941433
0 3 0.12848298719226028 -0.09220005812011549 0.2366878728308162 -0.26051122652383774 -0.21904260624425864 -0.33796943785964517 0.5981523811162683 0.5584317429307571 -0.30011774607888264 -0.11487112319115585
0 4 -0.03435950780822037 -0.0958696954693236 0.0011208415800929685 -0.03632544939113546 -0.13912537737976563 -0.08378679896850473 0.24530018269010354 0.23136949217398123 -0.10595767692149667 -0.03888044523704689
0 5 -0.009326760009017911 -0.1340833552202173 0.19397020732300155 -0.15824873792023667 -0.24570532091113634 -0.2625134268831779 0.3047005529024105 0.2723585147112783 -0.12631907198316752 -0.16276240097117323
0 6 -0.2134823458489643 0.09331015241770184 -0.4204888184591333 0.29805609760930035 0.3809574869167906 0.3908435028857383 -0.7116744811788799 -0.5841245851022182 0.484744387429092 0.21673568382318986
0 7 0.10993644175452207 -0.023867894278593125 0.2697871487874235 -0.14156581541818355 -0.1925524747052677 -0.14314872496730352 0.4776135018886576 0.4577750286303303 -0.34562201733466086 -0.1206310387268824
0 8 0.04737563240107038 0.0186560133757017 0.08090467530702494 -0.042378314794090675 -0.032654067969334 -0.014067947880047501 0.2232874559634909 0.036336623477352524 -0.00219017953104905 -0.12354639565525807
0 9 -0.025752639827942955 -0.09183298392305426 0.05618797016276559 -0.03460860839190176 0.029038753110120063 0.08373946953793036 -0.08443492527047781 -0.062459709119904415 0.013511498491592108 0.018707703805784102
0 10 0.08932358685774515 -0.008932901984399826 -0.08230510241791184 0.10573945643385402 -0.019020866939534423 0.019614692824112684 0.015546058524799417 -0.1125877441080597 -0.0016400650104280512 0.05115985521423195
0 11 -0.023424310598405974 0.021944099208223444 -8.18860230686814E-4 -0.08729519211962905 -0.008876213814743017 -0.022975197357802856 0.002259075913079808 -0.13647441451066233 -0.036859217506333274 0.09806245910152937
0 12 0.08538524996024341 -0.04146374773175915 0.04805854583455294 -0.0016806070250099555 -0.14752309007620817 -0.06571514717753262 0.3092046302076564 0.3221453437336733 -0.162838740996894 -0.16495893591083133
0 13 0.10929224062012217 -0.033136552296851356 0.17378052088417062 -0.13167262453994855 -0.09380807005250162 -0.1460751055235267 0.15564389072688037 0.18844103577784407 -0.067565720467868 -0.07335262462458556
0 14 -0.01092496396788196 0.07630668595400965 0.044032094772387016 -0.008850003802147148 -0.07946444687881594 -0.04290875370425987 -0.035494884195736064 0.05741754114288887 0.05076302495457659 0.027642301973190488
0 15 0.06546074278173995 -0.06823489188800327 0.10067081653299369 0.03573882756036075 -0.08797287025159117 -0.04270923520362574 0.1306776707999845 0.010738558084226399 -0.1450381195052165 0.005318604513427087
0 16 -0.05416557584567009 0.01583310412699759 0.11730435490500385 -0.03488890375501388 -0.13148826304628727 -0.08187059694652997 0.07455805606266509 0.13623911843323835 -0.035444469543581 -0.02055507218587986
0 17 0.07986110701730453 0.04336048914822318 0.02031379368026033 0.002132024046850415 0.004936367887541479 -0.09699285423937427 -0.0653887159476859 0.034955981344950815 -0.08750105376153311 -0.09047589992347639
0 18 0.06553613901777297 -0.0698848833196619 -0.0068868544313274195 -0.061796454439948474 -0.1979073769353413 -0.11565729158639604 0.21680008283478402 0.17867272996164227 -0.1632855704141324 -0.1093731676359698
0 19 0.1045484673963643 -0.10728726563847037 -0.009775713972575343 -0.05906930424689702 -0.14433227215272015 -0.04298082286543469 0.18607080523902783 0.06724429537734845 -0.18653921224947706 -0.11362316951820595
0 20 0.004423346097980358 0.04373787373159559 0.016420528956317685 -0.10795920446392666 -0.11734747385304517 -0.12818312914750055 0.0030153215843439895 0.043572546833348415 -0.14127978141544673 0.03772570430076695
0 21 0.030063419184764004 0.023122118500713478 -0.006138549615567213 -0.059228238974625515 -0.0588518281118949 -0.0558383035350719 0.009405805345086452 0.005927693152435945 -0.04388350795439474 -0.03575434224772166
0 22 0.00599185293599459 -0.01975788498949555 0.014391245100139383 -0.1488686746751129 -0.15384938785994853 -0.07091584669804091 0.25335708552619285 0.24098878943056937 -0.0756817280889484 -0.07691732856116713
0 23 -0.02304123605361704 0.05058754161172521 0.04710619777090778 -0.009540146565131653 0.06308284217385593 7.708352868508784E-4 -0.0024123203304262575 -0.1775561376678441 0.06579942481257564 -0.0021346017085894964
0 24 -0.054963495064319835 0.09202983339013605 0.014129194720782725 -0.02729355801217924 0.08096923154871531 0.006733558048512449 -0.13283251420453818 -0.24653672176597652 -0.011875685257997062 0.06126070103454495
0 25 -0.023325110546174598 -0.08126581682440988 -0.005402243221292683 -0.017238118731048975 0.0033123518394348513 -0.1343432004589974 0.15757779960050747 0.0826317566038463 -0.009873139383375128 0.0655150792181956
0 26 0.00745994652797007 0.043461268046660104 -0.09897652603083225 -0.0027624162905328727 -0.032651963168744774 0.04557588820015398 0.043149312690151514 -0.10025910028519493 0.01475595398336233 -0.07329547079599082
0 27 0.04023238500139179 0.0861717004633402 0.11095141674864564 0.04365334089606948 0.04295792371350864 -0.08212735699565248 0.06817783023404218 -0.02791202558379025 -0.07046298614649261 -0.07967234439753645
0 28 -0.09025970449910728 0.07048557760638599 -0.022685996342921844 0.03783731706197742 -0.10556260732941707 -0.054045120302932265 -0.04694793909944015 -0.013869523827808216 -0.039273000532916755 -0.031031489860267075
0 29 0.0866538086816898 -0.06527045430603359 -0.027799043915368308 0.043664531371815855 -0.023003910143065277 -0.08041165380782539 -0.005219880165744256 -6.331024160005017E-4 -0.12862573294617832 0.05339548671620919
0 30 0.044834129599589635 -0.03129184105073299 0.10428832050514393 -0.010915545314711278 0.06082856754986526 -0.005205414294850933 -0.02566626091594763 -0.07812861829128585 0.07771912517307708 0.04547059660280193
0 31 -0.08004579995349143 -0.007914206346378388 -0.09750874200000281 0.06550661598120291 3.801850186843016E-4 0.06756294159769087 0.07331197297031504 -0.07106079067692903 -0.088301788963632 0.07560813354307512
0 32 0.05276860543153153 -0.06828055679317382 -0.0927408328723158 0.03815470996377992 -0.016571770713858014 0.04293227636910293 0.06956518368055327 0.05273617359623716 0.05223881796638115 -0.0015664546133865762
0 33 5.138741123563214E-4 -0.005935662216854318 0.05790849767715312 -0.028485510307310315 -0.0889100747549306 0.030719411741165232 -0.007887181234036943 -0.14575287980837903 -0.04316835683519208 -0.0423105827731442
0 34 -0.005337371821577236 0.018236895089126577 0.07019695986440283 -0.07140835494035477 -0.037077451600913455 0.06720298103663758 -0.0236038984331837 -0.039587335838710394 -0.03836586639098557 -0.009822493642138495
0 35 0.018239794900536403 0.03450589854396906 -0.009151212355271365 -0.08858682662091011 -0.00832560278154452 0.06345767769377281 0.11033002114329396 -0.061345255738606205 0.06407983935101828 0.08047622056474772
0 36 0.09602663886317636 0.09144421152595897 -0.02553721068303224 0.004903492348892362 -0.02187811604304719 0.07027655890481037 0.07087626115388046 -0.07821346105411228 -0.0928018269940221 0.06780544953430628
0 37 -0.061643318393512656 -0.034551588487498126 -0.007722322565398632 -0.011424977643772797 0.04606396207397399 0.008630932779034534 -0.13525070919756327 -0.0822610496284013 -0.02806845279973863 0.05637642928516638
0 38 0.019196610457352305 0.005999670442581592 0.05914408935451794 -0.03067551236275349 -0.007651954514089565 0.07223465859713941 -0.06289464568180543 -0.05394559613151936 0.0018258528180887363 0.025405622496873025 -0.20614601816618622
1 0 0.2881569833455886
1 1 -0.2789911432645584
1 2 0.57020486734692
1 3 -0.5168982746039389
1 4 -0.7874856352458819
1 5 -0.7361085434428378
1 6 1.2996697772698482
1 7 1.1733586061892884
1 8 -0.846161615787124
1 9 -0.4658595681923611
