## RankNet
## Epochs = 100
## No. of features = 38
## No. of hidden layers = 1
## Layer 1: 10 neurons
1 2 3 4 5 6 7 8 9 10 11 12 13 14 15 16 17 18 19 20 21 22 23 24 25 26 27 28 29 30 31 32 33 34 35 36 37 38
1
10
0 0 0.06122251854207449 0.06449322193797698 -0.09057457263316745 0.030461402015046036 -0.052654913166049234 -0.014731874900041842 0.054510304280867915 -0.013412219134877041 0.01660946539504844 -0.07577593796504657
0 1 0.04046760521257424 -0.052279525506397626 -0.25626885988480114 0.23844371429752995 -0.18951573487181517 -0.21496739461960312 -0.1315118927807397 0.0555347112121792 -0.3008454578185267 0.1359153402260637
0 2 -0.013078001233442538 0.03566401816108329 -0.12897007751187373 0.04453679354266158 -0.12686117951954248 -0.04630629790110716 0.06344536045634065 0.07768295456298395 -0.15133148476488514 0.03375176803464682
0 3 0.009274741832075254 -0.05038701777175596 -0.4250642476540005 0.5757493856877386 -0.40864955884009874 -0.21961436484479716 -0.1975961072230913 0.028367148506749647 -0.47033676772979427 0.14489439502350226
0 4 -0.045478611118653714 0.05602218613065185 -0.2268798091670177 0.1092419024846473 -0.07479616167421178 -0.021863292082002706 0.03249012440605562 0.04881992729814023 -0.12446149014808107 -0.003948496580589133
0 5 -0.0052363595603763064 -0.10471397579757705 -0.24469128330448497 0.36946784515430353 -0.2063080969598918 -0.1498976898838729 -0.124120586930443 4.426661423341718E-4 -0.27656207381584536 0.061531436535666104
0 6 -0.10317192786594175 0.0920605542776162 0.6252238963876633 -0.7150664515183719 0.3952020382879598 0.29753781023264686 0.1777445169714816 -0.15683837933570352 0.4533062740049556 -0.08419481407449154
0 7 0.03718231775723259 0.06146740685870958 -0.31945817807125776 0.4457846415930081 -0.29151778010558405 -0.13332972538600324 -0.16260281883890193 0.028957409329699178 -0.205570795125514 0.05769852456212656
0 8 0.010085945539828844 0.039593745852963894 -0.15519558986680013 0.17327839652083224 -0.12942550317443924 -0.0369116882561835 -0.09427208586567089 0.07038756934795873 -0.0734793023905799 0.11099420734380328
0 9 -0.06140992519693907 0.056576693502345024 0.09762625882686238 -0.05699265800300748 -0.020551632767406673 -0.022522098803482653 0.08250038537784922 0.0767106724259485 -0.05038173707936297 -0.05964236491337791
0 10 0.009738254865608647 -0.019084991545369856 0.04008762675483516 2.3650265115844225E-4 0.02583814409599267 -0.03500423866149606 -0.03541781924265389 -0.08872689706962364 0.09162319257949735 0.07677603617966404
0 11 0.03167739578606911 -0.0962240171746495 4.338323835567332E-4 0.030495086547197712 0.05921769931749465 -0.06085986811058857 -9.743696159787231E-5 -0.0459749500177756 0.02477316398781667 0.061178215557111136
0 12 0.12219296266753688 -0.05476692758755414 -0.3677201183160491 0.3340671177646641 -0.10474734091672828 -0.18784074403896212 -0.17610997848953525 0.08414295367437265 -0.1425908984076476 0.11698695833041131
0 13 0.05898573890357817 0.002942261044780452 -0.2767631234940397 0.1207110008727495 -0.16268383485426127 -0.06537061485111247 -0.12722509972599177 0.06811861078370593 -0.24795110396106698 -0.0034378515755528827
0 14 0.021254105565275506 -0.08128269597781931 0.03484620956455815 -0.07637888203002796 -0.03471936562820393 0.007360836357490245 -0.028209756822469404 0.08542804463289223 -0.002310816228140228 -0.06969757039941049
0 15 -0.0434911144072375 0.03406296468164584 -0.14154503485623707 0.09943345199023798 -0.1693639908866367 0.013255333242144604 -0.0237553432736732 0.029716379139411404 0.018131133574998404 0.10507963769549239
0 16 -0.004603047958578037 -0.06050916679995835 -0.10236287269804137 0.17848152480320634 -0.03272236774490752 -0.14202054859732766 0.030368463595118557 0.0377269932860823 -0.019185435014934974 0.0545152271243581
0 17 -0.056551464473336095 0.007739810358853353 0.05925768258606209 0.01951797455792904 -0.012522664635366132 -0.018723687364497782 0.027986618471757672 0.09778615538700515 -0.07799922198144911 -0.0707625237644522
0 18 0.06247538241853619 0.002118436104062356 -0.2276465766463725 0.07797118173223108 -0.07350569208013312 -0.10078963911539922 -0.11876699015601674 0.06579932992558976 -0.19653332194726514 -0.06621618076261356
0 19 0.08987262508674197 -0.0016661613840802795 -0.03296787737305053 0.030358155754682963 -0.09849725183099838 -0.00875274687304157 -0.04763610362317853 0.05064753512507219 -0.1511997444259082 0.09620725619647755
0 20 0.0785515853973133 0.03815004566132154 -0.1588832328928476 0.06264676651550632 0.011493162650926933 -0.1090857913475853 -0.08049005484033457 0.02450636020496327 -0.03995945249773339 0.048570436949540226
0 21 0.10627984957608441 -0.06194594274550789 -0.15723869881627628 0.11503203909538237 0.017611050155753646 -0.09915957464013565 -0.09185923359053177 0.0684345975286564 -0.06693389011848568 -0.04707035016623376
0 22 0.04416958058208745 -0.04685614915644975 -0.18844969461504663 0.23910960143467447 -0.07032021429613469 -0.18030281754012695 -0.07862441289284969 0.08098771952652899 -0.14331971562613946 -0.06489054701343004
0 23 0.08235477030322606 0.08089074440505037 0.06469248958231617 -0.05729109064676293 -0.03229922339878964 0.11769767971267693 0.08006835584342174 -0.05087470706481125 0.050197447771581964 0.038281275752486785
0 24 0.006599591691161599 0.07938533455121248 0.1502610154762879 -0.07835775054381575 0.08461296666076079 0.03371718681649926 0.023364797067722067 -0.09971202088647502 0.17930182182764892 -0.11399492187202591
0 25 -0.023150270743008454 -0.05663703884625596 -0.1422441232717958 -0.002031816570898131 -0.025148316364974062 0.04888085732879165 0.07241983645080823 0.01732712789233959 -0.13232494052472019 0.07676344353433082
0 26 -0.0037664421548067074 -0.027024823361319155 0.01736129757885211 0.06853153456385502 0.051415499976423744 0.011374712622072824 -0.009768976368619377 -0.09455551005395936 -0.08790090111201625 -0.0032101752285558648
0 27 0.06626754605188413 0.028697475702331922 0.05043923163067822 -0.036830990245965645 0.051665318119085785 0.05196105028204014 -0.024161254470384485 0.02107900046955346 -0.023400535298888622 0.020959558526392478
0 28 0.030139842859344644 0.022088572779642456 0.02971798011071045 -0.016704171010292836 0.02096571792856319 0.019518934025222628 -0.045180168790802916 -0.018121122009333523 0.025534744013716224 0.03438359772853427
0 29 0.030765929305058608 -0.07028847314011238 0.0033683832515500004 0.10548395060392138 -0.06268019146901224 -0.07476202642630078 -0.10275668533763652 -0.0509244648850291 -0.028993867595452798 0.08556298992131418
0 30 0.05487569035294373 -0.08458048980670327 -0.07050220754513489 0.0460128542536068 -0.054691643303189034 0.0820857447218348 -0.03599077705561737 0.023625493237940096 -0.07955628378650442 0.027249175278751828
0 31 0.04836948499968916 0.06821019788658875 0.08232472060523173 -0.08787454487465933 0.04248205522970217 0.08006136936430411 0.08142585712377509 -0.033192794727045234 -0.06219822185479764 -0.019864084330514065
0 32 -0.036540010837820026 -0.05098378651466174 0.0993182687622525 -0.04491876086058549 0.03804932514439338 0.08909697669969006 -0.09012618760895182 0.08742094961715706 0.031137090672223346 0.011634281669026124
0 33 0.06859435345982803 -6.991558985868055E-4 -0.0778461064699846 0.05044712014578937 0.025846308819210198 -0.08157246075618209 -0.03855713356094661 -0.05575013311885256 0.03571388380388808 0.0851184054866486
0 34 0.012766605660430605 0.08046391869881094 -0.01810775331058481 0.08594597568428478 0.09698425921279591 -0.07695997234578482 -0.03997861373410313 -0.08910288056228735 -0.031023347906748308 -0.09570531230282688
0 35 0.027803715079117778 0.08757928840363269 -0.06797495793365693 -0.047067631910985126 -0.09299932300288427 -0.002285180780999908 0.09019684382287102 -0.019020263462518918 0.04400233217790361 -0.016197111659151515
0 36 0.09375018448818472 -0.09738369766873693 0.028958562051064757 -0.05105249841599265 -0.08817085980724108 0.03607666000924782 0.039762858347075054 -0.0696448609209135 -0.07296188919549598 0.007092324696223855
0 37 -0.07243731796764141 0.07661065950092438 6.509781973490786E-4 0.018721306228487465 -0.01091980078644448 -0.04578792882485318 0.07424025082485206 0.019476259313376352 0.014532851826874792 -0.021673971971933825
0 38 0.0528738157484527 -2.990686915269359E-4 9.752347766198371E-4 -0.1109929955697291 -0.02574743327933814 -0.021946631141877816 -0.03982557695591587 -0.083365469872408 -0.009270557122090859 -0.01414810992563225 -0.11942261308720545
1 0 0.13918510224237127
1 1 -0.1433714051332746
1 2 -1.1514444297162072
1 3 1.1918497233919965
1 4 -0.793866982411943
1 5 -0.5803754110989259
1 6 -0.4493224118505204
1 7 0.22002881169806007
1 8 -0.9446451631596311
1 9 0.21665685019842792
