## RankNet
## Epochs = 100
## No. of features = 38
## No. of hidden layers = 1
## Layer 1: 10 neurons
1 2 3 4 5 6 7 8 9 10 11 12 13 14 15 16 17 18 19 20 21 22 23 24 25 26 27 28 29 30 31 32 33 34 35 36 37 38
1
10
0 0 -0.1747626310985602 0.10932990538470595 0.03983521085525294 0.01049716932318171 0.15960029854526264 -0.0073288961492842235 -0.13176915650268572 -0.009837163698952274 0.04516212285552496 0.061626639875020386
0 1 -0.5683136432270296 0.23443025964008454 0.14731291288956522 -0.04556190519626022 0.29616531123933054 -0.06588133874773254 -0.4310859277518645 -0.20904520777299404 -0.08608273875838822 0.08868399526183093
0 2 -0.17805088034607955 0.1077462806288278 0.13691652382545466 -0.09570904438972301 0.06446538679598417 -0.01075366172162051 -0.20968235268505922 -0.051545857587648125 -0.08067430966892089 -0.007156311812574206
0 3 -0.784616140809289 0.3637087308485016 0.20427666860085453 -0.16668802829436583 0.35100172740427005 -0.001562756726643222 -0.7210212579390195 -0.26020543847023175 0.09686232752720111 0.2784648391631998
0 4 -0.2099783876264617 0.16647410680945432 0.18189507293661955 -0.04198652240636495 0.15975461821118153 0.10569203581676855 -0.18045861651610476 -0.11508805876865986 0.053972275441998514 0.0020766420201444582
0 5 -0.4065109802059436 0.2554401851289199 0.16887875270407032 -0.06043653182722262 0.31222280723768303 -0.00408002619042094 -0.48487507335398866 -0.2163724045060017 0.010724365855791385 0.1729869650912425
0 6 0.9059495649354465 -0.4612007789207855 -0.2038147971424245 0.12351868964709944 -0.4977626766881986 -0.12521607762370945 0.842566463045948 0.28200694293454226 0.017635085258153996 -0.40220000127847766
0 7 -0.4556407740088856 0.17340348055537283 0.07104901544267077 -0.16177687579310407 0.29621799181201386 0.01438612621892218 -0.5483310787263057 -0.1596365761133803 -0.0028424343446728046 0.2203812256982584
0 8 -0.07593381043439733 -0.013646750048981401 0.13755338844354253 -0.0760859193106383 0.08963226310138697 0.07719746649895455 -0.19036037627821106 -0.15455127488818937 0.09364186943775502 -0.005558681237045193
0 9 -0.008306083783766707 0.035212827100997705 -0.092531712630829 -0.0651593635365939 -0.06794033683472608 0.012028686110429796 0.03364089196123625 0.1040794613796078 -0.0937949146613089 -0.04102923567596919
0 10 0.07841150485455592 0.016742419740170662 -0.008221259135392425 -0.03730437519467375 -0.05462573409418039 0.0964046084502281 0.08032785181779 -0.04926991549570714 -0.028595289790866677 -0.10587036306870495
0 11 0.04232519897022954 -0.09028111881749508 0.04147403881986336 0.03116809477618876 -0.09346656553535632 -0.018815833283837808 0.13206117524615824 0.011836354990405695 -0.06012210368029411 -0.0022607474117314333
0 12 -0.4148880721689483 0.21590941865994678 0.179575850265191 -0.04915705108240663 0.14316608809298303 -0.024977837604499235 -0.4339554293707939 -0.06411574593419404 0.057844168955147136 0.11152291732403527
0 13 -0.27035150800351043 0.011086267205092246 0.11067538059379319 -0.11657720829507875 0.12140882216116673 -0.0624808142986897 -0.3922190332847575 -0.15564114005732915 0.015330532911956964 0.1737144466591781
0 14 0.04955161393166305 -0.04357535959019329 0.02157060218333685 0.09289008337563251 0.09558625076333094 0.08332009888401726 0.03003519513800316 -0.01746170521076654 0.06445603966491108 0.07912263292533168
0 15 -0.04278936444623871 0.05547763411326614 0.1190535175865803 -0.027472204398754686 0.15102933024036638 0.018781281244822517 -0.17339658694979385 -0.0855973689293978 0.010397889160140235 0.06631391964237046
0 16 -0.09553993019687859 0.13489406391952302 -0.06259613067540194 0.001816577537778459 0.007672644772212746 0.08185357484791664 -0.02877067282549071 -0.028457507505663834 0.022548733075987332 -0.007065700463825007
0 17 -0.09926925174830738 -0.08543921312473356 0.0821612065339426 -0.02779028340751825 0.03924377691327818 -0.07952881297416853 -0.13175314797224688 -0.09342066164271783 -0.051124065732148255 -0.04518677261185399
0 18 -0.3294102548204994 0.0889905542654972 0.03119013856529977 -0.12277548198825168 0.14017942850402562 0.052123155456378543 -0.22514233267852307 -0.0651403207652729 -0.023582569099241373 0.15564637396482933
0 19 -0.1949298721079067 0.0042654099515667815 0.13624075195813035 -0.11074413037309391 0.09554790868215719 0.10406316652784416 -0.268892673369984 0.02967565550221845 0.09379466699668157 -0.021723552767529377
0 20 -0.22451269242361008 0.05420366577572432 0.08344084121258737 0.048307395981514824 0.12848481179241594 0.028651756646523432 -0.21172736930282388 0.03587040025925648 0.022282467077850896 0.07663557059335521
0 21 -0.05111353789014152 0.01881495859938482 -0.033362262777324604 -0.027087336816097984 -0.004483542762404194 -0.08263124851505844 -0.10946961853694656 0.025929924921008703 0.02976762652802382 0.0999224610590894
0 22 -0.26199308494655404 0.13642901078391742 0.10565846627685171 0.03525035987733619 0.1602572188493681 0.09888950270606905 -0.23468778306487173 -0.00342933078254729 -0.028346542583039577 0.07654017872876126
0 23 0.09249347599541088 -0.08285586077241662 0.014200156418716352 0.0969284683437462 -0.04330800690336244 0.06353751002017749 -0.03997982922754625 0.012996296067038235 -0.09662128530204403 -0.0010527166970448658
0 24 0.007662602399959455 -0.09694285714462189 -0.07762369826287863 -0.03989885211508263 -0.14773513210388287 -0.0067602102185347285 0.09459611455893935 0.1153082637240543 -0.05455786330930959 -0.009970838026836083
0 25 -0.07627612041378679 -0.005488136130522458 0.13147978593321055 0.06706936092454002 0.14600335547248994 -0.034644616610229946 -0.1794136214382973 -0.035805940365751715 0.09184553115930953 -0.023766078183790517
0 26 0.011180735275229638 -0.10169986976313249 -0.09161488931430287 -0.05243556026745563 -0.02338078771068855 0.06689905871336242 -0.008550021766415165 -0.03780678629251296 0.055710242217646325 0.05782822544985201
0 27 0.006446002160247253 0.11541643531548104 0.05875210875478093 -0.10647965172869725 0.08654857271545378 0.07239378338465452 -0.14504791215836693 0.07960527100290361 -0.0019657535175582118 0.11748794814457594
0 28 -0.018991899970284484 0.062227348277197315 0.07562531379214797 -0.07460923208321704 -0.06367911161589947 -0.04981445424003864 0.06148333952552167 0.0727205980264854 0.08595271618991505 -0.05517598069140582
0 29 -0.05395656665906675 0.020154781833203895 0.009990721981354434 -0.06702937659190013 -0.04896036120566301 0.06035891007649493 -0.09299310982405744 -0.023510397757847058 0.05206763023422804 -0.052891543330974754
0 30 -0.03796208390000734 -0.010245768028725066 -0.03453245822881043 0.037207681758408294 0.07804221961211906 -0.04308829818886973 -0.06393623611776299 0.0633143600830422 -0.04878366240921294 -0.02761072132028407
0 31 0.06527858372179404 0.029630165408253098 -0.09561808097009292 -0.08164805394086815 -0.06601598011031316 0.03206762503939931 0.02425915203440584 0.0037092705457375066 0.09044067700047977 -0.04447245559652661
0 32 0.011617669951518453 0.04540318516739151 -0.07851715716696611 -0.06117780482360315 0.035817559369980795 0.09354924052240313 0.09868167422566743 0.005733644617929151 0.06233187613357871 -0.004506112911782449
0 33 -0.07050029949930714 -0.0030190219546065455 -0.021288233212269476 0.044536476328891676 -0.0835187466732674 -0.0521213351471979 -0.048486055095015426 -0.11286124773290321 -0.03972622930728579 -0.022696271831082786
0 34 0.06259510608519855 -0.03327462038773119 -0.09322534272855552 0.039086192619437674 0.0687828448539058 -0.08642466908765506 -0.006381149710900404 -0.042024147206760135 -0.08338395959673905 0.10418429224495046
0 35 -0.06808684084489748 0.07300084190986449 0.01808840931393709 -0.07557859794785518 -0.005250932782526607 0.04451354415249634 -0.022509705996442895 0.057566202582106464 -0.05575483436865911 0.03897859874104539
0 36 -0.10652791950862436 -0.02159138592352924 0.08269521657146463 0.006587108918027493 0.06641158771148618 -0.006141102504197321 -0.05420494442065916 -0.097910569430621 -0.019169167806253433 0.07173224966945628
0 37 0.039396993256114295 -0.1544229899401753 0.0409272691959699 0.01450580427305604 -0.14727577868158825 -0.0047661208350002525 0.0016693792235598964 0.054045424772379495 0.0860066633379731 -0.013001611546659112
0 38 0.049550933298670295 0.010767372853764206 -0.11187141070053001 0.04689636754224655 0.031046797746054684 0.09798570804598268 0.06945297801519894 0.015068385705416645 0.04521086620376849 -0.0630520822488968 -0.20791763370931488
1 0 -1.679092137823862
1 1 0.7373303993110961
1 2 0.4618385323266254
1 3 -0.36467667850431235
1 4 0.8823604063804372
1 5 0.024730403632261564
1 6 -1.6573927562187254
1 7 -0.613190697184315
1 8 0.0054941729504061855
1 9 0.5580183199489348
