## RankNet
## Epochs = 100
## No. of features = 38
## No. of hidden layers = 1
## Layer 1: 10 neurons
1 2 3 4 5 6 7 8 9 10 11 12 13 14 15 16 17 18 19 20 21 22 23 24 25 26 27 28 29 30 31 32 33 34 35 36 37 38
1
10
0 0 0.06076605126999437 -0.10476243689803585 0.017679137130192014 0.10025976016894 -0.09927746665911295 0.05341658545348076 0.07337469700062267 0.027476997428088727 0.009717810929017417 0.007679253693500439
0 1 0.45345631468717196 -0.12621836974503461 0.21477862215700702 -0.05495870944186454 -0.34038202314317345 0.03824592671294222 0.0028431243996738216 0.08143952476159436 0.12683495021710753 -0.15129653110262434
0 2 0.019148314774089816 0.08805447882027388 0.12254587406129279 -0.04725763862197686 -0.05004719039717042 -0.07185701940639003 0.04597913971082858 -0.021724134206258884 -0.059685018807119676 -0.06651644511247211
0 3 0.538382033056209 -0.02479530669924283 0.3226767263918553 -0.00867355843616838 -0.3906437333578434 0.08442406873710728 0.04353330152005595 -0.0043100529149349715 0.11645239899818238 -0.10357304946003837
0 4 0.22164187480259595 0.018411533935623645 0.1679379592430015 0.01195657404784087 -0.2321496516993611 -0.02531787447101373 -0.034651031283167065 0.047732321623500336 0.14136974601224245 0.023239562615863893
0 5 0.2709593497147358 -0.07552762948402995 0.2040221221984387 -0.03858679634618139 -0.3183824754223237 0.09424366799057839 -0.06436650001155864 0.030563870565866312 0.1421755899990046 -0.0857608839755398
0 6 -0.7416414472860031 0.1128702260869691 -0.29814109323026455 -0.06309430060753633 0.6011933101794852 -0.024851993888563472 -0.07288768001660838 -0.12081968568810458 -0.3174588984270091 0.08409668507965341
0 7 0.48070836557950253 0.056651041752493386 0.2868527683022137 -0.011418447817093655 -0.4340518796758373 -0.008671818276537574 0.0220612125243948 0.00923908852667999 0.2430294109285954 -0.15416696459482482
0 8 0.16540850181062897 -0.08414456598172058 0.08231172535057293 0.031324238855211094 -0.2097367060561286 0.0112227978096557 -0.05770449216070432 -0.07816254977021213 0.11607224259797 -0.10519161273575467
0 9 0.010014092089493665 0.09110546304504849 0.03208009924110729 0.03500003567279913 -0.035653591945513284 -0.05162616247268963 0.05423549280605125 -0.07555545342043271 0.06763544794716063 -0.00274073155545849
0 10 0.005271542765813917 0.08929974145694711 -0.047143196185469534 0.03036693491862588 0.10187138930952383 -0.040863684254913366 0.016746445137819296 -0.07254380696602733 -0.0030334831381332874 -0.08058643508175813
0 11 -0.06380732896377377 0.04562120527481311 0.07288335674268989 -0.00605552234138952 -0.03544477845957269 0.07204348700449337 -0.08298172962613902 0.094238233971135 0.050800011615019736 0.09313559877528049
0 12 0.2517372147154322 -0.06987911682252917 0.10959237405273642 0.025604827739514623 -0.2214013383386868 -0.027594908886982007 0.08370705573791358 -0.02887372885638638 0.020340069242617352 -0.020036898782125074
0 13 0.24049819353202073 -0.10058910194377746 0.07437141461094025 0.0040585514497526115 -0.1901798662511559 0.0449471149992915 0.09176686397497726 0.04447659813400785 -0.028524066703649965 -0.05949110555398837
0 14 0.08147623211263072 0.010604367216987888 0.05532210354700588 -0.06826368433210155 -0.08862593647002354 -0.01457522365324545 -0.01017104720381022 0.07614105153965169 0.0565370010770771 0.06795329965051217
0 15 0.024953200588111138 -0.10593740433850639 -0.007418036170415909 0.08449982697254281 -0.034340941891554067 -0.014823195689972259 0.05404669134038864 -0.023741236413404775 0.03356148802131622 -0.08133826754561872
0 16 0.006573892773563658 -0.03752391291090682 0.10764190808807708 0.08095261578446966 -0.0935935571130348 0.03485161864287765 0.03346063302629819 -0.0055566798979384355 0.018186593798417847 0.06320274282641469
0 17 0.10775526634279042 -0.0328345946673424 -0.007488400661555872 -0.04587051202803878 -0.045306613720630204 -0.028251874302331052 0.04709531298247287 0.10337948748633581 0.011120007949992388 -0.05609560341989336
0 18 0.13806794289256386 0.056830073531036814 0.15880102635612348 -0.02940918055834327 -0.15384122063354186 0.09076597700254828 -0.04789658704642076 0.01651367871461969 -0.04130346806677629 -0.04378979015229817
0 19 0.20683771767132125 -0.04447254160345808 0.08046521736500559 -0.017501687007797504 -0.13695371176084373 -0.0735305840446177 -0.0969366289509996 0.10988661707885815 0.14650468213035125 -0.103036814181519
0 20 0.14674063803776363 0.08032526525681584 0.13915517090158736 0.011979641676794696 -0.12046970367087075 -0.06865741681985915 -0.08391305149656073 0.02276800796092785 0.1079250662119524 0.03859228124489663
0 21 0.1391486502616506 0.053432068927438583 -0.03221846116766697 0.04700266585485646 -0.11919130207527877 0.07641602004100721 0.0712045404318935 -0.08798746188203 0.10122547836092874 -0.05395539220361364
0 22 0.12868937707561326 0.004551547989937567 0.10827286525651778 -0.04584778361821194 -0.12058677992569297 0.07077477167172581 -0.04289076271063255 0.11818830467598705 0.10329277521047016 -0.053372799071323106
0 23 -0.002442146536382002 -0.04459134961653984 -0.06977785588572227 0.020273354522930435 -0.033835556465697254 0.07480516967429847 -0.04159460633889383 -0.024571008759225313 0.062376281380169624 0.05458695895746023
0 24 -0.10105307868236531 -0.05672709372577529 -0.02679195580165965 -0.0512857652638114 0.12654919520699204 -0.08285009686908583 0.06127269783194805 0.06175076691055407 -0.08155946403400675 0.03590764822087241
0 25 0.04559372934585406 0.0032832819902558763 0.0794259610797314 0.07357291029285751 -0.01870429986740028 -0.05789288753307177 -0.05685291287899887 0.04670357653245336 -0.06249301612090589 -0.015357772105297091
0 26 0.03990235206576521 -0.0715423357358514 0.050575905162347556 0.002342007826724529 0.1000772999578923 0.09179237236630113 0.09116653124411689 0.06794462708786286 -0.053245969390874 -0.011746516908108146
0 27 0.1372546064083891 0.016887730489920687 0.006710594346430652 -0.04223380936731474 -0.09507786358523856 -0.06067090195723603 0.06717238664474119 0.03788466766931516 0.07829417933919186 -0.03473488187991099
0 28 0.08550380790020942 -0.02244419516565467 0.09474972005150947 0.04872297195715141 0.030760322364468105 0.07386091272849632 -0.0855619727497375 -0.0016317417856066539 -0.013645044453980881 0.09303050145756221
0 29 0.12956074895942046 -0.042726313920287695 0.07604347432311633 0.030401902822124204 -0.14365042192012006 -0.03605978776985319 -0.004818800839375208 0.10342602118481914 0.015955306355460053 -0.0073237427678283845
0 30 0.054168539978415725 -0.02678379649746595 -0.04064807951759068 0.013912762326985222 0.0659945259569694 -0.0687553466987085 -0.06848152559935636 -0.08713447381504516 -0.04641483549386201 0.03985033926206867
0 31 -0.022564316384952272 0.06436291770319189 -0.09249342660173235 0.018433928448237692 0.012026261723142924 0.06367768644016503 0.09807680177350948 0.08717226843593247 0.06122946939788136 0.09190710612433156
0 32 0.04035181712800821 -0.06463592230067916 -0.06829469138940791 -0.0034149844550360785 -0.075013880973761 0.07618930871596728 0.08175665344988255 0.07038896450413565 -0.0392444216752643 -0.013971466527260225
0 33 -0.04733724982295781 -0.05306145859645548 0.09477348393388717 -0.06532932657081551 0.039506854416647995 0.1036645579349768 -0.06393150074484158 0.05863303762851274 0.0027248407671305297 -0.10537650352598628
0 34 0.11539335893143492 -0.021530054066707622 0.08364784472920228 0.045344849059879684 -0.0535328671853452 0.07298722846619715 0.003598018479784699 0.08165189756875245 0.09111819352693823 0.047544289966005585
0 35 -0.08050642578497709 0.07672047796931974 0.01638848714233709 0.045993260132063965 -0.0013914281500101617 -0.03607067131239865 0.04350598370335903 -0.08582591278298003 -0.025856992641154514 -0.10084562410587915
0 36 0.008012587548049904 -0.06975506272373412 0.046955322220244164 0.038729134665972914 0.08226178658812348 0.008726331436811305 0.013912667602969785 -0.03326051822567397 0.02771264735930032 -0.03759465007620069
0 37 -0.21034087210577432 0.04701857460827399 -0.053671346207258074 -0.036401118028608 0.06560062432375567 -0.07855562300450154 -0.08484272081738616 -0.027364465747953315 -0.05091960091251788 -0.07901555616476398
0 38 -0.09074355147387475 0.005303806353430525 0.06502928064826174 0.0507824391079837 -0.09447784373699002 0.0655461829319608 0.039661847061444315 -0.02969873098781525 -0.033255450206047484 0.054408625432131937 -0.13334068935205906
1 0 1.2791224965401282
1 1 -0.20164842058173305
1 2 0.6561476837429697
1 3 -0.01484421556574711
1 4 -1.1345802591049314
1 5 0.055404116621927464
1 6 0.008476954356851594
1 7 0.09964865191715647
1 8 0.43096675688397135
1 9 -0.31512771131416434
