## LambdaRank
## Epochs = 100
## No. of features = 38
## No. of hidden layers = 1
## Layer 1: 10 neurons
1 2 3 4 5 6 7 8 9 10 11 12 13 14 15 16 17 18 19 20 21 22 23 24 25 26 27 28 29 30 31 32 33 34 35 36 37 38
1
10
0 0 -0.027015047806730513 -0.0864759357416019 0.010464656926162559 0.02365998480654775 0.025997163999768175 -0.004336091658450675 -0.04437500839180692 0.030500319916410664 -0.018682668524504176 -0.04241892092957703
0 1 -0.05207130811273092 0.041173478045346136 0.01475638842380133 -0.06671804071169485 -0.05215683863993764 0.022208633843613747 0.07899177955418597 -0.017672175972215647 0.043788073366517195 0.07070374056319802
0 2 -0.09475731967112017 0.03155615417500479 -0.05322891621196374 0.0306852375474631 -0.04126710141128972 4.973201259481413E-4 0.05033623677677045 -0.02749547206550375 -0.0329571814244619 0.008732804868866831
0 3 -0.04822419965867601 0.035374321414608584 0.06496629274678688 0.009560733845199381 0.08921941021261422 0.027515730112527226 0.019304475684319103 -0.0752072658359857 -0.07693260539614208 0.08357152693804358
0 4 -0.012014148442895901 0.06008399757948705 -0.034898408840233895 0.046196550240924804 0.004574469614533358 0.06704956170700735 0.06048615433793997 0.023817027987530045 0.05914835702453445 0.0954227061511537
0 5 -0.09473660528070686 -0.03557915332112081 0.0911912280173009 0.08019855687533445 0.04768037634309128 -0.08130974833519643 -0.06146072561639642 0.002100941919565399 -0.0027834651849567658 0.0984239725160122
0 6 -0.05388485500407968 -0.06022456503789892 0.07368021598481911 -0.03693287949183012 -0.005753331786411977 -0.05048897060233695 0.0017362689139821786 0.04351164077186356 0.09223420885830345 -0.08597420514990045
0 7 -0.06428959666252904 -0.09594421604576145 -0.018836273704058427 -0.028966724172547 -0.009095943125238396 0.0706680733087917 -0.04180849119218583 -0.0773093977575167 0.04410248413747156 0.05765914027535358
0 8 -0.01969227371383892 -0.06399766035688599 0.08801860030212655 -0.05936287968514553 -0.09630409140952892 0.08195920392043458 -0.0316386754313502 -0.022962015055694448 0.030611079468190677 0.043849703379907734
0 9 -0.0687017223367231 0.05998786936848995 0.017085398211536193 0.021600818760362416 -0.029454789072088358 1.0306325242900665E-5 -0.08588470917868998 -0.08827714503328797 -0.09085186499200071 0.011200555743122715
0 10 -0.032554470550541496 -0.0022619134311141305 -0.04300359529575738 0.09553104593159004 0.003303818541455078 0.03204465837985845 -0.06312573767398122 0.032545513542146194 0.05391951860082938 0.01895536502762045
0 11 0.0857730266968883 0.002314571070307666 -0.007486535713291631 0.01464602706651011 0.06009189917480365 -0.06595530561397867 0.059782930639921496 -0.010018256938382467 0.05454656662675718 -0.01935567873551867
0 12 -0.019617956699165252 0.09397164980992172 0.002465659878708145 0.06510389699928712 0.025843069862821016 0.040603072122874416 -0.08235076142477224 -0.06633535824036038 0.05293201977992518 0.026330497931464514
0 13 0.0914145717030579 -0.056358861242647586 -0.0024016697722000465 -0.021137989069760832 0.002847639474402844 0.07826757430496112 0.07872070177992203 0.08051861726960842 -0.09245687585569824 -0.020035360486091967
0 14 -0.0658997247978742 0.09019459370111987 0.08404658596728903 0.09193207086932359 -0.05177981995162082 0.07841832353833965 -0.08967775293743613 -0.06613877951057548 0.09731744296773935 0.017350758166665897
0 15 -0.014636236309736185 -0.0605275878799438 0.01031524540938522 0.079950424730414 -0.05638623629794011 0.0031420675228471927 -0.06325158796226663 -0.005617214968990137 0.051160082381529116 -0.057441285266693703
0 16 0.08940341780263793 -0.0545685328025972 -0.012131966704047514 0.023495958029806675 0.0027305999209712843 -0.0990154708476677 -0.05925731641172492 -0.0559300688005425 -0.012481305374041799 -0.007154084616068227
0 17 0.06249301693654228 -0.055182454663637776 -0.0460260930776848 -0.0250114030426094 -0.006994365257737815 0.0958123530692215 -0.05054651817479801 -0.05087594427454936 0.04202787875729551 -0.052619901316984394
0 18 0.017636448684367926 0.027053450463997125 -0.09378690415468814 0.07342781459384823 -0.06328001604539345 -0.04447301530807375 0.006052492075878342 -0.026112699125832937 4.948681677968763E-4 -0.06731378390785817
0 19 -0.022854147989866624 -0.016447405466023298 -0.06163660038921557 0.03658935884107473 -0.042106928717932667 -0.033502744732279995 0.06308211980900288 -0.00454034209964266 0.05055857579329075 -0.029575097591716448
0 20 -0.05639679221364 0.08477779628007433 -0.09674970068104664 0.08282217306395614 -0.07668662421868311 0.07734038389294644 -0.07075648388347215 0.022699839189654333 -0.08199104876755245 -0.04179472403108634
0 21 0.038156068050281704 -0.02001555464339554 -0.0745928127129524 -0.047697430727194325 0.01741068475586186 0.05765525439971229 -0.010328111140327827 0.02638014460506883 9.546748604504291E-4 -5.9215685347644794E-5
0 22 -0.03015727876510514 -0.08514531886388957 0.0936306239975112 0.07505926885031977 0.09375665503862152 -0.02196287290794271 -0.08278443846181077 -0.06602280443442994 0.05588386710217047 0.09628201652406113
0 23 0.06043441697497184 -0.08748179838716695 -0.0017412962525696005 0.06978419333359567 0.0895128577878688 0.08427715138351127 -0.05021910928626106 -0.03006169236845391 -0.0431669316301592 0.050195096445260316
0 24 0.04089775395353812 0.049790281085617005 -0.04905055049776631 0.009922948070517449 -0.04411721804251908 0.013582601542628824 -0.0392976783945817 0.04598814544318244 0.07234934712702436 0.06665789018449199
0 25 0.03993048278661728 -0.08119575842124217 -0.02448713943017014 0.09897153643042012 -0.03512934152175091 -0.045412733687573835 -0.06660586018941085 -0.08340136635449093 -0.00457675003231197 -0.06706402701351773
0 26 0.03616474365917133 -0.025689773647413865 -0.06522278913013653 -0.028401442406028647 -0.059651862587036066 -0.07043984525749443 0.044238300074206746 -0.01603416135222683 0.08966360178883634 -0.029177623163768256
0 27 0.0723789937650554 0.07916030274326949 -8.854606572461081E-5 0.062166954123390836 0.015051114576168931 -0.08083482135576343 0.026441315237915507 0.0502527139077239 -0.051465605238689635 0.09017372224789659
0 28 0.0018356063047873317 0.03928389953390364 0.07161774538297541 -0.017300615247751384 -0.018756846414837474 0.025663568670763217 0.0854069539718348 -0.03694418392111986 -0.041647858938841334 0.07894237405975667
0 29 0.02861924869440568 0.08146256816488735 0.006007471806508538 -0.06483966534514325 -0.006366865520361893 0.009653805179542518 -0.06603210581158592 0.04052385506296886 0.03620512404181418 0.07363599950142884
0 30 -0.09457159012426695 0.042817973571790444 0.040443592423177535 0.013120127442523737 -0.09693724448818491 0.07956369209792401 -0.08977658659478345 0.0033486273267175305 0.07297073370402542 -0.0645710680367805
0 31 -0.019093481085480736 -0.07143530346738633 -0.05079929359546575 -0.007445684877086004 -0.01998333684262558 0.07392813456462426 -0.01952140434513037 0.08065040857629803 0.06514201239666213 -0.09837406662440527
0 32 0.009914391815981055 0.03919054918384681 -0.03353311746764404 -0.010456231620843054 0.004202004935325127 -0.05931116394925963 0.08766979863031267 -0.02027961430158362 0.011914552185010821 -0.09767044900325658
0 33 6.885505744185137E-4 -0.08041291682291621 -0.011778977908757673 -0.04530932358759621 0.041978552678160044 0.06261313137426257 0.04463188559145531 -0.06561801855371154 0.009721549090590285 0.08001586608779443
0 34 0.03844388759504146 0.060256515593937396 0.04017373148476738 -0.03610659904408653 -0.06297070089881061 0.004074172847785015 0.034788520057103464 -0.08556368572971845 0.03793594740409496 0.02445995728446764
0 35 0.01883077621459961 0.0843658298254013 -0.06590347737073898 -0.07950740307569504 -0.08714547008275986 0.09416557848453522 0.02069166861474514 0.006018328480422497 0.0977393239736557 -0.07920734584331512
0 36 0.09855930507183075 0.0668778270483017 0.0457739420235157 -0.001293057226575911 0.031413812190294266 -0.02640560269355774 0.08771644532680511 -0.07469262927770615 0.06871519982814789 0.021687155589461327
0 37 0.08820684318835746 0.09031517596621347 0.05791639553088015 -0.07814405971271861 -0.03075049179058464 0.05650690271814986 0.09218502831234934 -0.038297679447268175 0.06710256235384884 -0.03219205973928745
0 38 -0.057324559723676935 0.05837215738237123 -0.017678994780245084 -0.04892914251120138 -0.09062104894385206 0.08144049214017414 0.007264933014261909 -0.025102064170192766 0.03317597234410681 0.08712502029427129 -0.06846592575311286
1 0 -0.04803426191210726
1 1 -0.03443474695086533
1 2 -0.08063096553087248
1 3 -0.04785574227571506
1 4 -0.006545001175254572
1 5 0.03723148256540258
1 6 0.0032102346885949265
1 7 0.019115477800369072
1 8 -0.036197334527968354
1 9 -0.0560346171259882
