## LambdaRank
## Epochs = 100
## No. of features = 38
## No. of hidden layers = 1
## Layer 1: 10 neurons
1 2 3 4 5 6 7 8 9 10 11 12 13 14 15 16 17 18 19 20 21 22 23 24 25 26 27 28 29 30 31 32 33 34 35 36 37 38
1
10
0 0 0.06281866206610437 -0.032330385655285614 0.06903222509346199 -0.03577962738191309 -0.07587504185173552 -0.07745217612662085 -0.0163678188834862 -0.04745784824859528 -0.0727145406210452 -0.07954797879213622
0 1 -0.015100206063589769 -0.0918486195959062 -0.08981739015398112 0.09466004174559145 0.015880640116376365 -0.007477476744246524 0.026023768752764784 0.010941531517536227 -0.012388206312825181 -0.081114738487129
0 2 -0.062345647956965775 -9.64899694688385E-4 0.05776681375253825 -0.06708986202663311 0.02595275830231419 -0.046737978336064905 -0.016013708472339187 0.026997601653275246 -0.09293571565534046 0.011977544094731552
0 3 -0.01120089622557343 -0.09454920111353932 -0.030226270380847232 -0.07264636333766683 -0.042087790461830164 -0.018938886604776602 0.09947261881943072 -0.09777053038939072 0.09602838103564437 -0.07783682446592353
0 4 -0.08613748090110428 0.09301744472846807 0.03103600774024756 -0.07929154306246275 0.06978856799333139 0.0819706171373903 -0.09498990485842428 -0.09191351751378174 0.022824625813902717 6.730922273842382E-4
0 5 -0.015663728445387128 0.05172119290416631 0.010051751440228317 0.024771001848610644 -0.0262878433493077 -0.09554913754249152 0.06291046685928411 -0.031000668615400826 0.08861364671720093 0.05992148878560897
0 6 0.017789693454399506 -0.02051445852143367 0.03628709952397195 -0.07007047866463038 0.04411212377121803 -0.09245568166717903 0.09052622002758941 -0.010312126425587933 -0.030441528781958486 -0.06597269113073509
0 7 -0.09387220754500857 -0.03638292842149402 0.06559556537565449 -0.09108039038658523 0.06370795743608947 -0.03839178393529093 -0.02863012154985413 0.07690011049992894 0.09691243012272543 -0.01120438029647114
0 8 0.09703951468351617 0.09207269121111977 0.0430802386310062 -0.021725736908277345 0.0933442578078498 -0.060863301727028606 0.021567888727297223 0.08894518177807181 0.016497673283949164 -0.08540261770819509
0 9 -0.07962280297317846 -0.008711884763638558 0.04598642686156692 -0.07437819276762325 -0.07434481325465778 0.06070018391687233 0.06573297505022588 -0.048578187297385673 -0.016748549807172435 0.03640957474904514
0 10 -0.023092114044863773 0.020807188383708285 0.029962696976229195 0.00690720304596466 -0.037042347812213064 -0.02390387565237256 0.06555767054776251 -0.038470878407198636 -0.060233091591106645 -0.06670053781127294
0 11 0.061596901294770225 0.023737066643058483 -0.03283170499176961 0.052425134174061035 0.05058054089745187 -0.06288607809890193 0.09174871940284308 0.0859382952535741 0.09967494021079243 0.07241099823602525
0 12 -0.058656660499343254 -0.03237361182199091 0.018864298814515436 0.05244537430561217 -0.08780555288419417 0.056685007625810906 0.07461068750108889 0.05811868979276515 -0.045369950767716445 0.09663223723570732
0 13 0.03789023124118493 -0.0603083949242924 -0.08617603868008612 0.07099163994566458 0.0273851908214863 -0.08039148757878813 -0.006895631046518303 0.02221104489805938 -0.0224969188676243 -0.09738525126644589
0 14 0.08930152807943396 0.03187391482806277 -0.09791543640045046 -0.011372824508501715 0.08094817507860937 -0.01879260522767653 -0.06531382752610025 0.04011757140813825 -0.037063560663756205 0.050505837773161553
0 15 -0.021929743354993092 -0.09287186511532064 0.009962353749778479 0.06238171907642043 -0.06678706731543577 -0.04172378787418854 0.07214903851810874 0.06342720778907313 0.09665653364390722 0.05667960030908809
0 16 -0.05982173711982389 -0.0654080488018681 0.08093123641915995 -0.025489633471177 -0.0592620011201751 0.03475496694820672 0.0967245595887937 -0.014905802107966664 0.08038706728252994 0.0029391424971086815
0 17 0.028649230628477393 0.057446088445831406 -0.02972204265415457 -0.018139893574450967 -0.04873536720017684 -0.0704240512283533 -0.058981874671323424 0.03647974127033322 0.04372242396881013 -0.019262002152967354
0 18 -0.053238004221810145 0.08289351829970491 9.645482243639815E-4 0.04139839167219846 0.02075324429361622 -0.0017858732595751263 -0.05223508493709511 -0.0361791595612698 -0.06811278431139897 -0.03817503490456253
0 19 -0.040512618924823066 -0.008837807843659506 0.072974054063874 -0.05631991392349628 0.0016152746855393816 -0.028355166059356098 -0.016891814382148575 -0.007049260949783102 0.0463648422067272 0.022593488669605796
0 20 0.003509304800708519 9.98584135104297E-4 -0.08802129753767174 -0.08707744776093584 -0.06753473403262647 -0.03192312034844807 -0.08385197634419894 0.028639225455873555 0.07432871158796675 0.02022926214599552
0 21 -0.05149104079166033 -0.09940818867347269 -0.02082083707017674 -0.01599713351568578 -0.07439427752780414 -0.002918989744628188 0.07469717031511877 0.007523027355229083 -0.03501013363478056 -0.06928919200358333
0 22 0.03112220632518571 0.031279347521809824 -0.09888175084028007 0.00380103792912107 -0.022742889533639475 0.06925286201821938 -0.02772226763674645 0.010186407075670123 0.09300308981545936 0.047580272317437854
0 23 -0.017347637927245484 0.0788062044730747 0.030884136339998983 0.02430930194190376 0.03879821428681029 -0.006688881649012024 0.06969689905894205 -0.06294633501086808 -0.014359365405712428 0.08781176883851441
0 24 0.0731354650140566 -0.04167342609680174 -0.07152636979860924 0.07020876469435976 -0.06604683566058896 -0.040838859702273175 0.0014652753082491999 -0.02788520212275072 -0.020503935893196903 0.08421201728844432
0 25 -0.09449394331186386 0.03633245000383 -0.07305724620313556 0.08367950883738337 -0.03652439520410378 -0.07225779860481077 -0.032203950479304924 0.051023548301929324 -0.029920172532198263 0.07932322899504582
0 26 -0.03478768313584562 0.09767823448519099 -0.04275828414617176 0.058719710015788254 -0.01874504010841389 -0.03528051822305255 0.0045887234580895666 0.0401268578352372 -0.016984856871564563 0.030445856976472303
0 27 0.03460148738211424 -0.09011792370638955 -0.014531906956126649 0.041582280880507194 -0.03520538010203915 -0.09469489583089379 -0.07595612248537419 -0.08395454624951257 0.08547551181459927 0.03119498451787146
0 28 -0.026378891078993327 0.0283963321609962 0.04231255234495064 0.008898233304519297 0.057982403292532105 -0.03551313342628665 -0.09410052332608405 -0.01573255868878151 -0.0462494809996485 -0.07047683743289215
0 29 -0.014676043242801638 -0.055579919080491105 0.07886976537072454 0.020119789790433714 0.03307973741865451 0.09768985531094096 0.04242306193735153 0.056668406645860675 0.06952667942015679 -0.09097623391018711
0 30 -0.06249650550795534 -0.054762131956132803 -0.08818541597734068 -0.009932576256309398 0.0692921131599398 0.06699831106066298 0.0794245960241998 -0.016613601129051924 0.037648732252784124 -0.010614611215771143
0 31 0.021439366075013833 -0.01508697758822502 -0.06032955116495918 -0.09673591303046261 -0.06039206000783804 0.07284999241555681 0.023816194942757395 0.061329723992481065 0.015930766219277664 0.06103815514252392
0 32 -0.09269997991583176 -0.018553004889763296 0.044387047171553375 -0.03975862366919174 0.05408459470750263 -0.06424739232648424 -0.08563292099049465 -0.07700062026249 0.038804446303081025 -0.0023733530862449516
0 33 -0.07914054155656632 -0.043851744772645654 0.014682209940653446 -0.05362925573387492 -0.05875600232199944 -0.07135863948072108 -0.04397787984855998 0.033839191481677265 0.027739133839893182 -0.093192293188668
0 34 0.0029050282139467627 -0.052268114029147564 0.068052194885429 0.017341232004174027 -0.09533561033277282 0.09954657664200998 0.06390503478322979 -0.09277435757181673 -0.027214437980636035 0.02817319296707001
0 35 0.0043240346315632705 -0.039477609461377655 0.06908262742734939 0.032589443594166934 -0.08107150091258386 -0.009577074266806996 -0.007572166042130445 -0.05702353433501014 -0.01996704967336423 -0.03419715567810501
0 36 -0.0744734411549141 -0.03374765133647653 0.06521140223563453 -0.09010197959129422 0.046636920607203355 -0.06490765362081959 0.08704008950517457 -0.0889759120614991 -0.03014016102766099 0.013241579281636235
0 37 0.09812916814497687 0.05205868894574643 -0.07785638203947565 -0.05954060373038325 -0.045251869786467655 0.08435239792079754 -0.03939398080490581 0.019307783093225447 0.08921815565447093 4.208821972497492E-4
0 38 -0.03728859026739057 -0.09926730912458821 -0.03813490032682125 -0.04003778442123453 0.09709732383436538 -0.08047752101291433 -0.027421786547127153 -0.09112456958783081 -0.010648505672614392 0.03609590157248406 -0.07724679261445991
1 0 -0.014818978495896074
1 1 -0.08009441196918494
1 2 -0.09791635721921967
1 3 0.09139291942119655
1 4 0.053851969540119136
1 5 -0.04615135863423307
1 6 0.055842548608780566
1 7 0.038966335356235636
1 8 -0.05766750499606067
1 9 -0.017559105530381338
