## LambdaRank
## Epochs = 100
## No. of features = 38
## No. of hidden layers = 1
## Layer 1: 10 neurons
1 2 3 4 5 6 7 8 9 10 11 12 13 14 15 16 17 18 19 20 21 22 23 24 25 26 27 28 29 30 31 32 33 34 35 36 37 38
1
10
0 0 0.03180880869064411 -0.06679820501946733 0.003481902706820087 0.0935811070341046 -0.00709132071542395 -0.04110866231471066 -0.05878530721205505 0.09250291232427434 0.03235976292553695 -0.006018857263789783
0 1 -0.006830274483758616 -0.019219062456643978 -0.07914903807613065 0.09504375181012276 -0.07840224129026603 -0.020479665006898466 -0.012412619279253963 0.032937458983662224 -0.02993248983897441 0.02183731370429248
0 2 0.03631687783209091 -0.017031958633471286 -0.014854330801701966 0.05024950937805357 -0.0874922618007152 -0.03449594715756263 0.07529001986862371 -0.011055728393458643 0.05561347922954226 -0.024849884763384605
0 3 0.06371936932593314 0.013484636451224205 0.07358754983757922 -0.07853817459436649 -0.035978615562727155 -0.004980025017457737 0.048620070905004226 -0.034675567107491215 -0.005708482849742642 -0.07869743709440322
0 4 -0.09539175934623753 -0.004346896257797051 -0.01444953006352439 0.06373723416094744 0.09762439712465765 0.09961208854971342 -0.04988355823181303 0.0964544942807588 -0.04217289627328581 0.0908787767597033
0 5 -0.04138597416910876 -0.09603643349816526 0.06564445138602863 0.05362144048330276 -0.070236936163591 0.03558336925039867 0.006303774067107463 -0.08734234270997945 0.06143106729963406 -0.008990424773522738
0 6 -0.07678752690571655 0.007616503512870601 -0.062207243207874366 -0.04306617367604144 0.06042575109532795 0.01901310696318471 -0.07301265793610223 0.09125095207830884 -0.08632938026539799 -0.0727266895998066
0 7 0.06954015531891596 0.08103449503349479 0.05779886861768842 0.0031993477518834383 -0.03838339416211952 -0.049082721007076696 0.08948803972848769 -0.011124133087666412 0.06228722882476951 0.021478289943108218
0 8 -0.06488703964401372 -0.03872377979439121 0.001793683308650356 -0.03555515866656784 0.03400907607848049 -0.03341614535800015 -0.06220342929677183 0.003476692723764257 -0.056166908351055325 0.05206788586939291
0 9 0.08186784979120458 -0.04353565631751618 -0.03877177690267801 0.09807061775146016 0.048379660067950754 0.08377667916273897 0.03354573840903802 -0.014973744488493741 -0.02674176097622795 -0.05260936722127608
0 10 -0.03337294059906456 -0.08089787752391182 0.0903030958585794 -0.03410117710802233 0.05008269711920511 0.06700590709289268 0.04600165295935612 0.04804836771629426 -0.06923540213512325 0.01653988259311633
0 11 -0.08954104994100365 -0.06838275187853307 -0.04874814277648527 0.0072013978468450195 0.05966775694017918 -0.05481542568706768 -0.06850194883405539 -0.03503257381553489 0.027170803234174767 9.736336278066967E-4
0 12 0.04726495605937041 -0.03771381738086743 -0.02888616426681059 0.05466486953960229 -0.009807127609386687 -0.04213198509974751 0.04882005847035584 0.06884677438033918 0.029462860249762565 -0.07379368765221889
0 13 0.056511605728919445 0.07737782588843228 0.07004229408373576 0.017676318655813657 0.03591890594354255 0.07287034611617071 -0.023751555044687327 0.05486714533569593 -0.07380924799430236 0.08486833781037681
0 14 0.06876558740337504 -0.029795703561397192 -0.04075814578062721 0.014910059459026532 0.08019322195239796 -0.019157533991074834 -0.05042771457681226 0.09083439009960845 0.08338657600148298 -0.0899378526325899
0 15 -0.08956013295692342 0.041872985684759056 -0.07544296126073943 -0.02547544705887498 -0.09426685125275755 0.08328950460590119 0.03562826743419085 0.0972899208636377 -0.07627639437617459 0.01948150905857483
0 16 -0.007736240517320439 0.038272822537347984 -0.030287710863726818 0.041167988186028674 -0.06491735860334726 -0.04575194267293202 -0.003322213908638274 -0.09705202210996787 -0.06201121905069852 0.007321510973214212
0 17 0.07104329023652012 0.06550635306081111 -0.03767795005164219 0.093089404765957 -0.04355425583572707 0.0397833134145554 -0.05532226583721388 -0.006488617968829 -0.020839917364573652 -0.06493399759827126
0 18 0.0614448649736676 -0.01546178646443151 -0.02651756790957947 -0.03510657765127714 0.09442779942121415 -0.016695335159542402 -0.07573749301332466 -0.06514483392160231 -0.0012707333629444768 0.09682567766044764
0 19 0.07533503375215607 0.0026167329731319232 -0.0047972227279310066 0.0649497547653219 0.010501359182823466 0.03301639052051811 0.01698977946186216 -0.026315524763154206 0.047075160209069516 0.06274629558631915
0 20 -0.013760793442252199 0.055020637109188204 0.06608641856788566 0.03495021807468759 -0.06875651155251826 0.0031123607546429633 -0.05232838214056616 0.04447048390075099 -0.09568081871279183 0.05196465927699748
0 21 -0.07763525119621177 0.07044464388068379 -0.061046320373630836 -0.07185677877819059 0.057184286013818086 0.037202379228974534 -0.013424930349758817 0.0063011982247723605 0.006326038743047003 -0.04902688470727537
0 22 -0.01998940994770954 0.03854807249448884 -0.09341427538701408 -0.015933853579595314 -0.012604189282008762 0.029511800790780803 -0.06644841486874441 -0.0036860873524260343 -0.02642933909941685 -0.039251994367747185
0 23 -0.029969177608221653 -0.09658744293918321 0.053734277236577935 -0.05625631893190821 -0.060229753196749655 -0.05690255036276079 0.048942366242623825 -0.06226561281854983 -0.08138503194891168 -3.106442457238008E-5
0 24 0.08946676622077936 0.05633658586482838 0.061193145082251064 0.08441424676243044 -0.047446045584047115 0.045131037573086015 -0.05733065908972667 0.030037664279363652 -0.019301558731441196 -0.08064871363621001
0 25 -0.009769957507617834 -0.04038027351930973 0.04575064150720498 0.09853054772331281 -0.07641314333472507 -0.09655749777269555 -0.08229393456488383 -0.05560486365679543 0.01006268475962227 -0.04093972499266152
0 26 0.08834024460056684 -0.02836968960016969 -4.906222862578314E-4 -0.03690586328539719 0.0682165567189722 0.0566144500601797 0.04505729580462216 -0.020688012839519217 0.03389226574274733 0.054752152230168695
0 27 0.0637355541676384 0.018519260849071555 0.05797491119998524 -0.02978153457604102 0.04562560861521138 0.005453952463663621 0.05050473665231877 -0.053892275125489275 -0.09925127009302782 -0.024619837526110386
0 28 -0.024425389482749554 -0.04130340171999096 0.08073338723186997 0.06956562698913366 0.011616700028917027 -0.06994089704370374 0.08984956677092792 -0.05533865541771823 0.052632629013570145 -0.06953300594364234
0 29 0.057386287470482654 -0.06936938879858799 -0.01191163270887249 0.07108830096095273 -0.09539193171793893 -0.09820133261065431 0.06317392831656539 -0.07499342805885865 0.044543631810113594 -0.07104018126245587
0 30 -0.0494624713470384 0.04864094672659876 -0.03360588800979231 -0.04907322882850361 0.04591059396553289 0.009578306533104684 0.060711078622759866 0.015148271632013764 0.04483459121499114 0.08323533076367373
0 31 0.01558395836514296 0.08713378735136056 0.03793655322978263 0.051989234576513936 0.09002223625696444 0.08547343824209111 -0.09229662751609853 0.026725946225101146 -0.0642153867210763 0.03566583117434218
0 32 -0.0037846186704346063 -0.07954877947093432 0.015224870905223986 -0.07485489881638581 0.06467039431420979 -0.07363488689446515 0.06622639857848778 0.06236577037612015 7.364374833032669E-4 -0.01390709176754879
0 33 -0.08362237588216666 -0.06532756209403646 -0.016711202662605992 -0.0212030892998419 0.03558265279206966 4.906084370491629E-4 0.03839406974193438 0.001008536187487409 0.04280689903584738 -0.06585373937646706
0 34 0.05799798953735783 0.040880649891633064 0.08954878040092468 0.09341533411457217 0.06437795817497201 0.012947798695168471 0.014530464818481106 -0.0738873780487279 0.09253465985810591 0.012413375194031845
0 35 0.06613558530807495 -0.09782791137695312 0.035787057131528854 0.08027569949626923 -0.09252728521823883 0.0542522557079792 -0.04179638624191284 -0.0912133976817131 -0.03130554035305977 0.09360088407993317
0 36 0.058153133908460296 -0.09568959488130402 0.08001979155341316 -0.05399642391665438 -0.0018219512986943677 0.01046185222025763 -0.05700367370030333 0.08659757696895809 -0.0013974392688718574 0.0454981616968318
0 37 -0.007456021178049216 0.09323627974929946 -0.0018037457059554918 -0.04041410828301973 0.06936778362847461 -0.005902042212007873 -0.025147096179593504 -0.05864600758049721 -0.0925386041490493 0.0011832851929961831
0 38 0.053068098024336346 -0.07840098020037319 0.012902994909304976 0.022337408915966046 -0.06269775906524794 0.08625172237221293 0.09322604099653205 -0.09205542037057561 -0.08732604318264695 -0.09913982608981792 -0.04848640412092215
1 0 0.05979899689555111
1 1 -0.05383539199829092
1 2 0.09394450485706184
1 3 0.027952522039413466
1 4 -0.07242450118064894
1 5 -0.0819326490163811
1 6 -0.03646448999643326
1 7 0.09036968648433828
1 8 -0.06049187853932391
1 9 -0.07256548106670281
