## LambdaRank
## Epochs = 100
## No. of features = 38
## No. of hidden layers = 1
## Layer 1: 10 neurons
1 2 3 4 5 6 7 8 9 10 11 12 13 14 15 16 17 18 19 20 21 22 23 24 25 26 27 28 29 30 31 32 33 34 35 36 37 38
1
10
0 0 -0.09498431726935451 0.09984614511673806 0.0512557428628761 0.031442512933345275 -0.050970616548370866 0.09915331996961915 -0.011569887059319592 -0.03791461151909193 0.08338364206147572 0.05408535799355606
0 1 -0.05141878293466971 0.09257204252889915 0.08193131629309393 -0.057388508126129036 0.00834799740387574 0.06834106565421459 0.020518452314026277 0.036720348541617424 -0.08431323421638262 0.05710622392820958
0 2 -0.09955116804570736 0.08527941552329911 0.0985738358880607 0.030366643004635114 0.08548124795368825 0.06794773720628709 0.02791491924609081 -0.047492680680424074 -0.09529525822303213 -0.04755009573641097
0 3 0.01573193329908161 0.03404857332544598 0.020163087153229505 -0.016893062920465725 -0.09835654791695951 -0.026726083100627653 -0.09473027673496408 0.054000633770500024 -0.07953519441889813 -0.09587202749213525
0 4 0.09633389472816205 0.04037419433027472 0.08218428107757315 -0.011855032863161757 -0.0019174035515897021 -0.09497985486767914 -0.02018341721077343 -0.01719386749259223 0.03942684837157718 0.08041860718200249
0 5 0.06250000814571595 0.0029890865927404728 -0.04527995540893322 -0.03187694893498098 0.006919629786969248 -0.06503350671757935 0.07974188074042222 -0.04428734857046957 0.04107286774565227 0.032808543007519696
0 6 0.05808903253497694 -0.02888862454823055 -0.04529753945774243 -0.02281944722702476 0.02682458009344841 0.015913457416435354 -0.08307240365884029 -0.06667998589583124 0.05181844044008882 0.03760500879356489
0 7 0.03267413632154898 0.0037392613968425126 -0.08755494757345166 -0.07252377839961431 -0.03691349873938572 0.00856829823087036 -0.06555955362926069 -0.07039237791579428 -0.08628608939684648 -0.04406660095013444
0 8 -0.07392562096914801 0.005302902953529115 0.005534132697615622 0.09256187351646086 -0.09967722667134049 0.024247046182265804 0.08344967943928167 0.019294647153621947 -0.07093903392541501 -0.06793447010374445
0 9 -0.0715465371333866 -0.06536230538952106 0.06695585392208168 -0.04125236201257376 0.07830302957924969 -0.0504655073206957 -0.0604962778975711 -0.00179994276661501 -0.002913312264579489 0.08969663043873902
0 10 -0.019375906649467194 0.0169623515136315 0.0845276265852067 0.09334675074609267 -0.021874158045397392 -0.011729624074887418 -0.09143872688866433 0.023630733361784693 -0.03379721698031879 0.09325260447661611
0 11 -0.038571688529832344 0.02810658179892079 -0.05466645772469555 -0.09108350949970197 4.731765355391935E-4 0.05617397373903119 0.06466515147440262 -0.09659618848107476 0.0826814140624736 -0.0918583719849072
0 12 0.09461224693336322 0.019987632499746517 0.024433258547185914 0.003817965242674521 0.09706505165550255 -0.008455485236381961 -0.032398720422545026 0.021907480620133153 0.018308181280315906 0.08564661187643903
0 13 -0.08664271494825973 -0.0984570577818944 -0.05815094178463324 0.07889502950778683 -0.017785881519086076 -0.002050677626163741 -0.05728861841988348 0.09837962154906389 -0.02752271277442161 0.021605636440639668
0 14 -0.07036873055891815 -0.019910624639251397 -0.01297430370097621 -0.02966753057271042 0.06730339248233007 -0.0024148323304461097 0.0603897659499932 -0.0649377192656599 -0.05447429371903362 -0.03950387945056739
0 15 0.09334997354188146 -0.04616480713690323 0.023501789962874355 -0.005108965616855204 0.09620419942635652 0.022481592815689157 0.015685535506702732 0.0032848049192005908 -0.08500585270792191 -0.09818595895994704
0 16 0.03705564667975899 0.07350618707744037 -0.06493444209240727 -0.04413657396963788 0.07111111206750086 0.03450189946623774 0.09574421961628325 0.022401291854201907 0.014165187106204957 -0.07204192977639932
0 17 0.08494414484649641 -0.005989832522777955 -0.001670524903366344 0.08906912193873455 -0.04218215990256582 0.07129193983160123 -0.002984433370518494 -0.04021137826289048 -0.057635749790951894 0.07728762620303
0 18 -0.036716789126420915 0.06686161835250255 -0.012387196948268248 -0.022582896433014085 -0.09921768531938932 -0.03404194857556403 -0.08918231475899646 -0.08917460808639789 0.004554644398251479 -0.045555729506931056
0 19 -0.028479789832156197 -0.03984503041901156 -0.006124484977381862 0.08019128997909752 0.06637296606246079 0.035357523447730695 -0.007063233554607236 0.04844382990044745 -0.09868056885646362 0.07691937702945009
0 20 0.06955843823581834 0.016511387170742634 0.03848578672547785 0.05964998347988299 -0.0016167471884627506 0.08245454580776017 -0.07326587280184346 -0.04366053085287658 0.033829733153762795 -0.017870309498160365
0 21 0.08214944926989584 0.010578098985133127 0.09853937538086038 0.007762910103484765 0.043806719909034834 -0.07565698984792256 -0.08901484878342611 0.031131349519106864 -0.05114244751259079 -0.06807232208408276
0 22 -0.007234963618440056 0.02528984388219911 0.050272554010369196 -0.07542534459430589 -0.005499197165568848 -0.06802248619756339 0.03809357615337494 0.07235167961209281 0.08925995459074659 -0.0934459404534411
0 23 0.08532865172832003 -0.017723616457690817 -0.07637276854581972 -0.02981276405448251 3.4123479300262035E-5 -0.010048725136857348 0.0015078993565146432 -0.010429010658765524 -0.010362179350347849 -0.03653492699045365
0 24 0.01344037046197002 -0.06256955089212425 -0.02474066062874591 -0.03767762995264311 -0.03771406335296429 0.02339621783452873 -0.022647961821087206 -0.03628725801288823 0.06751602742784099 -0.06684181134811813
0 25 0.03984790934007328 0.04752662579749563 0.001475708550671348 -0.050861720400207734 0.038135823302072734 0.0949089623069448 0.06875528601571151 0.010590804130876822 -0.09165907130939427 0.006007927022938322
0 26 0.06902186662624256 0.02964330456588505 -0.07927265472156289 -0.05129249722922278 -0.007628433796732728 0.019227095934861965 -0.04562036946058697 -0.01962134056815034 0.024890271396190267 -0.022657943733892606
0 27 -0.08236884996876975 -0.09473544461268697 0.0023625739779410287 -0.04151943867854493 -0.08541202685194366 0.008533964436409082 -0.07875647729458891 -0.048932523272243574 -0.06390547557081878 -0.09894537392211109
0 28 0.023461264819928267 -0.015270969551380662 -0.01260425830620213 -0.09289748551397409 -0.09658723908200302 -0.022137967311257428 -0.010274761131612653 -0.0681878654049885 0.07104232675439129 0.08154842914326213
0 29 0.07383539136471202 0.021969567644238446 0.004343396307152322 -0.008976430039829958 0.08038663103043525 0.08814635072187411 0.0257052619408081 0.02131023802781586 0.06746540582418928 0.001110773587402707
0 30 0.04742016388793095 -0.04374707370200948 -0.035599805350929936 0.09908380676431192 -0.01859783656928824 -0.013248369939945942 -0.006652116510488044 0.09675146927568812 -0.014041981268869705 0.06043674065529557
0 31 -0.036454065667754616 0.03388367101986921 -0.0914258089359209 -0.036701527000448264 -0.0408031280852192 -0.024400165672223948 0.05578087919894441 -0.028624435815749732 0.07054690241841682 0.08852361960500839
0 32 0.042077255102405425 0.06836598853909956 0.062403307565242816 -0.04970973046532649 -0.06350838301948067 -0.004593709629690629 0.0012572396143730523 0.017562340203968747 -0.07657573698096276 0.0469113664935781
0 33 0.05103251657389008 -0.057890243323491734 -0.08173390878886143 0.03389146872133597 0.05147232431929162 -0.07237092576848372 -0.013074229704365914 -0.0038592035685576205 0.031727860020044324 -0.07119090304275096
0 34 0.0699201456869373 -0.0667395352807505 0.06191484187300605 0.024326414696799303 -0.008585211453130164 0.08502979874803185 0.049500259352763386 0.019879877328094018 0.043595886266525996 -0.07261110666006883
0 35 -0.08857510989910972 -0.040939915914625646 0.004125433977052541 -0.011100882722576949 -0.08695341644532728 -0.09661585841684212 0.0537027716180363 0.06524493545719162 -0.028608608945294156 0.00728022452646384
0 36 0.009041004624964299 0.05119396278720739 0.07707038494341689 0.04929779622625511 0.08729535894685286 0.07450420772268931 -0.08918125512398274 0.01030528507006409 -0.07014760044088932 -0.008309590232058298
0 37 -0.0880205904947075 0.09253442646300192 0.0978175580328194 0.02634245508622472 0.0387277918329254 0.028696719142795403 -0.09644036711332594 -0.04043703999747342 0.08192206586588861 -0.04273881899220145
0 38 -0.00974206709338442 0.02821177663305237 0.01897397091203486 -0.028664806636560423 0.04868925661068331 -0.08097843210280203 0.005266664532925398 0.07888901443373708 -0.05335956954420077 -0.03745792906584317 0.03307494521141102
1 0 -0.09814728796482054
1 1 0.01731008291244481
1 2 0.005040019750595106
1 3 -0.095818981528284
1 4 0.034996639937162295
1 5 -0.0661721155047423
1 6 -0.07468948513269232
1 7 0.007069033570587699
1 8 0.07462923973798787
1 9 0.09467247128486683
