## ListNet
## Epochs = 1500
## No. of features = 38
1 2 3 4 5 6 7 8 9 10 11 12 13 14 15 16 17 18 19 20 21 22 23 24 25 26 27 28 29 30 31 32 33 34 35 36 37 38
0
0 0 0.03372540622077223
0 1 -0.06795159286301652
0 2 0.009923481804966031
0 3 -0.06391315880749542
0 4 -0.019560411796633374
0 5 0.0020765944465761174
0 6 0.06628716613671154
0 7 0.06528256306462568
0 8 0.04443726755572419
0 9 0.09939224298308448
0 10 0.008633043643915421
0 11 0.017025609511152978
0 12 0.10083553174835731
0 13 -0.05398796129398309
0 14 0.0216220826760728
0 15 0.04939326997027649
0 16 0.0998851117503643
0 17 -0.05274704201467174
0 18 -0.001983686590635907
0 19 -0.09575961124201611
0 20 -0.07003536213933775
0 21 0.082431076589348
0 22 0.003959196665603017
0 23 0.0825090492753696
0 24 0.010334927802484262
0 25 -0.08613704049327457
0 26 -0.010404494091352986
0 27 0.02195763673728606
0 28 0.07949123875865359
0 29 -0.08446352686282138
0 30 0.08508801776179718
0 31 -0.06668513848588506
0 32 0.04881875067332939
0 33 -0.03800975173884578
0 34 0.02585088369606478
0 35 0.07208709339513918
0 36 -0.054787371572007866
0 37 0.055446660260775917
0 38 0.022322719916701317
