## ListNet
## Epochs = 1500
## No. of features = 38
1 2 3 4 5 6 7 8 9 10 11 12 13 14 15 16 17 18 19 20 21 22 23 24 25 26 27 28 29 30 31 32 33 34 35 36 37 38
0
0 0 -0.058185290759053016
0 1 0.06580908170360586
0 2 0.027557060364493964
0 3 0.0767878145043162
0 4 -0.07073499470466155
0 5 -0.018974766641939554
0 6 0.07554789824616272
0 7 0.07796452575890737
0 8 -0.01836989168101984
0 9 0.06414695169857533
0 10 0.09337763405088063
0 11 -0.040615902565856545
0 12 -0.04694858840331381
0 13 -0.08072971200136976
0 14 0.07547975566536183
0 15 0.0323417712158202
0 16 -0.060465484603508625
0 17 0.0868845621325179
0 18 -0.08925446028243021
0 19 -0.07535243152003421
0 20 0.08281402718569103
0 21 -0.0011525624482292217
0 22 -0.07524523223242807
0 23 -0.024600660681721825
0 24 0.01833849203022428
0 25 -0.02171750350091218
0 26 0.03578106341494493
0 27 0.0317564630286621
0 28 0.04942295992672636
0 29 -0.009332164863813077
0 30 -0.03642019487112615
0 31 -0.06067748573105021
0 32 0.09357130422460974
0 33 -0.06744333418793913
0 34 -0.015448234794238874
0 35 0.07193124387088587
0 36 -0.013980948562329558
0 37 -0.04014720486514405
0 38 -0.058835871517658234
