## RankNet
## Epochs = 100
## No. of features = 38
## No. of hidden layers = 1
## Layer 1: 10 neurons
1 2 3 4 5 6 7 8 9 10 11 12 13 14 15 16 17 18 19 20 21 22 23 24 25 26 27 28 29 30 31 32 33 34 35 36 37 38
1
10
0 0 -0.08142085068529684 -0.1802290257194355 0.024051072666294266 0.13521865887721157 -0.04192520485884431 0.054332294772195436 -0.0016860356624788535 -0.06213632654187672 -0.19805022030572267 -0.046773722446299966
0 1 -0.06808320085947181 -0.358615830320909 0.06914302143707046 0.17379362060238554 -0.298732832597691 0.08841707545902314 -0.19853206756282238 -0.10745479024546079 -0.6830248262276555 -0.10933026619530756
0 2 0.05417059378828065 -0.16932046931235506 0.006128256769075805 -0.02934533002006509 -0.12429720680430761 0.011047219659527872 0.059314552056308076 -0.08159418897643653 -0.13013796970323815 0.06455152762714884
0 3 -0.24499865777374702 -0.4571843984895244 0.15345620823611222 0.3276975288559978 -0.6049216428702722 0.04667223403768004 -0.27001504226936973 -0.001685866246352899 -0.9297888025176623 -0.2422282873772832
0 4 -0.02831959574739275 -0.11954101576630445 0.08823351708724171 0.12702382915317123 -0.20312266521021238 0.04609797365846577 -0.17609113182124836 -0.06823776945692575 -0.28314066591303083 -2.617015598375768E-4
0 5 -0.025143181605306084 -0.26685550930827406 0.0250500853414403 0.17053650855459945 -0.32137087782000856 0.001014921715521657 -0.15012912869618086 0.03215527115431668 -0.45452013980568823 -0.030519054737653505
0 6 0.22222810144329516 0.6076361218518811 -0.1594688733412113 -0.4034224194044294 0.7824191329134783 -0.10437701088967118 0.3814393096754334 0.09866730411904549 1.14854992420559 0.20313490393000122
0 7 -0.02812221162791219 -0.4044310070785705 0.03848346311953056 0.11274548967994052 -0.5143841634166925 0.05534252485944884 -0.12763383350226007 -0.08633004934072157 -0.760716178768954 -0.1105893772182254
0 8 -0.12490203609758989 -0.17343525560726047 -0.08100067735781559 0.054031919732402366 -0.15419515805040154 -0.07220034990118553 -0.10993986721600833 0.024260954513536152 -0.18810344757127873 -0.06884902136022188
0 9 -0.029940137623988797 0.10599556956966179 0.035285430804251804 -0.09053509502892797 0.09699760167891874 -0.014186013161616367 0.10172543770472312 0.09674903897012783 -0.05843175484923099 0.05371609239262113
0 10 0.08617160918494125 0.0010925785258976725 0.03135786591962719 -0.03871533538884894 0.11884429784346472 -0.0024594998490809882 0.04314350810185444 -0.05187160863794097 0.17836373055877955 0.020644775795278125
0 11 0.03445046190685987 0.04373423560011095 -0.09899375571302466 -0.08122582138041072 0.10807437318021533 0.06888808561420451 0.026880708240990977 -0.049717415932789395 0.14555646653992949 0.07816648181331994
0 12 -0.10191365045326599 -0.3222093485328493 0.04520445068699819 0.2251933993644158 -0.3840173759161319 -0.04205059400097782 -0.1559883261878849 0.03240481421123107 -0.546454829970151 -0.17801391020608157
0 13 0.019563980608697854 -0.11442159542404884 0.036710002261019975 0.1446582825797292 -0.29508759849317173 -0.028242686980597266 -0.1853875071156817 0.0580400678072121 -0.5039931476118936 -0.15882450202851586
0 14 0.05665883533306541 -0.10370095738479193 -0.04645129303207886 0.0575915228398497 -0.12480642149168562 -0.04721321492598327 0.03718564077568061 -0.09984917665121303 -0.03112896854823129 0.052763830425676284
0 15 -0.11773550222121061 -0.14682067709136526 0.008929903332298575 0.09719164140612555 -0.10016461864372611 -0.011420863620187665 -0.01695371404221674 0.06330132185522457 -0.0926688515048197 -0.024857456441067866
0 16 0.02980889024757407 -0.10394805412171988 0.031978923698467006 0.14053486529461134 -0.050433493898123585 -0.048055006557779785 0.048205171314047925 0.08680601962147089 -0.23141245173431763 0.0589657456948004
0 17 0.06783914397603062 -0.06012353415444124 -0.012684756334574781 -0.05922600651154864 -0.09941059423293075 -0.048398771408480305 -0.09396726323431495 0.0844949200144874 -0.1445739253081231 0.015227167335725586
0 18 -0.08502661896780123 -0.1989007237585229 0.054709411818407126 0.027111660427785855 -0.12572247489380425 0.011446479955851421 -0.12674507699820853 -0.09519949730297081 -0.35139250503589103 -0.07306906846718446
0 19 -0.1289941130150948 -0.02652495983173174 0.06714512007973207 0.1452851272447431 -0.18282595787086037 0.010178558448132343 0.028930536014413952 -0.03975331190165579 -0.2989585743973528 -0.05720506111744952
0 20 -0.11764050478610569 0.008970898988701927 0.06708564886862928 -0.022338942097822986 -0.14912778750133324 0.08278614771622278 -0.11209163898106153 -0.019061516059384737 -0.17299159531293548 -0.09536527384459302
0 21 -0.03654486286879788 -0.10217700546885228 -0.05930538031863478 -0.045713748387013635 -0.08879248032210564 0.1018762630051471 0.05260793788152392 0.05423239286547981 -0.19065352433694988 -0.06408570949689879
0 22 -0.07683753653903509 -0.08381961079714909 0.012630185408823373 0.078859895303051 -0.11594576607005212 -0.05885651384390571 -0.05542404613048842 0.06863251385324959 -0.320996443773664 0.017204534982232865
0 23 0.05698287871382091 0.06560041542371449 -0.06141459485519687 -0.06395923331339169 0.0638698454011793 -0.06586482136452305 0.05081739217555638 0.057656120854876404 0.016512915723165024 0.02793481271207765
0 24 0.030713769442703074 -0.021108011885238746 -0.024505227767585347 -0.15262808830006858 0.17596253457495473 0.05005997954997046 0.06930012156617704 0.08178796033821105 0.18766245915476076 0.12637392549410237
0 25 -0.11212857776861311 -0.017574675175363156 -0.05559790628796429 0.010721475279555292 -0.07105908717568482 0.04856440839104314 -0.11021405405806041 0.03076602473215229 -0.13556741950302445 -0.10598136896568316
0 26 0.02481880970224493 -0.048926550092183274 -0.08840392538076468 0.0033450850164988655 -0.004652024697083692 -0.01979861599477199 -0.01566516562544949 -0.042560371492082964 0.047639314320060876 0.04210258770593354
0 27 0.008604036750371946 0.023239112246030053 0.07917180615863273 -0.07490659805768142 -0.08471437255741929 -0.09216922361067444 -0.01897102581203328 -0.020528891657200194 -0.10692004404820926 -0.03311217591912264
0 28 -0.06367401746919654 0.07241481810472028 0.08233707303499611 0.017555881837103784 -0.013487721409851742 0.06301697092344298 0.0035905668562624146 -0.040926701852466434 -0.03867710660150067 0.016065508647179254
0 29 -0.06132996805282087 -0.06954684142256387 0.015923292690906175 0.07862162061831067 0.00589822539021096 0.06460801860501947 -0.10280402607056052 0.07539757171358183 -0.03466570930046821 -0.12095683295943617
0 30 -0.03558025798509785 -0.10831452411800772 -0.05212980292832048 -0.03351515127991028 -0.046983349601240995 0.087901536804785 -0.050674480830054325 0.006931270855885049 0.03996451771342828 -0.06564160808609323
0 31 4.4043038212300474E-4 -0.007793373223432847 -0.06726336415964412 0.09842367881529611 0.00355089783264516 0.05350246008593548 -0.09799319374248829 -0.02123262083492816 0.06911858060992622 0.07890213295550566
0 32 0.054480066981216095 0.1061349811010507 -0.08958314495126396 -0.029589385298118307 -0.029108092803566216 -0.019713315428033385 -0.05030246163350675 0.08076970767371985 0.14926686358393818 0.021263099426534343
0 33 -0.05560916995778359 -0.14350250760058172 0.055664759556352444 0.016829660476420684 -0.022638362826498414 0.06678865220793333 -0.11088199992890316 -0.009376427528268698 -0.10276755442449152 0.009185049072911502
0 34 -0.06444875935679654 0.04071967901112979 0.028835700302330684 0.10067904638914664 -0.05644085689788967 0.003019314252216223 -0.006655368000007713 -0.0285319237597237 0.016193399564377008 0.08656026781430702
0 35 -0.020332772194563826 -0.06896241790427403 -0.017054307685157467 -0.02346927271263089 -0.04822936803324945 -0.054232201929598135 -0.03116776276437214 0.039159938741469565 -0.07926028734460172 0.07335368471162639
0 36 -0.029804683921340943 0.053411885787277326 -0.08054628170040698 -0.07642052767384595 0.030956695444847138 0.03088639891743789 0.013837767320465204 -9.656546669918912E-4 -0.06170693760741526 -0.009018951696907343
0 37 -0.009251712412371082 0.07044322086810283 -0.09503194027657541 0.0076405022010658285 0.06040199097803805 -0.01706467901613466 0.04165308950137913 0.0661655323883652 0.018532306614498048 0.016381471177295725
0 38 0.059478718258721794 -0.11760385133513994 0.08427905633838927 0.052588897954802 -0.07466724108727464 0.023111063112153673 0.060256994937428976 0.07287147997051753 -0.09859546288103155 0.05991389571163094 -0.02364317439492784
1 0 -0.413191657706984
1 1 -1.1096188632092219
1 2 0.23401807066290728
1 3 0.6823841081142963
1 4 -1.386452805772181
1 5 0.10380126441052588
1 6 -0.6564101460758276
1 7 -0.12845385412716231
1 8 -2.0676395837494117
1 9 -0.4528495021953544
