## RankNet
## Epochs = 100
## No. of features = 38
## No. of hidden layers = 1
## Layer 1: 10 neurons
1 2 3 4 5 6 7 8 9 10 11 12 13 14 15 16 17 18 19 20 21 22 23 24 25 26 27 28 29 30 31 32 33 34 35 36 37 38
1
10
0 0 0.05041670707146398 -0.0449022870761036 -0.055710403587510254 -0.16686081587781776 0.06877406468346728 0.038646644028579064 -0.00935222961955842 -0.006094094072188352 -0.05296575716454795 0.07736883888543862
0 1 0.12346699286356158 -0.007738232528683662 -0.19508519608208333 -0.31072805530831477 0.5240891641179832 -0.21455205409019082 0.0015643571342294738 0.3239197656339383 0.06180684840862364 0.07133179574036913
0 2 0.13796636845038077 -0.08296793717189742 -0.10170433826063803 -0.08148870400581044 0.19678821066597163 -0.11007066316821 0.0554971006630347 0.1585923028569856 0.022355110359454096 0.06540812880545946
0 3 0.2564712394405364 -0.014431396975304763 -0.4595577637659499 -0.33024870716857957 0.748802789988881 -0.2748376697390791 0.1908005655188661 0.27777463559890847 0.021335780370123392 0.23356182657406324
0 4 0.0027087539360238595 -0.07729149154353138 -0.09834710600499291 -0.06309077726053355 0.22316961179290343 -0.014453295021987883 0.13156314500318061 0.12107058003234054 0.027832284510940584 0.1782112752049501
0 5 0.1704026233810419 -0.11364602295706591 -0.1774308549164975 -0.22507697610811966 0.49006638584740747 -0.11223288578287785 0.09689570032915909 0.31915333025110504 0.09000757887098364 0.05943055778527251
0 6 -0.3619681556110669 0.09775475016790904 0.42043256750658964 0.4663112836263609 -0.9873018428654405 0.16249928361095642 -0.22429539646842034 -0.47917855565424805 0.0767638044872579 -0.35571374507451003
0 7 0.14128929227880258 -0.10102080250238216 -0.3371263687462689 -0.23226220425358332 0.5390792432279407 -0.08917687538540021 0.18796651936094644 0.18788631524721006 -0.005764267189493585 0.27450062876814557
0 8 0.028645313180119446 0.006032725322688779 -0.00194885768765637 -0.1374255155210687 0.15919519783210315 -0.052940846845343933 1.9650219352421977E-4 9.319111094964254E-5 0.08041607664184858 0.06446993356868451
0 9 0.005576548739207928 0.07988000395556755 -0.013266404398702558 -0.09939023351040252 -0.0917958815434279 -0.09338926791283862 0.07278186983960902 -0.05636593318811505 0.00623410024509502 0.02591390676452873
0 10 0.024458247616025327 -0.07185701818240943 0.03332174913820661 0.1733185213000449 -0.23435058755995658 0.03782109647252616 0.031900519077754916 -0.13371020082740936 -0.09647464083371528 -0.049596631649692635
0 11 -0.11975627405322772 -0.03708428174771777 -0.013543343763928076 0.01824439954439277 -0.058834122091285725 0.07281957584950872 0.08072640997142695 -0.04402130930500221 -0.0867003506788162 -0.04782403121269448
0 12 0.14247483264787317 0.03080800943334801 -0.24773350131734714 -0.3226650080531557 0.3717518821724075 -0.1404537003991076 0.033883266279966205 0.15370559708776302 0.09490521547191431 0.21444852282149796
0 13 0.008698908416149226 -0.018713699140081884 -0.11971340286420366 -0.23655008953988613 0.21701773641444302 -0.05463251290746108 0.06888548530088813 0.21535281028593292 0.03103333038523986 0.08874864440270597
0 14 0.06392534564335332 -0.02648038390213626 -0.10834309086522778 0.055190963452301865 0.0026810021709111724 -0.04735800429113469 -0.0707421519923884 -0.03480293011598699 -0.05052067778409883 -0.04311866582047595
0 15 -0.015003380487609946 -0.044856793179812664 -0.08825882561707563 -0.16270100137790863 0.20646343700715247 -0.06089112900904497 0.10620417194187781 0.1198141159868856 -0.006548907491276439 0.10135698921710755
0 16 0.11770862794671992 -0.03397225669343528 -0.031737559727214724 -0.024797277850525774 0.17404713576419004 0.00643721600439109 -2.3319518405564654E-4 -0.03697970201378651 -0.03641077117006619 0.007976815391275427
0 17 0.02711868098378786 -0.042909741045714656 -0.08896953636213127 0.04620987292824907 0.11863899847641628 -0.05306093545470304 0.09248318960451046 0.04729601895936708 -0.05462775973092412 0.050903868175287005
0 18 0.15222876203293526 -0.021943873150625053 -0.030958416169245637 -0.08682962304525488 0.12202654579046976 -0.06129521809672955 -0.026690718582634866 0.20064689858667806 -0.06727575472783723 0.05713515194219609
0 19 0.09143520969714437 -0.10371365623283559 -0.16422356724117032 -0.14180146908599126 0.1807556158031498 0.00603498864518193 0.09263153917246418 0.058039300755758826 -0.03906036158030573 0.14047862113099863
0 20 0.12585686627804812 0.02749403282833135 -0.10995249180844889 -0.09065197905314319 0.14292623759484865 0.016526243952485455 1.5117146123276538E-4 0.11716989869925105 -0.020599173476694647 0.09909832445923235
0 21 0.004121602353879245 0.05066727563673683 -0.024212790254704988 -0.03646879381204938 0.16939169529415973 -0.058006900950233586 0.04573150685218501 0.1307147902174435 0.011172428673349163 0.1301197810934039
0 22 0.10606985727670465 -0.06668940953923172 -0.20685564230154926 -0.09496925816010739 0.2426568403839957 -0.05526813798766019 0.07908403564826495 0.0984334147384028 -0.07975846519203394 0.14811940342358312
0 23 -0.11995929245426531 0.06298008714937928 0.05056304493200805 0.10576946530201571 -0.2168601681225456 0.06913811193996103 0.0681917303566821 -0.11384220108312183 -0.005098070478453027 0.03336287278719652
0 24 -0.14044311931452022 0.02530780248376339 0.09134090672720058 0.029603673711168153 -0.14563403047139784 -0.019944686371464015 0.05935931437404297 -0.042414163880455984 0.042205341995664246 -0.006442741748335806
0 25 0.09184903553925444 0.07366098500256098 -0.0035544878087479075 -0.03910147661751978 0.09904643221225974 0.021943218055900257 0.03759680833576594 0.09159451513760182 0.06241233712570192 0.03563280060691564
0 26 0.021165329475066347 0.04839378232261129 0.022064514747036027 0.028189877368570572 -0.014917976446626246 0.09861899007772681 0.030158593732970234 -0.08640779877962824 -0.09203557944207623 -0.03814873735373489
0 27 -0.05291056422370604 -0.09726495614759836 0.04320608661639857 -0.12856670404661336 0.06753908088770438 0.02790474557118091 0.0481385236699344 0.042627583451322414 -0.06283560703634691 0.013952875270219095
0 28 -0.049869539377145486 0.00927857020029446 0.08415217000831506 -0.08109143979534325 0.016427284155243815 -0.030134982197335246 0.07207544306475337 0.024721180159026874 -0.0636236220559825 -0.1014461445519704
0 29 0.03466428566289686 0.05192998749185904 -0.06367797389701563 -0.03808941669657969 0.08990763431067918 -0.036441410815749566 -0.0013866923601203282 0.07840586748155547 0.028801223827954612 0.11090075280028872
0 30 0.02512992255200621 -0.003335230173712604 0.005312854013883331 -0.1098994086611265 -0.02467348761486734 -0.10818278433947456 0.05285545498730018 0.027762083509225623 -0.05872534830098746 -0.039093306310861366
0 31 -0.042653305297942035 0.01819917300586409 -0.03320275164578881 0.07760602187720475 -0.12774302853406003 -0.06072012935264507 0.029355030454029436 -0.07705646928386628 0.040887108910074826 -0.051985177389494285
0 32 0.025641635018567106 0.08860480625177886 0.019716871617314707 0.021469747279594217 -0.00901656982704193 0.04419127984839527 -0.09773000915340861 -0.06651566391727329 -0.0025186693221464045 0.05986287271191294
0 33 -0.09517619437717016 -0.0682898430626882 0.026200289869639334 -0.003344883649847305 -0.09240311170706939 0.06065188142072559 0.052427327113942296 0.07765022722004579 -0.03442463498146992 -0.008159217116319088
0 34 -0.016488631317493285 0.01125027059728866 -0.010696901443033275 0.05236940696849284 0.0017368673758442338 -0.09682949422512263 0.03738220914499372 0.04764983402551741 0.08534723621208352 -0.06321021195096614
0 35 0.009724252517319171 0.09896226582502943 0.03845565156263704 -0.07823860281684067 0.1061427954839815 -0.08178604237154644 0.06502206027983055 -0.06893979422139879 -0.07619842366268471 0.09207153413647219
0 36 0.07062163017566071 0.0694031469943277 -0.10539347197997286 -0.021871323798940145 0.03577754048561685 0.05736298978543886 -0.059538748187927835 0.07564295152905148 -0.08997917903168318 -0.07877986544756209
0 37 0.027670823508384304 0.05530849873736438 0.03053707719782487 -0.030977252160984334 -0.2529312370831674 0.11238517942665635 0.050165154541396875 -0.14686751703138468 -0.07320446721938167 0.03255426694559296
0 38 0.01823220921029949 -0.0021251963006757055 0.06556813802005311 0.002394874689512727 -0.20294799870008723 0.08000725952015085 -4.8629241237685666E-4 -0.09382173751452423 0.04014523392695761 -0.024498393502532828 -0.12711409031014267
1 0 0.5256913765304682
1 1 -0.2366978600770407
1 2 -0.9374036754130988
1 3 -0.959436127353542
1 4 1.6696149952235066
1 5 -0.5215108312743332
1 6 0.285564426379016
1 7 0.8058991396232746
1 8 -0.045341103985518355
1 9 0.5550590395132644
