## LambdaRank
## Epochs = 100
## No. of features = 38
## No. of hidden layers = 1
## Layer 1: 10 neurons
1 2 3 4 5 6 7 8 9 10 11 12 13 14 15 16 17 18 19 20 21 22 23 24 25 26 27 28 29 30 31 32 33 34 35 36 37 38
1
10
0 0 -0.03981654930827238 -0.041626946322199876 0.02447977563176985 0.02287975722824955 -0.08817553892838768 -0.0936769460139546 -0.047618846421804854 -0.09169134373729623 -0.041360196798518004 0.015193727940731112
0 1 -0.04239398358646557 -0.08282378751162973 0.02899928494482884 0.0868547805441452 -0.09019698434835112 -0.03283302865079854 -0.09004060238217952 -0.06534670501822736 -0.09818469253915281 -0.06907197287229289
0 2 0.052819842697574476 -0.09070768877902415 0.016218574603853543 0.06863655280679566 -0.019814374224369723 0.05930093773021233 -0.050574860700739036 0.06939920157960812 -0.07464667131473006 0.008504441728418868
0 3 0.020817563357394698 -0.0655028104817754 -0.09138472406969708 0.041911956783737346 -0.03956251476893433 -0.08437674460013705 0.05380120025318521 -0.09559188830856362 0.042332966071252025 0.04730646320778369
0 4 0.08573386956624221 -0.008967050872873217 0.05908161338621101 0.06158612146793763 -0.052885751721902526 -0.018098761446583695 0.09773508463661626 0.0785902617358907 -0.021035051954609953 0.03233106293923288
0 5 -0.005785013631846816 -0.07912744110766405 0.045904274251524255 0.0912185298220551 0.08589849401549647 0.01526194880597195 -0.026050731706236643 -0.02342634488574454 0.06849615279665364 -0.04592363250999578
0 6 -0.07149650854565702 0.04559225845492957 -0.08555271253189092 0.05268171579468598 0.02831502379418423 -0.046143038742019464 -0.047695295521874584 -0.011452850851458066 0.051867269301597574 0.09586715948952122
0 7 0.0999007217500312 0.026393564097931956 -0.04020128395100693 -0.015694402544616907 -0.019476798345418815 -0.0024831726407864565 -0.023011006237909644 0.010134176918515245 -0.024871371158118338 -0.04549680572496529
0 8 0.0511142428072586 0.044598000126342754 0.08352366000589603 -0.029295699504209613 -0.04721162210278567 0.004141813439038785 -0.042849165138636215 -0.0637023677576911 -0.059057147764583665 -0.022270574030650133
0 9 0.059464864032434256 -0.02911744249791028 0.0032502832341084515 -0.009010244300227227 -0.06906534751608759 0.018227544387009628 -0.09973040444795364 0.03937417537444529 0.02120263494250031 -0.03930371941663382
0 10 -0.07509264228941838 0.08630672101596633 -0.002385499881711277 -0.09153410637531394 -0.05630263539128884 0.09350957235935088 0.0833891448739044 0.017646121817282534 0.08500330148264577 -0.08962357821316834
0 11 0.057440182496136534 0.07615385564363333 0.058311248260321864 -0.03714055409426977 0.07976652370431081 0.05276212688448795 -0.04124171354822158 0.09573857590637137 0.08034962392344958 0.04730448138816244
0 12 -0.0024840335202730834 0.0546827672819178 -0.09788056967308313 -0.03185350211176306 0.09675702442624713 -0.05505577818544497 -0.07457412077743902 -0.07390114794417066 0.0540464933096303 -0.0795459160537521
0 13 0.05923590458481281 -0.05841362104153494 0.03893142055906221 -0.03456674495197499 0.08914933244538209 -0.02255546389163117 -0.011609661874233644 -0.0877474472403664 -0.05976156800495929 -0.03770880129755409
0 14 0.05648979924702032 -0.05234725278109514 0.04615991017079988 0.034983447983536226 -0.04367753854792254 -0.029296570126448995 0.009734919530458092 0.07227076551359014 -0.05412948900547181 0.027533209820175892
0 15 0.00938680752822045 -0.08365021313201598 0.030304789164229268 0.08383620893581158 -0.03793257114185606 -0.03530203052283292 -0.010547519147835041 -0.09432521497870487 0.02109302078132307 0.03593583374420897
0 16 0.06774869431053054 0.05163516851598659 0.04908449453026837 -0.014333014131846811 6.540194300835969E-4 -0.0541301138446483 -0.05892860124503969 0.08175794512742882 0.019597358267349697 0.01647404873106871
0 17 -0.04939702120779207 -0.042831095289361694 -0.027607313530486736 0.06450912751378408 -0.08987294211207852 0.004800346458196932 -0.022422216455849853 0.04164594428248355 0.07944485646980706 0.06231725649888465
0 18 0.03539830721279866 -0.08879338911559093 -0.02319326539530646 0.0023789049717791596 -0.07921435094553585 0.08541345598302694 -0.018925913276654657 -0.08254524036170482 -0.09773134627484413 -0.055238721169424056
0 19 0.08936100543996311 0.08412674194395656 -0.09882281476153192 -0.04725585742138001 0.05269077824238869 0.03230922025578368 -0.0037150702413327854 0.09943394568421957 -0.09686665902618513 -0.00432978117671145
0 20 0.06451575318438989 0.08124867697464958 0.012623843530452546 0.018578347009310544 -0.08643820268151005 0.08899534199090353 -0.04388683311763151 0.008381785159227802 0.04000402689398371 0.03789196669772932
0 21 0.034622287398973925 -0.03635428375608465 -0.06472328109787606 -0.054092756323013365 0.08682723871404736 0.09806823028309937 -0.04598211884905336 0.020707869585877937 -0.09535749449155839 -0.09690000865043172
0 22 -0.09398794910245312 0.07293542995352922 0.09258879708307037 -0.04589354166128364 0.06547769618125714 0.0689369158068949 0.018049642611211728 0.06704297443496102 0.04690659014001535 0.08581183609951523
0 23 -0.026559416228450972 0.013652847294149015 -0.061236311490687534 0.0026508996300838097 0.06193981862699305 -0.036942482730427884 0.06953188038699 -0.03664870689854084 -0.053251586303990114 0.05508758342109172
0 24 0.013273585257581494 -0.09176067995459511 -0.03463809985828809 0.05900026104222802 0.083605693621874 -0.06576472529565597 0.051673256706079376 -0.00797752286398498 0.00977876177238464 0.03481893829649985
0 25 0.09215563650991357 -0.02548444259212148 -0.03061068280736639 0.0030104790739314525 0.07223895478568357 -0.005386099516392384 -0.04971167988364801 -0.05958106627498396 -0.015646204009732344 0.07739069029752366
0 26 0.07865182510869592 -0.034510770801775954 0.08707757803507246 -0.061608754837942155 0.04012527766446949 -0.08108680635941005 0.07969696738208155 -0.06225394012629323 -0.03742565224264573 -0.042484302840841814
0 27 -0.011044885575646295 0.012382478776522264 0.09655958335597499 -0.0789110938227913 0.05143178200189251 -0.08327283438197375 0.05216028585359669 0.0415022174867072 0.09506458610753761 -0.014944902148787681
0 28 -0.07961927548040487 -0.07974875842645568 0.08481631104176665 -0.0075955508912514446 -0.07244734938136772 0.06029884594901476 -0.018871748988756588 -0.03756409240578679 -0.025951549112773517 -0.05681184679238632
0 29 0.09984728555360449 -0.0260441412072896 -0.016222746278214902 0.04276338600053395 0.03511245305074175 -0.0939519701808158 -0.05686758418472684 0.08221541997003529 0.06084223954728455 0.08212335858934008
0 30 0.0750051434783583 -0.0670904439222505 0.041756421562170944 0.002466263219896043 -0.07277258362199655 0.09378803860442526 0.0934204550899753 -0.012729490494558642 0.030861267264449904 -0.006813907305967833
0 31 -0.0847592503089884 -0.07523277643460383 0.06663370174942661 -0.06257480034424331 -0.004583958385587385 0.06820108572320335 -0.08089850613177808 0.08262418775249392 -0.01792176870530931 0.06726506488494323
0 32 -0.014654977413475783 -0.07239635296705649 -0.0953673351474424 0.004267688665766081 -0.08994791875723525 -0.07875238488300461 0.07192771931271578 0.0406420603742433 0.027405435846085402 0.04777839452955654
0 33 0.08046565483677169 -0.0634764561548098 -0.017158104708621877 0.02273558426362941 0.00949374885768079 0.023849621993081674 -0.06957472355223823 -0.0915861856498294 0.05443613040210484 -0.0887467807703912
0 34 -0.08726205970102004 -0.052559540887566376 -0.06852764409692674 -0.07133288865946379 0.08150630842050097 0.018591051295968268 -0.06865562260777557 -0.03640959029416907 -0.0019298466043401962 0.01958642434766603
0 35 -0.020496737211942673 0.05329640954732895 0.06092221289873123 -0.09662723541259766 0.008664483204483986 -0.08158565312623978 -0.012500965967774391 -0.0016620755195617676 0.09545004367828369 -0.031129401177167892
0 36 -0.08774305235369205 0.03116194149954695 -0.0866465004638202 0.033472545863269636 -0.0991842554456447 -0.024820020848714177 -0.05129322629482369 0.09789819181658227 -3.863334896744519E-4 -0.05501756762433863
0 37 0.08771748935286337 -0.0026847576684004074 0.02766149718049366 0.01752775190616167 -0.08874490893545713 0.08970329029891669 0.056768391499551527 0.009426749231742899 0.03526741767278397 0.08882951745833939
0 38 -0.07733899654122313 0.03473960189895893 0.0788388749760227 0.058035461950198625 -0.017914566653244146 -0.08538964631487207 -0.03225300048767152 -0.06792900332401762 0.03548222966807314 -0.040483847546902756 -0.03065762482583528
1 0 -0.0789697542786591
1 1 0.046325325965880904
1 2 0.03919032961130137
1 3 -0.09751625359058327
1 4 0.038111202418804224
1 5 0.027723919600248243
1 6 -0.06438408792018796
1 7 -0.08050192892551374
1 8 -0.07311309874057757
1 9 -0.006691014859825378
