## RankNet
## Epochs = 100
## No. of features = 38
## No. of hidden layers = 1
## Layer 1: 10 neurons
1 2 3 4 5 6 7 8 9 10 11 12 13 14 15 16 17 18 19 20 21 22 23 24 25 26 27 28 29 30 31 32 33 34 35 36 37 38
1
10
0 0 -0.22321351202874493 -0.08949340713077276 -0.10046152028791418 -0.1317269464009172 0.019291560037730495 -0.09451950935130587 -0.045358800152059134 0.0059618380351756355 0.005858702019577093 0.02264810587213649
0 1 -0.5475727703822985 -0.28118205757578724 0.04256857680001178 -0.5701029577838961 0.07059108816179789 -0.1002215077208106 -0.09802043380727646 0.009874063221819523 0.22783043498401528 -0.2165955828198768
0 2 -0.0974025546401405 -0.10635380903995083 -0.0822595311230402 -0.20831306489956994 0.005934924881942812 -0.005806464892949435 0.056230903696408645 -0.07574623851767052 0.06459245673823544 -0.09585134637008748
0 3 -0.9225724239119277 -0.32258759631680933 0.020723464184126256 -0.7970503871308492 0.2308998924662113 -0.01097743001276325 -0.07771137272944613 -0.10410721948800508 0.27279982686466975 -0.17146740347569353
0 4 -0.4059680847087261 -0.11212188034509533 -0.029533836417751886 -0.3067317056448913 0.08134852778636772 0.0563711064407981 -0.1363571235361371 0.07303176040798207 0.051834469622766235 -0.1026112785607845
0 5 -0.5350088149428517 -0.10375703264990141 -0.01554650902062584 -0.4858463247431696 0.20958429899647799 -0.04168703594511841 -0.1255300271525702 -0.032877071864122476 0.15306670742010559 -0.1616808744007607
0 6 1.0500934555396384 0.44736458642013444 0.08884193942961674 0.7749720055589457 -0.3179224604901482 -0.07727459278946487 0.06553135376465219 0.0305889413620222 -0.3688625631443103 0.2973156034543911
0 7 -0.5749959580644484 -0.1433894386877548 -0.005010194805993412 -0.602715771663789 0.1291677279909242 -0.05998592015909918 -0.1405132193514023 -0.07931711733351957 0.2980055077933931 -0.039103166364438204
0 8 -0.1360641356621474 -0.1656731298181857 -0.11322637934763632 -0.05764780133826722 0.1111172291173793 -0.08144878332196936 -0.11541662180036348 -4.404392049950282E-4 -0.0023273993458161344 -0.017647481409090848
0 9 -0.020961478262483266 0.02198855626770956 0.04202083210974063 -0.05899455177587646 0.06416907007360585 -0.07961695851302505 -0.04937353570257755 -0.06618695826353825 0.07507921318464779 -0.04073968613727062
0 10 0.1562424365948522 0.07972437228485166 0.08361252941238823 0.07804981059834847 -0.04401861266489739 -0.052652358983677 0.0559353937557026 0.035359309482467544 -0.1029284489528165 0.0013157838257535982
0 11 0.01820526542323773 0.09295352447415878 0.06500328187575094 0.09126917780551035 -0.10257902376965995 -0.03182394080990728 0.08479172110951282 -0.04007180415815855 -0.012549271643576818 0.06001122377088241
0 12 -0.4551283839294998 -0.1777781782335135 -0.08788898085561478 -0.40116641946276843 0.17467370885919026 0.004552192976519104 -0.03996568515335621 0.025850170524612383 0.08893032195164746 -0.10194538647507731
0 13 -0.49739264693757496 -0.07250285783175278 0.016387754273229423 -0.4215343442460952 0.10076345186254732 -0.04949092578593824 -0.1175149901989474 -0.10768493501156792 0.15059412482460435 -0.16391840066435417
0 14 0.023505940096739796 -0.12141783715065096 -0.03518203414580631 -0.12728516955553146 -0.015624904466023729 -0.07936415923773993 -0.006620243464360801 -0.06243549926594685 0.026710647350103946 -0.10592673700321095
0 15 -0.03718794295629124 -0.14032635093335694 0.06324128626227302 -0.10245332632037561 -0.052830092029286665 -0.03078701170981863 0.06098951158631816 -0.08487638373952311 -0.011619815713548816 -0.10147339132016288
0 16 -0.1840505215423963 -0.13029848640694072 -0.0024512804914477108 -0.08139410223728037 0.08619913539258849 -0.0557558402332454 -0.03936407706670998 -0.08683965476417244 0.03549721661962122 0.02832041637427001
0 17 0.002888603850097323 0.04097488139705505 -0.0511318832123756 -0.026867206722431217 0.0947656212119832 0.09013476511907133 0.019965244259355735 0.035386273784044624 0.007635373628410014 -0.049743138480948135
0 18 -0.28723925695151764 -0.07097244622073695 -0.007136039990873164 -0.1913425497469319 -0.02108337996102867 0.0313630758109557 -0.08814869153564693 -0.06361186111376489 0.14092694825549534 -0.012475688981186934
0 19 -0.12237999728376933 -0.09876111594283449 -0.014197864667217248 -0.11832050810399107 -0.04055554349068787 -0.03659601804470756 0.04848125236713267 0.016493081285929363 0.09051820158621689 0.026189486419890825
0 20 -0.17515176951444295 0.016770023211604503 -0.09915294049274348 -0.2132975416972831 0.06015908319855146 -0.070928330648863 0.08023969723929199 -0.02122629006765964 0.08947484175243393 0.03541341407819805
0 21 -0.21929024179803686 -0.02209068990886915 -0.08081905472309898 -0.14995150513196703 0.026365386342657098 0.096225878449335 0.029978578888428906 -0.09975360679556554 0.08133562456557311 -0.05446403646928175
0 22 -0.18590780884007302 -0.027598909571342534 0.032779923476193656 -0.31335249093756845 -0.019725517955861617 0.028455703297749827 0.008621648945984028 6.800621890453553E-4 0.07960408190004191 -0.06432108122682961
0 23 -0.052639584565255644 -0.0723265656009377 0.05564716276503918 -0.01389208073996506 -0.03996568621761766 -0.04294322214155651 0.04182185782534781 0.04967990156537333 -0.035548580429203974 -0.024744557125962775
0 24 0.12321811315666623 0.04051449159771255 -0.058857955087205094 0.1557247822437166 -0.07488999220098003 -0.08813975849340186 0.08582956542099658 0.041643878843777515 -0.10459285365707907 0.030889624426413825
0 25 -0.034434883549499 -0.09644512361454612 -0.0031901999319544467 -0.06627986858733696 -0.06317259194357992 0.06542583001038893 -0.028421133239297857 -0.006778984041633504 -0.04126332880719711 -0.07711828851924
0 26 0.03908072726244968 -0.05080091283956554 -0.09489046945402312 0.006849534889786218 0.055795127674025655 -0.009078151458089505 -0.07478987987122672 -0.06617779861071435 -0.026118943401706386 0.02339179068167851
0 27 -0.055225844109246185 -0.08761431470289045 -0.012027846642495756 0.06250920205113346 -0.0717000645875341 0.06859851326221558 0.0720312913525342 -0.09278873321645933 0.07345523448604997 -0.06411814436071582
0 28 0.04713227899782274 -0.04871638255227753 0.0868764056257371 0.0049409772739103025 0.029214954639430225 0.007085937747437501 -0.001967461785042056 -0.07647380647619825 -0.005398640141991034 0.07261570909003581
0 29 -0.12518457896363452 -0.029844049449136354 -0.006575732555425346 -0.15612604735190103 0.05194565048252719 -0.041081666321304326 -0.08982207912750621 -0.018276652939761304 0.11348227667829731 -0.09648160872110674
0 30 -0.004406363344355149 0.03721874305605912 -0.0864303767225215 0.03407234651984831 0.03671717967261796 -0.0799497550802115 0.053177011022699235 -0.0033424799454433787 0.02636779064961238 -0.04181590734347844
0 31 0.09003876277056576 -0.03985647908323736 -0.07644976942768049 0.07323651454674594 0.060510863723337735 0.05873722615061688 -0.05859954709698054 0.03789195817367043 -0.025013848638467704 0.06217263732885534
0 32 -0.010237131041972256 0.02012322959508063 -0.030530987256137388 0.08364239989845734 0.04975762286857383 -0.025505633196323103 0.05300067593852377 0.055384664016211164 -0.048680955471674114 0.08302707884017572
0 33 -0.05467386212968763 -0.03407587575353483 0.07116333588459506 -0.029179919658146865 -0.002603166540576588 -0.09926121881763485 0.01930473253511547 0.06072532091054008 -0.08418560235411726 0.05853602851444869
0 34 -0.13167312258569724 -0.12664648793590438 0.011309926778934252 -0.09852994413065255 0.0875039487017646 0.09258280838800469 -0.01087676095236035 0.08959882763374416 0.025886892789376885 0.04271727112195017
0 35 0.05640797207885918 -0.025926705506014336 0.06231340592729162 -0.0033138846253287337 0.0031425095093039106 -0.03212474350079661 0.07316606435411661 -0.04944254385545819 0.006544474451669978 0.05923725178771733
0 36 0.07631821536266815 -0.08928409999300677 -0.010220086976811052 0.006253887444052456 -0.03122709145173815 -0.09423398140235854 -0.0025398959788690023 -0.032991554069717516 -0.04303739481429667 -0.04398037185638013
0 37 -0.030343441867184833 0.013634193796350476 0.009954943274422938 0.08641742777632834 -0.014568228378542785 -0.08859934909855172 -0.03519827161459715 0.05228511741240024 -0.013771606463845211 -0.05115442405116867
0 38 -0.001385605742986902 0.03860905646825372 0.09041876463225747 -0.028494261591117623 0.007872213733814203 0.017055324360224465 -0.032954189373119766 -0.0738593123069117 -0.0156187960978546 0.03134288462850973 -0.1623409493560461
1 0 -1.8794955143577272
1 1 -0.7631096319587056
1 2 -0.12074491055132269
1 3 -1.6677921074576392
1 4 0.48502597922340396
1 5 -0.044600542795193
1 6 -0.27389369759357174
1 7 -0.16309724770787
1 8 0.6584531828040088
1 9 -0.492499664020745
