## LambdaRank
## Epochs = 100
## No. of features = 38
## No. of hidden layers = 1
## Layer 1: 10 neurons
1 2 3 4 5 6 7 8 9 10 11 12 13 14 15 16 17 18 19 20 21 22 23 24 25 26 27 28 29 30 31 32 33 34 35 36 37 38
1
10
0 0 0.08251379948548301 0.06310075557894113 -0.0038748565108553804 0.0535291138061455 -0.03141367400141642 6.961684134102993E-4 0.03640915626040819 -0.012284069165181287 0.005133734823242073 0.08623120550167698
0 1 0.06960135520674571 0.008039742419063743 -0.044931466167090976 -0.06350474770904634 0.0511622989699943 0.06810971757464064 -0.049895131091901884 0.06743346994875982 -0.0522388618072545 -0.05674346823066267
0 2 -0.02984554839496318 -0.06286559544023879 -0.057339210573953914 0.09112050761377033 -0.023939169051939473 0.06604268243381234 0.011685918508386444 -0.04110499288751312 0.055018546846555806 -0.06130339849901468
0 3 0.07435378326493988 -0.0792044041302019 -0.03780764730812191 -0.030785573252946077 -0.01893505441915972 -0.009965171516479271 -0.02285106502377084 -0.06068633525029576 -0.08272064476270526 -0.06183980661919955
0 4 -0.03751363962482438 0.07410807580090435 0.08990057705853603 0.06867907498552332 -0.08032266368128889 -0.06746217485632772 0.06479531505572349 0.00286448745833918 -0.03563438396131044 -0.09521228087009269
0 5 0.0069693166367548525 0.0477065682544284 0.001856912287942525 0.055962207830360225 0.02170865974614363 -0.012689748968539397 0.06832758687546323 -0.081788321729486 -0.08654084886841332 0.0019730539659668883
0 6 -0.0335147675167743 -0.022374662850893602 0.0873091886667839 0.043921888283927825 0.03029048238089075 0.04559304771965508 -0.07575833917085834 0.0773773328788482 0.012919182024234865 0.04694012618252294
0 7 -0.08471875010994447 -0.06908404376645923 -0.06457485460640093 0.07190636376109323 0.08660700107288984 0.005744804356922794 -0.004469024256968928 0.006959683692356405 -0.09630881162201704 0.06436307617108222
0 8 -0.009200892009741803 0.08801211551818533 -6.127671191958546E-4 0.01454700320127505 0.014116918431313985 -0.008174296192148371 -0.04265156863896055 -0.04814437026200611 -0.027580365601942776 -0.08064573136357452
0 9 0.002341427893506973 -0.06272760132715892 0.07335170439391066 0.02716611882164828 0.09132231189183976 0.04821456018047119 -0.07462259083038636 -0.017656990035049107 0.02481074567300855 -0.038927271502261454
0 10 0.00675204427512356 0.08227506491821089 0.041124114282606546 0.09644910212466053 -0.07554924854151668 0.05386419628636708 0.015273152331595256 -0.0836496717285862 -0.02249064489186413 -0.07557288002697032
0 11 0.05251027917440556 0.07468942515304863 0.019308830838919225 0.026125695285888935 0.054211433682984325 0.021149979050892085 0.09041889660634578 -0.07367687981023884 -0.019853925575540735 -0.06094232777770532
0 12 -0.0936128676701027 0.06790520882411312 -0.08602577903200308 0.01315391205922966 -0.09703676945321327 0.01974310471729068 0.00633918193601828 -0.049364931141592676 0.01347125248972465 -0.09816354663156296
0 13 0.04455672918981744 0.07002017640185206 0.09183563474448769 -0.09434965961775219 0.08708726538416589 -0.0431260399642358 -0.02023311755276165 0.06485266129746274 0.08145835044935418 -0.08118030396051243
0 14 -0.06457125960064097 -0.06775128686663585 0.07129261255740196 0.04377121612560094 0.05309006147318564 -0.0479232807221445 0.031097509386664723 0.05082896522442981 -0.017633542949264985 -0.01135486635661043
0 15 0.0990733018583193 -0.08628021563691424 0.019922996746239503 -0.052167113166333316 -0.06952625348778364 -0.05033418976556179 0.023425455904825587 -0.06049366621044066 0.03365693534462755 -0.09304832043241343
0 16 0.019556117399665025 -0.04461971177819879 0.051243318456665 0.023934020458153762 -0.08074342079827858 -0.04660054568354531 0.09470192884917414 -0.04621834643736436 0.09227842556054153 0.01694248884534986
0 17 0.03177795653863201 0.008550539875248302 0.009891037644948223 -0.04103459865633301 -0.003407252310375734 -0.0018496713350358099 -6.261517353951185E-4 -0.07766310496019994 -0.009266583360169271 0.05445449902969155
0 18 0.05088763198972762 0.07825241526022218 -0.03512117266547845 0.09484219980478094 -0.06737878050354236 0.004411763836179498 -0.04325769131686144 -0.05794691508117126 0.05423361772662291 -0.050887028509983855
0 19 -1.5250136377314844E-4 -0.008449563330214396 0.022713709029257102 -0.011237604817429919 0.033962037555358274 0.04240256616838178 0.07869503686601474 -0.09430817190907159 0.0985016180029829 0.007195504271837707
0 20 0.03747551029714301 -0.011053452188582816 0.07012351727331628 0.04902611592539099 0.03554572635755412 -0.003243057312615445 0.019175670729906218 0.057036892059614736 0.04451270212768303 -0.07833566142826616
0 21 -0.07873382393921097 0.023616493648454334 0.04373482864466636 -0.04804352082803982 -0.07985202991213898 -0.0815905110668555 -0.07503319926175421 -0.04209088526165992 -0.034791292609716314 -0.010709873834361299
0 22 0.08542464931338026 0.08315947608820692 0.027530400945314306 0.02823896379572519 0.06193872867290601 -0.06424448862432916 -0.014289906770693696 -0.09138239660387958 0.07635271910854606 -0.0654237023853535
0 23 -0.045916659107296615 0.04298056150201936 -0.08708336978435614 0.0834542559997236 -0.09866844872488022 -0.026076405255716716 0.09047554210575479 -0.024696154416004874 0.04023920329693129 -0.0778175738878373
0 24 -0.07441247829135798 0.02949396963591637 0.06390739263416921 0.08876296226298439 0.0033395277434001658 -0.05446956841724689 0.09515709940608563 0.07951940648408264 -0.05591851377307796 0.03819866008540035
0 25 0.012456485703568604 -0.003766595993189617 0.04364582749669163 0.015015454359176478 -0.026550869526559374 0.03360176384417705 0.06243484288074297 -0.022223337094635642 0.03127164683351332 0.02161031246603551
0 26 0.0674339022643285 -0.06659165855692384 0.07279411268817007 0.06232592061309463 0.01610420442064341 0.07739150451894679 0.08404137252335031 -0.09513889311796825 -0.09438836871119957 0.07541474564458264
0 27 0.09629081589594443 -5.811249972132881E-4 -0.026574251059587377 0.030071851106307994 -0.0709287795427842 0.042329920049061616 -0.07064626940892606 -0.059828767675574934 -0.090948611724785 0.09844359012707897
0 28 -0.01783922642327141 -0.05538407574427401 -0.013954799364914287 0.0070782551521825455 -0.04764858635340773 0.06934376510744253 0.016277842447017066 0.024251473848846558 -0.037669923289493375 0.021436530625705424
0 29 -0.05125806934944484 0.05427711351273675 -0.09140608760576957 -0.014102307904683014 0.0038555092358532766 -0.06703637628192055 -0.026606306656713846 0.039651264691207826 -0.04842048073536374 -0.060546649772481594
0 30 -0.06168700331680106 0.08733352360627233 0.006823780963037717 -0.06212381469381263 -0.048445490395331636 -0.02624800497121457 -0.06007205117737903 0.08691858250765752 0.02555417089288297 -0.04838612827503892
0 31 -0.0881461302822568 0.08874336577269316 0.009192828244634976 0.004978920726124198 -0.09997171685417294 -0.04481730389566924 0.09471894629114963 -0.05892089791471207 -0.06831296419088899 0.013455910685255364
0 32 0.016455806343407695 -0.006190693940454184 0.0027519108567945236 0.09164469607053348 0.0011529541723911837 -0.089858426085748 -0.07821000171419394 0.07827773694731098 0.05602161253834596 0.04219263696180905
0 33 -0.08566357140634151 -0.01740864539663885 -0.0503894822603117 -0.04148946231784727 0.08785558392546965 0.05719404622002334 -0.08816332960996524 -0.06424941198045003 0.043070166051448006 0.008397584437012658
0 34 0.017127812841556456 -0.044892405341215524 0.006651525908425351 -0.03016658037829621 -0.0897471204386402 0.031108274352325313 -0.03278712276338128 -0.09975935795012669 0.07211255976998876 -0.03609048971257694
0 35 -0.07603187558632035 -0.048055376895346016 0.0948365649758033 0.044039731551312876 0.03635675978854805 -0.05278932672817026 0.05564203963159092 0.02222601517953486 0.0998427462480527 0.08777096400839585
0 36 0.010393716863511591 -0.028553364118538562 0.002356253439207422 -0.01854979243945726 0.03608667056370575 0.0802739836831727 -0.08368390594650732 0.020961279770550612 -0.00912832157494007 0.06818115124376517
0 37 0.0055038618556753 -0.07411001317847273 -0.01861862612754121 -0.05791368669048158 0.07841446641892884 -0.045507417418051144 -0.026473122088179788 0.019851130388703717 -0.07991087153471822 -0.04273164249060229
0 38 -0.013054293209174766 0.03417226371137982 0.022770856141457525 0.08573757586514129 0.08406464051954253 -0.06632081088475099 -0.010797690677401276 -0.04457410905610679 0.023613738187810155 -0.03659478511279315 -0.029571378603577402
1 0 0.09342369437217724
1 1 -0.06761269271373771
1 2 -0.04882743209600513
1 3 -0.053476292639970904
1 4 0.013468545861542192
1 5 -0.06636429578065976
1 6 0.009469365701079407
1 7 0.03405624628066907
1 8 0.037639480084181255
1 9 0.09222298860549984
