## RankNet
## Epochs = 100
## No. of features = 38
## No. of hidden layers = 1
## Layer 1: 10 neurons
1 2 3 4 5 6 7 8 9 10 11 12 13 14 15 16 17 18 19 20 21 22 23 24 25 26 27 28 29 30 31 32 33 34 35 36 37 38
1
10
0 0 0.096087669898562 0.12363506472310158 -0.024988731177831992 -0.1525894547255026 -0.06042830633548506 0.09376986219363632 0.18686749763344793 0.11592533011140072 -0.0016276494607596417 0.08928557743948907
0 1 0.15435087430654762 0.21914876404743705 -0.15910212774545984 -0.3045080264070581 -0.3112132900422417 0.19089120256624545 0.31912185190934583 0.21230208096698078 0.10022616859056863 0.08260990128741165
0 2 -0.0068644312043917004 0.10137076071450123 -0.03156371428550284 -0.051717006243475985 -0.050003174148643185 0.0508207520306639 0.06106932288311471 0.07009593762374998 0.013577849553498021 0.05315953969044847
0 3 0.22260359656302894 0.30153121926061405 -0.22026845572950138 -0.34328449975962866 -0.3973604399789649 0.20185419319967626 0.6495278547671798 0.2942685360758366 -0.025792202098906623 0.2927657628875867
0 4 0.1609672823616413 0.2209535248409808 -0.16949493706174454 -0.07070453205099768 -0.07340076876468907 0.07102769611235026 0.14684241247037522 0.1549091199347903 0.08467152301136896 0.029106721665236358
0 5 0.07805927938527162 0.28550582962486953 -0.21947077631642165 -0.16814433405716062 -0.3028520364109818 0.2129330661432588 0.40024331254227835 0.21959818111826845 -0.06258233725701724 0.18988380130742227
0 6 -0.1922279240194587 -0.5581685770387972 0.29364993481897966 0.376085578041755 0.33808721240317574 -0.3528304764234691 -0.8365082336985282 -0.3239016890002058 -0.10254177926079054 -0.2169432724168704
0 7 0.13528377459928778 0.2672999164473015 -0.21217808909608157 -0.26427519961981455 -0.32895387875754784 0.23965942132498955 0.4368360820151163 0.2686717488948397 -0.048205232521214676 0.17420349606948826
0 8 0.040603292739670935 0.002618383922238283 -0.017254594975859534 -0.1683776009598637 -0.009288554893805319 0.0071297651707003026 0.14121006514027973 0.061092268114502 0.09028012109511091 0.12863944304396263
0 9 -0.011887755763050255 0.02945515089922943 0.05846121064877048 0.054584373762890444 -0.021714728509991857 -0.11301837161186522 -0.029139548859273206 0.005554885340256907 -0.027846231265095844 -0.11186196759943859
0 10 -0.12549957000670317 -0.0012791991757719987 0.03086704289922353 -0.04457069461379089 0.06783569001202598 -0.0016592190881252141 -0.16530177505855143 0.0028585225573913397 0.08065528146703084 0.017718878542263734
0 11 -0.04488585514341499 0.012596214171264797 0.08192394562287521 0.10025364095952811 0.05990761466435212 0.04619451213567848 -0.06295956207531583 -0.10774878272980969 0.033800918581687225 -0.11950119933381717
0 12 0.2047876303752613 0.10575226426273843 -0.15856175770579412 -0.10125766674871205 -0.09888205332851259 0.19620276071268838 0.25133680996675123 0.23942058823242 -0.04449337770789588 0.04103455920725417
0 13 0.09367904151129977 0.17475243205958238 -0.11546146101347714 -0.13389950066717 -0.12326423579143791 0.149364945962683 0.23442248939628116 0.03545309958295062 0.019126179319932754 0.14662200931105743
0 14 -0.0011478578884374562 -0.023946068239678757 -0.037587900445488584 0.05042252724856978 0.07065001771651228 -0.0017317344675525752 -0.034937457613035836 -0.06389538203474977 0.020625265928179835 0.09895449633100845
0 15 0.10328896462630278 0.051523798259858616 -0.06192115602556148 0.0066440615879801495 -0.031111993603545364 0.06624814275861639 0.20230112211988677 0.12785980405049535 -0.06745293453845912 0.056807909272952435
0 16 0.11140568742281305 -0.015052999089209679 -0.13008723136155856 -0.0663079676013576 -0.08380540752116458 0.12570212567783254 0.15337128772123151 0.03620149301374179 -0.03029644101814493 0.1065271344836906
0 17 -0.03506209112916669 -0.03387394810084569 -0.02039051030436705 -0.006461130381740355 0.07945684028461607 -0.06388056945335567 -0.04250991468543768 -0.06220416682373984 -0.09460738447195031 0.1066454931867679
0 18 0.12151213186107841 0.024805941421521455 0.02193736707357113 -0.17867307075839978 -0.08685736609204826 0.07115535802126143 0.11435484688032682 0.14329598982248623 0.05556396629899478 0.11654343573075925
0 19 0.13475731262207666 0.1188627125030918 -0.03451970188618619 -0.16164688943421684 -0.06260610294863804 0.1032371109704734 0.1451719584252983 0.015044818848886457 -0.03912345709018116 0.07968579604752332
0 20 0.0035269873924306597 0.02089150516743136 -0.06797160276759022 -0.1364545471487559 -0.029257666487375964 0.1231623725430324 0.0065371549804120145 0.07678522264130518 0.07929730013524851 0.06477226453625487
0 21 0.07217799069862338 9.949810359478764E-4 -0.06695923779883384 -0.09570896661242537 -0.11400199679253772 0.08061871985939427 0.08574461321340537 0.08552725768466604 -0.07134121761233567 -0.04749417649196688
0 22 0.040347234202325076 0.11010055191971765 -0.07522229664538357 -0.1522406692442839 -0.11870295376554844 0.009007747202192454 0.1289410718432338 0.14127005235552556 -0.061371165284863284 0.013450313103861055
0 23 0.006951818894148807 -0.1266149689949207 -0.006580319550111877 -0.02142241850002275 0.043346492617399174 -0.08651532399285423 -0.036029442774321956 -0.08871743729224903 0.04057876186154846 -0.06536045865156204
0 24 0.05017450192548397 -0.09145684435148299 0.1406365123937497 0.11253206019405683 0.12210079430848358 0.03654604608919112 -0.22194229837344848 -0.14584362052652913 0.021770649481767483 -0.14673829165426716
0 25 -0.04635653342047077 0.11977698175731132 -0.11290817290261228 -0.009702410388789714 -0.015027308071706547 -0.026051587604100878 0.12578863774255883 0.04426926563463562 0.07362129960591048 0.12360484330159296
0 26 -0.08400798849649531 -0.09814964052114289 0.06562871389563367 -0.0045998978962435285 -0.016369142928660214 -0.0618587706096314 -0.002058166902894802 -0.09592195672806075 -0.009154576580033083 0.07996366937968784
0 27 0.035694265448874725 0.06083017694446096 0.022734995918908835 -0.1280606241017701 -0.10526398786130324 -0.07061137671089687 0.14490723962195085 0.12330217393637752 -0.08854949539990681 -0.03140341420303218
0 28 -0.0038041389186440275 -0.023026926328485367 -0.05064291925515411 0.02753091476072463 0.08990017507600581 -0.051189885397984906 0.011625624945220122 -0.07536963826175712 -0.0679526607394256 -0.004803139999724619
0 29 0.07544880124007936 0.03150166207701914 -0.0032697266092473185 0.024264814462436585 -0.12405849103937247 0.08713621789266818 0.14952697313752486 0.05403174941566265 0.07201301509078864 0.0038278223191429905
0 30 -0.047367151174622056 0.10640182523173633 -0.07029431170098349 0.05499860028266054 -0.022417378239323472 0.09469936142711381 0.09315067248759037 0.1110639277696997 0.05392353326526101 0.018508288486500806
0 31 -0.09519305675269155 -0.07647300004295622 -0.03901439783884744 0.09628370854695066 -0.029919522621783275 0.050217144354845464 -0.11344121628752729 0.08003834399313989 0.07600498087369777 0.08015086248692747
0 32 -0.07047995762451235 -0.066201670963918 0.06105517856501781 -0.03797470547100802 -0.07314742839979142 -0.05824164545581088 -0.017123990171286196 -0.0908405925564249 -0.04111798154610408 0.021819524077821457
0 33 0.06792570974451152 -0.004865400200752974 0.0377638710857152 -0.07318605252292247 -0.08782143320687462 0.019568324322072606 0.029229574911475105 -0.09916765376136359 0.07795456065906234 -0.02899126859252338
0 34 -0.044138152091032654 -0.02239539168935865 0.08596262473865474 0.02454953155770468 0.07448140889507275 0.005615222490918279 -0.06924024027662824 -0.08638589952980401 -0.03197761272710729 -0.08697361345935102
0 35 -0.09260749466714162 0.10516484170350116 -0.10612413707176843 -0.0810624640703701 0.07608219564706233 0.002904611482886582 0.08770550868841699 0.05234433844096863 -0.0675836438945795 0.005656303561529452
0 36 -0.045993752024855804 -0.029576792344856804 0.03586737892878331 -0.03820034471178048 0.034150483827698426 -0.012996890248184297 0.05947580188655689 0.04436842058242196 -0.07551575438806978 -0.0470299161177299
0 37 -0.034356821516368256 -0.026205011122667397 -0.07126255512773626 0.007782534542546272 0.09952657294777334 -0.12939299538585478 -0.219615618549743 0.03417412521689724 0.0672857720266693 -0.09901784191589222
0 38 0.02609945352432236 -0.0674748040470917 -0.0117229261247635 0.05946724656136911 -0.04513458335946077 -0.06644775923214354 -0.018401719493633773 0.06005779327157045 0.014729250635094046 -0.11298416066411104 -0.2527018572247769
1 0 0.4302580101097061
1 1 0.7972832069524131
1 2 -0.6689420425453192
1 3 -0.8460130084585433
1 4 -0.8603378129791972
1 5 0.582135809019479
1 6 1.3624685100447762
1 7 0.6724935614645324
1 8 -0.028427773380739832
1 9 0.4688855361795734
