## RankNet
## Epochs = 100
## No. of features = 38
## No. of hidden layers = 1
## Layer 1: 10 neurons
1 2 3 4 5 6 7 8 9 10 11 12 13 14 15 16 17 18 19 20 21 22 23 24 25 26 27 28 29 30 31 32 33 34 35 36 37 38
1
10
0 0 -0.07058678934874704 0.06235846040428597 0.08945236905359369 0.020228530148160378 0.017686919917688285 -0.09375382729934413 0.0826045914117192 0.003565792512417129 0.06314238352483656 0.154425069435648
0 1 -0.1948079036902356 0.21354542995795078 0.1254787565200381 0.3129587118509217 0.34757683268487005 -0.12382737622002944 0.23519554970007953 -0.10918426829485013 0.41866296350262894 0.3101119054712675
0 2 -0.15112742785905656 0.045500774342962055 0.02313905549498636 0.10191610916334778 0.09814229768730222 -0.0068028643194888525 0.1209258863720476 -0.004873225172518337 0.14402391765709566 0.025852942454072162
0 3 -0.4010826817055361 0.19885624853927839 0.09092137374937065 0.3620584920688155 0.29789074935681736 -0.32952745697466523 0.38570702441087146 -0.07694741790257881 0.5694391631815043 0.3641621313954701
0 4 -0.15136302103396604 0.034290527944832505 0.03766490208623766 0.16454790577869854 0.23590314554761005 -0.027293446263579994 0.09440031823812757 0.0334332790147458 0.11116130967737264 0.1582114193034743
0 5 -0.29562856266594795 0.09011954070555249 0.019155769023421965 0.21780046864822927 0.2827209824511822 -0.11388149167082716 0.2544607332634138 -0.005658051416170047 0.3153374688412271 0.11694869902764225
0 6 0.4685153419174484 -0.3807055975811025 0.04153744233046489 -0.4824783566646764 -0.597272252214658 0.3314345876024332 -0.524433277060215 -0.015537139790177078 -0.7373946553434376 -0.4663502657212185
0 7 -0.28602175943136426 0.18052842363908084 -0.04799578706068151 0.17852898360713534 0.24711071559466868 -0.27966577819440647 0.2257343888781246 -0.08701872912263092 0.39298934002722624 0.248515548508018
0 8 -0.14847437352467735 0.1301703025449226 -0.0013156509663397676 -0.002340666409861563 0.009458701676785948 0.03392469739694792 0.023216888538488488 -0.03782759971284873 0.004007686599411554 0.037240571202919626
0 9 -0.010792516612222068 -0.06462382399093394 0.04832409533489794 -0.09453653136377886 0.007506285966272585 -0.01801294509944745 0.0805035222153463 -0.013649126484359422 -0.06028979272707983 2.536749150567217E-4
0 10 0.10063108142660401 0.027697677538847106 -0.05420433672678534 -0.03889612136587875 -0.07757788834681646 -0.009116959050075904 -0.07380412648971164 -0.07839910252547701 -0.07127441935351327 -0.0018309581551722123
0 11 0.11765772592220193 -0.11630611868198587 0.04395560815067965 0.04061145116411323 -0.11808527869905407 0.04499547333781257 -0.11984050723745344 0.08243592156124435 -0.18083391402824972 -0.11138650626333367
0 12 -0.1593892912495366 0.058321594579006805 -0.049048892392965206 0.1822076094244195 0.26879786585175597 -0.10754568229203777 0.16871511385413046 0.054196572291142865 0.36320333530656873 0.26880356386577187
0 13 -0.13497310291588244 0.15091612255782066 0.10088322944963178 0.06277993865551154 0.11921460815070335 -0.13091985609594312 0.15309463704116838 -0.06816471617280061 0.15207675116129554 0.13133876449642892
0 14 -0.06823226964399409 0.03614566254818141 0.04166162157621886 -0.002365214996044416 -0.0036688914147079837 -0.049408827303669314 -0.04044736072886142 0.01946639875824122 0.10414610604903432 -0.06681192033736959
0 15 -0.03620325585203969 0.1282462859110501 -0.05171925986262599 0.09226826273579845 0.07902307436391745 -0.08738665798710474 0.12307872864658308 -0.04825262849528281 0.08957858589196949 -0.0033172060531552155
0 16 0.01178358259980641 0.01342511622352737 0.06519085324816286 0.13197347040357071 -0.01571240347077291 -0.13146312068670557 0.08711031467814105 -5.614900106698119E-4 0.14886941940839457 -0.038787312712771596
0 17 0.0693248572751274 0.04994491259310919 -0.04716764932066114 0.07910605076517545 0.06722209394477907 -0.0448432575267562 -0.06680712815640472 0.06302632501470991 0.07040875610945521 -0.02622566167154161
0 18 -0.09658511879239931 0.1372930580016923 -0.06590634848671358 0.026642805280994424 0.0982466435606787 0.005317918500945297 0.12988739188173756 0.003949219756251422 0.13622682411952045 0.08759926387947103
0 19 -0.04377389555937278 0.11160633561564537 0.023199635967130667 0.11473652274857994 0.05082253039160298 -0.11186883941906078 0.09376402325674801 -0.04111721126516314 0.18203668682539662 0.15462620405618846
0 20 -0.03529616841629834 0.10064609849973809 -0.029951687623933243 -0.00457365469087312 0.07728401208030246 -0.0536189181156774 0.07012222896948601 -0.06895895306412102 0.021811262032813195 -0.015483920212235772
0 21 0.005160974335201286 -0.05729881941229082 -0.0390489828523839 0.050631987940368946 -0.03337638207454614 -0.07885968583262858 0.03679466148355635 0.002701457953652694 -0.0029933627174410487 -0.02072961402089102
0 22 -0.1634313968233265 0.05120603589118385 0.01045216223428889 0.003435469431501749 0.036522280297767384 -0.10564477923651874 0.09122713332853893 0.022792396859411115 0.11358181476407377 0.10897333383373882
0 23 0.11248707682066013 0.00945258084127175 -0.09329279128133842 -0.07524804171387763 -0.06641963141538139 0.11946915550058719 -0.05777769275161412 -0.07538598857997528 -0.1850558807168132 -0.1252268208256729
0 24 0.04293476944651685 -0.022407080412925558 0.015164631065165276 -0.04882180401886593 -0.08698379953086456 -0.04645132138282117 -0.052701548622449995 0.037281964437726314 -0.22440886038070146 -0.0494377733632522
0 25 -0.13074066217894503 -0.006171875121993766 0.07081913196513831 0.0055796669210861 0.0676149251074779 -0.13005529403992763 0.007031466027659938 -0.06104115034413925 0.12299765927659001 0.04767803167129757
0 26 0.07467887637221994 -0.05294194997785266 -0.008805318954776589 -0.03441387138676618 -0.08101783517297967 -0.011809429888028333 -0.07496696843738904 -0.041475988473485575 -0.07800901069381404 -0.034742951368185455
0 27 0.04110622661640296 0.004734843820033331 0.08076665950208275 0.11957504375024194 1.4766551860364205E-4 -0.11036262719337957 -0.03605084164897429 -0.07074221856025219 0.026305462102889525 0.0921242969170566
0 28 0.006526256744714866 0.00166057599616074 0.08284584235237133 0.07735763556844923 0.039722935257582685 0.024104578090648754 -0.08174158927963578 0.07643122923007807 0.030571429517788976 5.142196968127559E-4
0 29 -0.003115814410813033 0.07601247520780546 -0.04430484215196037 0.11753972964711748 -0.03460356927503349 -0.10629682446309542 0.03622886247347293 0.0036062914787744317 0.06343810078541073 0.030002391240562604
0 30 -0.00928863031519232 0.022309378504404516 -0.07257586093493279 0.07975696709521572 0.029809431152708187 -0.034896275959785096 -0.04956719464655872 -0.03667472513975986 -0.031139715007838284 0.02746343633227541
0 31 0.0665309562417311 0.06644684202892036 0.02764049767873511 0.06642560030367171 -0.014873034666236655 0.025045786831621238 -0.02996905723860959 0.02253489971337695 0.009113078750093252 0.06516156370223479
0 32 -0.02861047368259412 0.07536717025845804 -0.04524270866977549 -0.04341440733749634 0.06871923258355817 -0.0793495440144744 0.05097401284451685 0.05116398056524599 -0.06871072288173126 0.02911749687808696
0 33 -0.035258092916533264 -0.044203341250682995 -0.020474394126109397 -0.06445792029577033 0.05103668596191156 0.028435188984320812 -0.07312764776302515 -0.058201261251091985 -0.08218567660273979 -0.10001641690370058
0 34 0.017509202489351276 0.010442362341450186 -0.06882780244687567 -0.0012771475552043265 0.08278532381471719 -0.08349906440157306 0.07538768031912013 0.01340511742243045 -0.052679691480145924 0.06207657189846023
0 35 0.06178877064242794 0.04417368619688085 0.02453410307044635 -0.07642677175554606 0.08437021906775981 -0.008328306462609389 -0.04024118157950179 0.05777102214807454 0.05392953817892055 -0.04652660622210423
0 36 -0.10280413461686323 0.0707989726100475 -0.07682425435144583 -0.03235313544706076 0.05445607606445689 -0.009453230895434638 0.07082135805184873 0.047446662528845905 0.06440688348757931 0.06801194134554366
0 37 -0.008097457402124917 -0.013298782733318559 0.07843578525325395 -0.05391278106904591 -0.16098600058332516 0.11410622249117863 -0.0727722160613302 -0.0047917293122688555 -0.09776593618679696 -0.05358921448347571
0 38 0.021414575736083203 -0.09953682128264975 0.07813615963774181 -0.01609994340847253 0.0165725630175953 0.01699834819719165 -0.056285200220135945 0.08210143048528333 -0.09195991737591863 0.03701011143289213 -0.1214214815121329
1 0 -0.9364410735848878
1 1 0.5293419435617851
1 2 0.00301492463080979
1 3 0.7379399457057332
1 4 0.8897532884180124
1 5 -0.7034712571975487
1 6 0.8088504200761967
1 7 -0.15921178226973287
1 8 1.228142692719144
1 9 0.7653625049411655
