## LambdaRank
## Epochs = 100
## No. of features = 38
## No. of hidden layers = 1
## Layer 1: 10 neurons
1 2 3 4 5 6 7 8 9 10 11 12 13 14 15 16 17 18 19 20 21 22 23 24 25 26 27 28 29 30 31 32 33 34 35 36 37 38
1
10
0 0 -0.06533722423945289 -0.053514080563139735 0.03435871117990703 0.04642114401252097 -0.042506961526773294 -0.07513571260889655 0.07085704711412576 0.010725558431505345 -0.08738022235366073 -0.07790904533515544
0 1 8.590734562764331E-4 -0.04035269420400845 0.0573515503085565 0.07268201015402095 0.06389836602955971 0.09057786950296319 -0.04456693146373907 -0.0422748479600836 0.017394233354924488 0.09511335008865819
0 2 -0.01457434992790905 -0.04456947436089899 0.04728909670184811 -0.06127443747487314 -3.6091688680615447E-4 0.032222295919289795 -0.04781206127766441 0.08891076300292469 0.01850735922423037 0.03182437135021322
0 3 0.055435995728315896 0.024628184312799156 -0.07535655065224783 -0.009205229931833986 -0.007394950217946589 -0.011356025771644058 -0.006904523665221963 0.009707970768232717 0.08148581557458007 0.09774039866149781
0 4 0.03064194252354045 0.019617659560260067 -0.0841006983389289 -0.00926455286296855 0.09132812901015443 0.04190557674357276 0.07514277014017084 -0.06382692015774845 0.05187048786348989 0.01926402822165298
0 5 -0.05804063219374197 0.035823103319816786 0.012251473202314341 -0.06377252105371031 0.017599025296253575 -0.032301641694493136 0.04274030865926846 -0.07243363356581217 -0.05735943961429665 0.049032115625919526
0 6 -0.07906692593487093 0.019185567902866473 -0.07523699158064116 -0.01574657491585771 -0.06077485511489491 0.012369709740515059 0.01612606634945684 0.024245681513534043 0.0911971590294728 -0.09847778035844625
0 7 -0.05871818116850521 0.05286166852358251 -0.054426258065371345 -0.07590633638793713 -0.02332715520891929 -0.07492351611971507 0.06146704414174593 0.05217832249840531 -0.04009909638192808 -0.03065453179603307
0 8 -0.08234270211146738 0.045433272049152526 -0.07642329580168954 -0.09951605705588593 -0.08523762333630945 0.07844038117055588 -0.004005609506073121 0.09047600365361441 -0.027045902263075017 0.06385657194069959
0 9 0.08115429174529416 -0.09506030309664781 0.029460454433623745 -0.009979732636102091 -0.035570386558767854 -0.018153212986981353 -0.032160260467445224 0.004540950615822289 -0.05968468529187641 0.007203094552601476
0 10 -0.034121164910658114 0.046876880477357344 -0.07211337443279128 -0.050934332843454944 0.023720941662429655 0.010629260673415046 -0.057751688195286414 0.008296462120985363 -0.048741246948286 -0.01035861321523032
0 11 -0.06936584458363493 0.05633656527451256 -0.09807999251926229 0.03885515322608799 -0.06542736052468277 -0.021122458203926015 0.04896285411194992 -0.016823986515425726 0.06112369895793789 -0.06119413648871194
0 12 0.08492227795194357 0.06861812725819147 -0.09037298594394141 -0.03078473487591795 -0.003954300759836568 0.09462803027789503 0.012510374866225357 -0.038442049415464696 0.01792660124081229 -0.06444067516609392
0 13 -0.04807741232873287 0.05270805460734881 0.09026622145773605 0.09399897301740998 0.09487390581158994 -0.07974228927389126 -0.07215919253033559 -9.976456559225863E-4 -0.05888850343409211 -0.04911733012346388
0 14 -0.07321672719887078 -0.06145983969954818 -0.03288157615363106 0.009311049135705256 0.050340440953108995 -0.08907819240382496 0.06633174885891337 0.011576329281361859 8.475593552906286E-4 0.08246609269625196
0 15 -0.004465960853554682 0.02132759852985363 0.0280295637651703 0.061347622801233306 0.01583106346786821 -0.051203978030263296 -0.08208889664321933 -0.008733038674520794 -0.08927543981517794 -0.041570276508055934
0 16 -0.08815739755987886 0.007495563126634888 0.0578866567100671 0.06718380042286627 0.04381501663187934 0.02626972800635854 -0.09894404950060796 0.04779963540969065 0.005697162234850646 -0.067056941131304
0 17 -0.0665882881487714 0.08197866606255914 -0.08818800542769126 0.03363730853740265 0.03728876671085389 -0.0012868003755291777 0.06443397328841141 -0.017800149324706353 -0.08628759228224389 -0.06411746839899804
0 18 0.0959195404536891 -0.03039981206794106 0.0686240932193284 -0.0707236304180979 -0.014141263889679567 0.02083759153477164 0.04707870088974254 0.07927575309675274 -0.045541749331380096 0.04056266643936169
0 19 -0.09621122640493598 -0.05261332110183411 0.0010644755111213222 0.008139663982997765 0.012630139340861327 0.038379165906128665 -0.04571479204836042 -0.017925918544080276 0.0774522643245084 -0.02023014521108296
0 20 -0.031668880883200176 0.02555189156496938 0.05101855697782134 -0.03410306848798903 0.09934682787455151 -0.008379706205400891 -0.027747165331559916 0.052680413199044505 0.04969119220930107 -0.06442542209638476
0 21 0.04108759457720011 0.08520088323132176 -0.04710748144171689 -0.06872485762775597 0.09063739258854053 0.028439123260298467 0.03789598896533703 0.046909279713139046 -0.05614070948461878 0.028711379021221683
0 22 -0.06014577658061844 0.06383625021896396 -0.07528247195419256 0.08498420213996032 0.07569962970657643 0.048371093564666894 -0.08754783015120617 -0.029993741391955243 -0.07740224021165211 0.09258141952269835
0 23 -0.08878641295243757 0.07626159852025344 0.011676068407416985 -0.07001214096150743 0.09856828902626984 -0.0017879512540236475 -0.009019314711052596 -0.015598168742108655 0.015273406406206402 -0.08301661956767048
0 24 0.03417087948746812 0.09667566968794446 0.022897430091651662 -0.05019875778674498 -0.051022566895576806 -0.08437786966968683 0.018335334780523425 -0.0552586159389932 0.04774936851394059 0.0027775254438120686
0 25 -0.04674270998477529 0.09050075987869813 0.08213482526922353 -0.09453492216403604 0.06945314586276868 -0.09300527608671157 0.08913547368779491 -0.09059322197160481 0.03972885611941602 -0.0996929119878456
0 26 -0.038155229742302475 -0.01318606644914319 -0.028334223969745217 -0.09433174560331867 0.040563939165640606 0.07477085434979641 -0.023497709569423413 -0.09934274109565222 0.08562822972739527 -0.053578985117742665
0 27 0.028536894484033102 -0.02609665687736412 -0.02466920980837788 -0.046290136458102905 -0.09282550541739967 0.08478086334316588 -0.0382839427049624 0.09474767752111304 0.04360588845129218 0.09936314713292788
0 28 -0.08627926194011465 -0.08126108179266778 0.02788515722924384 -0.04570573193227673 0.0903678879043295 -0.07418741825975253 -0.03736698038292897 0.05007597903891983 0.09906298182166007 -0.07598112449889965
0 29 -0.06368871299715265 0.042464844906429974 0.05872087042477656 -0.095880112116197 0.024078325998410005 0.060084405203748276 -0.05056934470257897 0.024193819333258378 0.004490415190473051 -0.03356415181444397
0 30 -0.05741967685772745 0.03348952204511612 0.09106842321204406 0.0704912601753226 0.09146436466300507 -0.06967179005770621 0.09866672280881539 -0.07045442003057334 -0.04883360824009135 0.02396041968635883
0 31 0.060618371475168645 -0.06821834316548024 -0.0565961858527159 -0.09720804283004734 0.013027255954730135 0.0023758003614007856 -0.042722896242549706 0.07689429511401867 0.09290617764780451 0.051270391515296644
0 32 0.09090312118108171 0.04756673318215248 -0.07119197014181858 0.059218990942975086 -0.038580587602918034 -0.04803257529859004 0.057209447212471766 0.002112779778545264 0.0385290224355502 0.06780633327798072
0 33 -0.045679216688917945 0.004280393620807254 0.03238432291729955 -0.05056904212814053 0.023273761565458285 -0.024781743488433285 -0.07827928670608837 -0.03342781185227388 -0.017547210128245866 -0.07574849308935663
0 34 -0.032685004778272214 -0.0038824022993222563 -0.049222433949560655 -0.025436571402974104 -0.01366913950881602 0.004305283404207518 0.04387900521012112 -0.057887834576190456 -0.0579796355908125 0.04196286340109633
0 35 -0.06971291452646255 -0.041192155331373215 -0.050341565161943436 0.09836877137422562 -0.09659893810749054 -0.050090741366147995 -0.00962948240339756 -0.0325823649764061 0.008306425996124744 0.04934375360608101
0 36 0.020987372877743802 0.09875351571992262 0.06342716758636333 0.02828988608719785 0.041985226317113454 0.07818208872939161 -0.06923783796407292 0.0077752332314208385 0.037021399000522155 0.025306501859585703
0 37 0.023433254162621053 -0.012468599795678457 -0.07555593769024539 0.0011915241262479728 0.0835348447443457 -0.01162814550649636 0.07952222498919702 0.03647317249027453 0.039122161688632154 0.08597125633259901
0 38 0.02773840581390523 -0.016178309654995733 0.011940556815880623 0.05896962676396767 -0.09764460822433858 0.08918115938623958 -0.010573957513367564 0.08791858729296996 -0.049408661140042304 0.06431351093618431 0.08785859495401308
1 0 0.02275723777711416
1 1 0.032021231949329244
1 2 0.01068872213363646
1 3 -0.06692005693912458
1 4 -0.06058789417147627
1 5 0.04449895769357658
1 6 0.027000153437256848
1 7 -0.033197540789842564
1 8 0.023650925606489452
1 9 -0.05676151439547535
