## RankNet
## Epochs = 100
## No. of features = 38
## No. of hidden layers = 1
## Layer 1: 10 neurons
1 2 3 4 5 6 7 8 9 10 11 12 13 14 15 16 17 18 19 20 21 22 23 24 25 26 27 28 29 30 31 32 33 34 35 36 37 38
1
10
0 0 0.04519093938086493 0.15460496355854797 -0.07900599716715902 -0.11259313139236363 -0.07358842863979535 -0.13266085908903744 0.003151857916730014 0.2295694996684933 -0.07158466627578096 -0.00325207364392878
0 1 0.2965568064171118 0.2611738170519964 -0.10802275962452536 -0.3512452707215727 0.1383432891413263 -0.2817842187603815 -0.08329760157263723 0.2961484264988334 -0.10217939452639954 -0.15465790110278846
0 2 0.003542939344309062 0.08540842651469516 0.03790922292176723 -0.11868495355139615 0.08754893121731862 0.02190444716115648 -0.042400844764977595 0.14977133030274897 0.05774693226608141 -0.017285033650594014
0 3 0.44626800841423964 0.3280078552073208 -0.16407193488891617 -0.463795111912277 0.0050412359804248045 -0.44593898688903466 -0.254051536679199 0.5527585354783249 -0.09483642307534387 -0.07155292031686354
0 4 0.0595333468134832 0.19667955060236358 0.05353750282114399 -0.08498666933732439 -0.008545448372454627 -0.099434076611073 -0.04096361886293049 0.22463877504484495 0.017543026818931995 -0.10892059551574987
0 5 0.2031036271492214 0.10383065086614947 -0.08804495206838774 -0.34592065068820604 0.04878234509455241 -0.30428687199901183 -0.11824087650403121 0.3876400229774947 -0.09513218463334244 -0.08728150363651951
0 6 -0.45310826586432046 -0.4822361958884823 0.04077551589087484 0.5363417773916087 -0.14451144121746412 0.5607402828246909 0.4322069253065257 -0.8755415251244252 0.16091195376709397 0.061581537596202156
0 7 0.2943323292674942 0.18889355130904462 -0.08971488146084867 -0.3700427668035892 0.03902846744965559 -0.3620455649961258 -0.17749326949048475 0.4545564354825838 0.005497489417988745 -0.040724399193690974
0 8 0.056749614906089284 0.12567161552534784 -0.05246937410043535 -0.18663138392978162 0.0983391287383889 -0.11341972765167203 -0.1092961366613333 0.20853492581781555 -8.89031120069317E-4 -0.09693395356270845
0 9 -0.013169222448002291 0.010714574424201108 -0.032968608592376845 0.08176384205646534 -0.06405218029251637 0.04125970092703225 0.03812913241861178 -0.0687592697194356 -0.08237879481793585 0.09413172757814545
0 10 -0.012052695444280505 -0.04060459404143624 0.00276278479147828 0.14103190937300544 0.051777830300308865 0.0955716829735964 -0.023012293202241216 -0.14443828258737706 -0.031185819966482696 -0.0732101246583326
0 11 -0.028797330863316917 -0.04212241452299013 -0.07666911640855864 0.09960297164659451 -0.004994078555705929 0.0881722021309897 -0.04771857489253196 -0.11795333789462234 0.054160582736490964 0.03274313633390853
0 12 0.22321929572923815 0.17828465179217676 -0.03846185150657557 -0.30501823908821446 -0.012359125841886209 -0.2902432118583149 -0.10862153995635473 0.3615597352532259 0.004475792748688653 -0.136372240101121
0 13 0.12795850609454454 0.14911575884656825 0.012659793365199788 -0.14544631195505742 0.084898735142747 -0.091617506618474 -0.11735117197344073 0.23179937001062062 -0.12601156714075698 0.0491876980361504
0 14 -0.07544124592188309 0.05364220595835961 -0.06578041807938029 0.01381184849516282 -0.053492929728646214 0.029411893945901796 -0.11651374716254552 -0.05961232356807949 0.036889239319135916 -0.10688155976887936
0 15 0.03963797309680378 -0.038573772682376314 -0.09380519758134738 -0.08030391651182504 -0.05512445854190025 -0.15685001039323496 -0.12914911678538576 0.0865983950287703 -0.012400415770114167 0.009784545022639793
0 16 0.1711481981910163 0.06398293126771759 -0.06252660924919842 -0.031496281640649326 0.037055496879449284 -0.12747096320002055 -0.09722861664674287 0.10559980152252607 0.002881424066405335 -0.014790189522306924
0 17 0.10223135867311356 0.09580247317110725 0.05326071519105887 0.008640337008574469 -0.08977229154896385 -0.10002588632057491 -0.037029750169493975 0.046372796046942374 -0.04126362457050946 0.051972042298728545
0 18 0.08274986640744218 0.12876991447625452 0.032747757290374636 -0.06077081912681703 -0.05601133164340681 -0.13476376257026113 -0.06848252327177337 0.08850316188388949 0.06706311575402897 -0.07708814210450468
0 19 -0.0018503034805580924 0.028537666006564436 -0.09071041846486462 -0.17169740984864956 -0.030721256022125075 -0.012475954525375846 -0.07953361190799026 0.15381035001569204 -0.0933723565327846 -0.0027507620759723737
0 20 0.004064814569042815 0.09082681466714407 -0.11336268270618376 -0.16580934271861988 0.049275008064875066 0.014940670794187953 0.048945833398834696 -0.010936280457596918 -0.08042181001283424 0.050938021916153244
0 21 0.06934412174063478 0.033880352008207874 0.04737980665964509 -0.030914427867951757 0.0712291813051276 -0.10938152077842356 -0.13203862996408477 0.016026698329841993 -0.02905640205089915 0.08532173878222248
0 22 0.15754964408550076 -0.005206467845917853 0.038660668502509134 -0.12332797276329205 -0.015150449844753517 -0.18351620159983068 -0.1756491194330454 0.19404666127996162 -0.0531499796890922 -0.08954217854181118
0 23 -0.07042712093355205 0.003884804793720583 0.019859503073448744 0.07039752743162615 0.024945145398911607 0.08826806543373392 -0.03153381649012546 -0.10706800305901966 0.03787527819917797 0.07694260411103249
0 24 -0.13151030447558382 -0.002673817178666393 0.01397842204860242 0.13068137112043998 -0.03183134682272738 0.12329752767325762 0.02939552980497809 -0.19014449373184894 -0.07110137593886388 0.08713055671526408
0 25 0.11708349116703969 -0.01189253241208906 0.037235352895596735 -0.15860752534488273 0.027152825858408943 -0.10571381826387799 -0.12521431554155663 0.10985547897600045 -0.037653087592623716 -0.06916265212969536
0 26 -0.0023147222853974977 -0.011946246043954873 0.018116895816098055 0.09027724129031625 -0.006512497777380807 -0.05475264226535589 0.05184203883200323 -0.1105834492763959 -0.04643801019614424 -0.07030559126912421
0 27 0.08002785159279419 0.012584905457353503 -0.005886957860022223 -0.0685379911920682 0.062228233360614615 0.06094509394649706 0.0793357283021445 0.09688119029463688 -0.07818525639323157 -0.05734392312182397
0 28 -0.04353529792889907 0.09765549681390726 0.08083660760408617 -0.06004036248767288 -0.058364755765157504 0.010904327698549135 -0.048603251050408594 0.04895853278655617 -0.0860316582439975 -0.06305655548624076
0 29 -0.0366560305239443 0.019504243494092466 -0.002899693747979721 -0.16051857443784415 0.07912681615012715 -0.0918159196648933 -0.1390021859604583 0.06521127245201817 0.07517231678931884 -0.058040712689903684
0 30 0.03762902934219903 -0.08242680085527676 0.005328070545921288 0.03335868288099439 -0.04847037908752918 -0.07377896566888191 0.013608440637065398 -0.024536470778344376 -0.056486257027688155 0.0016014013633535713
0 31 -0.032503529974399675 -0.05917595741280725 0.029443541106784907 8.109173577671942E-4 0.022116655184961673 0.014332413300550849 0.09999028879852466 -0.10814414528926178 0.050772925685730684 -0.08328620576961257
0 32 0.022255437129825424 -0.012643027698391075 -0.0554842892720026 0.11878843457177334 -0.011705448687510257 0.09264389480464459 0.061092191591949695 -0.05077821345896304 0.09906270790412158 0.019132142669435578
0 33 0.08909335963376155 -0.0391049873448028 -0.09061368519885371 0.0349258778838665 0.09134102335774111 -0.05620814406169651 -0.1012874279281223 0.09478292480761083 -0.09118522269566942 -0.013543690792108057
0 34 0.10458533357464206 0.02980259283208872 0.029874683982144174 0.02741347961850793 -0.008625984865912293 0.016051273292152335 0.07719262483377659 -0.04865939047817982 -0.03007318590600062 0.08432168921653592
0 35 -0.06334365235395695 0.027052404028296086 -0.006048477520750592 0.06621028322309092 0.06292007248300699 -0.06818713259932585 0.06738105221744264 -0.002989186325997752 0.023919897131803095 0.0017291770009031646
0 36 0.061171282754073394 -0.00965128757352381 0.04641701580185434 0.03544180752704346 -0.08570858711649695 -0.06826746690046123 -0.007851428916435912 -0.011790767781150307 -0.008702244818349972 -0.06537243468244504
0 37 -0.17624589862629444 -0.09285262033294203 0.024247439434192542 0.060334892171101266 0.021481416070196938 0.006576005866798076 0.11956593380633601 -0.10807785226153986 0.10188997295501248 -0.05028404344697233
0 38 0.01825327992065639 0.05454769729614894 0.07509549888034925 -0.09697126772825904 -0.08226574968473734 0.06522708519939116 -0.01574124889718261 -0.1290535738595966 0.08062306341889322 0.03381710617336889 -0.22704593349001598
1 0 0.8426457714654427
1 1 0.7126008805019985
1 2 -0.26468213209188535
1 3 -1.139747174877461
1 4 0.12638572311805216
1 5 -1.084046837860564
1 6 -0.698743939729765
1 7 1.3944263035859183
1 8 -0.2980439496110503
1 9 -0.29372888168342287
