## ListNet
## Epochs = 1500
## No. of features = 38
1 2 3 4 5 6 7 8 9 10 11 12 13 14 15 16 17 18 19 20 21 22 23 24 25 26 27 28 29 30 31 32 33 34 35 36 37 38
0
0 0 0.0482033310249134
0 1 0.012958937482632863
0 2 0.07026117360187337
0 3 0.08652956118052543
0 4 -0.0982706206521661
0 5 0.062099534019388954
0 6 -0.059808215331588456
0 7 0.04375857991018772
0 8 0.08710289618503254
0 9 -0.06142972753877877
0 10 -0.044864235837491065
0 11 0.012380073881595267
0 12 -0.005394020193332074
0 13 0.041576977362899385
0 14 0.0229374101857371
0 15 -0.055398047419327516
0 16 -0.05972615760481357
0 17 0.07405130334502384
0 18 -0.039844513314195265
0 19 0.009417255247382282
0 20 -0.04081864388798906
0 21 0.08305062364656969
0 22 0.04088643859823605
0 23 -0.07481295854704927
0 24 -0.030969609180536893
0 25 0.005805576232841472
0 26 0.062470826573731916
0 27 0.09521381513713387
0 28 -0.060554327701053665
0 29 -0.06959840215461102
0 30 -0.06916774562296747
0 31 -0.023702826013481063
0 32 0.05432014289823252
0 33 -0.08503288745677004
0 34 0.06713497539967274
0 35 0.09152903590368817
0 36 -0.0212830528891001
0 37 0.0023198738968032654
0 38 -0.08502243459224701
