## RankNet
## Epochs = 100
## No. of features = 38
## No. of hidden layers = 1
## Layer 1: 10 neurons
1 2 3 4 5 6 7 8 9 10 11 12 13 14 15 16 17 18 19 20 21 22 23 24 25 26 27 28 29 30 31 32 33 34 35 36 37 38
1
10
0 0 0.17642469020819737 -0.02705032943705206 -0.03844826674056527 0.020085023231790847 -0.14431400571508327 -0.18397145329952738 0.02357704870935062 -0.2123999617602178 0.05753495555499386 0.0058379718823856315
0 1 0.28046353382887385 -0.07412217220660385 0.067196573649488 0.007403145034164096 -0.10031831591491207 -0.25253739903488 0.19601555598796017 -0.4462197927719431 -0.0976241363411348 -0.02464383740738557
0 2 0.16633304080837807 -0.05591723546664184 -0.05827790419951938 0.08642751417459324 -0.08071831808285541 -0.13355229312644462 0.03801942641866863 -0.08191305106398525 -0.062174265849611283 -0.0017398701709606937
0 3 0.5240045652603073 -0.20071565157924343 -0.01130550212589976 0.016201682663988033 -0.215371866229309 -0.5131514582113713 0.4253668899162581 -0.7506288862763295 -0.10339271087481204 0.016452662382729195
0 4 0.09284969312830671 0.011960760514635254 -0.029525769322475956 0.10168682878486897 -0.022435302380946234 -0.14177681033959233 0.10316038323873569 -0.1841338004337615 -0.06361667483892616 0.017570405605846755
0 5 0.31750562395552284 -0.1106760582906045 0.054591859560529976 0.021181469566694124 -0.2356932562415168 -0.2836446660435961 0.27582375790373775 -0.4592435021549515 0.038935955262002435 0.09211556974738233
0 6 -0.6253786769140752 0.17231855326738665 -0.09646560700183039 -0.20171386940748565 0.3455441409584027 0.541379492230146 -0.571917017884874 0.9362635737800015 -0.04816434601828003 -0.020370142745873194
0 7 0.39844581395686285 -0.022840568099735815 -0.010841353133324702 0.011231688422578984 -0.2690613301108096 -0.3106767116210956 0.26677301172108575 -0.5967181686344186 0.041262406323308486 0.0711257774410047
0 8 0.15037133854001 0.039479755065788075 0.019750364399868398 0.08069106943230142 -0.020749400309414422 -0.12199244740037907 0.10638678043078334 -0.17233138386688637 0.034306538685733655 -0.02489170189786912
0 9 -0.10181946309210604 -0.04472307944510445 -0.004480875186086357 -0.06642427440982973 -0.005245311390290095 0.0762598037320098 -0.07605497534313628 -0.0368338324637688 0.001035581836927486 -0.0997385998702908
0 10 -0.10111156298918386 0.09228946762152962 0.015133906890201452 0.07409031945415473 -0.01729458186492063 -0.01858248340988678 -0.13796810120112918 0.05826686356156086 -0.017641257800082976 -0.05185471509694962
0 11 -0.133337106479001 0.013956617211416104 -0.09609539232350095 -0.06682946453484885 0.07097092373318675 0.015410420340713757 -0.09626776772155629 0.16667511263697338 0.09184271635536134 -0.08917279358448958
0 12 0.19392322913931398 -0.09187622290414221 -0.060804957299452164 -0.04724311711774046 -0.16604659659905088 -0.3340283400256453 0.2621904972645647 -0.45898393976483925 -0.029386828182825328 0.07433597373920091
0 13 0.18777959715825043 -0.02719050764231917 0.07755853394136245 -0.027522574234838313 -0.0168275619534964 -0.2530210366126907 0.2064817970503548 -0.43035961006438067 -0.01845892783546077 -0.09039149817129288
0 14 0.041800214080421304 -0.023573959147190893 -0.05445333825829356 0.026978229037655538 0.008770757455386292 0.015899204463703524 0.04684287552542993 -0.027689475387639453 -0.05276223122460557 0.08594664650973231
0 15 0.04165617985679296 -0.053981416771209365 -0.046025139279327484 0.03923762680304904 -0.11318158376901091 -0.0903425119205565 0.13669756136064087 -0.0315486720111924 -0.030520618139823246 0.09417007409993425
0 16 0.1672268105107659 -0.10651917629242413 0.036375170815109846 0.048527751240582145 -0.007993592551834842 -0.020097427571206167 0.03604966357782482 -0.15882580735796561 0.001380959589574892 0.09460305489445381
0 17 0.02429288647395463 0.025248310816179082 -0.0757616984864569 0.06899441027692765 0.03641498393658637 -0.10574864351589734 0.07438185437093563 -0.10937416092004743 -0.05827489196527749 -0.07518033825562352
0 18 0.08463128837801216 -0.12834539923275565 0.10693467679014675 0.08226299181197493 -0.05819674965705683 -0.16201525421515703 0.10469276096940264 -0.2794052104123149 0.07611383203986766 0.08372969783609142
0 19 0.1514798813783235 -0.04741079268540131 -0.08204190996998768 0.07248485627737423 0.02956420640951786 -0.02188151403732394 0.015093860435621735 -0.1613378395489521 0.028682980932756157 -0.08084428171003018
0 20 0.11648965771034682 0.01124377489595821 0.09436217191494395 0.050774791736816545 0.012658428832003434 -0.13036336743433968 0.10370624088325625 -0.225458723650942 0.05122061516639013 -0.051902604889146435
0 21 0.09191752259698958 -7.482501056797883E-4 0.05963264128335477 -0.03305573896018007 -0.004615166933821671 -0.12323614208887819 0.011844728618641566 -0.02270180800722938 0.07781447884093265 0.024323193593565377
0 22 0.17282180277689171 0.02189253900310937 0.07347456539575883 0.004920321412430217 -0.15120947591662168 -0.19643236300965233 0.08485267820861267 -0.30546976031445555 0.07493869474103869 -0.07691854416152988
0 23 -0.0722802306176289 0.10297762856930309 0.08166058861013523 -0.023939630095658374 -0.04595803688425948 -0.034787779422242524 -0.037859286860546494 -0.006441821005155593 0.0081043318447485 0.04370692376140752
0 24 -0.050354700658201294 -0.058897814442497004 -0.05266791404503915 0.05947916450684957 -0.03758650237547482 0.09039214040941301 -0.1825402272274751 0.06278762030530305 0.0875298682632446 0.05085703519780516
0 25 -0.0026670155636796507 0.07700023836351821 -0.03626260465606731 0.08135987762186046 -0.022237187261022175 -0.06981442608940686 0.10374354813012641 -0.17017276408329768 0.09502275013094451 0.023353129410253207
0 26 0.004713419694201403 0.10712122948446083 0.01812879115138411 -0.1029799576549971 0.0190472386190913 -0.06746858756942752 0.06462187880632639 0.06722383145535755 -0.05868727375346413 -0.016193131576461267
0 27 0.10088030804370487 -0.048419223884680104 0.07908599178353985 -0.03578193794464496 0.029581298569035356 -0.10920189748856328 0.07775893600452602 0.03134506577769471 0.020128998648357342 0.016155298789250427
0 28 -0.03729413241558996 0.072063635819862 -0.07144082441247787 0.012783281613024151 0.06525264963089276 -0.11882332157851588 0.08281823648894053 -0.025773086042016054 0.08282278541291846 -0.011275871020318757
0 29 0.14209079066729982 -0.04291081517870646 0.031028954015762607 0.025575665071932322 -0.028058448816497772 -0.12185432365257076 -0.011504575496207283 -0.015548557153387604 0.014446044134327572 -0.02414758638765004
0 30 -0.0014662879337531962 0.01556638696711152 0.018648523902707284 0.07884085615427153 -0.10474509233177723 -0.024960660947181523 0.0019915913548939432 -0.09373689895485388 -0.090975996072737 0.08019568742879887
0 31 -0.09015673657651696 0.00858800092906514 -0.09376812120254495 -0.013689362336408663 0.019206033986241988 0.01556325489617335 -0.09020372960654473 -0.0027416655983365317 -0.09012195548651832 0.02690437091560083
0 32 -0.10503771409961128 -0.0586535095737153 -0.017808696516420485 0.04720313934986415 0.002867835172966247 0.06940841874354375 -0.07290785919969456 0.07407915198163649 0.0964547080696385 -0.03348419721693324
0 33 -0.09328812028255806 -0.05651212043245683 0.09717623488012231 -0.07917935475015826 -0.09881747057812103 -0.05187051376987213 0.05832578182858407 -0.06666359503130741 -0.0850511215492481 -0.04691229288533116
0 34 -0.050778512543426635 -0.058711751876498144 -0.06271263973525537 0.022670529687231804 0.056829978272946294 -0.04140417116558707 0.06882961519504363 -0.10475113868423952 0.06539459025254823 -0.030802200667625478
0 35 0.05163475871978127 0.08163410103008648 0.033493623384503526 -0.08541994529456531 -0.0043343339109178786 0.030891463328357852 0.053715968819534374 0.009369720257787088 0.07835677313583791 0.09107379659717615
0 36 -0.022170975209778877 -0.0621963752484768 -0.07800572321639139 0.03569729293096289 -0.04679604846772819 -0.015611133548488138 -0.006279087888382171 -0.07931470812471013 -0.08981578582588648 -0.06859764356396365
0 37 -0.0527319218059756 -0.0171879827304742 0.029751484614522445 -0.0018982013570359559 -0.0741583484313257 0.0788623130643278 -0.07625696448062537 0.05096349510759742 0.07891940092067419 -0.07367717106959683
0 38 -0.002532077891182768 0.055249269732414834 0.016156718056608507 -0.08681659189334193 -0.01884623856085548 0.02078691476505526 -0.09570021136989755 -0.017943820566435533 -0.007328835386779263 -0.05117974954202192 -0.091944735705675
1 0 1.1023963169789397
1 1 -0.3583801667068056
1 2 0.04486018252549653
1 3 0.13335152096365482
1 4 -0.6155119756971107
1 5 -1.1175178267512607
1 6 0.9204446584713961
1 7 -1.7149070493463303
1 8 -0.07664035650035349
1 9 0.01043821705643299
