## RankNet
## Epochs = 100
## No. of features = 38
## No. of hidden layers = 1
## Layer 1: 10 neurons
1 2 3 4 5 6 7 8 9 10 11 12 13 14 15 16 17 18 19 20 21 22 23 24 25 26 27 28 29 30 31 32 33 34 35 36 37 38
1
10
0 0 -0.02991481294386898 -0.1009832110942627 0.03978242270537267 -0.07020514337791571 0.009023653590809536 -0.06436531464866928 -0.026896382626012245 -0.035823411721506146 -0.10363108469013026 0.16048366459850535
0 1 0.05285275828447958 -0.2992435750268585 0.2289430692457879 -0.08371010657315257 0.3016607481851181 0.15347220540774076 -0.32704928313600595 -0.0865747228514829 -0.20981372851574442 0.41273813402243964
0 2 -0.06967991261381347 -0.14154157010023535 -0.012056635530781866 -0.04483640611871445 -0.0027845616616644503 -0.01585173321027015 -2.5733265998059664E-5 -0.0805172772205149 -0.14461912707932223 0.12142426836741406
0 3 0.02775244273487292 -0.4160594799941801 0.2559869923185929 -0.229195756024862 0.3597453453283933 0.12747803921547085 -0.26933736035052985 -0.1984929870764129 -0.4175493230042243 0.6095030938257059
0 4 0.04638260441685824 -0.1804875545494332 0.10219601720132812 -0.11987732816802558 0.06141845439034856 0.1303642359439754 -0.0647070309903609 0.0032706108092903394 -0.1555780565958446 0.2787806646543826
0 5 0.06511303000372823 -0.3090338835161228 0.06407369415470458 -0.2348110831663031 0.2450022985683403 0.09495396598479472 -0.2817792882963301 -0.20136177097558577 -0.3299736272284306 0.3470785252824798
0 6 0.07807016995616209 0.5499309526252418 -0.17752227466698256 0.3567530723150858 -0.28990856063048454 -0.11154109921661862 0.4713162202827856 0.2346698225542489 0.5210011848802895 -0.8981963873202085
0 7 0.053278985734221414 -0.35767375105878674 0.0749102346275521 -0.14830600406221706 0.24646464437999865 0.127155484548794 -0.342776710075132 -0.06314895770943325 -0.3001471460008787 0.5160015370702857
0 8 0.06726322279654141 -0.14996674193018977 0.018436285573704757 -0.15813076600765494 0.08045481532368604 0.1382193848239337 -0.1870092275209525 -0.10726627682502604 -0.08976995961455074 0.12350030341086725
0 9 0.048778319972969 -0.003992824864998074 -0.09614280627270057 -0.05094378475886691 -0.11150252665489575 -0.07007356330835741 -0.043748490333169576 -0.06559105199912676 -0.027674610574187287 -0.14534174063042746
0 10 -0.07763459816680147 0.044072179888840456 -0.12826799570709144 -0.04093168972117363 -0.035814290527345825 -0.01908075073553197 0.0037200468198917446 -0.06451939230560241 -0.01281452024958612 -0.0527751424193158
0 11 0.03887813422433177 0.07159136827385107 -0.09781791819397989 0.09987601339312262 -0.02333100049215398 0.0717537579282874 0.10384105453794107 0.09533550723526983 0.11849152139285514 -0.09703840620029057
0 12 -0.03645694456333873 -0.14109183719652452 0.17303441622211005 -0.13390221786955095 0.06947824452218904 0.1349211842594766 -0.15557153213359068 -0.05107045852555424 -0.1481487112864052 0.40387495201032964
0 13 -0.04482025856689426 -0.1714802107400167 0.07212284341512915 -0.02147328157172829 0.09730537133203404 0.1657898728065628 -0.2705764602750101 0.017510817338252823 -0.15985717951197392 0.2672820009165987
0 14 0.02759313769639232 -0.1216996899767759 -0.010777715262414897 -0.0897066612042761 0.008798766384406036 0.05507705547353857 -0.04363623613102966 0.04434880755317556 0.037086157861073665 0.06667049382070381
0 15 0.05760292796288425 -0.02686427161190933 0.08379437088252176 -0.045406410116998336 0.03613730414701673 -0.04556297852652822 -0.11754040670305216 -0.039359361712362984 -0.07955385071747595 0.03283570953685422
0 16 -0.06128640685392357 -0.031061735271253724 0.03154888479599516 -0.13888656442117703 -0.014313714050546912 0.08329175392897707 -0.04039703350536238 -0.0010877680771146604 -0.14821980253390662 0.18977079071449426
0 17 -0.015143474425956925 0.01834509958974989 -0.01623637151571295 0.02546398698891098 0.10797636297537538 -0.031127003703816908 0.06406643002601672 0.07342750315702015 -0.05393555939491729 0.06119605102677183
0 18 -0.10467922045169208 -0.05989390407183189 0.1033172251814825 -0.09938766911350705 0.07842477376927126 0.07982757546952163 -0.0787738848467687 -0.0420153959399925 -0.18221084831495757 0.25942926704118624
0 19 0.05584240817739223 -0.19749001697327956 0.04459488841003519 -0.09556347320362238 0.0013799112229191072 0.07422624997796128 -0.14197633642840793 -0.07808330458076315 -0.04669680211309454 0.15010572773795014
0 20 -0.07899216169564821 -0.15594134116269576 0.023047959609610588 -0.11239377995797294 -9.86361410762203E-4 -0.024080300119603014 2.9942578080664837E-4 -0.017884610431232042 -0.1463725682599159 0.12969535661722167
0 21 0.04081262260205445 -0.12915537183412823 -0.05688123063060901 -0.10220271133828121 0.13230594774731977 -0.06577501010100521 -0.0211387413237949 -0.10807387225889926 -0.09967337552985393 0.11632280094825352
0 22 -0.04886514539908768 -0.18675215428484812 -0.014199469997915435 0.009707304492689061 0.1607231885679098 0.09953803967202479 -0.20559120269223222 0.019270131667792 -0.1847156006847601 0.23688089916667784
0 23 0.04864512599498941 0.0780932409354864 0.012165543017397975 0.04323860577186232 0.02175169649562665 -0.06420700745032956 0.061574630584381944 0.03316835463505337 -0.013513454032813527 -0.03748348705376962
0 24 0.055698963000512504 0.009019422340723244 0.008476279591123964 0.022236714841544443 -0.1666652175141626 -0.07690972138633637 0.026027001473829973 0.10767993676809731 0.009920957908668232 -0.1858030560226544
0 25 0.06588823601057861 -0.16954399293790023 0.08728466713230268 -0.0784562903753412 0.13336310952902597 0.03323404822786059 -0.10050053226380433 0.017563431306595732 -0.10571907556034016 0.15466225853061377
0 26 -0.003981366167821641 0.023763100701349488 -0.02082984022715759 -0.04778736144005666 0.004607244430628759 -0.040705049534808184 0.014455805932314623 0.07970435254363273 0.13414733159277736 -0.09780349146079202
0 27 -0.10144964510268274 -0.01036379871821922 0.06451337586858676 -0.03429117493320869 -0.05349110915866411 0.06562721420897799 -0.02948093676046342 0.04376684775674886 0.022271807543262644 -0.029317979747608323
0 28 0.05221341903782429 -0.013174738412301448 -0.0037008812335489727 -0.10696308835628093 0.08102344717368515 0.09407109959715405 0.047376577047183684 -0.10273839942725055 -0.10561380316307885 -0.04060890775865658
0 29 0.08546288385573045 -0.15745062542092625 0.08813186592369046 0.03238029957565298 0.12988929846745714 0.04633201498145302 0.011711896607225502 0.04067856542649301 -0.07524447362294277 0.0643213309280538
0 30 0.05417436413462591 -0.017627606065333177 -0.034651186854483644 0.001635337668793433 -0.08752310143102511 -0.034458715297623406 -0.06928630274668489 -0.033218834701157364 0.043234129552412695 -0.04345359419692069
0 31 -0.0439631000325943 -0.0726579065641777 0.01836655828559449 0.006630883309412582 0.010169807500313663 -0.0609815949356392 -0.01025412751905121 0.06306567575033936 0.02798751380568487 0.04324578578855813
0 32 0.09543659019966394 0.02337334348780267 0.051879733272737136 -0.05570034325546082 0.02634047437687262 0.07157808673385721 0.09325964669443568 0.0019506832174158043 -0.059677826854240376 -0.029181040857336877
0 33 -0.09912940197834134 -0.0022102400798427128 -0.049801899318933675 -0.1047606302870925 0.010004031173435918 -0.07427394346313033 -0.05516075689071505 0.05466793720121009 -0.08296912165912915 -0.1407431764428086
0 34 0.07626922899135224 0.0728932070498392 0.03592752331609294 -0.08268840062632538 0.05033954098826978 0.09681953178666049 -0.09219975363532514 0.08474176209803187 -0.05894974532119323 -0.055157031433851526
0 35 0.0757582781738014 0.017886320619922336 0.056967053563387625 -0.015501627884159534 -0.007330116786234562 -0.0869609133527617 -0.007608092435395215 0.02213842877850209 0.06578501283408425 0.08165961330950282
0 36 -0.014164591957600007 0.017944144535490657 -0.0052440969367196135 -0.0709243331994001 0.08141899030796329 0.014158127515475115 0.023188494881301622 -0.09135337059623617 0.005378549390098694 -0.06254145036664506
0 37 0.04009585388979572 0.08945765209093523 0.06737165507440195 0.07787391127455165 -0.11171863266854803 -0.008086787257883903 -0.04285928106940315 -0.03170961686974955 0.08660879395785068 -0.1739840858842194
0 38 -0.09047622389403803 0.06832880399424837 0.005865111028498476 -0.0869308874691065 -0.06852940531719248 -0.1014304934985514 0.04812985457888571 -0.03374733731837802 0.02459303237326635 -0.16484344202346177 -0.23461197285212979
1 0 -0.06094186188013633
1 1 -1.0781707165772205
1 2 0.4043483375643038
1 3 -0.6247437106494129
1 4 0.6620084505502299
1 5 0.336298927938994
1 6 -0.9144016510767132
1 7 -0.4323026196873755
1 8 -0.9933169836299357
1 9 1.5053686470437295
