## ListNet
## Epochs = 1500
## No. of features = 38
1 2 3 4 5 6 7 8 9 10 11 12 13 14 15 16 17 18 19 20 21 22 23 24 25 26 27 28 29 30 31 32 33 34 35 36 37 38
0
0 0 0.05221521767968334
0 1 0.017018951083883592
0 2 0.05651086027103076
0 3 0.08430544048101632
0 4 0.03443855040423249
0 5 0.06893213886344914
0 6 0.08988266144668561
0 7 0.0020689765916372385
0 8 0.09674751432672524
0 9 -0.09761160561529113
0 10 -0.09006057892336315
0 11 0.06199934409371278
0 12 -0.05366653744413042
0 13 -0.003804101622804921
0 14 0.09401182054374754
0 15 -0.07402539936392064
0 16 -0.0775926773971922
0 17 -0.06826262697707546
0 18 0.023924624400392405
0 19 0.03973168276398987
0 20 0.07305075684013386
0 21 0.03826277936546901
0 22 -0.020209370893423124
0 23 -0.09296453289471765
0 24 -0.025359682795020412
0 25 -0.04029280268372837
0 26 -0.07060289837196163
0 27 -0.08544446739398942
0 28 -0.003917045332484757
0 29 0.08775264297132318
0 30 0.05832047187254126
0 31 -0.07202842340171148
0 32 -0.04784236746104438
0 33 -0.08040074852733106
0 34 0.022240916535173127
0 35 0.011947870198132603
0 36 -0.09273886680603027
0 37 0.05182558090671272
0 38 0.0637536495923996
