## RankNet
## Epochs = 100
## No. of features = 38
## No. of hidden layers = 1
## Layer 1: 10 neurons
1 2 3 4 5 6 7 8 9 10 11 12 13 14 15 16 17 18 19 20 21 22 23 24 25 26 27 28 29 30 31 32 33 34 35 36 37 38
1
10
0 0 -0.07571614901313624 0.04742677915908213 -0.03202583946732792 -0.036894802963904356 0.14591084279553868 -0.10124687769700032 0.0416185573768752 -0.034724491791753534 0.033732409567421524 0.07984367408692196
0 1 0.00643731458741846 0.06047583538028591 -0.09601414064787789 0.0491217959316551 0.1955507355151493 -0.21158246423649554 0.02035914336155958 0.08894185312012928 0.19180167581588717 -0.03317334200570153
0 2 -0.010744382956142164 0.10618595768144377 -0.07922231119452991 0.05136280093013664 0.11403762637217069 -0.0018874641464154509 -0.1017734256777997 -0.008779080314018809 -0.006944400213765348 -0.020102713473085822
0 3 -0.055603955251484385 0.19349421184911944 -0.3205928102214389 0.11191024887609795 0.20697006970597268 -0.3633936502433078 -0.003230093288633407 0.1737787272494269 0.24547450145738883 -0.030525079264827115
0 4 -0.011910387080412121 0.034329305397276196 -0.054123268008395724 0.10490328259749973 0.11380957326750157 -0.03706548157852359 -0.027108408233409195 0.08849748030521659 0.09400999876103384 -0.0650395489813478
0 5 -0.08886487338131643 0.18006024260840017 -0.19212076280546117 0.19755530044262617 0.1344886862049131 -0.19435276978943813 -0.03062445657998328 0.07069133963533997 0.19885999293428866 -0.07147020057548857
0 6 0.21111106174567026 -0.14623982941505043 0.3611421232887013 -0.2684570671603471 -0.3669037374266692 0.4593515380443782 0.05361338649030017 -0.2356637666569912 -0.27440536460757126 -0.07666366035557258
0 7 -0.06029597623113926 0.027302322891625423 -0.10560423125039638 0.12586045908791466 0.2568815094596617 -0.3100696477329442 -0.11021040210401281 0.03600942385722024 0.13009573457082876 -0.0781628502418433
0 8 -0.08449625996739725 -0.02041621926020048 -0.04756168520842814 0.13240216817767847 0.07111251716045099 -0.0023482165866057056 0.02167539092576861 -0.049149535995984664 -0.009119067268641055 -0.10236536769237739
0 9 -0.08273498638099762 -0.07979740169958167 -0.07732628966487819 0.05554934020869254 -0.0103425430219741 0.013581704013309152 0.05991469338136405 -0.09373789825973454 -0.07558035652697653 0.04933850354041913
0 10 0.08377160098093349 0.06115367254123285 0.043362959612397396 -0.11933346888875412 0.024757423316232215 -0.015391320043256431 0.08566146841452241 -0.05379441829632654 0.013740886436861824 -0.08704270189234185
0 11 0.06597695728948608 0.06760230337590184 -0.05466490905178777 -0.03103711016063554 -0.11785583323059313 0.07505245891139661 -0.07579340161994211 -0.018785878664133403 -0.10081769852379972 -0.07433672724933654
0 12 -0.018850432558651525 0.1702821976755836 -0.14219346838173932 0.057236525443402665 0.24980759253818285 -0.17503501800871496 -0.010327530195158592 -0.03204036377523247 0.08305256188699632 0.09157953439436223
0 13 -0.031838803763514584 0.11575303254987768 -0.06418237427095515 0.1336382176502199 0.18033791467114457 -0.07412930886807566 -0.008978870779161192 0.11246424477665712 0.10207584247758822 -0.04852143260119808
0 14 0.08138274107088554 0.1009199526101747 -0.1122849542126855 -0.009434170415588724 -0.04783521303517649 0.044680724965690984 -0.06280080354711454 -0.08763365382063143 -0.017460712762080832 0.0032028761002424093
0 15 -0.003873588526264816 -0.06721108558865421 0.019973455228841978 0.07650106489244207 0.062294941703457646 -0.14765233640430991 -0.002593619724909934 -0.0720861537963388 0.05690497707356913 0.06412875114982082
0 16 0.04920176249958384 -0.04178327361266641 0.015815733052096447 0.1107312053695858 0.08443873359225308 -0.039196452283103436 -0.09544061402832228 0.037241414900118064 0.09028767877520537 0.025212465606166478
0 17 -0.0849541135299439 0.012843039076410967 0.0408554649615997 -0.05753013497565778 -0.0029334577471175224 -0.017357701488455266 -0.09519033163500344 0.0972439701212494 0.039208158630559806 0.09439501188848189
0 18 -0.06579838332622784 0.12644289797371935 -0.011621692220478957 0.10150339690602941 0.13270955797810424 -0.11964192563214743 -0.05678819103184777 0.05374689453416501 0.03888010548890739 -0.02612673227130175
0 19 -0.05502627279575286 0.12142282606210818 -0.033827734116049446 0.04732471330708689 0.029153632436978702 -0.1109666282405949 0.04034688355964009 -0.06759895691339296 0.03384185919121385 -0.10147333186508901
0 20 -0.08161188847204037 0.039103730086054674 0.007007027003223945 -0.04923525301471509 -0.021466090798679047 -0.03858046699837766 0.02533360054286858 0.02454517420486624 0.08183875371877634 0.023905647797526117
0 21 -0.08644049111051856 -0.06355671030657851 0.05633956345613137 -0.036273963337438375 -0.020697787560114093 0.029620647813382143 0.0025572953463159766 -0.048211185764853844 0.08682838172439421 -0.09031423358342003
0 22 -0.06331998555782416 0.030704654248873996 -0.13190054223555137 0.07536529878077758 0.12696868032743103 -0.17145612749177405 -0.07408504559252396 0.07202728468024736 0.1339109092923001 -0.02511749881247569
0 23 -0.07459003768812979 -0.019400630646018262 -0.01851257501214481 -0.01192704050064963 0.02458058358489068 -0.016054230447275893 0.05106054923602837 0.0669615645599 0.07625925671149647 0.029484952968779104
0 24 -0.01090465799290226 0.03990027076503256 0.08687328221063313 0.021541976329338193 -0.10174823261128434 -0.002560578939944259 -0.08525895624086324 0.04902368788563997 -0.053104767993488754 0.09734321117567313
0 25 0.009885946697527024 0.017252735557242237 -0.14756270753116205 0.11745422675649009 -0.020849092635259716 -0.04971376885356869 0.0863410243226791 -0.06061963993545 -0.025586670510871753 0.05368856096416998
0 26 0.04312783015366318 -0.0262639014368316 -0.04238039995852444 -0.04249601512772031 0.024488521369350084 0.010591242408008596 0.07311493080919407 -0.050140158184904346 0.03407632360263992 -0.03451092418340274
0 27 -0.10504142632384585 0.07867791079283981 -0.07494105155852133 0.06824660694244637 -0.004079540194928355 0.020279278951570046 -0.03397601675976555 0.061127750134239996 0.03148999359202331 -0.04457691904967368
0 28 -0.06070372329121698 0.096930142221181 -0.06982663330881601 -0.06082254063840139 -0.055826464552219984 -0.030971619017461198 0.09671699815905008 -0.024311668673043393 -0.024506555206116738 -0.049256498327482544
0 29 -0.07239946152313692 0.05735540798739875 -0.07506028203573531 0.0901251162457186 0.01717286862789534 -0.13361026254552938 -0.022091841206466928 -0.008086088548066866 -0.040449550471252385 0.08721886644612842
0 30 0.0918156470442099 -0.08378333941959007 -0.009851540308288735 0.0107297407074131 0.05121364038814666 0.031601762727221816 -0.05195048428909045 -0.0663168369338605 0.0758605638224661 0.03759707699021853
0 31 0.03759547924541428 0.05724744110384018 -0.0019150613746850291 0.016352940513410658 -0.06425185119592143 0.04501066061257388 -0.06838017526548888 -0.07574819048002451 0.08354855209586845 -0.07733295947163912
0 32 0.05896935919705654 0.06040455148055906 0.022362411195847986 -0.10880764463396202 0.06377564535502177 -0.003688784286679274 -0.08209006100376821 -0.06261570178291864 0.056741234441378234 0.05632146167652983
0 33 0.07751094242049648 0.012193285814838297 0.04693117119601586 -0.02205627536577246 0.09835103791128914 -0.006880121017279095 0.031244109845430808 -0.0534137462336104 0.08933208579189847 -0.04731466971025075
0 34 -0.02923013699970291 -0.027328564386632507 0.04197739084427658 0.07941841024972188 -0.05382443281512609 -0.05523287970166761 -0.029168539631412492 0.008857881947082258 0.07468094495385247 0.0805098295678415
0 35 0.08179810651155225 0.09062337477966692 0.09297121591047337 0.04367555675349669 0.05985659483980977 0.08685596791633017 0.01849612862666677 0.01768809538084887 0.09999341465692063 0.06264669486000128
0 36 0.09384789049521108 -0.023674620228266975 -0.08921901015608075 0.05539638203795167 0.026929049887941314 -0.08150495394164721 0.08524739758312376 -0.06431356063722263 -0.08500916153929974 0.062287708286353646
0 37 0.04928566876008741 -0.06256604957260158 0.04924755435694779 -0.037243850461704135 -0.07942612384386133 -0.02877427390119936 0.04659285157153734 -0.0600269912473036 -0.10254052775129116 0.0697245291537083
0 38 -0.02216518813927985 0.012826747322627013 0.025942289554893753 0.01719387156733143 -0.01660783755504016 0.07941305746029552 0.0053301235150796005 0.07074789389809295 -0.04720135775861235 -0.08695124064025789 -0.10867411519040147
1 0 -0.28600132939502093
1 1 0.3362468705016064
1 2 -0.6056791101120244
1 3 0.4278391713968399
1 4 0.6688878617496473
1 5 -0.8066349473620914
1 6 -0.1168384316377893
1 7 0.26328059642512436
1 8 0.5235653386010698
1 9 -0.05729203827767185
