## ListNet
## Epochs = 1500
## No. of features = 38
1 2 3 4 5 6 7 8 9 10 11 12 13 14 15 16 17 18 19 20 21 22 23 24 25 26 27 28 29 30 31 32 33 34 35 36 37 38
0
0 0 0.031847666763525885
0 1 -0.07999008478436488
0 2 0.08071202275705969
0 3 -0.009112205367363327
0 4 0.08484582576574981
0 5 -0.06190613167349957
0 6 -0.07547399851796249
0 7 0.014474773361895938
0 8 0.05227783433206525
0 9 -0.08059024643663065
0 10 -0.009252129442902535
0 11 -0.09723831814297032
0 12 0.09762111438247621
0 13 -0.06580640004395606
0 14 0.05970217526010111
0 15 -0.07964633596702388
0 16 0.07010163535139317
0 17 0.0868197623999807
0 18 -0.028089753504879654
0 19 -0.07859085648397507
0 20 -0.03495283851661791
0 21 0.038841700112118925
0 22 0.066861320616105
0 23 0.031299301473234536
0 24 -0.014397721797839377
0 25 -0.03999876830685446
0 26 0.07741933648986382
0 27 -0.034762191372599054
0 28 0.003575834619005982
0 29 0.08327344583374237
0 30 0.018119848237423762
0 31 -0.09062650249734559
0 32 -0.09216338353799848
0 33 0.025636575781127973
0 34 0.08658549519331392
0 35 0.02703378525199438
0 36 -0.08240021341849453
0 37 0.014404945100704974
0 38 -0.06988289952278137
