## ListNet
## Epochs = 1500
## No. of features = 38
1 2 3 4 5 6 7 8 9 10 11 12 13 14 15 16 17 18 19 20 21 22 23 24 25 26 27 28 29 30 31 32 33 34 35 36 37 38
0
0 0 -0.07124012464423901
0 1 0.08676033504191875
0 2 -0.094574161869428
0 3 0.07111482333393909
0 4 -0.011367283210317991
0 5 -0.05381219435620589
0 6 0.07464119785434893
0 7 -0.03762974756619516
0 8 0.09635141021942206
0 9 5.231924051119772E-4
0 10 0.017763743425819482
0 11 -0.03519641016156882
0 12 -0.0517860190417402
0 13 -0.033954713791826664
0 14 0.00788342790367128
0 15 0.06576514331225942
0 16 0.0037894879741736122
0 17 0.02157325960989088
0 18 0.0857084440453194
0 19 -0.010646445803064805
0 20 0.01217802574938209
0 21 0.07432277246490757
0 22 -0.023762412715716753
0 23 -0.0906992796827461
0 24 0.09343179775105456
0 25 0.008864378890540595
0 26 -0.058012712609966315
0 27 -0.008329501014739041
0 28 -0.07690600732796297
0 29 -0.09109874409451793
0 30 0.0871800983576072
0 31 -0.0854551313526815
0 32 0.07021719404516832
0 33 0.08483811709896377
0 34 -0.07482343823429433
0 35 0.03781313035175688
0 36 0.06381948081390398
0 37 0.0267481820254983
0 38 0.007722437381744385
