## LambdaRank
## Epochs = 100
## No. of features = 38
## No. of hidden layers = 1
## Layer 1: 10 neurons
1 2 3 4 5 6 7 8 9 10 11 12 13 14 15 16 17 18 19 20 21 22 23 24 25 26 27 28 29 30 31 32 33 34 35 36 37 38
1
10
0 0 -0.05802889735501418 0.04843501205244978 -0.028788546457480316 0.0908652111781262 -0.05672954883296342 -0.019250722677475608 0.09899900088979374 0.003744774437592236 -0.036267847777462864 0.014297197299128005
0 1 0.048128067553996026 -0.06167182667771375 -0.0031295058313795 0.025478172676357495 -0.04295125020735846 -0.032300672549435736 0.05085682078566632 -0.08846778660877518 0.03169556876604108 0.032140820609022416
0 2 -0.05297407516580521 -0.06374138544703843 -0.011399090405276176 -0.018757262098240947 0.07196032072080419 0.020417423506647207 0.04937022591210037 0.058236215036139904 0.05601710975556448 0.08048866547799062
0 3 -0.06397113749512051 -0.021254455272876942 0.02817842449424452 -0.04523027028736904 0.09736270613042773 0.033514763368927905 -0.020152999161436053 -0.03099535487173284 0.006616135803195858 0.06920241068784329
0 4 -0.06733027203888 -0.08742281886408909 -0.05786696127036217 -0.029932268563814243 -0.06021118737669258 0.05717346882222814 0.034397119422751365 0.09549852254813485 -0.04360517295873593 0.0639488605919607
0 5 0.05795807524956396 -0.06810964489067226 -0.0643361633049479 -0.08264969921474448 0.0805782610148727 0.05692652241856234 0.09533191212982443 0.05406941442791828 -0.023719572590379115 -0.06577950257338326
0 6 -0.00545349024852657 0.05554728782359483 0.030711153330457996 0.0541773966834842 -0.002529930633865966 0.02852179572336294 -0.04976826256635185 -0.038354398081474776 0.048938664442711416 0.09366911067980668
0 7 0.08425148012998965 -0.08773153501972802 -0.0394547983918636 0.055927310820192186 0.030410900695655437 0.050438665379792295 -0.034270673436725414 0.012389975022660872 0.07280794775066406 0.010839740822572446
0 8 -0.060638460222603593 -0.028439288264004447 0.022899773752003777 0.04198462362499462 -0.03208733208313458 -0.04025158373406636 0.06727710393752052 -0.06615720381609672 -0.08559912639629698 0.07475049517886358
0 9 0.0383249704857846 -0.07812985939994543 -0.003717108776332676 0.05243270944183864 -0.03285896049792291 0.017161649140784264 0.07141768944869313 -0.05274240220587886 0.081297382278648 -0.09632568697754046
0 10 0.015348815921801588 -0.0769955654511718 0.014551268125857006 -0.01074710621558185 -0.08750890606928144 0.03948374232697783 0.08350656493303078 -0.04973690649501679 0.08349122646994783 -0.05416041435850447
0 11 0.061808064243726354 -0.032408005544457615 0.03233655976515311 -0.06094740243652234 0.002553553632131665 0.070741529442 0.05378298927502266 -0.053603976986300164 -0.025207337305255123 -0.040157739616020156
0 12 -0.05626505694629353 -0.029436013688014396 -0.08121403907736546 0.0031439895900521255 0.04033259268150968 0.07989588357547606 -0.08348752472269229 -0.08866911015362804 0.0800326064572754 0.08079542357143635
0 13 0.08801245968817983 0.0773160093585681 -0.07716781396349634 0.021042017658966634 0.08423111539408427 -0.07994498395992995 0.023553854462058457 -0.029375310211186473 0.08495993665877684 -0.026692193661855535
0 14 -0.0589334823724526 -0.020458142736860963 -0.006190945221756256 0.0017126681355621525 -0.08410310163997997 0.0831548953457274 -0.09282447086521274 0.06971489672827232 -0.07284439634458392 0.07711570907855225
0 15 -0.07663854692617449 -0.04005796003278882 -0.02870643819130091 0.08654174763065876 -0.0501565554008282 0.005953367036131138 -0.04882178574414558 0.004259139122778549 0.0018781737660204273 0.07751837212307278
0 16 0.08992599512564821 0.08368921838124922 -0.086073777668125 -2.3669875603545053E-4 0.07959817130417217 -0.0015250741560685357 0.09414767708840333 -0.012962207567247804 -0.07964850770913048 -0.019566642277379292
0 17 0.053231918692084865 0.05363596998503712 0.0879912817036541 0.020766624034175587 0.0029999525775185696 0.06464094807402247 0.060241217241189866 -0.02160957414434446 -0.09110548627781691 0.0851200875455911
0 18 -0.043084559167473176 0.030387010548598516 -0.08461711841137476 -0.04261879595583504 0.03757535441984323 -0.029466427202221153 0.015638205204054553 -0.07271677657924026 0.052492573792791576 0.00855195184471883
0 19 0.06689989704324084 0.0021405513589497272 0.06543205671808164 0.06531428774669025 -0.055813150122936014 -0.028002454261492175 -0.08241344444593166 0.02015122129339908 -0.0939266272280071 0.013981010625885047
0 20 0.07552309456122791 0.06250674796038032 0.08290475546731796 0.002754794339111776 -0.08262387152875082 0.05767375469324145 -0.05767766085543298 -0.013311748028451654 -0.07288876828929546 0.0949713939286319
0 21 0.0030385284625903323 0.051595916558636275 0.018221038752812998 0.0510454505882182 0.050425600925483385 0.01335883670240523 0.06081875248751125 0.075023654468677 0.008896184358319788 0.09943551313331923
0 22 -0.035260754104168124 -0.0765697888180791 0.09581426072007922 -0.09507701657724087 -0.08499934870661481 -0.012120055834824627 -0.011080750230952525 0.08758523165365933 -0.01193546243249869 -0.019924852334563283
0 23 0.04203101572108472 -0.009378928507251763 0.011196335814935192 -0.05021772513010966 0.0950737923224401 -0.09729559043639685 -0.07263825470913482 -0.07342457333240708 -0.025167434214543743 0.053034929263815665
0 24 0.07596783835409725 -0.026166822183421607 -0.07424593136135291 0.07468601614513334 0.06645675482920274 -0.0725705687996755 0.03589607918225793 -0.004686968822578999 0.07493296714867209 -0.016902436536817323
0 25 0.0348406114743288 0.00568053521343066 -0.03742751756978131 -0.0019437788910285627 -0.047781529420833295 -0.03232789171208509 0.07770877795878127 0.06784467337667156 0.09349491087440254 0.014989289770314053
0 26 0.0381542977538932 -0.02551244756084323 -0.09051880412837499 -0.008401646132963816 -0.08464816276998474 -0.020181377167200226 -0.012980367080441348 0.08785718553383248 0.06407316945311925 0.021570810349340427
0 27 0.07600925442201058 -0.0941204548156504 -0.06410776616640532 0.07962882473626581 0.04710590560828899 0.03839577677662396 -0.010076468114485463 -0.027158641039860522 0.010729418966982908 -0.07910978574722907
0 28 0.03508714042737316 -0.09412005144885104 0.010118607640735758 -0.07338375611968363 0.07654301907130737 0.022235185741913837 -0.05249652122347632 -0.08778086166081175 -0.08465972554924031 0.033159200087695004
0 29 -0.09159364400416328 -0.025334795133949702 0.07671891235083268 0.008560514611890698 -0.09490859125090172 0.08879082580171889 0.03457819125149438 0.08632921693442334 -0.06237167963455328 -0.05364490175074889
0 30 -0.022392961341211833 0.06346780886641604 0.08748232067422511 0.06883625256780351 -0.0964909520966847 0.023504366318758407 -0.04242821607352685 0.03767562866609496 0.08987656418688336 -0.07348963783515561
0 31 0.024991066514932745 -0.05725437089424697 -0.08038537416722576 -0.08449611029812606 0.025999045127027977 0.010599584696587517 -0.09311430459509018 -0.07802120073281635 0.06384928670426149 0.012556323338563758
0 32 -0.04543659983014389 0.09047305057783746 0.08514308340440309 -0.007810719359425582 -0.01601276574599048 0.07802985280013285 0.04905174843820587 0.007408844438191438 -0.007974590116060862 -0.09495678182854139
0 33 -0.09711773869952871 0.02874886288589598 0.08087224474962916 -0.08992210393612225 0.059672232203853606 0.07329407729087366 -0.045867937587981474 0.016864005667691886 0.06625996746875872 0.035968327234206524
0 34 0.05482703526310643 0.04961621978670068 0.006346358357521838 -0.09113388123766082 0.06394337001942933 0.023086806243995905 -0.03646075920287597 0.04027935497818138 -0.021468766489386507 0.09696938747962258
0 35 -0.03846582770347595 -0.039443183690309525 0.009471023455262184 0.05355697125196457 0.014385116286575794 -0.04573702812194824 0.0692233070731163 0.0955178290605545 0.04504363611340523 -0.03592924028635025
0 36 0.05289804985987029 -0.00575008355643285 -0.04948885367081579 0.05342564847354955 0.0738213651395124 -0.06773026690641276 -0.05670983300051316 -0.03428192649114533 -0.07253770264693467 -0.021833042057809088
0 37 0.04150204219012218 0.04773402545554897 -0.0765697824838671 -0.05078112698578438 -0.08250314064899383 0.062242708166780694 0.008143692490514519 0.04567336957702246 -0.07111470625143299 0.014032735592950468
0 38 0.05799365404196739 0.021437771792741474 0.03607972244068886 -0.09767987443361457 0.005931932280083698 -0.05033109326254186 -0.0949735384311243 0.01131972387511067 0.07267499338661317 -0.0012872799363007603 -0.023060142993926884
1 0 -0.08553905040025571
1 1 -0.0029225468169897795
1 2 0.03936610370874417
1 3 -0.012278819456696377
1 4 -0.0725151672959328
1 5 0.04228841513395315
1 6 0.07421756535768544
1 7 0.06156886741518948
1 8 0.05135994032025326
1 9 -0.015605771914124272
