## RankNet
## Epochs = 100
## No. of features = 38
## No. of hidden layers = 1
## Layer 1: 10 neurons
1 2 3 4 5 6 7 8 9 10 11 12 13 14 15 16 17 18 19 20 21 22 23 24 25 26 27 28 29 30 31 32 33 34 35 36 37 38
1
10
0 0 -0.1082877103143225 0.09315608975534721 -0.2334675330651017 0.006797230237503095 -0.12343061319386393 -0.20782898743686049 0.05310704044098446 0.10359110300648741 0.1550181918805726 0.024888567735714205
0 1 -0.1946312488324531 0.14623091302384456 -0.5547670846621657 0.04132972010688205 -0.4240206121990426 -0.32267352580472036 -0.02631787068531091 0.37504651188984406 0.3367496642554211 -0.09969443464169582
0 2 0.024615363792373078 0.020699295156320262 -0.03805477025797041 -0.020163897215212116 -0.09241849743301186 0.0179533098062408 -0.03330734092776776 0.15683336832795924 0.11809520516087216 -0.10624859432627162
0 3 -0.2108786808594808 0.08518228017344742 -0.6580829345376625 0.008895720523447715 -0.5883631114234145 -0.42388538176675117 0.05421961222947043 0.49370936218228184 0.6092280919576708 -0.21087614823843825
0 4 -0.10028115345685333 0.11794235420811297 -0.2416401953909202 -0.0919976788606588 -0.10652572102535116 -0.2067251573847067 -0.10105272484804434 0.24960685017942505 0.27742475960321566 -0.1866727179153263
0 5 -0.10231620166925448 0.09126343615896496 -0.35979693177288685 0.02780675571633389 -0.23562392134500654 -0.2049079153853899 -0.08616673964689214 0.2778722481536797 0.20856743640233358 -0.12902344177213257
0 6 0.21610658719381876 -0.23720325353657207 0.7949470787799415 0.0448399200540334 0.6839882818093806 0.5844111659002931 -0.04386304381600555 -0.7004566866022338 -0.7040000377602619 0.34858582604322536
0 7 -0.23823291200446328 0.10296253990789296 -0.5092701163567173 0.06722385865647904 -0.25047385468794253 -0.383383500824199 0.002644191553826351 0.33333648146424416 0.4225382800267113 -0.1504349602943916
0 8 -0.06678640733293496 0.0774289384001345 -0.23335246709506352 -0.06249444108907243 -0.09006834118322361 -0.030507807560558 -0.09426220392114057 0.1883338182697756 0.07631781605942081 -0.06606849712537902
0 9 -0.006820563745897106 -0.06600607759738664 0.0642822807662998 0.009423043282288325 0.06352648431973629 -0.02779790872055411 0.09950105934470344 -0.12326924334156993 -0.061057016525795677 0.04564818594853123
0 10 0.04741964465137616 0.035783187758334646 0.07121239505812889 0.03759012282986579 0.14482098426220777 0.0988629214455739 -0.09372945702982695 -0.07527759259303744 -0.061441491700384855 0.04952946052667642
0 11 -0.06819241790461956 0.004025691803114052 0.13411407597248326 0.09008561899164742 0.024202338699822926 0.10955749646766035 -0.06149586794930656 -0.13607135802861509 -0.07826317518010133 0.012712938168579362
0 12 -0.0629563024627085 -0.005048173873635894 -0.4117934217399674 0.007403836785041098 -0.3068139070734694 -0.25252464953549436 -0.10818235003899028 0.18093130321024678 0.2912649431568986 -0.22772800731472598
0 13 -0.1458984937145817 0.004932954554678563 -0.37246616193086873 0.0445371553451709 -0.33341213163786926 -0.2514782088954134 0.06881359438661518 0.26605704244597084 0.20262441467491843 -0.1864571642812759
0 14 -0.051060791281133416 0.08202348691334241 -0.002705906911308036 0.09614767944985049 -0.09710647139114023 0.04819335678848384 0.09497027009058226 0.0139964020700935 0.04725931916648789 0.021437920626997495
0 15 0.005052225428489293 0.016371417154211327 -0.06832787966878696 0.04901627637568513 -0.01795474661913122 -0.15933706103855338 0.058888724102704265 0.16952885712676827 0.13922970508343316 -0.062337963522926865
0 16 -0.046714917086905325 0.013478988206969513 -0.16228329073219586 -0.009012202392672562 -0.11547425187066364 -0.13633398161626334 -0.07902416176667947 0.04613385052305012 0.11852783917595607 0.036900961821030503
0 17 0.08421217268256333 0.03650566431454251 -0.0558197204374238 0.07077649743924068 -0.0977748333479414 -0.08915574007998946 -0.07198031037538818 -0.014534055914440604 0.09252314049229048 -0.0999277974060093
0 18 -0.13021960274257272 0.040204159451489925 -0.16527803033554878 0.06918969583159756 -0.15669585422591636 -0.05619933972610873 -0.06551649517210133 0.11598145199382001 0.20125507592577924 -0.08839270443196172
0 19 -0.10496693288364158 0.13426714174136556 -0.18072350334681495 0.021005239161100947 -0.14025419792030827 -0.11322676238082331 0.09022002360073374 0.19791610183150662 0.059831792881023395 -0.016159212959703583
0 20 -0.11418713573756667 0.11953864161079782 -0.21044640906172482 -0.023412028345721782 -0.0866916575377154 -0.14153137091167298 0.05864671232280913 0.07770371991213301 -0.0013528356442509219 0.04815708124871404
0 21 -0.09539406610860536 0.03736668318389673 -0.19558747558843698 -0.08304799147554351 -0.08885009874583118 -0.0682555382538877 0.03639019671002524 0.08774097583272034 0.11857385370260543 -0.12000252513354932
0 22 0.013481070216354479 -0.03912487434748401 -0.28106473120951564 0.07445038995027102 -0.14709770798047533 -0.15214260539598287 -0.06173947241057501 0.11173234476784967 0.16940094318447318 -0.06703824110880283
0 23 0.029914066547976483 -0.05952001850377638 -0.06401804120134139 -0.05283795549667033 0.022546966051032093 0.03893583287988818 0.06175174916391584 0.0170890897613232 -0.10436391197316165 -0.023837237321483764
0 24 0.0721645286333149 -0.08052238061891563 0.1527652217266859 0.05869202209281969 -0.012793766645154005 0.05284581040335005 0.08410166554797145 -0.06792136911588036 -0.17147919383873353 0.10858710507252732
0 25 -0.09980603700639205 -0.004786235462709569 -0.18870742804922574 -0.009189494402935842 -0.10707157826015397 -0.016414378618553865 -0.05797124783816075 0.09407928993129347 0.19528079010879307 0.0357839803000426
0 26 0.08871986934820551 -0.06924320658722243 0.08939634073773428 -0.0856028718315502 0.00991420225410232 0.038624508752895255 0.019695799443581567 -0.08034680364888257 -0.07389726222960588 -0.004065422927675561
0 27 0.0793295532155896 -0.009416837892934033 -0.15608947310845653 0.05214007239749777 -0.06769483909270554 -0.05599606951446587 0.09688830608766585 0.13199203283049551 0.11364603966761419 -0.12053313030598763
0 28 0.03984342564170238 -0.03053209228876735 0.0011626193388350782 -0.007336697732418075 -0.002289545703557707 -0.09540461913900847 -0.020551064825120435 -0.034555571206805795 0.10132680801392686 0.06876432056089846
0 29 -0.028009791534442628 0.022755223285135795 -0.031860531039837534 -0.09375202040146102 -0.1622140470202486 -0.08386772133034485 -0.009582090161181951 0.02008468946663272 0.14387037156597954 -0.03931785823155136
0 30 0.05446582709057957 0.05363160018219925 -0.07390014703717213 0.01780465236679267 0.07123825284894285 0.03522586086975292 -0.09661748387537152 0.09090940766107533 0.08772512040420434 -0.10577054405427257
0 31 -0.07531972394041789 -0.03544815349878267 -0.007510669454142154 0.021804165138005555 0.05493284705219971 0.08138476799031853 -0.02506113899989515 -0.0687592806859357 0.06973431078779134 0.05797432356107266
0 32 0.0065986542100059595 0.044790527954137814 0.1213907722701382 -0.024007752002036923 0.13742400804415508 0.1158730606970824 -0.012767942896547362 -0.15086408887947209 -0.07993749790928677 0.05286762709331484
0 33 0.057426558971052435 0.08456067975572407 -0.037848381615310595 -0.08691296718431762 -0.06961247026436454 -0.08228893446159004 0.01054268468486267 -0.07376791984286085 -0.0541807341876813 -0.004485133768729083
0 34 0.04685255760887561 -0.011566129165883406 -0.10227142501478904 0.09689330243441642 -0.040037478203350275 -0.02208524179399914 -0.07448185271666903 0.03925406452704328 0.06149173763793931 0.026080880890831024
0 35 -0.06493977023432407 0.08652703263188358 -0.0840729198457465 -0.08420995225202836 0.05959387542171458 0.028573078494304276 -0.056267428519511935 -0.06991806617305392 0.08846961603520334 0.036037163676858046
0 36 0.025088554248213768 -0.09766674041748047 -0.01964976266026497 0.023611044511198997 -0.05799851566553116 0.014755028299987316 0.020311152562499046 -0.06453736126422882 -0.093419648706913 0.09979359060525894
0 37 0.10479938992446639 -0.1208375548091686 -0.04400403821233622 -0.07069742945184634 -0.016105419457755298 0.012360958570507879 0.0817402096547887 -0.18092703928837559 -0.08796125326798988 0.028762806747311593
0 38 0.04323128928994591 -0.09272799202448251 0.06319133472059314 0.04115323043198354 0.024327178630288323 -0.09675945882751977 -0.030731724493531967 -0.0060545115125798495 -0.14522974295801305 -0.06428644009154147 -0.25153171356117754
1 0 -0.5672085688053968
1 1 0.3152976502759507
1 2 -1.6060954692881617
1 3 -0.03602182816045559
1 4 -1.2375679231739087
1 5 -1.0918812503065525
1 6 -0.08378089397332583
1 7 1.168283225508328
1 8 1.254780631227918
1 9 -0.6328925455437738
