## LambdaRank
## Epochs = 100
## No. of features = 38
## No. of hidden layers = 1
## Layer 1: 10 neurons
1 2 3 4 5 6 7 8 9 10 11 12 13 14 15 16 17 18 19 20 21 22 23 24 25 26 27 28 29 30 31 32 33 34 35 36 37 38
1
10
0 0 -0.09514656059324184 -0.09734350683922974 -0.011399340799866795 0.08276431226587723 0.06225043109227093 0.09804524664262361 0.03641114650264454 0.022270326559739234 -0.024323340365062382 -0.02283710445989049
0 1 0.008074732631147389 -0.051047414263923535 -0.07499567709135757 0.029997377779499245 0.07664029141104695 0.06842431826575951 0.03771558489275594 0.049665530976009786 -0.07408956671533329 -0.07952235713788723
0 2 0.06345291439404868 0.019061118188019196 -0.07896011456516829 0.07636923088853917 -0.018425756156065606 -0.0150813514454602 0.05786082553037438 0.0445785518509677 0.017380308096214686 -0.05868553918200931
0 3 -0.033241663314232776 0.06445060995129494 -0.08705304116435728 0.0020452874095247624 -0.0012828808761151695 0.0696449003944554 0.08949397264103098 0.08647688147758063 -0.06446539269718346 0.01128031933429
0 4 0.0959643442035761 0.0766467482007368 -0.04882417942645415 0.051181295628078986 -0.07753970738534986 0.03531177393114636 -0.048181441768920724 -0.07367837529399944 -0.07154341081488938 0.0010991338847461788
0 5 0.07425400550936731 -0.06228910776720842 0.08949943064720171 -0.0720678976416974 0.09457130530298168 -0.03508472360280366 0.05600667572219418 -0.07749924367236037 -0.008706102939866116 0.07033902677131175
0 6 0.006480105605484287 -0.041357093827412775 0.04726927148236133 -0.08276573822090505 -0.026138948686026387 0.002318966220135501 0.07778900566103779 -0.029922209658108705 0.08264588470212221 -0.05707308982377504
0 7 -0.06722012485831008 0.03803593242562459 0.09058932138471192 0.03673816848525717 -0.08122862572655468 0.037422998716327524 0.04678403217357222 0.009025580885591642 0.09767736299689057 -0.08808599305542039
0 8 0.0930145274828652 -0.02295457102980088 0.07323869635619994 -0.05864290790450101 0.09471916277337727 -0.0776342174812451 0.03062980482889531 -0.09336688009679774 0.07252006784697719 0.0014211270651949624
0 9 -0.02661656131624772 0.06562940689933586 0.08731348535454317 -0.0738795054642039 -0.020747547171989004 0.0693232756670241 -0.05892440748285664 0.009263113784112221 -0.0890438457587071 -0.044246408054856017
0 10 0.09332942149774656 0.04727234695539482 0.017240383767066537 -0.06630521064469845 0.004434453478510593 -0.06478562868273907 -0.06463140349273856 -0.05860434148084001 -0.04162519937455474 0.02963142525388885
0 11 0.009726823293560255 0.096385656885077 0.07857184446607617 -0.06824031292581856 0.07882122269076154 -0.0839374597033304 -0.07220836612576702 -0.006416953291497168 0.007974067964244868 -0.08125280967189065
0 12 -0.07908421098273431 0.07396321377407464 -0.010246451729731511 0.04384160204314736 -3.98936905046443E-4 0.034656157350260314 -0.0026085726373305407 -0.01945750964505826 0.034488197736392105 -0.013815906885521584
0 13 0.09710625220166479 0.013784148366341883 0.03401659952515052 0.04845355943122924 -0.07602485126276055 -0.09736372509097718 -0.001435404223934006 0.07717349704094775 0.05193996317534969 -0.07660339496435575
0 14 -0.007375129879302068 0.020719136897700413 0.060132607848435195 0.09232513402559378 0.08320555221254806 -0.07746579289462772 0.042570539418477084 -0.04182770259975075 -0.022228815286563956 0.07334984115980743
0 15 -0.06141256352215888 -0.04202738382943696 0.02137251894598562 0.06029100706774872 -0.022465536181442366 0.06478032212849688 -0.009514828722411921 0.05337627623195392 0.09877546013475744 -0.07880876813470178
0 16 -0.037721410961928395 0.03331808776679527 -0.01895057668645574 -0.027010919791848793 -0.05181405446567557 -0.0177864176794026 0.0252278822084952 -0.0527642120731283 -0.02825981245911534 0.022916339328259292
0 17 0.012212434715194675 -0.06431266678511292 -0.030704439202830024 0.09454262168367085 -0.02886480623745261 -0.09248631571995136 -0.03631054858693634 -0.08768861180723254 -0.06343249075013987 0.05364973290795463
0 18 0.08859541933273302 0.012369319847227006 -0.03393963445299106 0.077267311454951 0.05666039107785567 -0.04391988964433501 -0.0752403731131083 0.09532315955369595 -0.01939912868213724 0.016909897692381465
0 19 -0.04774414572363682 0.019571816969281824 -0.047679381430154884 0.08307847091134665 -0.09266775084672654 -0.05172487664619417 0.02759428492982979 -0.015818693542970146 -0.02392784858503833 -0.0816388469947309
0 20 -0.05339314381731919 -0.08640485744501669 0.07778727209982006 -0.02898766821476154 -0.02003913729809421 0.02035477772734331 -0.038055801397336664 0.07501675481168416 0.0624381000952803 0.06662607313512259
0 21 0.016378086733272415 0.012826180659977121 -0.02013727090332647 -0.07609904365310866 0.09601231861865885 -0.016838685142098464 -0.0558790235326552 -0.0920728732033224 -0.039470033308613324 0.0950684567259097
0 22 -0.01843169000970496 -2.875022509081367E-4 -0.021035997913738017 -0.041779861428121706 0.020857248422598527 -0.0729798463757191 0.06851964150683733 -0.051843332223615285 -0.09976521147680276 0.06847303688600974
0 23 -0.09005745150062795 -0.093331164819301 0.03190420304464623 0.01523701217931474 -0.01685445798977032 0.060229650556832506 -0.010685110737300595 0.017941463220967787 -0.014974843057118653 0.04338613919967497
0 24 0.02707060236676486 0.07168448934091484 -0.006040683244007765 0.06426317269976846 0.057105274821567485 -0.06056631393986989 0.08972082165704438 0.013936914508280853 0.03066544231436299 -0.04600272059805193
0 25 0.07988121935469716 -0.02695975932379635 0.04630325638991634 -0.02264478419160258 0.04868674917398504 -0.09956671281564289 -0.0994947856580398 -0.029046384568461835 -0.025085090596800214 -0.02934697833680843
0 26 -0.013254915900418138 0.05430962289903014 0.007226697883769425 -0.014866768758270442 -0.09501377134858253 0.0731647099488145 0.030638525635042255 0.003247275777086899 -0.09487903781144341 0.0760322498147385
0 27 0.08006372229250566 -0.015208825042586914 -0.00755670000270239 0.03419815892656953 0.045163861421320825 0.008757736666572199 -0.0425300653611774 0.0549109084719503 0.09815120566181544 -0.06505395809279421
0 28 -0.08536512253304789 -0.036354143832038346 -0.014858767161610671 0.09295778534597428 0.08669766383227871 0.0281938975508845 0.06974739587002322 0.05244577811435873 0.04489304650985521 0.040033472721177
0 29 0.010358206826820355 0.09115855029197509 -0.09342699938418719 -0.016724469594128367 -0.05646042368128649 -0.073521120079232 -0.06453804204102563 0.017779389353366766 0.07587404049436743 0.05692043278093911
0 30 -0.07712392459924644 -0.09580200820099515 -0.05985674477990982 0.03596573057698445 0.08872416535266157 -0.06824418290948604 -0.05851832943990295 -0.032324916162640174 0.05885490361039867 0.016098162387416157
0 31 0.03946544195200617 0.05510107290142536 0.09420535596178699 0.02339448135879004 0.0013050163097397278 0.09467374904425635 0.08492890891958084 0.09217117970950538 0.007766216619071719 0.041556574117344425
0 32 -0.09568792648612118 -0.02902687902434418 0.007829605367326726 -0.041059732623767824 -0.044969483008293135 -0.0011726394821742995 -0.0729462849419905 0.0043054004091832125 0.0925595167741119 0.0034460794060963583
0 33 0.012153336354881104 0.09699267307403195 0.05429863288965411 0.059297782078889034 -0.025034348076072743 -0.017790472429037488 0.0838275949914247 -0.00497318992118359 -0.011238735389206032 0.06067900901114354
0 34 0.08912111903662204 0.06861048792190153 0.08626129649330705 -0.027320421784444337 -0.003223230348945337 -0.06249432549156245 0.04457262347114171 -0.01899302329902905 -0.0907007517943505 -0.0517928517769412
0 35 0.07126466184854507 0.09097271412611008 -0.051145631819963455 0.049894899129867554 0.02779645286500454 -0.09649962931871414 -0.07601723819971085 -0.01733759604394436 0.027709979563951492 0.08243624120950699
0 36 -0.02580915610948543 0.009040341184657696 -0.07424478880621863 0.024147076633549286 0.020766273490520668 0.022881191503338776 0.053314147021804564 -0.0032453712111033075 0.08026778389284082 -0.0515475125496037
0 37 -0.06253398778149916 -0.03862041019456118 0.003498307640564843 -0.02917209920997869 0.009778977419164983 -0.07836772806075325 -0.05737128874374181 -0.09433850052115073 -0.03322376383862058 -0.04874296963396839
0 38 -0.03448118972414776 -0.08102165517019691 -0.09549160244973603 0.09091002454409863 0.06954287452833306 0.03727531804371477 -0.09872183271345664 0.035756804135490795 0.01761612410794378 -0.05406595059369046 0.010448944754898496
1 0 -0.025694180279970127
1 1 -0.06221672892570493
1 2 -0.07924522459506983
1 3 -0.033934812992811314
1 4 0.07954027503728875
1 5 -0.009157449007034194
1 6 -0.023074835538863844
1 7 0.030658077448606713
1 8 0.04668149352073675
1 9 0.02639366313815114
