## RankNet
## Epochs = 100
## No. of features = 38
## No. of hidden layers = 1
## Layer 1: 10 neurons
1 2 3 4 5 6 7 8 9 10 11 12 13 14 15 16 17 18 19 20 21 22 23 24 25 26 27 28 29 30 31 32 33 34 35 36 37 38
1
10
0 0 0.0022433649886815267 0.07843855454360354 -0.029993119156399548 -0.005832096966912275 0.03184002943741292 0.10838457061727581 -0.003305419839390709 0.015032879277912919 0.006032712077518613 -0.0711823683240838
0 1 0.1428377941064441 0.1262967944664375 0.2351034552422433 -0.01620776264392405 -0.07505576290198131 0.10668586311936058 0.14584010898097247 0.0924639888979142 -0.004356777548317934 -0.28380219574363325
0 2 -0.010785563380634569 0.11920947574052577 0.15127674689344536 -0.05822404973052052 0.08115729939043083 -0.062021263977882844 -0.05202078420461613 0.10159880297367331 0.06952600493866933 -0.16130659617246232
0 3 0.09279249713249375 0.20842262573516598 0.33650068499152597 0.11964889969739043 -0.017085241338820643 0.02260913944807681 0.129828910050618 -0.005419435016392434 0.13869568254721876 -0.4133780214969676
0 4 0.07609272210596359 0.04822642405257784 0.20030763981859023 0.07084869854075289 -0.06323005725570195 0.0038870745941220627 0.01183202651917227 -0.007561076497890526 0.08995211667325531 -0.20251533178345466
0 5 0.012715631946773314 0.038509482888270975 0.18477843740610295 6.620134643885714E-4 -0.03492433312973146 0.032644549242745895 0.04911084929878443 0.00983182371695986 0.16130701845128562 -0.2562468159682792
0 6 -0.23998495150588559 -0.2694570395718091 -0.31090822899973775 -0.08309287167620404 0.047098916742559234 -0.17582235527573195 -0.12343926578347533 -0.14818488456949222 -0.16905727635450782 0.3920635105521755
0 7 0.16647130440977978 0.25799716364251235 0.2991579227428339 0.07778784578118017 0.03333628209475339 0.06918425010932726 0.10690566636369926 0.07350307949339215 0.08335748047398175 -0.1452129060628616
0 8 0.06344203393376925 0.11929578221384028 0.13604515157641175 0.0016582771574009847 0.022686572032971305 0.1014127904086331 0.11241267707996117 -0.04238067667793319 0.07451033829861257 0.011091079789807287
0 9 0.0046203981683527896 -0.08016857442832431 -0.12201548665763799 -0.06068955511067514 0.007346235961408955 0.03238084891073357 -0.0717802549300499 -0.035664783982320376 0.019668659709843234 0.10488344720292515
0 10 -4.6372950583033575E-5 0.06910548842038233 -0.03552269109430918 0.03458529442829444 -0.016635718647143846 -0.07920363686188239 -0.0827154787286966 0.04804574276067097 -0.08627444421724972 0.10590616721260623
0 11 -0.05153196771177653 0.012317312041263436 -0.01701153650665177 0.03476534603398522 -0.0645939616112509 -0.058919560407578675 -0.0105719312915287 0.020104829423887617 -0.01818792552690276 7.945538934691403E-4
0 12 0.1584654285272595 0.2078980861868075 0.09129971991661094 0.12230526226725312 -0.027679263251185696 0.08637105430308364 0.18543950452378544 -0.018137369463233438 0.02758333963497784 -0.13998455515552424
0 13 0.12340884110655266 0.16466266526923962 0.1969339212567165 0.14272734091474967 -0.021819000971075565 0.06337314888384432 0.0544157631728389 -0.017911096904821344 0.07857229766459624 -0.08336205875233221
0 14 -0.014934419406839537 0.0146019364298903 -0.07190480603649209 -0.040097023149485884 0.08868104545142161 -0.07018057957804841 -0.034989841654919786 0.09628403007774661 -0.05251772009538985 -0.11062107054320511
0 15 0.06950237741987178 0.05762949108029648 0.05210567161550442 0.03129972266872835 0.04298429314780845 0.05562788156807942 0.1290674828337937 0.08860389229524156 0.0028359096591430346 -0.004872357272980071
0 16 -0.04936966098027549 0.0994864909980371 0.011095941431163032 0.10785114800956917 -0.10142045275299146 0.013333025868342707 0.0628963171646491 0.03536844607063623 -0.05079884669420341 -0.0839353241382318
0 17 0.08328186282264298 0.012558773251690823 -0.052827491552496386 0.032534041872755 -0.01028233953361104 0.015025710947357739 -0.038830111826712706 -0.05658565703056555 -0.028379761702071602 -0.09721117099514562
0 18 0.06136307359087674 0.04423329983934599 0.03195096617931727 0.12440566137903616 -0.1105725900499028 -0.004835637230119853 0.14915691310730617 -0.024679470314161237 0.024240805919522428 -0.12474351698504654
0 19 0.02696687443358099 0.1500475007180663 0.054843739318307605 0.07334664909311954 0.041680714680368706 0.036621569528798546 0.14015035047317528 0.06234380690264135 -0.027294440466870008 -0.11000881798705943
0 20 0.048523622793717996 0.11275501559609394 0.13866245462732374 -0.022219278080286623 -0.09696964912625981 -0.04394108898559796 0.09070553921793063 0.10426968312819694 -0.0030376968446092006 -0.1164135884845361
0 21 0.09482591319755765 -0.04388766868889937 0.1038415369481382 0.019159443806575433 0.024651284578362583 0.06282212938801708 0.08319756664318792 0.06352920499994917 -0.05475484872249921 -0.04507550920280872
0 22 0.10740710969108008 0.16611458014652403 0.037778039082106064 0.10675231597965242 -0.08385451691233506 0.07816158546693597 -0.019630186629180413 -0.03809409543320481 0.05988866692130362 -0.18045396161014396
0 23 -0.04648785879255569 -0.1179167886588121 -0.08871918455824804 -0.06897660224712646 0.04300334571087373 -0.005875557227063623 -0.09241617711081748 0.032620601394114344 -0.08033772578605645 -0.051552073014894
0 24 0.040961426110713184 -0.03276914171725553 0.028746438814390145 0.05076414760736702 0.05704119222714632 0.03108084745743353 -0.12590795754886627 -0.052799497884663295 0.07025593389467494 0.07794200468001461
0 25 0.13133083351432215 -0.0026908630680662084 0.11927596281626239 0.06658042136906295 -0.08556211305304609 0.09741042588200516 0.012445185525461025 -0.022784580539059685 -0.04024838410239096 -0.02826607908984671
0 26 0.08823328863899484 0.033484051992775134 0.016886665113296437 -0.03820094828262734 0.043681799889976364 -0.08250137601756331 0.08374436063382948 0.019104963899603703 -0.0838411543854174 0.11072454193256104
0 27 0.0627350746693926 0.01822509622117305 0.016305276519251996 -0.055441182023713426 0.027070876782924285 0.02275762830893073 -0.062405194328485826 0.04723556872675896 0.04439352209814156 0.04644946218311642
0 28 0.07728620957835754 -0.044061807056182886 0.08675765702196822 0.004380804178529349 -0.041324174376955805 0.09370723956952784 0.07043565197990556 -0.011277443921426622 -0.003117273368620943 -0.1087394167279478
0 29 0.08784169882959582 0.07902201315808616 -0.019263625154479883 -0.047195304947569953 0.05158678688762299 0.08481123512834017 -0.012588688763407805 0.10799453174647872 0.11642263299502176 0.02520973122066011
0 30 0.0066934231815990826 0.014356685795553043 -0.049940218057910706 -0.030744947999297664 -0.06668474657658215 0.011717954943107114 0.009417039968702112 0.025966440702408222 0.0785793628862805 0.0063257393590049
0 31 -0.02348377523833254 0.01977873132014025 0.04359394703061295 -0.07299929190330524 -0.09246843036693946 -0.010563767868796464 0.0041281094717671015 0.027423744483384978 0.030874751091378872 0.038868090579565744
0 32 -0.10286728933864094 -0.04229369110854725 0.05649082007936512 0.0741531550780352 0.004906632096537943 -0.0645798825720163 0.04834287046843916 -0.08196831528932033 -0.03720337791282233 -0.04895360098007042
0 33 0.05726614266146828 -0.004936866677572038 -0.049843903023372264 0.10435427124569062 -0.0015826471270095864 -0.032880786739890276 -0.07022168119167142 0.07692795374927408 -0.02314220554908445 0.024118016734391512
0 34 0.009519958047824682 -7.866649812134598E-4 0.06575604024460296 0.0660658510723835 -0.021698814471650733 0.052979955919775445 0.01196511856587816 -0.05198423465867279 0.09948738887835827 -0.003764519422106139
0 35 0.060502210663231575 -0.08344329893109571 0.07439564380536952 -0.09022379413972807 -0.08537680470380493 0.0835048799906105 0.05605127229835284 0.004339509045663914 0.07214861681219004 -0.07156318862630032
0 36 0.10234077055567124 -0.011017094969615664 0.03546255926736273 0.09991208887529043 -0.04237108302273256 0.08488993695283625 -0.005477819771851184 0.060180601756690155 0.04048791288906458 -0.05771483558135914
0 37 -0.11790793842329551 -0.058025999448447274 -0.05506460172705962 0.05998371355611198 0.08903088055884857 -0.08955607806958604 -0.028949097948253632 0.03295063847947662 0.077561020335154 0.07400729825055652
0 38 0.05616870888652962 -0.04234948868091386 -0.02257464280706973 0.08054099297096999 -0.03294442084197359 -0.002027096427028433 0.03928168784917641 0.013969168466396871 -0.0825739738571729 -0.10525434748619814 0.023817450403844854
1 0 0.4131092041922065
1 1 0.5605549482361274
1 2 0.6942524104001886
1 3 0.2168439513421207
1 4 -0.1399714405685759
1 5 0.24189196599990834
1 6 0.34816042749552994
1 7 0.14403087403400303
1 8 0.2616482366025164
1 9 -0.8158199490787678
