## LambdaRank
## Epochs = 100
## No. of features = 38
## No. of hidden layers = 1
## Layer 1: 10 neurons
1 2 3 4 5 6 7 8 9 10 11 12 13 14 15 16 17 18 19 20 21 22 23 24 25 26 27 28 29 30 31 32 33 34 35 36 37 38
1
10
0 0 -0.0034582936821398887 -0.014903622537222362 -0.004458991287337053 0.05902471440484073 0.009370388843846207 -0.051162662239077006 -0.07000846527659185 -0.07237947371946751 -0.06094386961713468 -0.006159577075288449
0 1 0.07366161886631403 0.09594897669617548 0.0952773160425676 0.09016234740517749 -0.04904109261963282 0.03148251126724317 -0.024866409205809934 0.05326089592041253 -0.07591076781058448 0.012113243083099426
0 2 0.030390909307293917 -0.0896838888882822 -0.012258473789333353 0.04000665234468221 -0.07654579111496339 0.004821513267177283 0.005295402128128348 -0.015397942252035614 0.042201414738417944 0.09833112256527159
0 3 0.041923336413792894 0.08967181053529655 0.0014059633279028714 -0.08411552331432488 -0.02237729356180346 0.02628961587000306 -0.011516074075524591 0.029501913884328154 -0.07315729744300203 -0.04642243318267262
0 4 -0.04223744267629502 -0.04515159853982359 -0.06949619061873115 -0.06929982594746775 0.028049948088923766 -0.09923610007966618 -0.0026973263150221667 0.03125115703243546 0.03757970221033588 -0.0607420487384031
0 5 -0.010832957700074428 0.08192961049025978 -0.03211742370217118 0.09894297925535034 0.08943644820936532 0.011508568144830401 -0.028080355167349975 -0.07963944753048541 0.01258262476606416 0.058284056305389825
0 6 0.08808291978085472 0.0018980229045911317 0.023887672418397086 -0.08261129023401541 -0.03956450580566848 -0.013356875501271842 -0.0024333410696342965 -0.07016968040337608 0.060161101413421805 0.027258111971216553
0 7 0.06870819090668247 -0.045290616644467194 -0.07556232626508579 0.03954541475273813 -0.07260281178664718 0.03305851532689997 -0.08630415539074497 -0.010554603136152812 -0.09677273755232331 -0.008444985018875062
0 8 -0.07788766282925541 0.03294671003279203 -0.016305243014859198 -0.009582701424608505 0.07110461267937734 -0.05417188255949236 0.07940302934771065 -0.07282510996018086 0.0380030705831118 0.06039505835414266
0 9 0.011561066263926518 0.06824501467457385 -0.04293021831829726 -0.057107580127480226 9.499574056521041E-4 -0.07518597372839791 0.067914476855147 -0.0010238341635271126 0.09230022429915631 -0.03969013246275983
0 10 -0.04663872663092588 -0.04748132473574363 -0.002290433887232482 0.0986782079659292 0.0633603530432252 0.07831122522174958 0.07107721361027326 0.0382665296225382 0.06706070882252248 0.0665453901215503
0 11 0.08013967064320272 0.07874608649683001 0.01765765682688526 -0.01484291954813296 0.0023577778323517094 -0.04150149082028275 0.0038382332588197746 0.078708038017902 -0.09334513697146894 -0.060509636425516475
0 12 0.06972257777931082 0.04676539357624653 0.00205404696289852 -0.04489766118855043 0.044335749606578496 0.005457774969637975 -0.05446519472997153 -0.08678838820692887 -0.09353433159767811 -0.05848870952547623
0 13 -0.06093089091598205 -0.03489351490249914 -0.0037702400182300037 0.007517719900614247 -0.007459330023040242 -0.022547711655914026 0.06360328130772797 -0.024530889933758 -0.01836096353945911 0.04709222706789569
0 14 -0.02980645304029449 0.0642083134723322 0.018845038725634394 0.0455496991651943 0.053283210104563765 0.06965557581676189 0.0841091020252976 0.003045243571743473 0.0909697901330213 0.023509955538805895
0 15 -0.03428588439335883 -0.058229915527456426 -0.05027993447994111 0.08367744716886559 0.023947059041601288 -0.04245178251859476 0.09580912824934602 -0.021774876038708927 -0.07782923086267986 9.657410265848761E-4
0 16 -0.0967743864239441 -0.052000860391897094 -0.04749688592269983 -0.09388141983092405 0.012325458576330668 0.09694176302684675 0.09484091956449162 -0.0721010811343187 -0.08745148645778082 -0.08875842814090207
0 17 0.06387800180159141 -0.05110155560900384 -0.08468337184632017 0.04409763321996618 -0.0668469843620764 0.0841881470813606 -0.08430041195549577 0.08331786066090928 0.09318481226208704 0.048265350840272635
0 18 0.06643747353213637 -0.08719344939739591 -0.04931459129157175 0.011936661147640677 0.030528460833302462 0.09670361611702999 0.04968277483552684 -0.05084691660808945 -0.017209914976206848 -0.06560580493254262
0 19 0.009576139334790448 -0.011971791738814585 -0.07231548199611153 0.06946319837833247 0.035221189146555205 -0.005300971268198755 0.032922986996073746 -0.05970871232243254 0.0669205475655577 -0.019348518928210313
0 20 0.021455839169595682 0.026985032307342012 -0.007737877728051551 0.014948805075595433 -0.005331180658743306 -0.0038532367295441767 0.06186114191727831 -0.050901295577534575 -0.017017484198533193 -0.09379367675570853
0 21 -0.014169811512423991 -0.03456795704889356 0.03176994612132313 0.060994459230453706 -0.006285552538688685 0.07053026932932595 -0.06949713555181579 0.053018467643098706 0.002175907079688493 -0.0014521973320913127
0 22 0.020534640947814847 -0.057455875673512874 -0.09175452522659173 -0.09655684147783873 0.09526617315069434 0.012517779620118984 -0.05034973535149252 -0.04528549555991758 0.06282905566309964 0.0018656268707029206
0 23 0.05764246972644436 0.05616516637987667 -0.07485129802002605 0.06384573045504423 0.0811568120801785 -0.04462414744460278 0.06696987640194525 0.03709298218192807 -0.04613460416950504 -0.016946947763789386
0 24 0.09315354742090771 -0.045534985804858624 0.04601021884067164 0.022419730280938518 0.07533114716932995 -0.09886237688823454 0.09619776030616184 0.050849847151486646 -0.044717750037267544 0.046806740731888806
0 25 0.09727658439641179 -0.09827376241332937 -0.009967123519670046 -0.07995474512985758 0.05331542979498185 0.010342858974227731 0.01230648334898176 0.013260143173414209 0.0861747017595902 0.03980402678021839
0 26 -0.01757384730293152 -0.02396188057340879 -0.09683933758315753 -0.022005086453869425 -0.05206206753340955 0.040751986701484604 -0.051556052780809845 0.08104374549131509 0.009309724952216401 0.0971280796701226
0 27 0.012304852123699358 -0.027702045957790192 0.04343340890788083 0.06883806662862918 0.08848680164969484 -7.74596192254654E-5 0.016543533257294542 0.012399006729861424 0.06014005528747349 -0.028157124932388297
0 28 0.08689722681798773 -0.010053850812560498 0.011532601221723377 0.07376222907348595 -0.0077053737261114415 -0.0042945837360406575 -0.018172770854860607 0.009424786202883588 -0.057801463131041966 -0.07624099648729911
0 29 0.05177866509543322 0.051808963792065794 -0.037731982762210944 -0.0786936546656864 0.0997981380515801 0.056792111259582174 0.04998404757364284 -0.08906833997241405 0.05274897481990499 -0.01845562032913947
0 30 -0.02458199230290895 0.08579087250979704 -0.07409128354422823 -0.08669873131497455 -0.06613324804015044 0.0842155394894022 0.05353343204850556 0.03329321821290152 0.07505813000181279 -0.09095324233489221
0 31 0.041275331293102416 0.051492748674624444 -0.03963603514246601 0.04793268501472072 -0.07475899407840009 0.06978248939789061 -0.004360733783024566 -0.04144056073589707 0.03893588640731656 -0.09708719669177317
0 32 -0.09496971746646564 -0.04540802877535406 0.046103430464479345 -0.09351729100889858 -0.02069374498311283 0.053301713090275045 0.08185824811151875 0.07871829062261257 0.0803657544042081 -0.02822251039508274
0 33 -0.04013701683979557 0.04789595920010062 0.07053494424460437 0.06715098551913946 -0.0622122856127459 0.06479729038248018 0.030847027564413956 0.031873289894290294 -0.0018088341833420174 -0.03997326187117128
0 34 -0.06514471148031288 0.04658373306594784 0.061987952332096134 -0.08391389558574057 0.04467375407430471 0.09991002616071835 -0.0880079541651461 0.04369794265805523 -0.03425620537356065 0.018243892320215106
0 35 0.05463043972849846 0.09523123502731323 -0.0818442851305008 0.09577713161706924 -0.05684173107147217 -0.06351391226053238 -0.07733121514320374 -0.07716764509677887 0.09795275330543518 0.08709259331226349
0 36 0.017187209014653194 -0.0888606582703285 0.0709093053263936 -0.02570037087220212 -0.008359251066334976 0.006295932305051081 0.045146157795052363 0.03413828889032251 0.006912563562082149 -0.026029205739595575
0 37 -0.003999646890785417 0.0899748686878485 -0.014762201629912331 -0.08408937035952692 -0.025873786650758474 0.06792196844523314 0.0514040272187687 -0.02495319128496777 -0.06588342778450837 -0.09913342067390002
0 38 -0.007106671873331541 0.09015700671534849 -0.06898856485399141 -0.06100305198858364 0.009109136485745715 -0.06683569322267974 -0.06579123574071313 0.033142892747271405 -0.07485977444254878 0.027360766599769305 -0.017212171107530618
1 0 0.07620986551046438
1 1 -0.07895707339048466
1 2 0.07448899000883136
1 3 0.04106085374951391
1 4 0.06254451721906605
1 5 0.05056548118591223
1 6 0.08431680500507362
1 7 -0.009044468402862499
1 8 0.01381349563598644
1 9 0.054295212030410836
