## LambdaRank
## Epochs = 100
## No. of features = 38
## No. of hidden layers = 1
## Layer 1: 10 neurons
1 2 3 4 5 6 7 8 9 10 11 12 13 14 15 16 17 18 19 20 21 22 23 24 25 26 27 28 29 30 31 32 33 34 35 36 37 38
1
10
0 0 0.06733624593687317 -0.022532322859606997 0.09811249601815383 0.08901369426940929 0.035537547284880865 0.03183711441665239 -0.017618291345315108 0.04116881168353227 -0.04966847458149968 0.021223286384980593
0 1 0.06247692927819278 -0.02806857221955042 0.04890805909109323 -0.01482658310997556 -0.0055730430880992065 -0.05463886841946163 -0.0719206465196113 0.07972414600709533 -0.06483257515718747 -0.07498890222358291
0 2 0.0760274353785853 -0.004630769942743126 0.05739752084456335 -0.04824296175996044 0.004170174632721365 -0.02527602810942905 0.04722581387470141 -0.0018927322886482893 -0.040477577164421116 0.0916667833788201
0 3 -0.03015050616801969 0.07746236265081816 -0.09231187435486625 0.027963076331886792 0.04324442245755838 -0.04524072803636978 -0.05145485791258258 0.031185329422251055 0.09471054347859517 -0.07896221297454177
0 4 0.015813076366735238 0.09177395818124352 0.08528293508964169 0.0755474905287924 -0.09824238934804119 -0.0955310132446846 -0.03251095827678899 0.08938926172108504 0.010000825326936367 0.08487791484857166
0 5 0.01483663177413452 0.027166636603905718 -0.08208004360501568 -0.014912220251131056 -0.024404275526991672 0.013954575064227424 -0.0800337633684278 0.03924076625406477 0.05472024131767881 -0.09942417317607567
0 6 0.07518383286166237 -0.09972666306641648 -0.051757370648618295 -0.01926102486084179 0.05835956442266951 -0.0747746174006657 -0.025910039676271725 -0.06560408882643724 -0.020923742056242735 -0.06146180135591705
0 7 -0.05613054686267456 -0.04869315947895546 0.08257886643453784 -0.027913543869479338 -0.017433335897173 0.05089216529897345 0.014928641459123291 -0.0752525752861625 0.027802683096399418 0.08464608340436197
0 8 0.0959479284208476 -0.08985122425016485 0.04247392642011726 0.06585374433778567 -0.03153485884624767 0.05133733188001135 0.018903543017429757 0.005895970997034904 -0.09708820371461815 0.0844309982340511
0 9 -0.038942996588548245 -0.006473706258651754 -0.0849338071523399 0.008166796056315437 -0.0021711016094974928 0.014586210283510592 -0.09115465283454074 0.040801644501926616 0.09758672098783877 0.057471259975214
0 10 -0.039518731596221345 0.06458433694177759 -0.02056499119018077 0.031026770177105225 0.019265411395163978 0.04094697898285807 0.025915503048236466 0.05975325640169928 0.008861347584148619 -0.09392167459744455
0 11 0.09885406133272844 0.0805428398375933 -0.06816013858542977 0.047022036276991336 0.08128061348442506 0.02881265274789924 -0.007877023186362206 0.007245153893314704 -0.012570981935680996 -0.021078882919776176
0 12 -0.08715592805546411 -0.038799003741303746 0.031030055494382248 0.03501368134775789 -0.0474749207772882 -0.058653461594328285 -0.0352750913630329 0.08537322300918083 0.06419171538147078 0.016144202230935323
0 13 0.02316561694373617 -0.08226576384662089 -0.08620132598176496 0.08993070981673577 -0.009688259092966382 -0.036527726949495486 -0.037934191831734874 0.04654112032675187 -0.07561389569735581 -0.046525233801394915
0 14 0.07851126927403991 0.05737792064271416 0.013332859376224209 0.06076550684965587 0.04816279189791503 0.06307312614741883 0.017439012749853947 0.060141016944040865 0.08368985042029103 0.008224517133791878
0 15 0.014753256824070301 0.046425313920517707 0.05088998205290374 0.04244054784860499 -0.039837976746439484 0.05364839070550946 0.025409422728596056 0.09922934309837729 -0.0404458170694503 -0.022643166327275168
0 16 0.05067075801994524 -0.018533732325632768 -0.04069229127005267 -0.09127888118671369 -0.0159547524653915 -0.07516191896842456 0.09870635236496443 -0.05688018250596999 0.02676648691433261 -0.011433707586823503
0 17 0.07034486709008429 0.06141573806163051 0.08477022649391819 0.04956770090553377 0.030824428275627244 -0.03496241150887481 -0.05517388473126108 0.07691278620101993 -0.012110364586771455 -0.008408384389922344
0 18 0.07575480382333667 0.05555652101640746 -0.08543678026832496 -0.0725035378398806 -0.05352014617012927 0.006576109665659942 0.055649402457946605 -0.01707852358122926 -0.0026911004181131002 0.059072689805335574
0 19 0.036689470597081525 -0.03156073328160273 -6.777401226675733E-4 -0.03372379676008671 0.04632577778386985 0.0861619791393464 -0.07742131452533695 0.05230010943863224 -0.09191182134205562 0.041256292158029555
0 20 0.008262047909403476 -0.024907806058828686 0.018962125245011757 -0.052175810177126934 0.049956315147170416 0.06977596291851626 0.059610469860472116 -0.04632328053900761 -0.04562620411734917 -0.06243314379161835
0 21 0.048868899163130336 -0.049811181519334384 -0.025264993214161972 -0.09469255090846339 0.07327584072550254 0.032343273507032755 0.04567708075258719 -0.047733553358920676 0.07870900255260951 -0.020406155345187867
0 22 0.045993385408615466 -0.04811646306070579 0.09195597208368227 -0.0014592899782517716 0.04316885025329678 -0.08075572330221133 -0.00413214184514603 -0.004684602416803363 -0.055646610394043894 -0.0786071420248289
0 23 -0.023069260323161207 0.09747251923948 0.022640248278637292 0.09544957628497583 0.026518195145936528 -0.08113079873089427 -0.08169583900668721 0.09482105282085508 0.03837572986234788 0.004077252058977259
0 24 0.07776472934901105 -0.05639357781762122 -0.005997941104985669 0.03632530091391661 -0.003027395612753006 -0.008719424100783633 0.07854980280596852 0.06514372249720926 0.009237023556829538 -0.046726052302621425
0 25 0.0729041153048145 0.07860295628952774 -0.09112002397549773 -0.081858240115241 0.0673653031870473 8.418194237249466E-4 0.013043639321488828 -0.0022975460898760768 -0.08096914195121274 0.03130682720779497
0 26 0.03970675792195588 -0.09256862372614827 0.08097016418821824 -0.01831497723722422 0.03608557245406002 -0.0722741848599049 0.010384330435797548 0.06696762216601607 -0.02187170466677568 -0.06626207417557645
0 27 -0.04296223302187138 -0.04099409475568627 0.001137441223013334 0.011243531422997605 0.05390486398071168 -0.06881871840766944 -0.03954957191417349 0.03675184908025053 0.041139830129489234 0.005108026361773353
0 28 -0.028038143298928505 -0.03284532364494739 -0.04432328804950821 0.030853485079195084 0.054488587135020916 0.03098306623590526 0.0864363776152153 0.09740712255417142 -0.0031769350235749142 -0.08001118198948913
0 29 -0.006354331852395241 0.032868406348661255 -0.015389154211712483 0.09485200648623608 0.059864856718828956 -0.032828121660289644 -0.07409088380580184 0.09195253646379771 -0.041275723629879996 -0.05173009194286319
0 30 0.020520486343365934 -0.0026088775670497963 -0.018125257458845544 -0.09596063310638138 0.0712248869151773 -0.072920803281927 0.07744004344271088 0.09525312206074375 0.08033459418533422 0.017489175813378145
0 31 -0.05357928446537834 0.09515466277754998 -0.08376091192761528 -0.09283496802726528 -0.04489903185378941 -0.06997786491030787 0.0695131113517597 0.09611405796570288 0.02932108754683585 -0.0030713442612683786
0 32 0.041505673892252695 0.07486182264115707 -0.057326261661861354 0.019218291338395012 0.08288917376071907 -0.05426196712557805 0.035026220306200694 -0.08253110218567482 -0.07969367539881639 0.04998674515143447
0 33 -0.009476183723611723 -0.09262479370082344 0.03478521863016008 0.036518570583105786 0.03423556109791934 0.0214369811690465 -0.08891778576395658 0.08372947566216059 0.02329401957282965 0.0337741812394077
0 34 0.06596128085028921 0.05759070740815572 -0.09897272338768738 -0.02572810588971964 0.0766706231884505 0.005049378490988581 0.0010137080263363327 0.09681487973472482 0.04804609308764318 -0.00750460805644971
0 35 -0.052054205789693206 -0.04398611652298142 0.09301359659481433 -0.09242295874322251 0.06832154842218269 -0.028827498205721707 -0.09950792899853787 -0.03866419609735213 -0.06314257913377952 -0.02271064816564912
0 36 0.09686441611254508 -0.09732370510752109 0.01588525788863192 0.07897159725383235 -0.05284060160293147 -0.07702619957027737 0.06905359494986417 -0.016020139115518337 0.06511375536501578 -0.010139542641134022
0 37 -0.07234135308713056 0.020877952348767388 0.03729230061092299 0.025160845974411167 0.014022347721880764 0.09855774050035518 -0.07146140312153021 0.09851554400613279 0.06710276633006045 -0.09962549299730486
0 38 -0.007909111152357007 -0.048715237316130894 -0.07868556213829349 -0.062069846426180304 0.0881196428874425 0.07404152620397583 -0.04276702629237625 -0.09671525318685827 0.014422449939544718 -0.08191168252974021 0.01022559963166719
1 0 0.0667939111590382
1 1 0.049762509763240634
1 2 0.030785303562879427
1 3 0.05555764958262486
1 4 -0.08688203990459442
1 5 -0.07328077405691096
1 6 0.06599975377321277
1 7 -0.039508540183305005
1 8 0.04722676426172245
1 9 0.07103168964385946
