## RankNet
## Epochs = 100
## No. of features = 38
## No. of hidden layers = 1
## Layer 1: 10 neurons
1 2 3 4 5 6 7 8 9 10 11 12 13 14 15 16 17 18 19 20 21 22 23 24 25 26 27 28 29 30 31 32 33 34 35 36 37 38
1
10
0 0 0.08771794647805019 0.14894279874411034 0.10659658932207965 -0.1824511399937114 -0.08170495329523994 0.08459539549179813 -0.008404246565773746 0.03391267167992539 -0.11431226212089349 -0.029328480572420865
0 1 0.21385866260417852 0.38729410008147086 0.22826503071103263 -0.29368088736719605 0.060437575918406254 0.24144001883354885 0.23395210410510034 -0.06528654915747109 -0.12131022993790407 0.055508100611532905
0 2 -0.04242289393004025 0.10631277236131613 0.140244977580177 0.005396837420084196 -0.10788162652313216 0.012946076269022378 0.12728112624797563 0.05292938782123592 -0.03965404062944189 -0.025741891938920257
0 3 0.24293714827298157 0.5178442833289216 0.2698115868199993 -0.42373120496017624 -0.02494526445726231 0.1698024890617832 0.2811288497876985 -0.14144279307976948 -0.07161504356307297 0.05381615847180009
0 4 -0.012523236226196917 0.21237885031332784 0.13295246260914914 -0.22014779637378004 -0.07266748447865717 0.18948067335489935 0.14034093668118558 -0.062198495455598635 -0.0585943364137455 0.06628859602817253
0 5 0.17455090186413513 0.30452948274105485 0.0761353734152602 -0.2222269034504663 -0.064192053918523 0.22055776170442193 0.12753157035306037 -0.07043014933016561 -0.03428121385231364 0.14608997585138495
0 6 -0.14007919106835656 -0.6077818526662638 -0.30113251655256257 0.45438736941697105 0.11281006418105008 -0.3370792584370693 -0.280892584717927 0.08958177595685644 0.15589825472513968 -0.15813064132235047
0 7 0.053180224198199094 0.24708421216060023 0.20943381581788165 -0.30076952888254593 0.012595485510383983 0.13445082743149098 0.12102536301335591 -0.15301404209746197 -0.03714344151172212 0.06625862500409166
0 8 0.0013784671896316142 0.15874643986290138 0.12741207102042304 -0.18797663389535585 -0.024945945234412428 0.053897571767558945 0.018666221543394042 -0.020567937948485878 0.003320714211531483 0.057229379488322706
0 9 -0.03636894433667787 0.004974051347657888 0.075851152693222 0.07268929311315282 0.05199787252855283 -0.07353483657357766 -0.02165507619248829 -0.04153919773628971 -0.08216728323851742 0.03793532160134916
0 10 -0.0684410032147671 -0.10037718789713264 -0.04111962331864271 -0.008630605163497458 0.08218326636559611 -0.07171530262990791 0.024777062519163947 -0.02912226085087318 -0.018492664398146667 0.027488205701181826
0 11 -0.03481016870036189 -0.11341635988783562 -0.027799993408972937 0.13772017263292563 0.06095557190308448 -0.05455937861137723 0.023355009805674547 -0.03524679551455879 0.04344538987446463 -0.0381968492109292
0 12 0.09504044731447564 0.3404982129244416 0.09451188135617486 -0.15464683997740206 -0.09638224711310082 0.052992837188658944 0.18126221809155996 0.05200251971789614 -0.11209382105367587 0.11831432511243331
0 13 0.1643898514525824 0.14553552474234877 0.09134949668530636 -0.2533124202568974 -0.11463155317858911 0.1459314186922138 0.10315439089505928 -0.09124864394436774 -0.04364485096629614 0.05854091517921477
0 14 0.06390419825339043 -0.052562952426207045 0.09552278666705681 0.032525768541635976 -0.05005248467411661 0.06718848093867763 0.07766225430283615 0.027266717640780393 -0.023500099004973667 -0.06014870919365032
0 15 -0.019027909884055234 0.01233906667986169 0.08892014781528028 0.006691878307456205 0.055360876321097596 0.04848348970209202 0.00996751595979087 -0.06426609991205277 -0.019883220965268372 0.004259461704809128
0 16 -0.04356663645651482 0.02580244596232408 0.09389831652528385 0.00773970437983976 -0.07980821130117641 -0.02760357388141924 0.13548822919487338 -0.09014718681312739 -0.07135280724847116 0.09826271307925824
0 17 -0.033239264777706355 0.002991763804848068 -0.06504834620462598 -0.12410155906749015 -0.021304017727463428 0.10719740351618604 0.0800683477227561 0.00801600102497791 0.02370438089360804 0.048688648698278734
0 18 -0.024400097608373174 0.11388674536870294 0.05237167084463878 -0.05892542138776078 -0.11714677572861674 0.12117041731672033 0.04934312108610696 -0.09884969936736113 -0.04243119798679445 0.10826500050983494
0 19 -0.01134238963185267 0.2102899119891768 -0.02273709796626435 -0.1811666661870845 -0.1131925766692815 -0.018818737382459094 0.07528188894239987 -0.06536885749618065 -0.11081367688155651 -0.01742456593663702
0 20 -0.0028296513160252484 0.15534928482998428 -0.051085461250787834 -0.13050254518409485 0.06707540656972732 -0.021040010719659566 0.13363258517857934 -0.060363310477579146 -0.03938786618732935 -0.049394436326595834
0 21 0.12150030455812805 0.09198766473029846 0.0720218062680294 -0.022167515944960123 0.07584843225107779 0.09768205177425412 0.09866434267056326 -0.07641162185025126 -0.015646865183645223 -0.06334167237667235
0 22 0.10606140287749852 0.2370700172119009 0.09147591090507792 -0.22530759615443258 0.0579909658998281 0.023396130885794526 0.10352899592726629 0.05547949078804657 -0.0026382646699416013 0.020641511540754873
0 23 0.04255484695782519 -0.04725085965085049 -0.08410616236722518 0.08650252788056925 0.051239246035531094 -0.013538588454487853 0.030058957132767666 -0.024261884205284395 -0.04957060532485413 0.04187479452692423
0 24 -0.05959017339572906 -0.18704721611844996 0.01332703501725523 0.1347953686549011 -0.04252490182056076 0.03291481778260881 -0.05158888701292836 -0.03515953496473446 -0.0060322790319818406 -0.0445834341634309
0 25 -0.0634787444793008 0.0686804680836844 0.036224943009053004 -0.03485749737252827 0.06255924681428182 -0.006893818295852776 0.12897378245389643 -0.03513366319320371 -0.10106990453929351 0.02725071721045107
0 26 -0.08621844825631551 0.028781149493811508 0.05710201681780113 -0.055951542709319714 0.07086301099279725 0.022992427828296497 0.014799678248746824 -0.028227082186783728 -0.013729233996903697 -0.038796884863552754
0 27 -0.00915925523598883 -0.014313295508461523 0.03377578743572006 -0.04278996871457969 -0.005776181399698288 0.028214429319415986 0.01791331887974709 0.053362840792187484 -0.0025847188885978582 0.02401578957900645
0 28 -0.05781916108529622 -0.062287165643349074 -0.05354783821777764 -0.0821771833595274 -0.0294398807533732 -0.09430255841750491 0.10257107696700338 -0.04507598826160705 0.045186589609982585 -0.018055045345292557
0 29 0.07322499345099094 -0.027217573201571896 -0.057392383939596926 -0.15251356359012158 0.06438013835685776 0.0575881097892983 0.10243323547357605 0.04220774993989267 -0.09258215049229988 0.041956182987741605
0 30 0.10636919697665907 0.09504655798570404 0.09488287719463002 0.006300796243184081 0.04768026721594541 -0.08377194320678538 0.025031690269880325 0.09109887505938957 0.09395475825273798 0.08665150655836032
0 31 -0.07382481598267679 -0.0673601597292557 0.05793965921066405 -0.026978873573375944 -0.047276054341412105 0.06717987408713516 -0.059906917483134696 0.019233262442848148 -0.021338089162966534 0.002856548989199222
0 32 -0.10618806969200556 -0.003767869850838421 0.05754299941257997 0.07647027849339436 -0.0679127970564905 -0.06069695606446831 0.07803446219793496 0.06709164826984583 0.06520382680042562 0.0062889564120862974
0 33 0.045109099225263016 -0.08345561816875378 0.06413042838423226 -0.10647768490974081 -0.05174210173168352 -0.035887853969997885 -0.05860098808041273 -0.09369886488811333 0.0897218342604281 -0.0156379917418267
0 34 0.031501519768824586 0.08442538239217574 -0.04389038071907396 -0.07730810390169182 -0.004280117689182093 0.04855592474495984 8.715110912518579E-4 0.04848298104057178 -0.07442783229926603 0.07661135972352888
0 35 0.09664803264343004 -0.05264289583401274 0.06569885073617712 -0.08023631221863213 -0.07499822555094364 0.02206315253342418 0.05458603950434908 0.05177749958159302 0.02804184775054986 -0.01720435694073533
0 36 0.023512330771115426 -0.05246702674939641 -0.03588146939309135 0.04895676073868625 0.03594088941612809 -0.056669563148730936 0.058695861735668674 -0.05603962098299591 -0.008801341618252507 0.04469338624693225
0 37 -0.054915058247086 0.004645783471981167 0.04174529358447072 0.07359858130498313 8.44431222485783E-4 -0.03626066707463699 -0.10832439556285346 0.045982556888632925 -0.0893714312710123 0.0802731749401654
0 38 -0.0688543224024636 -0.13440800075831075 0.06004996938414875 -0.012634801882448867 -0.01824513645416185 0.046700722017615076 0.05987863531061076 -0.05293622520417597 0.05459874227025422 0.005500665748875928 -0.1006735989357971
1 0 0.3687326963813725
1 1 1.1255708351116132
1 2 0.5374728382335108
1 3 -1.0011373237218424
1 4 -0.1991645129703574
1 5 0.5250006970418933
1 6 0.5604032867671039
1 7 -0.2728444756346698
1 8 -0.3184428531471149
1 9 0.22713001751002365
