## ListNet
## Epochs = 1500
## No. of features = 38
1 2 3 4 5 6 7 8 9 10 11 12 13 14 15 16 17 18 19 20 21 22 23 24 25 26 27 28 29 30 31 32 33 34 35 36 37 38
0
0 0 -0.039023824620110045
0 1 0.09475416992791057
0 2 0.0020012757396471606
0 3 -0.09162361127201911
0 4 0.001789157018529519
0 5 0.04261653870110706
0 6 0.0943882010006419
0 7 -0.04767137132706506
0 8 0.09663091269705863
0 9 -0.0838631226022399
0 10 0.09316467099802224
0 11 0.054993188266536756
0 12 0.0780293149057148
0 13 -0.09728074152711273
0 14 -0.09557891572687334
0 15 -0.00746238134425061
0 16 0.010717475737617157
0 17 0.08126358493170027
0 18 -0.07725031641265274
0 19 -0.041358150706748587
0 20 -0.029148848962189593
0 21 -0.05295382178274021
0 22 0.04488300582297537
0 23 -0.09560878716073357
0 24 0.08190386504577747
0 25 0.04597440253389424
0 26 -0.08864683878104444
0 27 -0.023266140672593194
0 28 0.048048895878413864
0 29 -0.06044738883065538
0 30 0.04623697298773595
0 31 0.04916999122889207
0 32 0.0025598409219229463
0 33 0.0786537338711043
0 34 0.027563681967306682
0 35 -0.03545632659329533
0 36 -5.58244878952656E-4
0 37 -0.06673012754278458
0 38 -0.019041549414396286
