## RankNet
## Epochs = 100
## No. of features = 38
## No. of hidden layers = 1
## Layer 1: 10 neurons
1 2 3 4 5 6 7 8 9 10 11 12 13 14 15 16 17 18 19 20 21 22 23 24 25 26 27 28 29 30 31 32 33 34 35 36 37 38
1
10
0 0 -0.19498644194423864 -0.011531496939520831 0.1794759031349385 -0.014178823602308514 -0.23133889260004695 0.030504351703020995 -0.038156554896991435 -0.04806940947082805 0.07748365826150885 0.14899980220326922
0 1 -0.4839064689634669 0.2545748630282097 0.48366769993414377 -0.06570304341913169 -0.6335763110011733 0.3313029478895724 -0.06864471816109763 -0.019007162004133195 0.10254572112468277 0.23195732123661852
0 2 -0.1084442151831156 0.10901634003958705 0.08291452007236055 -0.09015396824484442 -0.2038948095505832 0.09436672927624862 0.029504507001709337 0.04092000567191223 -0.03727464156436874 0.12807181824006636
0 3 -0.6245317484424132 0.19478658455471506 0.5949838730755493 -0.06641142448912003 -0.8288699729911918 0.30404565392399546 0.08345848147817327 -0.07139984972813652 0.2945487080235221 0.28859729840089027
0 4 -0.19438763263180175 0.1791011034511524 0.2855776258377221 -0.09990957418398425 -0.2776293577828789 0.11916829925857172 -0.005132015606977661 -0.024791931898625226 0.1186250037575367 0.14927017556098318
0 5 -0.3225653233607865 0.14871534977549233 0.33715968577913813 -0.08276815306235141 -0.47255831752992566 0.17059289161071556 -0.07269352376847642 -0.04743032662053598 0.22828305337534843 0.1547518223858463
0 6 0.7141681319053245 -0.346024917799741 -0.8133620637002348 -0.008671131689130846 0.9683976901049206 -0.521268173018935 0.013054594838886768 -0.09321780812911423 -0.33328090585399467 -0.41809115873250957
0 7 -0.47298095576845184 0.23285099908744067 0.41115708436973225 -3.5163880234637617E-4 -0.4548872792406345 0.2897586216155858 -0.059503838363083816 0.08711528995465347 0.14293818591439925 0.2650697619004952
0 8 -0.16514969932308754 0.0840736735162872 0.19934078577988978 0.023091397201686167 -0.13125867596919646 0.11950898021144468 -0.04270287531428117 -0.07918910648767687 0.013522000190489583 0.12371558923583344
0 9 0.08179331887190949 -0.05145843292892913 -0.16330170965060456 -0.08896012314137137 0.09605136149036439 0.023492515736677287 0.028632279683546216 -0.030381093981640073 -0.052898235082542246 -0.04500046890375795
0 10 0.024860291157206584 -0.03166476294407466 -0.14500487725426583 0.03999480116955072 0.13589535289781265 -0.10190222818353703 -0.08531408032528445 -0.06289083755573398 -0.12074626112773773 -0.1384639543894571
0 11 0.030677859585577984 -0.006750922755720182 -0.007582386244472526 0.10244253889271378 0.07626109613626565 -0.08987057036606359 0.0319335026302473 -0.04858949866616042 -0.1328199997067261 -0.027493794203380915
0 12 -0.31085733727955 0.22720121255245632 0.21113942063230245 0.06213252775376556 -0.3654040846786809 0.22044967569401894 0.05215932607643015 -0.04607540391304718 0.2054017203654842 0.07285161189553811
0 13 -0.16332782566450066 0.18221703410180196 0.0938490574933504 -0.028817494714529636 -0.39896988077489814 0.15272266022610811 0.09108121928483037 0.06202734174304803 0.0439325899966638 0.1364491109646562
0 14 -0.10141267418134514 0.034365251116126004 0.04362025889130657 0.05722870634817261 0.05457231368669765 0.021608897183982463 0.017238571724448457 -0.021549952257838588 -0.07479282015166673 -0.05211610880074523
0 15 -0.10578277956635784 -0.0027392925821638587 0.14254993886803588 -0.07951148526307374 -0.21910495023952486 0.058083765410564835 0.005446538732879898 0.1014269577232217 0.0765048158766747 -0.04693805702913702
0 16 -0.15237036654687047 0.011263467440785989 0.11968089050593271 -0.0794055247633568 -0.11386711097554848 -0.03006756499462261 0.054654096314996826 -0.07638682377652031 -0.05608614718075211 0.027444626934405365
0 17 0.0655516387582846 -0.001992218653691607 0.09401349668771533 -0.008405271597225898 -0.009445404975642785 0.03316207595857529 -0.08570269246498946 -0.011086998560601122 0.10349682928023309 0.0734506954711737
0 18 -0.20387906785106935 0.15804616997090185 0.09555378601581227 0.04261237764675532 -0.33790512569546965 0.07425673725198989 0.07312039325992797 0.07743185164653998 -0.013154715162090226 0.017622506815266135
0 19 -0.16747380819245006 0.04452318200010619 0.11585844034643383 0.03210015144393013 -0.29057408887100866 0.001329703459911795 0.002470692318535824 -0.08283800624217286 0.028659672108717383 -0.009857795869024253
0 20 -0.1152127858651388 0.0529052580671257 0.07484552211448132 -0.011366659455765944 -0.12409406308435496 0.02084687126683161 0.04748739238619256 0.034522581381600755 0.1162024722021217 0.05040308905399854
0 21 -0.06006817495647273 0.1033781160321739 0.0034901463222207062 0.0049187163108121495 -0.07140422570970112 0.10103674684509846 -0.012744826115512704 0.008816474652414608 0.10245944924587282 -0.01600086473142383
0 22 -0.16916305368952847 0.156417135941529 0.12833676125694643 -0.055102950199968324 -0.2711425883048293 0.04137943340939985 0.03229321671952784 -0.012018101766305155 0.07132775550351868 0.08086951625129145
0 23 0.007294101133726302 0.015032802405628551 0.010375512438750236 -0.07572788031927971 -0.04108864745464067 -0.10947044095691147 -0.04403649205544869 -0.02085255993347558 -0.10695283895860457 0.04690374237977706
0 24 0.07425797934289982 -0.04432334349468725 -0.08040896395579869 -0.003602120026318477 0.10227436933111383 -0.034303771418997195 0.050045053680692814 -0.04140000716618377 -0.042605028418904636 0.013756792062499091
0 25 -0.0632704520862906 0.08024869210939446 0.016507968238281965 -0.0830837906437527 -0.10944991131005476 0.09986778737474887 -0.012209892303537497 0.03578665120662828 0.13258178656029743 0.057753020309306555
0 26 0.016669374171520226 0.06214725904549741 -0.058604693768523085 0.050393317041156335 0.04568335925202543 -0.03797821721748164 -0.05578234099602264 -0.009615732635727445 -0.031084420203434517 -0.01813942782523657
0 27 -0.13229185846869254 -0.08226383818649982 -0.04130281788859668 -0.04141725332080062 -0.059753865101939224 0.07678466979278727 0.01624814588291693 -0.032931792735964666 -0.07438524678496108 -0.03718335916327092
0 28 0.08543859800966794 -0.027073818496021446 -0.08177810805282827 0.046214363614285915 -0.02137416442176409 0.05446790608592209 -0.09723384222770191 0.06483677900636314 -0.09043322060522418 -0.005234566844475784
0 29 -0.15311124288409847 -0.05088564304342262 0.13471709346924593 0.06419647845657725 -0.18563378039821277 -0.0182768986931527 0.09291821000098635 0.03444139339011748 0.005620317343124936 0.06406582398014114
0 30 -0.07549082777359303 0.0848907107769284 0.03470503468949069 0.037746477147329274 -0.08985701601581876 0.0869643216484137 0.0634485001415 -8.792879908102825E-4 -0.0033308635264150226 0.10751940162727845
0 31 0.022690095771807018 0.021450162909658652 0.04050459992570183 0.04849887215627744 -0.07347328233584052 0.06823891358853618 -0.004565210442890548 -0.01398648704304743 -0.05573007980801379 -0.04902267842194018
0 32 0.11752490381595278 -0.09428800875380168 -0.11120482464992168 -0.04524079582588679 0.06878759667061347 -0.052367338314006584 -0.004985216447550798 -0.07357343032113003 -0.019806519567828737 -0.07549801411960834
0 33 -0.056554078240905206 0.049700037303383 -0.06401459975366555 -0.00855137542657246 -0.10637117202274696 0.027661485369036166 0.05799892060537803 0.07124091133299329 0.07253413715386908 0.023341071641068682
0 34 -0.00357195044038924 -0.034688418236697306 0.013133751651949705 0.09056473065868909 -0.10176282914640826 0.054533546755395144 0.024150229997350153 -0.027179452865048397 0.078606178288613 -0.07154029489170305
0 35 -0.002937330207268479 0.058782954202069394 -0.06019951639953736 -0.027216547164872013 -0.024998029221255456 -0.0877536575539724 0.07205240784375244 0.034491726925896395 -0.07166079470897667 0.06733719620493761
0 36 -0.0619653662579778 0.024328689855596875 -0.08139288630848436 -0.013730139554424474 -0.05062937844882087 -0.06848342706905215 0.07621792675936905 -0.06384497786370288 0.04595464018703108 -0.02723586581751342
0 37 0.11582702170191927 0.006647818197600061 -0.16882114094793507 -0.021545576517757174 0.019494259262020808 -0.1263954693479763 0.05082416858739057 -0.06303075589692209 0.04294681654747005 -0.15036896579509146
0 38 0.10575829752207994 -0.043281365880666264 -0.0886213941077936 0.08784907252852617 0.09796719724163945 -0.0648389133254762 -0.0031478125494637118 0.02009357018229553 -0.05468655271126251 -0.11143950624140905 -0.21519586932727564
1 0 -1.474362445793027
1 1 0.586567367062196
1 2 1.277920140607851
1 3 -0.18770574448411895
1 4 -1.8497538846918555
1 5 0.7663526476139622
1 6 -0.07957678438729585
1 7 -0.047908254421452516
1 8 0.5080684537702284
1 9 0.6214275382842732
