## LambdaRank
## Epochs = 100
## No. of features = 38
## No. of hidden layers = 1
## Layer 1: 10 neurons
1 2 3 4 5 6 7 8 9 10 11 12 13 14 15 16 17 18 19 20 21 22 23 24 25 26 27 28 29 30 31 32 33 34 35 36 37 38
1
10
0 0 0.07519035041332245 0.03306002542376518 -0.012577426619827747 -0.06688772886991501 0.014210271649062634 -0.09295579046010971 -0.02456541731953621 0.014132154174149036 -0.04553920775651932 -0.08511900901794434
0 1 0.07763586938381195 0.05502227693796158 0.0862295925617218 0.004007875919342041 0.05588994547724724 -0.09067349135875702 -0.09843221306800842 0.04816541075706482 0.013574451208114624 0.0991460308432579
0 2 -0.08330858498811722 0.09045663475990295 0.001092809485271573 -0.04852340370416641 -0.07882945239543915 0.004835581872612238 -0.042700350284576416 -0.04860822111368179 0.07299809902906418 2.675652503967285E-4
0 3 0.08313548564910889 -0.01671464368700981 0.08436928689479828 -0.09729565680027008 -0.08108286559581757 0.05071224644780159 0.067691370844841 -0.058228619396686554 -0.003634118940681219 -0.06077698618173599
0 4 0.074081651866436 0.04804055020213127 -0.06780652701854706 -0.010230844840407372 0.0323515459895134 0.059811271727085114 0.08269912004470825 -0.055402301251888275 0.020930593833327293 -0.08589915931224823
0 5 -0.06901060044765472 0.05461571365594864 0.06829509884119034 0.054026998579502106 -0.07141279429197311 0.0372183695435524 0.05388934537768364 -0.07607414573431015 -0.03366800397634506 0.08497990667819977
0 6 -0.08123433589935303 -0.07660721987485886 -0.07639797031879425 0.0802493616938591 0.060251008719205856 0.0780441015958786 -0.003056985093280673 0.017931068316102028 0.06678199768066406 -0.019834887236356735
0 7 0.06093087047338486 0.06164131686091423 -0.04387789964675903 -0.08015649020671844 -8.784353849478066E-4 -0.0483335480093956 0.07162117958068848 -0.05035573989152908 0.012051230296492577 0.010230517014861107
0 8 -0.06009278818964958 0.08473937958478928 0.0559721477329731 -0.08807770907878876 0.013543641194701195 -0.011297488585114479 -0.08812291920185089 0.05553312227129936 0.07291509956121445 0.04256005957722664
0 9 -0.03458503633737564 -0.060934294015169144 -0.0685596764087677 0.07002498209476471 -0.08629811555147171 0.01973400078713894 -0.005345189478248358 -0.0604587122797966 0.08414451032876968 0.058572303503751755
0 10 -0.05828259512782097 0.09785940498113632 0.09433810412883759 -0.020252954214811325 -0.07839985191822052 -0.030985314399003983 0.015490102581679821 0.08781816065311432 0.0957910567522049 0.09308984875679016
0 11 0.01624399982392788 -0.07546651363372803 0.059602219611406326 0.05786774680018425 0.07551644742488861 0.06423454731702805 0.07317221164703369 -0.083605095744133 -0.08615033328533173 0.031163305044174194
0 12 0.06662901490926743 -0.0761394202709198 -0.08718080073595047 0.03209693357348442 -0.09894900768995285 0.07047401368618011 0.009934687986969948 -0.05031125620007515 -0.09681855142116547 -0.09075437486171722
0 13 0.05882810428738594 0.01584591343998909 0.01859453320503235 -0.09880246222019196 0.0989966094493866 0.03371461108326912 -0.07824231684207916 -0.08251811563968658 0.08978693187236786 0.03309353068470955
0 14 -0.07633669674396515 0.06719503551721573 -0.0856587290763855 0.06413906812667847 0.0630434975028038 -0.055162180215120316 0.024189215153455734 0.024261629208922386 -0.0014563441509380937 0.012149548158049583
0 15 -0.034643422812223434 0.09148295223712921 0.008745437487959862 -0.02239069901406765 0.029966969043016434 0.07893048971891403 -0.02728183940052986 -0.02871263585984707 -0.0900779515504837 0.0015727460850030184
0 16 0.018233168870210648 -0.0587269552052021 0.004979199264198542 -0.06397572159767151 -0.07608334720134735 -0.01372436247766018 0.022481346502900124 0.03616092726588249 0.03411122038960457 0.06298813223838806
0 17 -0.03722205013036728 0.08357162773609161 0.06806991994380951 0.04298011586070061 -0.06518606841564178 0.05670441314578056 -0.008140718564391136 -0.008216386660933495 -0.07107527554035187 -0.026139210909605026
0 18 0.037692420184612274 0.018637847155332565 0.05464766174554825 -0.06950157880783081 0.0914589911699295 0.07689428329467773 0.056538283824920654 -0.07831677049398422 -0.06545557081699371 -0.048198819160461426
0 19 -0.014095401391386986 -0.05476607009768486 -0.01628473959863186 0.005272859241813421 0.08340875804424286 -0.011031443253159523 0.05844206362962723 0.04138994216918945 -0.044977206736803055 -0.06721552461385727
0 20 0.06481197476387024 0.08564028143882751 -0.027357030659914017 -0.06774961948394775 -0.03775203973054886 0.03627584129571915 -0.015651792287826538 -7.53253698348999E-4 -0.04599574953317642 -3.5936833592131734E-4
0 21 -0.05984940379858017 -0.009984493255615234 0.01606091856956482 0.0909288078546524 0.06178130954504013 -0.03482116013765335 -0.025932902470231056 -0.08650200068950653 0.09887336939573288 1.387715310556814E-4
0 22 -0.07349879294633865 -0.0019847273360937834 0.03787755221128464 0.005001807119697332 0.0825408548116684 -0.054908573627471924 0.0024180233012884855 -0.02676074579358101 -0.06505444645881653 -0.036413125693798065
0 23 -0.08445481956005096 0.06544800102710724 -0.08023768663406372 0.012500667944550514 -0.0316627137362957 -0.0022918283939361572 0.01770722307264805 0.08782942593097687 2.426087885396555E-4 0.03571780398488045
0 24 0.08532648533582687 -0.06167496368288994 0.03582705929875374 0.08838360011577606 -4.897117614746094E-4 -0.0936775878071785 -0.03391128033399582 0.04959319159388542 -0.06778724491596222 0.07560662180185318
0 25 0.035635482519865036 -0.028862666338682175 -0.07568453997373581 0.07461124658584595 0.03476373478770256 0.04846055433154106 0.060179293155670166 -0.07329018414020538 0.00734937796369195 0.09542124718427658
0 26 -0.06435829401016235 -0.08240143954753876 -0.02684628963470459 -0.08683101832866669 0.06935746967792511 -0.04314614459872246 -0.09431998431682587 0.0761118084192276 0.08443571627140045 0.06769905984401703
0 27 -0.09593191742897034 -0.0425788052380085 -0.061705153435468674 0.08902139961719513 -0.0980151817202568 0.061723656952381134 -0.04451734572649002 0.00398020725697279 -0.0038288652431219816 -0.04947572201490402
0 28 0.06758725643157959 0.09741146117448807 -0.02547331526875496 -0.010119890794157982 -0.0016436160076409578 0.029002511873841286 0.06946785748004913 0.09459996968507767 0.07572630047798157 -0.04973290115594864
0 29 -0.09513703733682632 0.09361256659030914 0.016208719462156296 -0.09010054171085358 0.08122102916240692 -0.048197269439697266 -0.013204741291701794 -0.028473835438489914 -0.028020519763231277 -0.059454359114170074
0 30 0.06222717836499214 -0.004648464731872082 0.029905593022704124 0.018572574481368065 0.031796593219041824 0.09105075895786285 -0.07616299390792847 0.05852477625012398 -0.07615631073713303 -0.0720181092619896
0 31 0.07692550867795944 0.049590371549129486 -0.046331584453582764 0.010199827142059803 0.06532175838947296 0.02228914573788643 0.052477817982435226 -0.09836046397686005 -0.09700421988964081 0.0033617853187024593
0 32 -0.09579487144947052 -0.00473062414675951 0.05385788530111313 0.09310835599899292 -0.01924142800271511 0.02053876593708992 0.059961505234241486 -0.09569655358791351 -0.022865455597639084 -0.00947064720094204
0 33 0.03476763889193535 -0.037977587431669235 -0.05177388712763786 -0.04054141789674759 0.0409877710044384 0.07689804583787918 0.09259650856256485 -0.05822861194610596 0.03281273692846298 7.721424335613847E-4
0 34 -0.007756346371024847 -0.0067026615142822266 0.07386864721775055 0.07547938078641891 0.09594058245420456 -0.07860462367534637 0.07370270788669586 -0.07307842373847961 0.09187327325344086 -0.003059339476749301
0 35 -0.086613230407238 0.047378867864608765 -0.008823012933135033 -0.02247542142868042 0.02728225663304329 0.08868829905986786 -0.08323599398136139 -0.033171646296978 -0.08393903076648712 -0.0982527956366539
0 36 0.002466446254402399 0.08098282665014267 -0.05167700722813606 -0.07183490693569183 -0.08378411084413528 0.009736264124512672 -0.06606663018465042 0.07142375409603119 0.025669794529676437 -0.05785344913601875
0 37 0.09035050123929977 -0.09424798935651779 -0.07086770236492157 -0.0863196924328804 0.09827741235494614 0.01906260848045349 0.004744607023894787 -0.09987781941890717 -0.09902581572532654 0.021107053384184837
0 38 0.012689530849456787 -0.06602106988430023 0.03716365620493889 0.08048547804355621 -0.02177746221423149 0.07975704967975616 0.09759531170129776 0.04348047450184822 0.05152016133069992 0.04639493301510811 -0.06638879328966141
1 0 -0.06221366673707962
1 1 -0.09254023432731628
1 2 -0.07068727910518646
1 3 0.09918221831321716
1 4 0.03181206062436104
1 5 0.008377104997634888
1 6 -0.00442467350512743
1 7 -0.05097019672393799
1 8 0.02647915482521057
1 9 0.059026461094617844
