## RankNet
## Epochs = 100
## No. of features = 38
## No. of hidden layers = 1
## Layer 1: 10 neurons
1 2 3 4 5 6 7 8 9 10 11 12 13 14 15 16 17 18 19 20 21 22 23 24 25 26 27 28 29 30 31 32 33 34 35 36 37 38
1
10
0 0 -0.04473859644277885 2.4684070197143667E-4 0.05619260758478419 -0.05258216319194698 0.18611910992081593 -0.013192233914278888 -0.01935459732500023 0.08356579780853785 -0.17761431355214838 -0.003762088168449579
0 1 0.1595223073514734 0.18000343066803315 -0.04207730037082024 0.0733620484223759 0.34136526102745046 -0.027428867395364105 0.01987156052664463 0.10092627559355023 -0.3765377357780913 -0.10149961747016888
0 2 0.1286138120892335 0.01834017381301224 0.09010683630336018 0.12508789161930522 0.13520227446234404 -0.028298972317812116 -0.06844229526730847 0.07961585051087294 -0.19015103125333369 -0.050991184765054626
0 3 0.15174495363833188 0.3101779494414757 0.013106544729273454 0.21676540889929702 0.3685275263488249 0.14380574864229137 -0.0782609915603707 0.10132826261229907 -0.5756037638309801 -0.13832195727980243
0 4 -0.011665601440537588 0.08689165185489581 -0.0812855383653952 0.15363443166267943 0.17837914615205372 0.0049892487781669865 0.03321898747006279 0.03164325983425061 -0.13291855328470337 0.011885200700435292
0 5 0.1721656124201512 0.14974785833597348 -0.09183173262161011 0.0795755097226732 0.30961728509160197 0.08533008239593287 -0.08541832134793437 -0.05728205534268246 -0.416886391252309 -0.11463291238199792
0 6 -0.2972798813977255 -0.3305217519486422 -0.0232587184205798 -0.2241597261649226 -0.3740030767502767 -0.12962990544126488 0.1386440489944459 0.038781863547392936 0.6053905548506624 0.23970664921519977
0 7 0.14919938827327436 0.13360813130445945 -5.410322565557647E-4 0.12426999603740682 0.2109775910827438 0.015670325985796266 0.03799510283619258 -0.01863618031970292 -0.3165891542898452 -0.1481104436634181
0 8 0.12534510321255532 0.06017680750760959 -0.03427294580349908 0.08785674057610418 0.12234184447891172 0.08192235996945682 -2.1420860048789742E-5 -0.021328023298669944 -0.038603265298683714 -0.13048301286763672
0 9 -0.11149248732184029 -0.05163691635466858 -0.0670596075305737 0.04099712393057865 -0.02666614601420144 0.06721904541996994 0.059606572305339285 -0.054622036321028244 -0.01502349284646531 0.0524994680511201
0 10 -0.07674460950995222 -0.10099766026543447 -0.09761923503576418 0.06099746689643871 -0.06527079333710081 0.07653204035714901 0.050887181426225434 0.016958520047661033 0.02496744382898514 -0.026857505562522668
0 11 0.023321852726775002 0.029580373671867263 -9.529571742906113E-4 -0.06254335678693669 -0.03308611547276355 -0.09020881993401528 -0.04100724438657294 -0.09506760563810211 0.11464352456458306 -0.04985732729939395
0 12 0.11135138765486836 0.07311569215450905 -0.08619875805802142 0.18293550497910926 0.12674205988974238 0.07355187368594612 -0.01730576949433654 0.09533880351812081 -0.3676433955430779 -0.05469013897800043
0 13 0.1294409789231068 0.1441304589566736 8.331312612025888E-4 0.12940656013913138 0.08675842259655406 0.004702693861615072 -0.06935882388876785 -0.08044316456221173 -0.19467449723232746 0.014757348862690502
0 14 -0.014934197925229537 -0.09395629166819372 0.02644051780838535 0.07053443212123682 0.013052971996806825 -0.08314609421585453 -0.09205308904035922 -0.09505893797560604 -0.09454690286190114 -0.08877981671135504
0 15 0.08130771116737034 -0.02671869621754195 0.057453305624281824 0.009955217708955973 -0.015690931515917623 -0.008282017901333363 0.055805171790280717 -0.01673677619727031 -0.02847148551929541 -0.016361454514509093
0 16 -0.04800604712807867 0.06278541587187338 0.04548760438117695 -0.024022554754615365 0.11073473571357982 -0.0707225420859707 -0.08731430163529094 -0.003147292324602353 -0.15267795031100906 -0.11820298121329997
0 17 0.04582742312683601 0.07503797346895044 0.10029423231158055 -0.03067023214098334 -0.06683609456733099 0.05280226539782943 -0.08818145097072619 -0.07045947627247938 -0.03742374510701725 0.009304957693424964
0 18 0.10839229536971498 0.15172655667631751 0.051609260937034565 0.11000473179389494 0.15290598931654095 -0.03905656842972623 0.07720724770485658 -0.08415869146301352 -0.17235349871737451 -0.12464643113288383
0 19 0.09466158662574982 0.02455757101054758 -0.028762933729302862 0.017201845186943582 0.14852599612658535 0.11248921189784766 0.033101506575649337 -0.018211530138650508 -0.1842005021754006 -0.05746872424435883
0 20 0.017454982089567823 0.061565714819537536 -0.08153359457354262 0.1328250593633624 0.07792123025575111 0.02324716313552287 -0.02951370433001855 -0.010940547743468119 -0.06126605930310857 -0.10821515319008321
0 21 0.020921010301189348 0.08209003758973035 -0.0648462662812342 -0.004724617863395205 0.09648109997330588 0.017535134767828545 -0.06050943713063353 -0.05791891772689134 -0.04770639747469855 0.021450394797996007
0 22 0.022651437737186825 0.13830761959309953 -0.030304168255357887 0.11125616198025769 0.1829900053596149 0.07765887084739116 0.008699279166367799 -0.07838096222700568 -0.1221996847156279 -0.12890506735305995
0 23 0.07833727358134245 -0.060116795873553446 -9.05350028475419E-4 -0.11673614201366941 -0.13357818440262623 0.06332712770700272 -0.021647219505979472 -0.062474877701204114 0.026253241359010394 -0.002807470755038415
0 24 -0.0996791769552443 0.02439416209497184 0.06529504466357441 0.0175628800557672 -0.13946878451918565 -0.057731019271714375 0.017009319861663676 0.01498097468706405 0.1039787083362523 0.015748549901678326
0 25 0.1148356030792344 -0.008656501014233365 0.0907297429603064 0.01790076115996302 0.07636519393426547 0.0663800273788625 -0.11253105928791214 -0.026451194644082538 -0.16619707195371375 -0.0820917433897184
0 26 0.055655965033593165 0.02934035037091119 -0.07005796472955873 -0.1006724508310401 -0.040585290418146285 -0.06552483212019829 0.043105740073231806 -0.040905315526084764 0.09588629994685678 -0.08215037966244068
0 27 -0.06130875500354183 0.10913756298232721 0.04102931951591169 -0.025677742124605652 0.024892703828180495 0.03723876403488969 -0.06755931974703012 0.0631043506382312 -0.04124682964996087 -0.03769970537993451
0 28 0.10186113366002597 0.0379981957695028 -0.04928543440651889 0.03662161013821271 -0.032207362857616655 0.0881224831798162 -0.0211149090240506 0.007378321766424131 -0.1186541766744665 -0.05280999712029949
0 29 0.03163430216694631 0.05685452658147372 -0.006567964463336363 0.09324806017424826 -0.0035336568664354993 -0.08147923812409426 0.017844472879664623 0.03384895740360104 -0.06948813666505489 -0.08877100408435055
0 30 -0.02077573018864164 0.0026933709653818787 -0.05557758765027997 -0.07583705473284615 0.096529736395211 0.025627253235505455 -0.03283465717815862 0.03504187618428249 -0.0703582133460264 -0.0789191131126687
0 31 -0.04960296156655414 -0.04065863865770188 0.09341012282694953 -0.06512119677225005 -0.00160783919254722 0.09582624353599589 -0.050915920924426546 -0.087725716189215 0.009587998113241646 -0.05585720272492365
0 32 9.450416351897077E-4 -0.00500964077357321 0.051833733178155525 -0.02669637284824522 -0.003951598016733824 -0.032475305249941334 0.0450160150398598 -0.04952418134671435 0.06288765895524467 -0.040690870551316344
0 33 -0.06486436690279845 0.05504967266481768 -0.08918823996312658 0.08671578315356114 -0.06936029866954288 -0.0729753679838405 -0.031387174701505545 -0.08160617400753492 -0.01700482532654715 -0.004368223845717164
0 34 -0.04609113467211864 -0.01539537619776763 0.021265232392554023 0.0642704525603373 -0.009267225992331747 -0.030222378231792125 0.026779344493576086 0.019784794961553952 -0.021780608649665995 -0.0698260394085499
0 35 0.0882108656806545 -0.037299027473176996 0.025349276265568575 -0.05764074380557925 0.04033054632369969 0.06740144568419634 0.019665372754429967 -0.06400235121756837 0.05119264375406732 -0.014731140385566568
0 36 0.04964757710695267 -0.016618411988019943 -1.4934540376998484E-4 -7.743120077066123E-4 0.05569549277424812 0.004171091131865978 -0.08490969240665436 0.012271309271454811 0.07345825433731079 0.05637432262301445
0 37 0.015489980457852876 0.03335918429724569 -0.08539352578770347 -0.07868079382701614 -0.11193872181533487 -0.0113379667975227 0.012896695329656494 -0.009409990110805875 -0.05769918688308898 -0.031130123397918354
0 38 -0.04085732934061909 0.07587273445189396 0.03527954911287571 0.04096742020299091 0.05031599001388421 -0.010219039580468063 -0.016344105750438157 -0.0319830900547598 -0.0939616625631352 0.010813540832087142 -0.0719432654200675
1 0 0.4609908513314173
1 1 0.5523249481783807
1 2 -0.06939941634697318
1 3 0.4338935879499228
1 4 0.841633789913317
1 5 0.16880639718950366
1 6 -0.1811639088818973
1 7 0.008992065367826426
1 8 -1.224016056932103
1 9 -0.45248798456690414
