## RankNet
## Epochs = 100
## No. of features = 38
## No. of hidden layers = 1
## Layer 1: 10 neurons
1 2 3 4 5 6 7 8 9 10 11 12 13 14 15 16 17 18 19 20 21 22 23 24 25 26 27 28 29 30 31 32 33 34 35 36 37 38
1
10
0 0 -0.05619309149008747 0.0981072650494763 0.0022828163915473774 -0.06282321294354644 0.010009728157526114 0.01778443311738079 -0.09031981401936 0.1425348220108867 0.0019072680602129663 -0.032673663964083874
0 1 -0.03413535806766269 0.2721301681972182 0.13590755425461953 0.10288359646845209 0.009972986363527513 0.24200946000448548 -0.3521244084938934 0.1117594088264547 0.18385181141379386 -0.1387695305381384
0 2 0.10813233836945244 0.13795501575227703 0.07979626483624337 0.040192393525342755 -0.012293219933884452 0.17214457689558255 -0.0732349576324823 -0.04846578180313181 -0.054952886266099184 -0.05504418768480286
0 3 0.1148113641948218 0.29775767763600786 0.2466496186330333 0.1893209553298399 0.06409944667533184 0.4577741731955379 -0.5334220664998501 0.2611866729097025 0.13850724613518345 -0.13126856685432026
0 4 0.12697259790532126 0.14439259001759022 0.04414002688310016 0.03975320104280507 0.07102731302695128 0.16096410415509493 -0.23821720872396415 0.020371433137980403 0.056446173855465964 0.013355157379063495
0 5 -0.021635263862974524 0.2687487315722543 0.14869722397918334 0.14493919586561574 -0.037885199383845734 0.32416281832920574 -0.22704039749290314 0.08758472432502194 0.09288205793301763 -0.15001151212102412
0 6 -0.12863162635094905 -0.40326431230210014 -0.1994877789099635 -0.21047880884041065 0.024052854442084836 -0.5697871732067522 0.6492591855760497 -0.24225552187255944 -0.13207205953600856 0.32675703856598715
0 7 0.08936680951307921 0.29156877666534137 0.14893208125643226 0.02295362116014963 -0.04782402841324342 0.3201894014693131 -0.38631035123340035 0.12423871697941423 0.19764401829388586 -0.19080806770828226
0 8 0.11977323336101936 0.032166921793436824 -0.062526777371311 -0.06714598261152119 0.01193107854961636 0.18601290071912494 -0.0784988882266247 0.13812360310243776 0.04806912509290129 -0.02785100719401925
0 9 0.06656998539044774 -0.023784801390848598 -0.004414897873883992 -0.09134463151824597 0.08486297806526515 0.003733936317660275 0.01218988681170277 -0.04037885396493489 0.08778044768391732 0.09990190666388195
0 10 0.062489289737523324 0.040738608991867736 0.007493612785633572 0.03696749458065178 0.03964060028936072 -0.10098388597029899 -0.007485697534565541 0.03130238972558488 -0.07569913643872626 -0.06738313372655236
0 11 -0.04111690489179784 -0.14412577931481904 2.449914284565914E-4 -0.07974741009727283 0.013416562754872954 -0.01688800525872135 0.06659421055113027 -0.09355458840406099 0.05569637977622679 0.09926316953925633
0 12 0.08718466892249781 0.22042605169026946 0.08123072616557962 0.01978101126730242 -0.07978571902536061 0.13841655096022792 -0.41530762433489776 0.09898556394351284 0.18884890863832154 -0.09427629638506843
0 13 -0.02174296103983696 0.07588278856431992 0.04145687667389502 0.06357925138623588 0.011765147700535218 0.19715282220871572 -0.16360747603007153 -0.008365524430676117 0.05070003755242124 -0.08231546169977655
0 14 -0.0051628104785127115 -0.0191215022963967 -0.05790922848597846 0.09550734013279279 0.08180721165352194 0.043500392646189476 0.05907148557390484 -0.04256466744992719 0.003728272524256442 -0.04238779146601693
0 15 -0.05198381888334587 -0.024440812129735406 0.10881796803354564 0.09178086871172841 0.041591584368266286 0.09050884536241528 -0.18347934883031455 -0.013902791233438478 0.0653020171592258 -0.08941912288022462
0 16 -0.035312250584927984 0.1579668050636308 0.01669686259527269 -0.07335838339118474 0.09580345428404001 0.051081762970032515 -0.19709919854141766 0.061985503558351626 0.035272750511624665 -0.05463839282299058
0 17 -0.0447142028463016 0.02615736170296977 0.02623011012027835 0.012321873517367353 0.018241978797581982 -0.05971501396671684 0.07382529864329279 -0.039656427957093544 0.04955601119690434 0.01104759526056816
0 18 0.11526813992365186 0.04408341463357791 0.07494465113833548 0.02340192724730114 -0.028907092374720746 0.1094362999772202 -0.24783707044237557 0.1506877289385708 0.1575869638126635 -0.1455712710526106
0 19 -0.06778982961395616 0.08337841896584988 0.13203674958126324 0.03735287509878309 -0.086772931362579 0.09591248941923212 -0.06936797982629425 0.06568880295980772 0.119740620034525 0.03573151127134748
0 20 0.004005941035722602 0.16435624057714926 0.021801771515020947 -0.03099253874851323 -0.0623755546249509 0.10181921001542094 -0.20396988590135337 0.13549144405097013 0.015228859766027551 -0.07680241635397998
0 21 0.01521554003505128 0.039455620222721456 -0.027082854587646112 0.05443015092059065 0.08017302657877465 0.08610889243058292 0.02502593006943415 0.026440410679261932 -0.04793962222868271 0.015194448981130603
0 22 0.011872406257858951 0.1379680408876234 -0.029189572828540126 -0.035718500841354625 0.018666399969953458 0.2000338272895598 -0.16613570016794518 0.06774790897822533 0.006886875472548325 0.02211015169239564
0 23 -0.0353725515568157 -0.06497889061778937 -0.014629832932222999 -0.04570294996913387 0.03553398365626528 -0.11051285835081052 -0.011168689245545722 0.04351053112889843 -0.08693381044828713 0.007232782561026779
0 24 0.034570649088840257 -0.061162782306392494 0.007108849889726855 0.02135538083603889 0.08389492094815139 -0.14075243582283434 0.10364721062465164 0.0032306833559727953 0.07033285791262622 -0.07357362373682695
0 25 0.11143541496489223 0.009011313886539201 -0.023113809906668975 0.01216861354789599 0.07707054909813522 0.07836356910452064 -0.09443665679283587 0.123517225006019 -0.01986570714011274 -0.052992095244024554
0 26 -0.04017721152506345 0.08634750600919752 -0.010731231189513853 -0.06764161258604051 -0.08580236739446613 -0.003945823045535374 -0.007790226738253872 -0.07040441594922561 -0.08899460711571902 -0.09681284094005853
0 27 0.057732344035782736 -1.950744634044881E-4 0.08403413707980338 0.0873281501537927 -0.03924880718401647 0.017226599309139196 -0.10990315776635547 -0.0488996256683261 0.09862920493103548 -0.026714598679854863
0 28 0.06600033426358166 0.010394263066873534 -0.02956874253998576 0.013300575624507701 0.06998335134180221 0.04285251842771015 0.07390638913131667 0.08616987720460476 -0.044497167746633454 0.016610102168763324
0 29 -0.04591345159231775 0.13153941055757656 0.05259403859422186 0.07330226055058156 0.02394704823754905 0.013548149072388955 -0.04664341469259547 0.09974981562022428 -0.022626179845997803 0.03397174776891441
0 30 0.05980615648869052 0.026684675677138392 0.0860061880968964 -0.09463840023914859 -0.09966191083239495 -0.03427680734252881 0.003708792629148853 0.07977919978080752 0.031126762625174213 0.005641027913305771
0 31 0.03785731223898796 -0.0021106639315307315 0.04900025561433534 0.0070094867784898296 0.09832589575481697 -0.05885500917709964 -0.01512786386165158 -0.069207014100767 -0.0684709660120535 -0.06574259953348131
0 32 0.07509378358827078 0.07649461901079391 -0.017336441216313773 0.07193682744614531 0.030225376881114836 -0.05528809399410798 -0.09309031613926605 0.02513717735903619 -0.09780703371121371 -0.038555204256252036
0 33 0.03658220326287397 0.006133923268753062 -0.062377297648404474 0.06994506345627462 -3.9497285423338715E-4 -0.10978803142651865 -0.11305868695195792 -0.04989732267026385 -0.05538891361927216 -0.09638334185186029
0 34 0.06441781021923888 0.08492766018931631 0.03762681537719342 -0.03189451325472649 -0.02277263422214774 0.039798774577862545 -0.06363320660495321 -0.06294566478409055 0.051915182830072064 -0.06366467765415039
0 35 0.043298255652189255 0.031089741736650467 0.06889375299215317 -0.022086327895522118 0.024068092927336693 -0.039752792567014694 0.08497212827205658 -0.03798612952232361 -0.05713225156068802 0.044641733169555664
0 36 -0.020587053579348792 -0.02895552425186456 0.0027601591823429917 0.05817851026739778 -0.014433568317934811 0.088980115794434 -0.002159576167578292 0.01773686590727831 -0.04197283366225609 -0.05951484458859054
0 37 -0.0605776731558504 -0.07977548406705838 0.07403377754398811 0.07783962558449933 0.0859309612905549 0.018429516298327175 -0.06732724341635805 -0.05281107591120188 0.07674875484485057 -0.01423314630169934
0 38 -0.058352618186010695 -0.060741415655232125 0.06285641107087978 -0.10506305801777792 0.08051278659579612 0.02286618490391296 -0.07065966607163247 -0.10143108586141338 -0.07270380468374846 0.07823292225262678 -0.18928914027319152
1 0 0.16405356210936545
1 1 0.7804640109895525
1 2 0.37050356179118105
1 3 0.2534326198213139
1 4 -0.06929105733116774
1 5 0.979355614487065
1 6 -1.214783684242783
1 7 0.43763555818423344
1 8 0.35711422836816614
1 9 -0.5089382185959868
