## LambdaRank
## Epochs = 100
## No. of features = 38
## No. of hidden layers = 1
## Layer 1: 10 neurons
1 2 3 4 5 6 7 8 9 10 11 12 13 14 15 16 17 18 19 20 21 22 23 24 25 26 27 28 29 30 31 32 33 34 35 36 37 38
1
10
0 0 0.02433693276201574 0.010755324236169277 0.07242304150863525 0.03644513067450257 0.06520054834597132 -0.051785163977242483 0.03508967128041988 -0.08747151611179052 0.03325892779816654 -0.08281142254439812
0 1 0.06494458911861534 -0.01631727861725796 0.022979828174227432 0.09285812636252813 -0.047615801706896 0.0940562419134185 -0.09097443710780932 0.058944462312343 -0.013721629310744147 -0.010470231271172404
0 2 -0.0018062770224849258 -0.012290377325346448 0.045181434591168884 -0.0437971194026794 0.04572883062502239 0.041784567501351975 0.016767124999204606 -0.030175185049508422 -0.04444117909651554 -0.05695842467235966
0 3 0.016562598030488204 0.07681744673348215 0.09487590552558156 0.061441344226017366 -0.04334719249233105 0.0243499784464581 9.525524593523959E-4 -0.00705676417861107 0.04885288161025318 -0.06591233636732775
0 4 0.008354536637334958 0.008498877481533286 0.07872186958722263 0.07304616494516739 0.08851271988260992 -0.09919800696745767 0.0669498857447729 -0.06206486643538836 -0.014414671565368955 -0.09995175628948143
0 5 0.05576733510421664 -0.05811628873746328 -0.03318558813087964 0.05365771610657151 -0.04529466814568854 0.07904996441790799 0.06817860825921587 0.051928110724940385 -0.025432305599363866 -0.06614969389902547
0 6 -0.07672232476596584 0.04224120998137133 0.006324033387451202 -0.03469888356223606 -0.04882284425327412 0.05798846841721725 0.043020370939962284 0.00373645008406869 0.05677792248026861 -0.05799304119268789
0 7 0.0450439694691948 -0.09142945604998086 -0.05604839056762969 0.0968559076754787 0.0722068821209675 0.030142936806549777 -0.0935941802975911 0.07315271352295197 -0.04424412470153253 0.06360292692780393
0 8 0.0015755314695485329 0.01840221801805811 -0.0337954742224758 -0.037485253296769376 0.041436234358541074 -0.09663638523319174 0.0697542193844674 -0.08427146591728209 0.016304486603271398 -0.08170664123078142
0 9 0.05109267000373619 0.03346128320102652 -0.08795528442033214 -0.06738070205331143 0.060199257467939686 0.048922425625179185 0.018914925969141193 -0.04404494285289109 0.06892837537177618 -0.006742553882216375
0 10 -0.009662711829641405 -0.044911291904743834 0.050781805427048674 0.07878573656054105 0.016559912987795754 0.02459821000251538 0.048234293599747624 0.08008665601451324 0.016782825959089896 0.08341035319157841
0 11 0.09538643904443161 0.07126481041086574 -0.03338708527371198 -0.0917195398852057 0.0631507110657416 -0.08125560356040318 0.04561611500298596 -6.569357545908443E-4 -0.07664515786731371 0.030108648048254916
0 12 -0.0875630802643875 -0.04761903000657292 -0.05258441841925706 0.08680649621203693 0.08164898000199541 -0.07814495527345562 -0.01828015618249553 -0.092861208784912 0.06252160258625793 -0.009258158191735654
0 13 0.0032249597576437194 0.018863502306451 -0.02162553382826073 0.05370277153719957 -0.03925184888554632 0.09819173601246639 -0.04313288678064168 -0.009277774148469458 -0.06591368805924296 -0.09988939007686612
0 14 0.0077476674269056954 -0.09297784361796635 -0.014080978920733735 0.06068886814273793 0.012532648958465724 -0.06584504650884986 0.03237060871040213 0.09563057007308967 -0.0922398780347024 -0.051048298331398456
0 15 0.028972040695267747 -0.045651193688660864 0.030192848327358406 -0.095162723121349 0.02417773280620793 0.0012146431274078456 0.01547664845308497 -0.06057187721123218 0.04793675933987504 -0.06153541389911767
0 16 0.03713788585187309 -0.06553568758016805 -0.07103513030923185 -0.05051979535771761 0.005845574668711596 0.007728389950565079 0.028608587880902415 0.012545943290892194 -0.05881378410765151 0.016815586701741516
0 17 -0.0801874635340295 0.053910028933350056 0.03462509054657511 -0.08233767727532437 0.05203541498553529 0.07902048842459952 -0.0014347739289578439 -0.093988451966255 0.023995100601344282 -0.09441069328459069
0 18 0.0839259018121261 -0.01342179748034513 -0.056052665938685 0.018141544417969793 0.06244667423128844 -0.0688187900685002 0.09762339840516286 -0.03735880086747529 -0.01112616870033274 -0.0266198726353133
0 19 -0.08650235034703775 -0.0025747293858538927 8.634381155374971E-4 -0.04834675076425406 0.023764304849922535 0.03366383647406648 -0.017787412409149377 0.08470621008096034 -0.0059342984320897765 -0.03960914271339489
0 20 -0.03812956107160841 0.09403140998653675 -0.00637402175957441 -0.021724295435925686 -0.056385223704931445 -0.09758492263852224 -0.02413144308999786 0.038365933667761365 0.08524476641084254 -4.100554377474596E-4
0 21 -0.06036329722787559 -0.05807996903370857 -0.03299238507977724 0.013071758071738762 0.03995908297241143 -0.017675928215371565 -0.016835514713168607 0.007097430127494424 -0.06920108197815437 0.031898168781618066
0 22 0.08918345831827443 -0.024806074724633316 -0.008953933090153231 0.07217751059166448 -0.037897530620945544 -0.04293525673466885 -0.04738464911102175 -0.04334017567082686 -0.07127399785615905 -0.058602981224273654
0 23 -0.07616025673391269 0.03923711864263524 -0.013872833756977062 0.026122769096703566 -0.009729573611674728 -0.050915746159145105 -0.02018481681344364 0.023571289637943943 -0.03861080222633067 0.03425014968910746
0 24 0.05982914631630509 0.06918584316926726 -0.07441341781699526 -0.017889833635717303 -0.040080259243239304 0.039367768774089956 0.026947647012351868 -0.04691616879824348 -0.009365193912638037 0.06254293852412762
0 25 0.051775141973617655 0.012812780075706933 0.028982107967758262 0.07585880051023075 -0.020585885379174804 -0.016062593678722398 -0.00901713340220355 -0.03563895026903436 0.0957540189834123 -0.044273493246673394
0 26 0.07964663492198022 -0.06653707081175045 0.03596664361392325 -0.025578300127119303 -0.00882605823150853 -0.019236436701487468 -0.019988315660320565 -0.034933177661991485 -0.08374914548378119 -0.08205787892848244
0 27 0.052231490043667714 0.0890744408821076 -0.044761174026204865 -0.05796822526493371 0.005489907709666078 0.06493032035862861 -0.09773664342292158 0.07515839482923047 -0.06385422018713575 -0.015797443933379354
0 28 0.033777398046497674 0.04677554956693837 -0.05184098608741798 0.039719384942372635 -0.05346995527464229 0.03335243788206921 0.07467125107332732 -0.07542292797154188 0.02709357356955211 -0.09014163755211013
0 29 0.04889631768045871 0.062450663027258456 -0.021850546751448995 -6.794321430535499E-4 0.0727230308821654 0.004274646834536791 0.09249934001973684 0.007952252415391934 0.07092404738554513 0.015908251054101572
0 30 -0.06271948411140654 -0.05484769099215357 -0.05046293741631924 0.02056968491640965 0.02130717462296684 0.036784749415618545 -0.020135143996724395 0.08423250903459975 0.01908992827144809 0.05114503636143596
0 31 0.059577333957714 -0.04122792208590056 0.08077921197202044 4.6637137301585685E-4 0.07158057597871816 0.0692327803499209 0.039069124388543965 -0.06936036997431938 0.015161217414031793 -0.017896275245637097
0 32 -0.05753602881350425 0.0487345714877815 0.09632232422824177 0.08169489138360686 -0.0335647521913304 -0.025122899409866287 -0.08844167992339275 -0.03468787654290935 -0.0628516063095296 0.08781626504384633
0 33 0.06488278604009276 -0.012507840967843901 -0.0030196372568336216 -0.03194368305469512 0.05264770024702951 -0.03526360899432222 -0.09540952978694124 -0.0517737268654618 -0.05789282991261379 0.013826268806830628
0 34 0.09139610499695879 -0.025298017952407603 0.07144769187220215 -0.07180692054416969 -0.08229325282782418 -0.08840953910444461 -0.03590578179406344 0.045267488566738345 0.05055240906143204 0.08509261525164102
0 35 -0.04434875771403313 0.09350813925266266 -0.04381974786520004 0.05859990790486336 -0.045316558331251144 -0.06527947634458542 -0.023291904479265213 0.017806172370910645 -0.048642177134752274 -0.017077242955565453
0 36 -0.05307710694602588 0.07286028828118488 -0.06235803105205938 0.07274233437059481 -0.07822762915371331 -0.08467750010241358 -0.04220129344590174 0.046919620284127356 0.08569777403660679 -0.013971523774657924
0 37 0.002117129393597182 -0.028846227052262044 -0.05468993987111912 -0.08724303742374144 0.016677361238682322 -0.03752389236973237 -0.0806813416448227 -0.019505845686445453 -0.04451814952011891 0.014384298567086761
0 38 0.05633247246758779 -0.0048284815197824835 -0.06328718997826638 0.07811276504165297 -0.09652793624721305 0.05180062183607543 0.011929403640387703 -0.06387081921026445 -0.02174254781269607 -0.0200204155708313 0.03643423318863078
1 0 8.885919814929394E-4
1 1 0.046548269689083405
1 2 0.0155401825904845
1 3 -0.015635699033736957
1 4 -0.0579541549086572
1 5 -0.02307310141623018
1 6 0.05424457788467391
1 7 0.002467203186824931
1 8 0.013498842716217102
1 9 -0.03738953918218688
