## LambdaRank
## Epochs = 100
## No. of features = 38
## No. of hidden layers = 1
## Layer 1: 10 neurons
1 2 3 4 5 6 7 8 9 10 11 12 13 14 15 16 17 18 19 20 21 22 23 24 25 26 27 28 29 30 31 32 33 34 35 36 37 38
1
10
0 0 -0.08183648688823544 -0.018387627442720274 -0.04015884481993614 -0.08479205891205431 0.05267091311850315 0.09407320171104516 -0.027769189220797595 -0.08322905535081103 0.08898289909315386 -0.00556940629259881
0 1 -0.08782087232185744 -0.07380446495982451 0.07193850274629443 -0.09259852560620356 -0.03005627567026379 0.024605852879848872 0.0015715420027709013 0.09583517931962665 -0.042070668000312096 -0.09902601147686108
0 2 0.09960178338903947 -0.05005957961310984 -0.09221415165240908 0.0515922980585651 0.024089066140694695 0.013646334541010227 -0.013105311992297926 0.022042236205429454 -0.08144620454912133 -0.06703393136684499
0 3 -0.02675092827857796 0.08615719981434798 0.012995246077498525 0.011987313497696448 0.008924820033600797 -0.07838461641733305 -0.0409459213925194 0.04271515024881888 0.09342838851592307 -0.04862639180938937
0 4 -0.08179702643962737 -0.04007569655151588 -0.0857486941762699 0.05362285176013118 0.07391238116415418 -0.06145484291260219 0.08900238728686105 0.01216508306282571 0.020285596438516438 -0.0593342033000271
0 5 -0.04517105841448612 0.07210374767055662 -0.017845867299565957 0.0646097167112328 -0.060098197037360614 0.04761036090339877 -0.029962611237175966 0.012850191003583741 0.01124890355967202 0.0850408237210491
0 6 -0.06025328512642847 0.07496384792067678 0.03416547623470414 0.00746017348148911 0.0026615040237254147 -0.07811258786963446 -0.04571361705681934 0.06893067920776572 0.07542851677188024 -0.06659396311400934
0 7 -0.0897492700474108 -0.022900824470516976 -0.09425987161465324 0.05833522034782547 -0.08473965897526795 0.0709072471248824 -0.004399947841933321 0.09771235881848914 -0.011620055191377394 -0.012705168157006867
0 8 -0.07034928909397742 -0.09240755623854574 -0.005044239397369718 -0.062035104525744345 -0.01690116863049404 0.0488642639366269 -0.001370617271108133 -0.0277419065487854 -0.026063528544108778 0.08834718109102498
0 9 -0.05291391484975543 0.08533431854677868 0.020596832206657895 0.034351873970589225 -0.03930032753026185 -0.08004893215733498 -0.006748225583142196 -0.010677468030485672 0.09417982429720012 0.009368006416995152
0 10 0.006351638919302265 -0.07920062814043737 0.018288838719119092 0.030212553888535172 -0.08158755575702711 0.07651614532053796 0.06834157392595873 -0.024066677246072147 0.0443848563189036 0.07942108572809248
0 11 -0.09526248481053787 -0.03189940332419724 -0.04708396466929987 -0.0406077349260435 0.05511118386716087 0.03996302764461435 -0.07059203847968916 0.08806397577739672 -0.031085445810777594 0.05740110286577713
0 12 0.06237762987656696 -0.07427230021006305 -0.08650989748829113 0.07721246851481502 -0.02753602026673488 -0.0946442157955967 0.014455174078217331 -0.052971794580546065 -0.0432845694654325 -0.06851452647233286
0 13 -0.0627902731319647 0.05574727641520538 0.04962105802501381 -0.09062942284629087 0.0906020787986749 0.09783584849078876 -0.06714964087679627 0.016168898324893217 -0.05536525485392417 -0.02280460408414494
0 14 -0.006743900367063215 0.03825776113296771 0.04041921381180773 -0.06555515709248813 0.06523389089098877 -0.05322234323917404 -0.0048511865868208675 0.07923262061720436 -0.04606095224364996 -0.08580441453703995
0 15 -0.08088935978384662 -0.011964441895357662 -0.0049145098186491425 0.06465543540699055 0.047538958935570585 -0.0909404639293681 0.096185582074869 0.09621975568792096 -0.0821879325580616 0.03789855757971953
0 16 0.08830454748556556 -0.0843156849736876 0.028594499602166715 -0.09670514636933854 0.02333873656204136 -0.08226288308537211 -0.022524790187379497 -0.0011120874515950048 -0.019497290342624807 -0.04448858267486639
0 17 0.08489208629705404 0.04873203952525061 -0.05388716552522801 -0.06542424648790189 0.026203788877004645 -0.07589507514171372 -0.017285027620882507 -0.054891931210156224 -0.005931244585131801 0.047318410640163705
0 18 0.002726868455341141 -0.0012710310681141159 0.055679877828426705 -0.08432383464704002 -0.07529664484479301 0.016296811900323914 0.005991749531909914 0.05589042729420024 -0.07192117121794485 -0.038840091661176676
0 19 0.05331437351999571 0.04791041593147611 -0.09657953597700346 -0.0987786059838043 -0.06564193862392606 -0.0077601129857599845 0.009196260897163876 0.0066086948772435625 0.05349116978090371 -0.03361223594825484
0 20 0.05446080706336778 0.03981674429324007 -0.02591990170708245 0.04101524427632653 -0.04045895742327114 -0.04261314926901209 0.010865341706218602 0.09282860728590234 0.05676950150504681 0.04214842062747812
0 21 -0.04329881855131599 0.02268081554319975 -0.016153197046642285 0.011389345955862593 0.01540457088263915 0.017386499107685662 -0.01529592266162484 -0.07655275176257549 0.038717955898536965 -0.0486738849482751
0 22 -0.035584176115765316 0.07513110946881002 -0.08988153822787463 -0.06129203436435093 0.047463844785710904 -0.019662402412756453 0.09877301194005428 0.030791093175741396 0.03890929581002092 -0.011856967680901697
0 23 -0.09065688929486651 0.0020063992043692254 -0.062126120040419626 0.08181186466136511 -0.012438274375394895 -0.007036577291143209 0.08102279931002712 -0.09800395433030223 0.05726894326894672 0.04018377976961917
0 24 0.00655133698457724 -0.005014492326377751 -0.051300873005795465 0.036671248919578764 -0.027038002150580987 -0.0980740669941256 0.08176516197249813 0.06162798998222629 0.07637154547502352 -0.03623628982600304
0 25 -0.02675425678779227 0.06633164139590743 -0.03361468731846373 0.029027810116865813 0.09318809347191917 -0.010265248212149141 -0.01566369720934728 0.0059083126531293195 0.08213929796772661 -0.078357779180602
0 26 -0.005614801073965702 -0.09168210324603566 0.07819816430490123 -0.04615652244058462 -0.058961349729987 -0.06683436966963678 0.0031658633501262974 -0.05799229889227348 -0.04269925174186543 -0.08713969907294192
0 27 -0.08338718056027314 0.08703743955416972 0.09212629505576488 -0.07357724917622731 -0.05479358346557898 -0.04045672415902043 -0.015114709451101091 -0.060441591957310456 -0.06998899577146556 0.057549902280913036
0 28 0.0342068822640008 0.007374607275165738 0.07773695127619867 0.024430995414214788 0.03324610957625757 -0.0392276730883186 0.016739083907300785 -0.0948027562621951 -0.06706666515282261 -0.07666251668827759
0 29 -0.0028325870008316157 0.06316299941449165 3.4119511646018587E-4 0.059911387458055014 0.09155652268192087 0.08413771041464126 0.06481154146693087 -0.04830493580940202 -0.06646966312125087 -0.06960460623504865
0 30 0.06288107796794704 -0.09897939359930495 -0.03775998196455872 0.023935734159301933 -0.09996912810970374 0.08959417085744471 -0.03526792731850444 -0.09684797759037826 0.0980405760426754 -0.05195523654165922
0 31 0.04552100185029843 0.043289795266265564 0.02834173446174421 0.026091706542561363 -0.07322247962428127 -0.08023024950640664 -0.0026908171912771468 -0.027651255977502946 0.004253310542110544 0.02135393822104953
0 32 -0.07951019973330625 0.04540963572075652 -0.009516755473068371 -0.052407218928265324 0.07340812578281873 -0.05023481769205532 0.05663989042973724 -0.08222098349047724 -0.004972677453308932 -0.0020114613141890498
0 33 -0.09019923334992384 0.06771688800026864 0.0918916628831725 0.08678161097022223 2.584454225074178E-5 0.06418853245189479 -0.060768187801588956 -0.003041547899303955 0.021957176056032278 0.09726208341988966
0 34 0.05537906196355078 0.04270786609081039 -0.005804366163276694 0.08705402159380617 -0.026622707095160597 -0.08041795874916678 0.04107111386679837 0.08081991403185923 -0.01630309561354885 0.09289969992624135
0 35 -0.05264953369172887 0.06664275871309337 0.0886375978815141 -0.07903948363073159 -0.0660170911451521 -0.04716698238830929 0.020831563695677523 0.04094850425283696 -0.0941013814537292 0.049960698608602416
0 36 0.03728241515289186 0.01643343129129173 0.016575618750721242 -0.03896667673993683 0.06066633836910771 -0.024099676102955138 0.006369062594599254 0.07012276041631198 0.05776826379291313 -0.09373566382214739
0 37 0.007931045455501124 0.0035815204782502436 -0.07749948551286966 -0.006590326380661949 -0.08699159404995702 -0.04467976253358236 -0.014808185922908803 0.06313294220676023 -0.05280588140841024 0.036275347264513015
0 38 0.08855021309876203 0.06011126903145051 0.00403629335633866 0.008096653953477011 0.002023688061565143 0.06638893922122295 -0.0734020841858199 0.08575499872444652 7.485163153590256E-5 -0.004348286621307422 0.06002579256892223
1 0 0.08475422859191857
1 1 -0.028715366497635935
1 2 2.5200843083439646E-5
1 3 -0.06642597168683989
1 4 0.0586101338267326
1 5 0.08190976828336734
1 6 -0.029949050396681033
1 7 0.08685513585805868
1 8 0.09580893814563675
1 9 -0.004585140850394991
