## RankNet
## Epochs = 100
## No. of features = 38
## No. of hidden layers = 1
## Layer 1: 10 neurons
1 2 3 4 5 6 7 8 9 10 11 12 13 14 15 16 17 18 19 20 21 22 23 24 25 26 27 28 29 30 31 32 33 34 35 36 37 38
1
10
0 0 0.02258898098172278 0.043721386598164706 -0.19163423615196143 0.11403542755827152 -0.1273380575574721 -0.14814350289456452 -0.07205692903862 -0.20227646321241047 0.021038793707035687 0.04687699771370835
0 1 0.04308221506606708 -0.10863531610007642 -0.30135639773839734 0.24692790018364438 -0.4395004205460327 -0.15807276376542928 0.0799860880927948 -0.3808183905479795 0.3186336333249267 0.2260556918659099
0 2 0.029215970268991354 -0.11576301574198224 -0.18041982840944665 0.12441442421653412 -0.0905550852338645 -0.03248117930056089 -0.0012626812440125338 -0.09315253070112699 0.06606728861400994 -0.05235030421649755
0 3 -0.07700746134367763 -0.09312198873141772 -0.5661260886537267 0.21387932005924076 -0.46334189735558196 -0.37092844710324624 0.08800756824358304 -0.629031397291332 0.261908848595179 0.24506225858757952
0 4 -0.07613000440652232 -0.11960245216756699 -0.2257651590648471 0.03560085310204825 -0.2643732801013864 -0.11941999142140497 -0.01238160250448313 -0.14670423161408389 0.08904668466777282 0.014291152492608983
0 5 -0.11589977414563424 4.680026404365285E-4 -0.30996567870121106 0.11721408410661559 -0.30943962430546285 -0.2105455866223203 0.043084956685492316 -0.3445372104657134 0.24559857770164797 0.06009504175919139
0 6 0.0475683910332225 0.24532058001721357 0.6912592972625846 -0.2730378695165905 0.6198202470621319 0.4203282412392073 -0.1974708112295518 0.7768957479855907 -0.5275871960669374 -0.34966802264748825
0 7 -0.06567353186411568 -0.01095100119719781 -0.4353419066318311 0.2008545847973385 -0.4030003604392999 -0.13319557947746888 0.013550579971473022 -0.4335716817110761 0.14294485018945852 0.08394095639604866
0 8 -0.09483063939325279 0.06648367295838152 -0.13926438931009372 0.12995635780794074 -0.15715911526639229 -0.10188802491142696 -0.07518960481496573 -0.18543738916251246 0.14053056310371295 0.04487527959461662
0 9 -0.01383204807868993 -0.04415020058490111 -0.051748521196488866 -0.05728139415065971 0.013380580360549765 -0.06704423574787953 -0.08258805114124514 -0.039923129540992405 -0.0742431487938803 0.08258799407679746
0 10 0.06971928170303984 0.0843027342906267 0.1083824701588569 -0.1059349987418475 0.08239046397421601 0.06943782047708712 0.012380869882831647 0.15830772521545905 -0.11781051033028953 -0.04126801371634987
0 11 0.01995201563242381 0.05822897660333196 0.14174270918714896 -0.033540783564756635 0.1295542293802126 0.07088520021195512 -0.055508404065842024 0.1116071026212699 -0.06384879761410708 -0.02193012176823442
0 12 0.04529967722468958 -0.1121960579595537 -0.18762089584229938 0.18107072988888384 -0.1872526011479037 -0.09370297336213501 -0.01799292101696638 -0.3425376279738572 0.17715641869823523 0.04336050999364189
0 13 -0.09426741199780694 -0.03400999401026376 -0.2544601176333573 0.1077974548773305 -0.28641940870201726 -0.11774064432629885 0.0577755827207552 -0.24743868383461753 0.13973163367942593 0.016090713947854888
0 14 0.052702263609866754 0.06481168430675206 -0.08917379801449118 -0.034723016226007784 -0.06188332672919218 0.0026553680043841193 0.08213204009427973 -0.050752657273707306 0.022487271392099304 0.07324690726404935
0 15 0.05596881452037005 -0.003749664230238743 -0.04227916014839342 -0.02517070628501459 -0.16423489942834668 -0.12347656426444116 0.0437305689522489 -0.033184397826111205 0.08614475112040308 0.06046816156369703
0 16 -0.061717277784248056 -0.05286297978595736 -0.12222228002732323 0.0986099909150987 -0.13321382336608853 -0.06162400630551328 0.046444803192956075 -0.17469064831128822 0.11903330748136355 0.04971115058951993
0 17 -0.02011551778563523 0.01177723508471937 -0.08665926294004314 -0.033287271778807394 0.03344806936097023 0.03152448403720653 -0.0538367436533262 0.021562998697923358 0.05162563629074429 0.08841224672396679
0 18 0.001105148274844515 0.029591169918682922 -0.26094554092983235 0.03890734938819919 -0.13907240752685507 -0.013433807295024523 0.0018531198139170144 -0.17298034108335977 0.12170746993064058 0.11398156688273922
0 19 0.06359015273333532 -0.05970030916593545 -0.18434222578269552 0.03820427269519191 -0.2095477178029093 -0.06991766781918773 0.12113692717761859 -0.07324453541515435 0.1459955983506347 0.12901519248943336
0 20 0.06480720962845127 -0.05812138377971965 -0.17348563622137605 -0.023064532065620865 -0.017806464155748134 0.021967095490486276 -0.07444031706207542 -0.12093210397456539 0.1316765838141912 0.10800280415812132
0 21 0.06462057084592869 0.06780226627951667 -0.001240305596473313 0.019395254051816208 -0.0888518988501681 0.03450499242278147 0.03629294888126938 -0.1107149465653038 -0.05069330784524595 0.04065504674861481
0 22 -0.02361385415445187 0.0493739447907469 -0.17985812023486436 0.14836023254238612 -0.14957812945286467 -0.15650906865007272 -0.05328178675052094 -0.29189384226045295 0.14392485378953984 0.0540242700949677
0 23 0.03499442323612307 0.044938686190706935 -0.02500008455346604 -0.13848054904630197 0.16070123270296655 0.057893775263167115 -0.023002847656852107 0.12198906257225349 -0.08661465897122203 -0.10513815261827791
0 24 -0.08570464117726855 0.10106589420137646 8.506041226094711E-4 -0.0254102976038611 0.14061940763928116 0.08599961015214644 0.06083448257929274 0.06827717749045505 -0.08766313286363688 -0.002857207926527088
0 25 0.014342592804411941 -0.12163551079251417 -0.10587255413453957 0.08404700277972253 -0.03176339975186446 -0.04528124817965853 0.1093817157789348 -0.16303078710004965 0.031990414940913356 0.12983039821810793
0 26 -0.011802146895510474 -0.07360601440146149 0.07814543669315495 0.05310480252699354 0.060881041233911144 0.031071059477285157 -0.04921939630604383 0.037596114025288 0.07136698540006187 0.07858302557015898
0 27 -0.026190412237284032 -0.09542835481182818 -0.02565310643422605 0.09806331779491446 -0.08588166692628044 -0.01547361943995906 -0.030943357841231204 -0.06964847325871491 0.0944205076269547 -0.04718558578719115
0 28 -0.014041012478407685 0.04881642562179118 -0.07666936899019663 0.0777559683320262 -0.0038548989650440445 -0.008952541643235192 -0.056340416396329994 -0.0541739806995067 0.07056159210441722 -0.050709594367821006
0 29 -0.0220164130074117 0.04253616382111553 -0.043224120460679125 0.11996954249627784 0.013432453942542886 0.010630507695108756 0.017389684012817284 0.026862620418120865 0.1364357197258337 -0.059144916281353994
0 30 0.040952811799364955 0.06788496440264048 0.07074623245591562 -0.019428751744795223 -0.10417181355102138 0.010486419801522887 -0.0917529417698797 0.021108778052597008 -0.04862944462673586 0.02069788448326278
0 31 -0.08904906801211292 0.09114263011564865 0.013748620098619083 -0.07018416527530082 -0.01510021706475584 -0.04212574677307049 0.06701144301755907 -0.016559501331669828 -0.027184850589189628 -0.07939194049950293
0 32 0.07774488351067299 -0.03437839383668549 0.13217147015841033 0.03740101705380178 0.0643891743021751 0.13384661802591327 -0.03465963058400077 0.1095638153596044 -0.06790488213019161 -0.0363019312789204
0 33 0.030941876270503592 0.008566936938237825 -0.14232427775959025 -0.024794257957051608 -0.032716392462228704 -0.13337914235760448 0.015530137165519368 -0.21059561046498976 0.0412900201187298 0.08525105626557761
0 34 -0.014468463728525073 -0.004676874998875122 -0.05226553509823154 -0.05832476799298058 -0.06074290054936465 0.032865672598555565 -0.0787016103179143 0.07177781150778421 0.0528195411572123 0.09623304796162253
0 35 0.006609490802495469 0.013715898356949491 -0.08846705783427188 -0.060474762657557864 -0.022609256516635607 -0.0429577333113176 0.04897089230253136 -0.01733530939404206 0.10745270916617386 -0.017472960687508466
0 36 0.07606510350012236 -0.012082470949510723 -0.1063791737497003 0.014065273390410103 0.07273040021170868 -0.08373469387649973 0.09900957203453999 -0.077719528546416 -0.09317332879335534 0.039241945277027436
0 37 -0.04953702732114563 -0.06748121633438862 -0.04121036177130849 0.0508824142575546 0.07129326556705234 -0.03969755898047412 -0.09460145088841218 0.1057972271891936 -0.06517761846127684 0.03475824075413027
0 38 0.03249788561767288 -0.0807675839454898 0.07101496671770174 -0.050480018492178765 -0.034748973855682166 0.09593100100689139 -0.048096097401166965 -0.06183113634851703 -0.0752582070776257 0.009655915660356047 -0.12138955337753896
1 0 -0.14192218347651583
1 1 -0.3263869314651402
1 2 -1.2606251626364675
1 3 0.5563671712254693
1 4 -1.2366858136749215
1 5 -0.7472218783180313
1 6 0.1732900377647548
1 7 -1.4170489549144494
1 8 0.8265513550436869
1 9 0.5012268931063749
