## ListNet
## Epochs = 1500
## No. of features = 38
1 2 3 4 5 6 7 8 9 10 11 12 13 14 15 16 17 18 19 20 21 22 23 24 25 26 27 28 29 30 31 32 33 34 35 36 37 38
0
0 0 -0.048534496261107896
0 1 -0.003660106757709077
0 2 -0.06467754262752394
0 3 0.036791166688307494
0 4 -0.055410887043896136
0 5 0.05318555152915559
0 6 0.019855687236738744
0 7 0.057579587885290766
0 8 0.03006453498230988
0 9 -0.020622514627431174
0 10 0.04235997297267768
0 11 0.09468940475835551
0 12 0.051755184808609224
0 13 -0.06225230064804603
0 14 -7.25308293653662E-4
0 15 0.0640333270786185
0 16 0.06546618452213326
0 17 -0.0011852701723791485
0 18 -0.09223101762823951
0 19 0.0707114103438146
0 20 0.07554633460199717
0 21 -0.04931860143334174
0 22 0.05104754837376727
0 23 -0.06278535636864793
0 24 -0.09226816411375482
0 25 -0.08095830391822709
0 26 -0.07171319083737918
0 27 0.07956475078587442
0 28 0.09001448559792179
0 29 0.06364513453015978
0 30 -0.026466514413029784
0 31 -0.023359592502183467
0 32 0.05150906526434444
0 33 0.05912670658130119
0 34 -0.0942116528485248
0 35 0.03318692084460195
0 36 0.046795400364894796
0 37 0.09715811583063644
0 38 0.08046607673168182
