## RankNet
## Epochs = 100
## No. of features = 38
## No. of hidden layers = 1
## Layer 1: 10 neurons
1 2 3 4 5 6 7 8 9 10 11 12 13 14 15 16 17 18 19 20 21 22 23 24 25 26 27 28 29 30 31 32 33 34 35 36 37 38
1
10
0 0 0.015803349646076582 -0.07250980108523393 -0.1603378947126649 -0.05695465127961187 0.032345340772807846 -0.1349517405122656 -0.07302448032391295 -0.05430725881883112 -0.09781082889115897 0.16821840194371268
0 1 -0.0014561620266646937 -0.01608999218410354 -0.487053739130123 -0.020618350907241897 0.3629570556578723 -0.17944208575460505 -0.12278739239814657 0.1135532789632476 -0.10511746941818548 0.22068623786948868
0 2 0.05766257837405828 5.910425924395288E-4 -0.05993555760404191 0.059254054816282174 0.06349662037019793 -0.020907744338110726 -0.10888613966465728 0.03938571784962751 0.04219829911893094 0.15582661087725194
0 3 0.050173959923488075 0.14066722750413133 -0.7242366116172319 0.010745107771155761 0.4762830746236798 -0.20310924907096675 -0.18399491573512375 0.0905739032571389 -0.16598812901806814 0.34077903931359693
0 4 0.057855194813962035 0.06405220753101994 -0.23761067468579947 -0.04299990997755465 0.2241106143294333 -0.004530778548860566 -0.1502415334519718 0.03234922727196915 -0.012399385174753058 0.1410976668278407
0 5 0.0825869793057239 -0.04365264727765648 -0.42700710107760326 -0.06966784346891858 0.22958042743498502 -0.12816215842383447 -0.07857337293042273 -0.0035219289639392263 -0.06329296438789235 0.27991324081468527
0 6 -0.14745483620755798 -0.14733235861840754 0.8840864238372637 -0.07960163791691076 -0.5685591324598018 0.27574136542368216 0.2835280413864478 -0.11472261522072782 0.1443013696719095 -0.5670541125423367
0 7 0.01977092716013861 0.05650061605334353 -0.5007810428480861 0.002299822674858004 0.27616761274010876 -0.1822662601041796 -0.1965242707087778 0.011771106643350335 -0.1456331648416825 0.2065099177815307
0 8 -0.018057985029692112 0.09847681435432536 -0.19131449305339807 0.011691119382366834 0.05675227720702709 -0.15706486761140925 -0.1472003215884573 -0.03203922402977739 -0.09846685187068635 0.001218662023546688
0 9 0.0932339776982451 0.07172659014780679 -0.12734304020874326 -0.02120250475974203 -0.026276835702365886 0.03858386255653942 -0.01610654478112469 0.006346974200469447 -0.0361142873722374 0.008362247917616574
0 10 0.0392330046134152 -0.06879024566967643 -0.04221947261194077 -0.013686318387511822 -0.11264284128952708 0.011206814549470374 0.1025935628219076 0.021503496575901053 0.014865043144194264 -0.08420560834952108
0 11 0.008435057091341897 -6.822118176977663E-4 0.09733167300789916 -0.08349745438203454 -0.15693129367128464 0.04375617852240973 0.0693560369586981 0.0743886489101598 0.041320477533916704 -0.0516176148418121
0 12 -0.006758315271557813 0.0760218727679865 -0.3078261465086857 0.026622995172547025 0.2913408383760388 -0.1878337779045956 -0.10992098086501559 0.12039890790127433 -0.027181367088929365 0.11150699030106503
0 13 0.06292979614616388 0.08361208380867076 -0.3580993852519111 0.044090812225014875 0.05681892762704762 -0.17269217231716397 -0.14947085158376158 0.04078583867183473 -0.11497168214899411 0.09506959760091026
0 14 -0.051832334025080425 -0.003922143721429746 0.03490117746548211 -0.023024112191474405 0.058474428090839387 -0.05036358228715508 -0.10434471312784696 0.08352061651935709 -0.0478910839178474 0.04642683478164553
0 15 0.08032914450697717 0.050206520293087725 -0.22979568544264656 -0.0564322459293817 0.16138809744348895 -0.012492810985159393 -0.026134255496143094 -0.09002650455404142 0.023559483507084963 0.05654888464217511
0 16 -0.009171201974836972 -0.0587823636137711 -0.05221292962057854 0.0616494340588219 -0.018276988717953246 -0.023404062604921377 0.009650671995442565 -0.051380641675767544 -0.03626809946828735 0.05195896145659114
0 17 -0.03358937492941525 -0.02639371509561336 0.02894540798649304 -0.0373707250229473 0.07549487970603828 -0.034779145367243205 0.038833815555788846 0.05848137237900795 -0.07203424978330313 -0.08697575443354326
0 18 0.1175773545621682 0.07512164241050852 -0.14805633176157462 0.03929828074002723 0.046889822708686316 -0.07375914823854851 -0.14069505673612603 0.07701008006574524 -0.13443495216419213 0.11394855667982959
0 19 -0.030139456446572514 -0.010730715327805406 -0.24150879268832584 -0.04316759447982351 0.17552912173063956 0.031133407240698543 -0.045322497804170365 0.06045273104701818 0.02021947966358609 0.04709098211799646
0 20 0.020320697488176487 0.03135089514646629 -0.0758577473566889 -0.0017534809883643545 -0.009931167656395214 -0.028299028449469014 -0.06160678086929354 0.08554780835038273 0.025223677532255295 0.17014274053087347
0 21 0.05075623652561021 0.04191842088419369 -0.17906421374563378 -0.0597030881011419 -0.002618571770398752 0.021762918163977844 0.04900623314251648 0.03534635050805434 -0.06170130633855712 0.023874869282872847
0 22 -0.03365407648715384 0.020028321515283835 -0.23516500152234884 0.049120675325302614 0.0579572802252896 0.006521616661246254 -0.15232219452391996 0.07937434298845057 -0.09077022278015404 0.12962487291886085
0 23 -0.03661928462454009 0.04454382887503118 -0.0013822582574258488 0.055008454551324235 -0.07554688671467243 -0.019289597448690188 0.0019929483795856134 -0.051968848699996906 0.020782651463400914 0.012550414287153602
0 24 0.04623611076067146 0.05944779513583704 0.06641268248245427 -0.07967274141066821 -0.1547978429177999 0.01690714705453692 -0.04700218345316531 -0.08664612876594355 -0.05203320356770306 0.01336352743636395
0 25 -0.05219479205748878 -0.07734838650346416 -0.16931271114313326 -0.019380241560415016 0.16719151221734047 -8.462116009295894E-4 0.01985566013652061 -0.06095303528581043 -0.07790924488123026 0.05146414790350533
0 26 -0.07872902696144177 -0.07350979941772554 -0.03512170200394211 -0.02128865700451832 -0.025857941675372056 -0.039891922809947876 0.028282279140929418 0.05742013402228019 0.0781319975055056 -0.08373324907561984
0 27 0.05795947556930548 0.08784165642799047 -0.037001964525938943 -0.04519575672035026 0.0912403812929492 0.05156665210626977 -0.08551928482272378 -0.0729699168147217 -0.039065201095808993 -7.684303153070468E-4
0 28 0.08140219247478808 0.020767032941091182 0.019135216535238548 0.062057951147174 -0.042456714970020765 0.07377216952657077 -0.05320376314482384 -0.04726232800572588 -0.007084247903918949 -0.03502441376360795
0 29 -0.036729226769630585 0.07636118200630998 -0.033172281475654604 -0.007417746770697081 -0.01480331535224431 -0.02943187620582821 0.026623438728442552 0.09876297202225623 0.03866881273450557 -0.006616651562824943
0 30 0.06695381749751772 0.005806325641593702 0.02769741486797449 -0.08563546232024306 0.052641418944370126 0.01024983495078637 -0.018679098753546088 0.08179527675016106 -0.0655787449045798 0.10329716590158838
0 31 1.837279703163608E-4 0.0690704923099837 -0.012434955011506165 0.09425035946544719 -0.09394269190984426 0.06478771950576538 0.04865522644795296 0.03709697574334134 -0.07662597386522088 -0.11456374186023524
0 32 0.06833494328839808 -0.09901028460677819 0.01862318140689881 -0.05514247752310404 -0.08559676422792031 -0.07795926593191443 0.11175841574868219 -0.0689772160170207 -0.057187866224559784 0.003710739556028004
0 33 0.0964690052543068 0.03157972641835796 -0.19639094308400498 0.020660140771917294 0.008692465045129046 0.03740002604579706 0.03362261860417663 0.0807934418748612 -0.07713133933240683 0.09017917785404343
0 34 -0.04241257070532919 -0.03770360489635081 -0.07664581223446996 0.03506576956322963 0.05647250396250592 0.062163223776661544 0.07370034549152349 0.017793040157265648 0.03153873039298657 -0.04470061931950505
0 35 -0.012227120160912942 0.04711966233339626 0.07910491380996464 -0.04207095666614111 0.021499375243303257 -0.058107941234334215 0.004855683629603031 0.014580723413663989 -0.04516601741850589 0.09523651609532803
0 36 0.07253882436366733 -0.08911788311011098 0.019135130022412104 0.07414463999824733 0.07809070508994592 0.07581474188706243 -0.04296614062235089 0.07866090348713825 -0.027617839325504673 0.0872352865736671
0 37 -0.03690417719346769 0.0668775583889848 0.10458655695356349 -0.09922074981789707 -0.16277488019372732 0.018959875391620102 0.12371318582610372 -0.046808566552801606 -0.07143289644040841 -0.06181324522802142
0 38 0.05653435151708495 -0.03487032292883153 -0.06277740928063753 -0.003354923356246486 -0.12515095233984092 -0.0255738087933997 0.027391674550625876 0.09253442502108587 0.09410907913298759 -0.03776475831323791 -0.157446551940249
1 0 0.13137212034269286
1 1 0.15970483902686053
1 2 -1.569278528659972
1 3 0.00434547448688041
1 4 0.9819954359051185
1 5 -0.5559304321423808
1 6 -0.5855443560615906
1 7 0.16251420812759212
1 8 -0.377033310844937
1 9 0.8259796003927404
