## ListNet
## Epochs = 1500
## No. of features = 38
1 2 3 4 5 6 7 8 9 10 11 12 13 14 15 16 17 18 19 20 21 22 23 24 25 26 27 28 29 30 31 32 33 34 35 36 37 38
0
0 0 0.09045918761012975
0 1 -0.03991064355551053
0 2 0.01023564119197624
0 3 -0.02957839922329885
0 4 -0.08473075852729417
0 5 -0.03892372378766856
0 6 0.01703671194436396
0 7 -0.06750995780329967
0 8 -0.059950606534678076
0 9 -0.04570139643707172
0 10 -0.0920672435773913
0 11 0.0364462238555164
0 12 -0.05010906504618296
0 13 0.08697435796362016
0 14 0.02100345125934424
0 15 -0.004009547977854125
0 16 -0.09838760136043634
0 17 -0.08203367675578715
0 18 0.04317586462303051
0 19 -0.06813111259043565
0 20 -0.031393531100354234
0 21 -0.049779866442050305
0 22 -0.05060552191863696
0 23 -0.028873642571328448
0 24 0.03950340183149485
0 25 3.9208131307078307E-4
0 26 -0.08072380168413477
0 27 0.09525856802394071
0 28 0.09452330204179328
0 29 -0.0012101092332221458
0 30 -0.09548325622649798
0 31 -0.016709775318504386
0 32 -0.0713039499888807
0 33 0.04462991091291134
0 34 -0.006060200716743039
0 35 -0.03589110217828156
0 36 -0.025603999569356408
0 37 0.09696863283307883
0 38 0.07658853381872177
