## ListNet
## Epochs = 1500
## No. of features = 38
1 2 3 4 5 6 7 8 9 10 11 12 13 14 15 16 17 18 19 20 21 22 23 24 25 26 27 28 29 30 31 32 33 34 35 36 37 38
0
0 0 -0.024648473776982767
0 1 -0.020085149127965125
0 2 -0.01929716412479149
0 3 0.06443053174835087
0 4 -0.09152122854737585
0 5 0.04114101284179406
0 6 0.011640217796133452
0 7 -0.011712023237780584
0 8 0.07063877389024133
0 9 0.005154756705673193
0 10 0.02032999056809246
0 11 -0.08451475021630603
0 12 0.05895176869566288
0 13 -0.087907827676732
0 14 -0.022010587952447203
0 15 -0.08969504394800211
0 16 0.08708058034329243
0 17 -0.03956222597065357
0 18 -0.037791868389556116
0 19 0.019684520880551986
0 20 -2.923984089996398E-4
0 21 0.009443157349403942
0 22 0.031425851102935186
0 23 -2.9502812318645254E-4
0 24 0.04168813789173259
0 25 -0.04715140103858011
0 26 -0.023140442233336563
0 27 -0.0818807764138739
0 28 0.010722518310680237
0 29 -0.038110807687649975
0 30 -0.04439933460177801
0 31 -0.06583519647105121
0 32 -0.08204763478739932
0 33 0.09669764058080813
0 34 0.07080856893344245
0 35 0.011319259561913016
0 36 0.07818383253344852
0 37 0.018875531552789843
0 38 -0.03962787985801697
