## RankNet
## Epochs = 100
## No. of features = 38
## No. of hidden layers = 1
## Layer 1: 10 neurons
1 2 3 4 5 6 7 8 9 10 11 12 13 14 15 16 17 18 19 20 21 22 23 24 25 26 27 28 29 30 31 32 33 34 35 36 37 38
1
10
0 0 0.005786567604024557 -0.04534208252390196 0.09105126738270322 0.05717592270331841 -0.08879521756601787 -0.10921082765123878 -0.02051808233633983 -0.045902340218075384 0.012345269237528187 -0.00945886376327947
0 1 0.21652642085040077 0.04537683848395671 0.06191738073931872 0.05979022501277233 -0.10010739392517623 -0.15797740312812808 0.04188919617410631 0.035364852696314376 -0.3049656830031599 0.10630508429252798
0 2 -0.02315632665504254 0.034117669118955356 0.10811360367796394 0.020334234399090965 -0.11883322158718145 0.042060362034406946 -0.07588388690585363 0.04070117852297234 0.03488194295297136 -0.07036295798015331
0 3 0.17813142009521118 -0.022739135277600176 0.1827690384494268 0.24198637519133767 -0.22485357827161667 -0.3890566700262471 0.1077950214270002 -0.00944726059066139 -0.3969524722532466 0.1537117077936272
0 4 0.16185643824908794 0.06510528634963354 0.04276078371376048 0.021033365692150852 0.022685438426746446 -0.163663968327653 -0.054086137933652884 0.0015469638197217867 -0.13654000519270232 0.11289087211674478
0 5 0.14084993739482815 -0.10305939628339049 0.030545660885312412 0.07999687570430104 -0.05586516800787067 -0.09669932986100302 -0.005295712354715674 -0.1403308501429952 -0.1351468218598392 -0.015159993102516756
0 6 -0.3315412470302022 0.10196306422692478 -0.24138764244777564 -0.15935507508881785 0.1389277336025492 0.33011310091159624 -0.0530325152060133 0.14572951055846967 0.49095857464586856 -0.1475333362453902
0 7 0.2151791911641737 -0.09418393649409473 0.23478098476830903 0.18361742208491702 -0.11224638678640025 -0.15932895445281053 0.1570176914771992 -0.008157966638944494 -0.1476404092041545 0.10176157858328194
0 8 0.1593335870631023 0.07083475754200752 0.03594565667158255 0.07427217535644245 -0.02376429028999746 -0.14983995555325183 0.07269640158057927 -0.10142663647878235 -0.1878989498583384 0.09605264006197606
0 9 0.0838498579555789 0.08368098183026819 -0.06862164617913845 0.07605336814022255 0.07990586037195471 -0.04745531502860482 -0.0851190104483974 -0.09767561305601721 -0.05650840203283161 0.0948177108143323
0 10 -0.10514334027339658 -0.01624542040392179 -0.10939331988103025 0.02689512989283506 -0.04066257287959381 0.08779842502022868 -0.036459179158013603 0.07905847186839524 0.05039322939919983 0.06875146357499147
0 11 -0.04810073675981628 -0.0032621365638019523 0.07307344160184522 0.02849633642494874 -0.049377291098667925 0.030627020109236843 0.007118415113669223 0.06763095552652117 -0.00178882745119373 -0.04029088163363052
0 12 0.1931292554932462 0.07922122613700723 0.10623644653325502 0.011907759140957512 -0.04045125909108098 -0.20197491332998355 0.0142932352414033 -0.06644289901998489 -0.287277353218007 0.023343023100892018
0 13 0.08122584614539428 0.005797035923315046 0.11149942212453529 0.14770487146741676 -0.07600413874032481 -0.1800807516072414 0.003290460296271799 -0.048630447806183745 -0.10226608778888922 0.06296700552000346
0 14 0.022931519200165982 0.07299073932973923 0.035437116792409316 -0.05471623498795866 0.023685321691921116 -0.05418542962766686 -0.08915607937916582 0.08130182841182919 -0.08411629733357252 -0.04583468264211983
0 15 0.05515036188692882 0.08087476598663032 0.07907989843576495 0.11990622080408452 -0.08891310041435038 -0.06798355655572585 0.05456059162992211 -0.11628230020006376 -0.091718090421153 0.05247038412773562
0 16 0.003993345955537832 -0.0056832887205027025 -0.036204102259245995 -0.01965045618387231 -0.030186562516134396 -0.06288445656650378 0.11240271404862118 -0.03844906850758487 -0.12973391391308237 0.06562735731146854
0 17 0.023484011550298917 -0.040478993015273045 -0.0657153044684346 0.09044385142703122 0.046176292323761685 -0.0998328622999325 0.022285219783387065 -0.06458712371966507 0.02374763053818426 -0.01797274057087166
0 18 -0.004552488967318617 -0.10242518494921217 -0.01981585085173826 0.05340780233937697 0.017882509173421202 -0.0974275254131362 -0.06250310726779171 -0.1270004495718319 -0.0693317474765932 0.07814154111502575
0 19 0.05837360537418502 0.006880082005812807 -0.01945250543265637 0.03678447441846086 -0.11218609147239816 -0.047163031449718645 0.07644644295418432 -0.03849259617304118 -0.15255701552605744 0.042023190311294784
0 20 0.07489660562413507 0.057085643790252244 0.05263232801284664 0.01710552699447514 0.023782834038636194 -0.06675056441509737 0.030791998128398595 -0.016141792902063284 -0.07663192726557269 0.03841169177252177
0 21 0.11664881634494086 0.07062966738999438 0.02549761695312696 -0.06563803240734446 -0.07260076890400198 -0.0013954440799757428 -0.03864200292456866 0.07192472649265945 -0.07535025905975738 0.10840463163527568
0 22 0.11026429981143111 -0.0483605600421388 0.012092921495010144 0.005247860314146291 -0.023182100009423497 -0.009767114379400569 0.07629826953283947 0.03255828445004 -0.1831765503639212 0.029762759622131846
0 23 -0.0929870639570034 -0.015509064264975789 -0.0399094151834095 -0.005485138644266316 0.04440844744817524 -0.004281217190332762 -0.05587676103668204 0.06334095475500481 0.00679540610941604 -0.051566044340024146
0 24 -0.019354997496787752 0.06839246900748558 0.03862532885074764 -0.04334926011868282 0.03179295861181245 0.020684000568418136 0.0718473937927486 -0.02281309532837169 0.08449530149752232 -0.03851976972315074
0 25 -0.010675973092595367 -4.942547008306605E-4 -0.01397188791862629 -0.027011336419062455 -0.04249657044256504 -0.1517752153011771 0.008189774306011706 -0.011707725569676168 -0.14198781611086178 0.014423045173717342
0 26 -0.046783840593325625 -0.03543436990325461 -0.05861709770983835 -0.05461605661012434 0.0292231004689935 0.027318064183899902 -0.014968903392827653 0.07523938778111156 -0.04760346971797308 0.07142015657524803
0 27 0.11951923160972118 -0.01519894097679051 -0.043201954165705776 0.059591598857529765 -0.05639651563774674 -0.06844374997064291 -0.016168560846442085 0.03809279526022989 -0.05298468020562302 -0.021658875367057892
0 28 0.05943584540036048 -0.08238871908198434 -0.025985650406259594 0.0878018048937216 0.004248970603226899 -0.022134513602811375 -0.08846740284094098 0.05854925485835016 0.022861427651639395 -0.007507547809519444
0 29 0.014427471315295629 -0.0568188526827671 0.06419011790264881 -0.0017647665261727198 0.08202231313138618 -0.1142257301484957 0.0037690201325419944 0.005935104954959924 -0.08212404787462271 0.046604110577882836
0 30 -0.005862025671500626 9.775938364117152E-4 -0.010401230357714508 -0.028760556752571317 0.06878095637949411 0.027165215271777215 0.05010321257532241 0.030379791336940947 -0.11166490891712959 -0.017171020618467737
0 31 0.008486285187242195 0.04714005530439253 -0.09805420044263052 0.0223676723817322 -0.023031628237995504 -0.003228042230883322 0.08992439215560553 0.023137938051082052 -0.06907487385137924 0.010721848758180047
0 32 -0.10380169647265426 0.05558894242196001 0.040898642165063795 -0.1096422964354427 0.08371850977939675 -0.07311137337265569 -0.07405262754711943 -0.009356258685618166 -0.030893746695532118 -0.009335953850675363
0 33 -0.07850218007487442 0.03628607058119933 0.054884467181561855 -0.09382961748047229 0.04625559408869296 -0.05198204569986051 0.0436221825866278 0.06636124156965285 0.037361665626952645 -0.06851406199763267
0 34 0.04992828250560485 -0.025222771072278313 -0.027361707637732487 0.031515463017526064 -0.04404125072386323 0.07266065059455697 0.06630613573590027 0.03361811892667805 -0.007128401616728729 -0.046215673719522204
0 35 0.09944830677244874 -0.02771324926894504 0.10225725090861323 0.07941630867368402 -0.07930869005741437 0.0739561884378894 0.08735235371399486 0.08162496325278831 -0.10738730780165785 -0.05028344717153787
0 36 -0.06335709339660328 -0.04932992994080731 0.06700804215788614 0.04377029366342961 -0.04012745571883562 0.012196506700420556 -0.028629119715425665 -0.01149046370587211 -0.01273462981822398 0.035419364463895514
0 37 -0.1037848093526345 -0.052324994470032846 -0.0258489261812698 0.03622732267761014 -0.07394979638332945 -0.09602935111942648 -0.010287537364307228 0.05660268319858828 -0.019262907667368583 0.028271370104001048
0 38 0.07508373252071307 0.06883156393471705 0.004878651820222385 -0.06682555250734924 -0.028821601675699596 0.0535248563571284 0.0716817484965917 0.07256917292769975 -0.009902713094690081 0.019503941225697017 0.035040405874147515
1 0 0.5931726426758347
1 1 -0.1061653913059344
1 2 0.39119380893752387
1 3 0.3553554234303981
1 4 -0.3462432180640009
1 5 -0.6927620887244925
1 6 0.14568689962100065
1 7 -0.2107583422673889
1 8 -0.8772783633109351
1 9 0.2687288255189562
