## LambdaRank
## Epochs = 100
## No. of features = 38
## No. of hidden layers = 1
## Layer 1: 10 neurons
1 2 3 4 5 6 7 8 9 10 11 12 13 14 15 16 17 18 19 20 21 22 23 24 25 26 27 28 29 30 31 32 33 34 35 36 37 38
1
10
0 0 -0.06701133423892204 0.019950129030883175 0.0977584889205557 0.02370960634508587 -0.08379197018799092 -0.036532802298980115 -0.057737149423945346 -0.06283418469164778 -0.08484661066657509 0.06692204895850956
0 1 0.06510562633935915 -0.050940036972457525 0.07216693008465555 0.09749791828361992 -0.05743750696454637 -0.04595773377195565 0.028837823329506577 -0.09337618544716293 0.08128777770923476 -0.07276103958928035
0 2 0.019320674605558728 -0.01599742994285537 0.0861811387659515 0.03155759430759736 0.07454692201748028 -0.05819680668752111 0.0748350050608155 -0.016464786478064822 -0.05474406673231796 -0.09693929271019294
0 3 0.012527773445962573 0.06114019763643483 -0.005128821135991269 -0.00521368457890436 -0.09106554307705517 0.05227734889875611 -0.01212215754626377 -0.0013327880571495476 0.05636142861660238 0.023482949791216654
0 4 0.02057350888293236 0.03898667956899864 -0.03265582902407277 0.046082573895223015 0.09931096335683089 -0.0562591271196615 0.01906870640501074 0.08638085598760145 0.022939731368893157 0.011720865718802556
0 5 -0.09252160910396576 0.08449392492715227 -0.09637381899876275 0.028444400469555785 0.022557876714942034 -0.04396479467261104 0.0635297936365599 0.059328454578338456 0.0937425344108493 -0.08884631828896207
0 6 0.02738501742823642 -0.06252901760633718 -0.03514454842426765 -0.05855893403330472 0.05751954546426918 0.046739186339132564 0.07611251754093594 -0.06166329540847846 -0.07695491361959507 -0.005555226409911718
0 7 -0.08464968289038313 0.0030451689289149268 0.0010796580868492887 0.009440087183530779 0.09333911065588552 0.032287506519568764 -0.04724962627589974 0.06792135732228834 -0.08749911240249185 0.033769775472539336
0 8 -0.04803231565230113 0.002070541732527925 -0.010912739582740649 -0.09560296449804809 -0.07545687490988948 -0.09424853042673666 -0.043622359124570874 0.04834511569091354 0.030452719426096137 -0.09120052622417511
0 9 0.018648128910122675 0.059543476744678775 -0.05883694058823057 0.042974321536876574 -0.07636200072127051 -0.009353824345177104 -0.02996495398660897 -0.05280120459166076 0.09736364775538295 0.04555318250267556
0 10 -0.05621923848180971 0.09824446169709244 -0.017575564012392235 -0.038326188277222464 -0.03413987207795328 0.060711270222054234 -0.004519900284199405 -0.009024750773594803 -0.06361745757072128 0.06343557774238044
0 11 -0.06579649971533613 0.010373734222158417 -0.035615118264166315 0.07881892431549425 -0.06814704352026221 -0.07175029129596683 0.08284136881743838 -0.009964235341068252 0.06935757175698067 -0.004696608669924166
0 12 0.057242343812998975 -0.09098716820039288 -0.0028049651330009405 -0.08527857704498044 0.030012391256650915 -0.07960630466639546 0.010773501521460381 0.09057445846437914 0.011631701396149377 0.03238037171659166
0 13 -0.08884326865551254 -0.06647599079117425 0.05438897912969925 0.06571313954982508 -0.09555368982106001 -0.0540663696227767 0.028214143064077886 0.006111086736265138 0.07619783550482681 0.07299703383705618
0 14 0.06296268846651482 -0.019661985904795214 0.07069931475157254 0.09697019480244312 -0.005227141072148509 0.09993728850869661 -0.006609031325371518 0.012399206839808479 -0.07181016088943423 -0.059255907973634246
0 15 0.02675180928330937 0.05955001178932511 0.07188852359310578 0.03513912028237563 0.06441772307115022 0.001313591316654759 -0.029674315347458503 -0.07541304593473687 -0.05881252636099299 0.05113273049693453
0 16 0.06617360027395634 0.012014244565049672 -0.0980562638527298 -0.017218806671616918 -0.08455314609519661 0.06310695451724278 0.08900250931051412 -0.09103238994429312 0.06451098040286064 0.037685310958766295
0 17 0.07605939065949975 -0.011678692429768704 -0.08943900807749257 0.022519980316212582 0.07820942432030847 -0.0916338736049401 -0.018300898624549578 0.046309652799936346 0.06605670427582808 -0.07573395841470752
0 18 0.06700406452962797 0.00830042126185841 -0.0768778648931686 0.036129346438919865 0.08301623780136619 0.04961408551702865 -0.053149815431581746 -0.07681987712608246 0.07952339294340363 0.021803737552859605
0 19 0.09459805073614877 -0.034250870171515096 -0.04725112365259483 0.0781220875249631 -0.03494359802819461 -0.008653906024177763 0.07518191275951297 0.07236290611918471 -0.08775034183759789 -0.058895553437328954
0 20 0.09454176721163891 -0.09957463654601026 -0.05963722571148114 0.02180052500993192 -0.005138298479566264 -0.05609524288923558 0.0944389409426556 0.09406474124087115 -0.056464719578566525 0.02606829367794514
0 21 0.09499279196322716 -0.028321427909011047 -0.03353361762654468 0.02542713765735937 -0.06704593150899184 -0.04980892300065055 -0.040521735448005664 0.04621552051799429 0.04399000056733849 -0.09684580122175676
0 22 0.08512868183256352 0.0489173331081865 0.08023191997438227 -0.023565261102692355 -0.040369219154808636 -0.04324313082615971 -0.045574109321608186 -0.08153813702192957 -0.0017180567034427146 0.08466232713247686
0 23 -0.015575365381470366 -0.0137984545073262 -0.062348398943390664 -0.08620778417525107 -0.02551933037892497 0.05264774004612544 0.002698042433703533 -0.01645055089281705 0.05149633532950512 0.01455520755553752
0 24 0.025429147268763472 0.00432159530044422 -0.08705791132396055 0.019590862878998458 0.07128052130567036 0.02638052777094619 -0.00744828143293256 -0.048536838116749914 -0.019557478495583706 -0.08284459655815153
0 25 -0.05435877595249379 0.06724691959701404 -0.010859263372167978 0.0030317813381485633 0.02295621346325625 -0.014679299818480426 -0.02859514268965069 0.0384534336679224 0.011258129257135978 -0.04428010871883146
0 26 -0.04318735187589069 -0.007686010865723803 -0.06991604826951893 0.06137766822717022 -0.051793047092893445 -0.06517061463532543 0.09558035555019107 0.0746909882736684 -0.04354140735169746 0.04998933314069731
0 27 -0.02808835480961617 -0.008210972896728772 0.0834356736668955 -0.05724313281082671 0.04207762375001705 0.08206486233727282 0.034182534239874024 -0.04429890406208624 0.0737774248996362 0.07748230986260553
0 28 -0.031139409729432622 -0.04876763746350401 0.08683192687494964 0.0462681984112109 0.08096574756712532 0.0471695204383309 0.05951639756027591 0.011732166887579495 -0.08367287306902077 0.029727589678495665
0 29 -0.07265908494156804 -0.034350779306023115 0.06443943655054965 -0.09869402501435921 0.08624210213392468 -0.08470863302685122 -0.05936398540661618 0.02569495996663387 -0.02008981264952362 -0.07293210103315043
0 30 0.020903908031191354 0.017990149184621246 0.09576908177265375 -0.033714186682931434 -0.09475174822060276 0.05150683744037444 -0.053544124777758585 0.05545996832183913 -0.0744391722951224 -0.024602179179738854
0 31 0.033851826502495845 0.0706135768252591 0.056338000321533424 -0.07622584922534914 -0.09687537410770738 -3.3315238696766746E-4 -0.004579453940473842 0.0876826127206248 -0.06376183841496956 0.04928124026398652
0 32 -0.08233944474905583 -0.06052729731528303 0.07826707966151 0.006113528148138901 -0.022270429653035263 -0.02153468484247277 -0.027754744247868217 0.09688223079820321 -0.09097855197285114 0.051440352564590244
0 33 -0.007855738278361415 -0.06549448485510705 -0.04772156081691822 0.08435091893560519 0.08880650618832062 0.03788017731578394 0.008825903503750702 -0.04875522799155302 0.018878269749848787 -0.03654488884398699
0 34 -0.011421372465413339 -0.04535814831618215 -0.09977543776716719 -0.06485929978842266 0.006297543734966946 -0.07536098760713665 0.08554473485604536 0.08506153824008718 0.026395065891790904 0.024771672248787048
0 35 -0.07992464303970337 0.038233332335948944 -0.04722997546195984 -0.018078356981277466 0.058746181428432465 0.04284481331706047 -0.09762506932020187 -0.029299873858690262 0.09986002743244171 0.01903267577290535
0 36 0.08472868460241888 -0.019054439749537026 0.0815137503675624 0.046718182394344214 -0.06916696399761124 -0.0305307531560065 0.0014162628595670594 -0.06432656144239894 0.06306856884723178 0.03462061777575745
0 37 0.07631391896691027 -0.0542120166808379 -0.026725640629662234 -0.06160773475115172 0.005077664062700726 -0.04112976405362354 0.007879290596784265 0.09474846765925235 -0.01701063809234091 -0.05103006086104747
0 38 -0.08970135860643894 0.082993090644621 0.05798868122042078 0.020890794727647485 0.057602416058731336 0.05623287824058936 0.0018648421729349966 -0.09318850534688884 0.007184220267156957 0.08764019533500009 -0.012278693728148948
1 0 0.002331000519916451
1 1 0.030190741643309482
1 2 0.08158630877733355
1 3 0.03848881646990789
1 4 0.013106787577271361
1 5 0.025609027594327916
1 6 -0.025569181889295436
1 7 0.09388867765665085
1 8 -0.05208409577608104
1 9 0.0719653740525232
