## LambdaRank
## Epochs = 100
## No. of features = 38
## No. of hidden layers = 1
## Layer 1: 10 neurons
1 2 3 4 5 6 7 8 9 10 11 12 13 14 15 16 17 18 19 20 21 22 23 24 25 26 27 28 29 30 31 32 33 34 35 36 37 38
1
10
0 0 0.056389693245866755 0.0074183209106409 -0.07108618501896234 0.09739488458579282 -0.06429617754094087 0.009704455437002909 -0.0012815929971614042 0.05868588678781211 -0.09131628374002142 -0.07399642863843614
0 1 0.0066772610581577255 0.028477321405581457 0.07365362273260263 -0.05549478977474141 -0.049164772231130596 0.01054874864707935 -0.050105687595917325 0.0702182387822919 -0.04743935392588936 -0.08557146566998336
0 2 0.0628405968364227 -0.0796895255770414 -0.05147828608801467 0.010471171930607395 0.0769739027641985 0.0024678305990597565 0.0038069108232735714 -0.023093200925688208 0.033356206983813835 0.035279521215284965
0 3 0.0598496158413186 -0.027443811343545045 0.03800679086030862 -0.08111462342026132 0.047626228634974156 0.04886550653029506 0.07254549663323731 0.05681141082975654 0.03321529944430826 0.0022475753814105172
0 4 0.012460440809181808 0.07265784346237034 0.011748845873594474 0.01196002750360727 0.0701750333453385 -0.009112515896756577 -0.05433450253860025 0.05444812050823793 -0.0016296261598741893 -0.034397682201166686
0 5 -0.024130571142752532 0.06999078997854136 -0.07874496157317958 -0.01471703598960074 0.020085530618673943 -0.00866692546514022 -0.08633879053224582 0.05785953865510865 -0.030773534563054525 -0.038349249384452055
0 6 -0.0012210370592777204 0.051871142477759334 -0.02416047579360188 -0.011275518769889529 0.08126544365186705 -0.08242637374602461 0.09991592635820976 -0.07565206688772322 0.03572591524352217 0.05515307192541306
0 7 -0.07448266898427831 -0.03739653610055054 -0.06438147517829035 0.050680709735027134 -2.788903219627993E-4 -0.045780956779172516 0.08975266680932911 0.030092959338258795 0.022101938540066843 -0.009625240576005185
0 8 -0.08453350415385316 -0.02183092774748265 4.550579814272868E-4 -0.0539649351279987 -0.05871830084091966 -0.08917806939884179 -0.09529105751353194 0.08238177325980822 -0.07169103676245454 -0.061971240163313596
0 9 -0.04165331857486888 -0.07101573466066756 -0.03541985192911665 -0.06773966583131588 0.055743664602626745 0.0615678105843565 0.004519726017052992 -0.07277866779615019 0.06725614351002573 0.07365562361376758
0 10 0.07843500434509347 0.05892199691080946 -0.02703424635270239 0.05857124720409887 -0.009946366988828536 0.039254212519443436 0.01645532985703401 -0.06962973750037733 0.06814898164282208 0.0975250895581859
0 11 0.06640115000130299 0.003753800405846608 0.09885294550139177 0.09590878089182808 0.02031626407883315 -0.08836620646590214 0.02744900881769103 -0.06851176519789993 0.0690852894190077 -0.07020957554156428
0 12 0.06155547558325537 -0.04775844431898626 -0.050744184304707514 0.05073584912636908 -0.08421360118963835 0.02985369666539466 -0.0359651676607456 -0.07492610094408544 0.08031624734187558 -0.09863308525709276
0 13 -0.012380066208556185 -0.056454258817273034 0.09805159402909143 -0.06415720794590145 0.0408467025554095 -0.06422575695984609 0.029436272374269004 -0.06491499957836787 0.08101944448006973 0.0466995036121146
0 14 -0.08755608400697845 0.007230884116338712 0.0738169276326627 0.0023984692945049177 0.07013546104741693 -0.08335645883575321 -0.024765725076196444 0.030465043726349103 0.023320769118216216 -0.017569549004120857
0 15 0.053961748662010034 -0.013001954155728192 -0.06434749116581658 -0.040845331719586174 0.0642185227781288 0.08530025612681347 -0.07571157890032558 -0.07981114998262945 0.033586151927204516 -0.048581304304758655
0 16 -0.06037279053525925 -0.08151004122890795 -0.055999124300517934 -0.06924904459211773 0.03265607966863693 -0.06076495687259062 -0.03761091384529271 0.08438384913969342 0.027262221993486734 -0.07224864477265583
0 17 -0.006866917630998835 0.00441256623025854 -0.0259061347323022 -0.05993923139347858 0.011220128977595814 0.06403225988108101 0.03946955241328782 -0.029725425843185757 -0.053214917741138325 -0.020074232808859165
0 18 0.030961475732393693 0.022760840911410608 -0.06990889358532375 0.04158707772228039 -0.03937803701556068 -0.041564081790884916 -0.06162302915051012 0.06391791194863843 -0.03076481374992828 0.004297040208496712
0 19 -0.0719347558586445 0.0999128286578838 0.027798947221394362 -0.034840725306812106 -0.03659245399319743 0.021833739138601014 -0.05307686493914465 0.01597219161958234 -0.0626110184959504 -0.030801055822069417
0 20 0.0662452867962938 0.07006533405075382 0.04061014536695951 -0.0022379246482878653 -0.03067095903496663 -0.07248388475273072 0.05658676213170175 0.02486668614488265 0.07735390414823082 0.07556949841857165
0 21 0.06437176292584709 -0.0777023369138197 -0.037500511306141994 -0.032470040121855365 0.05536082864961695 -0.09291675923449114 -0.09201535740744649 0.0351897092664948 0.09795255356851953 0.0886121801969542
0 22 0.09796704661958253 -0.010321722983785721 -0.0222764409185139 0.009057525260999498 -0.07638374211636609 -0.00119142763270104 0.09439844289932865 0.05032571402175306 -0.08080133476320948 -0.08013398678189732
0 23 -0.05909918382342488 0.0719239718597956 0.025727466693031605 -0.0028993878925739998 0.02819926262443259 0.022349887474880707 0.017415484820535142 -0.014978044367323699 -0.05629323865221791 0.0051815475527784444
0 24 -0.023487303410304645 -0.059943241294388924 0.0838755067258788 -0.026407840598734453 0.009891742863580716 -0.030755239727700417 -0.009184619397522686 -0.04469217527046257 0.09619040642323155 0.02519178287492113
0 25 0.033005323126762236 -0.02658814556349939 0.01634932682785749 0.022417151480561306 0.026274845864141375 -0.09463239052197563 -0.008129734287483653 0.022684926880666454 -0.08350342497439564 -0.003005951386110032
0 26 0.030999004089336424 0.015843273496826224 0.07055361163881542 0.03873610089683635 -0.08406331802793997 0.04845203398547643 -0.00614880977332277 0.08779256444802101 -0.09428728574848412 0.0739930711741446
0 27 0.006653040249355426 -0.04160952998298847 0.05198105414296279 0.047061020108320015 0.07614522274976579 0.04224313178786506 0.0022964166444894656 0.025211961011960143 0.05011306902413827 0.0835471689984888
0 28 -0.03809647733225541 -0.09238349333566592 -0.08459055871656694 -0.09145015346433817 -5.104114045119169E-4 -0.009674340044625989 -0.037194526201724074 -0.0025774971985112107 0.06489854974706064 -0.02638822655189091
0 29 0.0043741791712578896 0.05031540757276063 0.07960932708245852 0.05656049844884712 -0.06350795116229138 0.04493275199111862 0.028751088477249043 0.037390044208001516 0.01832717146281856 -0.0034226920627530586
0 30 -0.010767708062077705 -0.0384094461323135 -0.06053864906701011 -0.04597131327219598 0.05944530712745611 0.08173719508028618 0.04323369659268053 0.024403290119412842 0.08614347829826563 -0.06860894983852052
0 31 -0.006208491806259845 0.09098176919882939 0.08847081580682543 0.08004210386983569 0.007312052042227523 -0.04658724377155373 -0.05295536003453602 0.03469179376602055 -0.09036468915760625 -0.029642323361978876
0 32 0.07808541802212111 0.042039992021329235 0.06494051994817106 -0.020989948222242785 -0.05652942934036214 0.08520058071811328 -0.08059267211826639 0.042958506730278866 -0.08770631524254352 0.0017234655337924627
0 33 -0.056073014864744065 0.023417992153651538 -0.03136216119089275 -0.012848273585950882 0.05937337867746874 -0.08634763136506589 -0.08093314004749148 0.06445137521235852 -0.04541531602515306 0.09586250763479852
0 34 -0.004319621679641877 0.0013227010683000125 -0.02773785029449109 0.058376694038498704 0.09767096423884246 -0.0016717848360694974 0.09608904163296061 0.034785973964017516 1.6975124135359018E-4 0.028222106139126606
0 35 -0.09734245293547664 -0.06752035242576397 -0.0459216927678829 0.042373230005957684 0.06495298140796764 -0.06274375547282617 -0.0631704686465848 0.04167520311706377 0.014518666872497263 -0.0978624916757278
0 36 0.08885606062840402 -0.04529696399930515 0.02508788314941887 0.04302469067403858 0.034943741810899515 -0.05436032684695925 -0.0896121916423289 -0.0953409205571354 -0.028908213719022576 0.055536363371934336
0 37 -0.049510150294058204 0.025096181587373357 0.05220929535460849 0.020359418865294052 -0.025172796238882408 0.025088787675676464 -0.016705341215415708 0.07583526397638407 -0.014842414166204037 0.032672805089878375
0 38 0.009172275290341555 0.08934446809227344 0.04301648523114308 0.0412423076115095 -0.03587175445110344 -0.014998715702704812 0.038165337357668555 -0.03425862596475561 -0.06475717698458111 -0.002392945720283273 0.05780193209648125
1 0 -0.05407663062214895
1 1 0.08881317079067205
1 2 -0.0650921687483778
1 3 -0.07288166880607526
1 4 -0.03617180138826354
1 5 0.0073808967135845956
1 6 -0.00649445038288838
1 7 -0.02727401256561265
1 8 -0.01475396193563947
1 9 -0.05303207784891153
