## LambdaRank
## Epochs = 100
## No. of features = 38
## No. of hidden layers = 1
## Layer 1: 10 neurons
1 2 3 4 5 6 7 8 9 10 11 12 13 14 15 16 17 18 19 20 21 22 23 24 25 26 27 28 29 30 31 32 33 34 35 36 37 38
1
10
0 0 -0.08665454401740891 0.03408352758034863 -0.0530829076002415 0.013791470307402933 0.024621455824320248 -0.04204381217360442 0.04757155131908115 -0.022011799821049016 -0.01707083172792511 0.008654199127295927
0 1 -0.039522560537326806 0.02866187486673726 0.08172465742829259 -0.008142085950132683 -0.06679378865701341 0.018154473843621545 -0.06652478296949263 0.09330740193916458 -0.03342029822378612 -0.009024882037270145
0 2 -0.033490412919790026 0.0075939964276247034 0.07277722678530904 0.010560934434394853 -0.037296250201001024 -0.028876169453047502 -0.09611367035155283 -0.08615242131318167 0.09648890951619454 0.08192014729929997
0 3 -0.03146234866073153 0.08686388910542202 0.09745805932097426 -0.043465504945008324 0.01851966663712611 0.035476746577214745 -0.0762992277500759 -0.037900744899853234 -9.394489244987199E-4 -9.149514289347436E-5
0 4 -0.09530304227397453 -0.08830254195797847 0.04965503427411633 0.09524250695931498 0.06848934891254871 0.044086550646512714 0.058392776984042945 0.08782883415333359 -0.09283239251746378 0.054056570531541816
0 5 0.07543323168895702 0.06558664881696519 -0.010803130648161388 0.09140859936589552 0.07475659964602545 0.04644307186467442 -0.06364174231031224 -0.0661036582997575 -0.02399286990705238 0.0685685266227436
0 6 -0.09458846091820168 -0.07906744491153897 -0.07627631268730414 -0.0031209670460882384 0.026176529372569732 -0.08268092132096598 0.09987442322056507 -0.07399885026286858 0.0684060664739085 0.012175258803613028
0 7 0.05804954000183763 0.05281649804200267 0.0076026980119641326 0.04470448382965305 -0.07349703176066552 -0.020916326428374966 -0.09296142809118134 0.02232963555722855 -0.037617219814855565 0.05378712614960648
0 8 0.060016891853061693 0.051043653934969575 0.0789099966985439 -0.09095028555298344 -0.02935651796450708 0.04711564761416654 0.06529036233392062 0.09752486490581994 0.07305477244071883 -0.05835968581922597
0 9 -0.0952671389216512 -0.011521333999492655 0.06940243782089207 0.03113775346464519 0.02839940312108421 0.0976359448134914 0.05525895555421144 -0.028835518505803213 0.015420945494510336 0.09618629883891182
0 10 -0.041516922470243516 0.03309617500546865 0.015292848008636183 0.06363592328666356 0.07903869722637993 -0.0751449118567476 0.027712066062222946 -0.050807044162434846 0.04981844064167701 0.05162162592148505
0 11 0.027955394280526204 0.05335170691478441 -0.009815414531591316 0.07608444200567113 -0.06313749027903891 0.001032915185411947 0.030198831264360525 -0.005772763563170404 0.058284403610138195 -0.020669181925877675
0 12 -0.06577611456785853 0.06197990482133033 -0.0851813226286648 0.02146185304933764 -0.031039608833089666 0.03108376810859898 -0.06650315153766251 0.0019338413638415118 -0.07801813937597533 -0.09350861755972993
0 13 -0.023499834644236425 -0.07087843790160729 0.052002217659444336 0.07843781919094651 0.02724782552422317 -0.008051007804647976 -0.0476409349697616 0.08290962163946601 0.07935535036085979 -0.06428096019532462
0 14 0.09935553811542927 0.026032235908214747 0.03206100221796436 -0.015053347037763736 0.01978096702738201 -0.031163084106344954 0.05387892432112833 0.0366687368580154 -0.04042040683481469 -0.04171584928282242
0 15 0.06281880521303863 0.07080335384381028 -0.020989846274238666 -0.08051611654630093 0.07666444016461553 -0.07811724024608875 0.06612459596775133 -0.056205668727355246 0.07608278907843025 0.060253748248076104
0 16 -0.029922569442866927 -0.0053005595201805825 0.03667377182771436 -0.046092689366260174 -0.0941234575245954 0.03415062838728286 0.06199312347901168 0.09694018408226293 0.07754931008728592 -0.09081827787933336
0 17 0.04188525055636594 0.08436054812218079 0.07127482927336014 0.0540130353807679 -0.06790650428864926 -0.03323990928896481 -0.09752708206507281 0.07337867624467237 -0.06030771535882027 -0.003952659016386399
0 18 -0.05813523466866291 -0.033239230373512466 -8.34865074396694E-4 -0.006972370844607154 -0.07229908666387985 -0.040925581661253874 0.01867124522354578 0.0060618501956709574 -0.004309397703709491 0.05988641420872324
0 19 -0.04809131118055166 0.06697745017213737 0.0455208511860368 0.017375408728675067 -0.06125607969180718 0.05221448579711149 0.04723592411002754 0.017351099910878336 0.08096093183078981 -0.04520668046831634
0 20 -0.09698040712057736 0.08028827015458041 0.0956632124501402 0.011354693392372788 -0.09298148130694224 -0.013110645681636593 -0.030431795921206366 -0.06787837309067991 -4.2715694035765755E-5 0.0850656588412207
0 21 0.077228371717787 -0.03947605359260317 -0.0622093664678589 0.04823492567791096 -0.049749744258555516 0.023227575734466172 -0.00819771474306561 -0.09489977835255797 -0.009482584227756639 -0.07132803807751886
0 22 -0.009360893103207226 0.08858749538152703 0.0030084800615766856 -0.028783179156412497 0.04025194873420235 0.03991698341564687 0.062126692483999844 0.029737832052706976 -0.04842901794797077 -0.02436794339783523
0 23 -0.04449929953138126 -0.06507247054441438 0.06111490181494834 0.05484626858342614 0.033888828626767266 0.08235133039188806 0.04357598704974065 -0.029184207858507463 0.0778733309406307 0.06910242224559758
0 24 -0.07795243180971191 -0.06867205315798576 -0.011833312851899418 7.72415577040568E-4 -0.04719344680386674 -0.054802137177925515 -0.010106188123232695 -0.004713224717847968 0.09767435700821203 0.045016507512634016
0 25 -0.005019143760427698 0.002942991748607937 0.09515636588481048 -0.023651886819889435 0.03961274700541624 0.05183827662638974 -0.017007815826887134 -0.09772507606765793 -0.05208399698926744 0.08211463942310306
0 26 0.08978703645342222 -0.003989549846187085 -0.041601477888623076 0.08465646862337387 0.040111248092660354 -0.0291360361510284 0.033434427595005624 -0.055004201946243045 -0.032050848616257586 0.0807257380523527
0 27 -0.04302452786127665 0.027251939717825524 -0.04419202090942193 -0.0669743633299524 0.036329004482440225 0.08179900094573585 0.08339193448230608 -0.05697151753999207 0.09859335241062091 -0.00814409751021273
0 28 -0.040230738298282706 -0.09639959449871462 -0.052070805031092036 0.039545694832043364 -0.06691621856044357 0.04825973824581511 0.009057562839499282 0.0540495923934023 -0.09804000971244298 -0.012660747176687534
0 29 0.006504064340742379 -0.05355752567878 -0.040689553102587865 -0.05558763289073505 -0.04561619631398125 0.09130024029957208 0.03227597093120158 -0.04239976576316811 -0.05070406708242197 -0.016828774194089912
0 30 0.0013143468191378167 -0.028577970571243512 -0.07006321281719469 0.04711223132755624 0.06944966585430232 0.007817437311840394 -0.06409255621213136 -0.05273800430326916 0.001170586439955246 -0.05521761680890063
0 31 0.06499425777697716 -0.06867300993389744 -0.0422684396323799 0.03225655943896867 -0.04672453692301852 9.840645403478567E-4 0.0872882015513789 -0.03932580080287182 0.013714845342585595 0.002248042834380511
0 32 0.08172471562139717 0.011185043935924725 0.002702176264575442 0.03196523703267225 -0.09537823447147 0.052224468948844506 -0.09407553862831622 2.702332146746032E-4 0.0016497249774852952 0.09758364840888396
0 33 -0.04240170516156887 -0.01908407164066987 0.05665516416551926 0.0699179599344963 0.07570692857931983 0.04803704256975265 2.835144039098135E-4 -0.07454363011355399 -0.05246053588027108 0.0258060097499676
0 34 -0.0012648207158345724 -0.032278642553674824 -0.03575863939892688 -0.029899394220455296 -0.01682574429043084 0.01586775864324656 -0.01763707804469625 0.0849511985209946 -0.06749795008474037 0.08441873556626739
0 35 0.03110163735899966 -0.07438340909223799 -0.023673489326526086 -0.05704451101905299 -0.08501974736410611 0.0764008606962124 -0.044848363044727176 0.08889087669300545 0.09362054217621732 -0.047591109566916284
0 36 0.04176953434944153 0.02458755299448967 -0.010731995105743408 -0.03616030141711235 -0.018868178129196167 0.018182670697569847 -0.0353614017367363 0.0883767157793045 0.0035433650482445955 -2.4563074111938477E-4
0 37 -0.030097914210987304 0.0458400626893627 0.09018363157712359 -0.06363072794676645 -0.08056096303747841 6.24915067527844E-4 0.00910149540008897 -0.016665724180352722 0.03406913634058065 -0.08815405944967099
0 38 0.0509786474251045 0.009609936399838936 -0.062423059006506854 -0.0698832844249537 -0.07559940346551941 0.04921213002825485 0.003986319325135137 0.006652317800125494 0.09535695638167592 -0.01541097673807283 0.0363458618521691
1 0 0.08297284692525926
1 1 -0.023300986737012894
1 2 -0.06286652386188504
1 3 0.04672508686780955
1 4 -0.04478652030229551
1 5 -0.008410418406128838
1 6 -0.05341030284762331
1 7 0.07063103467226174
1 8 -0.0749749988317486
1 9 0.05550301074981644
