## ListNet
## Epochs = 1500
## No. of features = 38
1 2 3 4 5 6 7 8 9 10 11 12 13 14 15 16 17 18 19 20 21 22 23 24 25 26 27 28 29 30 31 32 33 34 35 36 37 38
0
0 0 0.0824000486773996
0 1 -0.07511875218599191
0 2 -0.018099241307600943
0 3 0.0025111564823221003
0 4 -0.02791985409055324
0 5 0.02384609291282839
0 6 -0.027772791923526746
0 7 -0.06783469524899292
0 8 -0.07028415203743119
0 9 -0.06963746734351786
0 10 -0.020020061080095967
0 11 0.04869641210689043
0 12 -0.01005509520226357
0 13 -0.02536623080558487
0 14 0.06376561988379692
0 15 -0.08997453183060607
0 16 -0.009704883234194663
0 17 0.06420844162727783
0 18 0.048548579411618685
0 19 -0.006763524444380561
0 20 -0.07960724400821689
0 21 -0.0398541619877562
0 22 0.06413292158571715
0 23 -0.09565924335011151
0 24 0.04112391081050516
0 25 0.04502324094754033
0 26 -0.08380534324578243
0 27 -0.017078283879915078
0 28 0.07012185710167992
0 29 -0.0035546452241948085
0 30 -0.0771239003025372
0 31 0.007815600088579963
0 32 -0.06236104336126249
0 33 -0.08604921982577181
0 34 0.05861842045942566
0 35 0.03445759151138368
0 36 -0.07400497053572526
0 37 0.07192191964379786
0 38 -0.011086786165833473
