## RankNet
## Epochs = 100
## No. of features = 38
## No. of hidden layers = 1
## Layer 1: 10 neurons
1 2 3 4 5 6 7 8 9 10 11 12 13 14 15 16 17 18 19 20 21 22 23 24 25 26 27 28 29 30 31 32 33 34 35 36 37 38
1
10
0 0 0.02493610618519034 0.0670956922433391 -0.023040607926645133 0.11299838513131279 0.10847828471674434 -0.011272161377853224 0.008178994713619827 -0.02699244516426206 0.04912101765110828 -0.02383757669162032
0 1 0.18475932806801396 0.16948552753042 0.01581806759157894 0.029731375480818428 0.1477578626680895 0.3361462395256054 -0.3204744688342629 0.14107124947270613 0.016983041405020015 0.29064796426016126
0 2 0.06428833451869448 -0.04288983748687362 0.03382826686761583 -0.020422736592182876 0.029366860521170563 0.03477154602272377 -0.15302160229193412 0.03188900520177677 -0.011851038757100803 -0.03411197636034491
0 3 0.32587197851540417 0.12966912399165767 0.21168883278107112 0.2079390075905159 0.19003655055699348 0.35383901172104265 -0.45005866341352646 0.08358004874262169 0.12713277903343334 0.2133085656733139
0 4 0.19438101544478342 0.1385616080440276 0.11817845550246205 0.04014269819316183 0.12780927663378014 0.15645175394289737 -0.2006669422188393 -0.01904953794791727 0.08323182316331422 0.12115084278482197
0 5 0.16144308761780646 0.08309889452879696 0.11861280006956978 0.06445618093421417 0.14907454893900696 0.2478431763630581 -0.29366487534631247 -0.007547713002600008 0.04356160068603475 0.08460178477419104
0 6 -0.48097850103390893 -0.3870593095222733 -0.10785560406225675 -0.22795896542290645 -0.16837477346136462 -0.5520913859120268 0.48965895048949637 -0.23753721486612916 -0.13384103692105884 -0.37709087613400083
0 7 0.2662270974224841 0.10875579593829528 0.04228839432655709 0.10317792737613155 0.16852153758836602 0.20160236315847122 -0.2738276279180212 0.03687464689804148 0.054204164417903336 0.14297221790316086
0 8 0.14731740243585506 0.08212121451120948 -0.05160346563525479 0.046326941940490494 -0.01870342245342875 0.1575502288013304 -0.16011943119751573 0.09824624882034028 -0.058051595735857 0.038297649075822456
0 9 -0.0686570282792275 0.07684582547376093 0.06936811002633404 -0.0657032803394558 0.07289423007638195 -0.05933207273442181 -0.012699826890395817 -0.08687253041504359 0.03830922149520361 -0.013308105118762022
0 10 -0.0648546948964329 -0.029636191121552295 0.01717294057272316 0.024333335793816323 -0.11267186136326486 0.04466471689937432 -0.04405268996544987 -0.007641134132078481 -0.0667086879085835 -0.05479579345045563
0 11 -0.06756232037606853 -0.05126015112811295 -0.11142758670713583 0.07381859651214058 0.029781521908641338 -0.007688923317391358 0.02112434879991318 -0.07720891630732842 -0.08961422955911656 -0.10310703708239527
0 12 0.2669163469663624 0.0687428930733695 0.11984895795573061 0.07175917494282347 0.11659708404255169 0.1232453523742118 -0.24686949611485262 -0.017079123652823096 0.08056850388597417 0.06043331919317223
0 13 0.06371550761096043 0.003011074627798246 -0.0011506586799804406 -0.00511947099765324 0.012059383495394966 0.14828825059875744 -0.21744916209484247 -0.012316381044679072 0.09322753386679831 0.08613704190509415
0 14 0.0031119918056763834 -0.0601192097479156 -0.03362639165503252 0.045853808944598916 0.011563875453147862 -0.06147011264973135 0.0220751264380866 -0.07711044290668252 0.05670010863685363 -0.05532359341808831
0 15 0.02417190637089789 0.09294499611304265 0.04213114520877291 0.07456484210834624 0.06036393242634481 0.0844145883808234 -0.0031794675723569817 -0.0010662369585601578 0.061291832298122725 0.013201472141012477
0 16 0.1386512996054467 0.13871117605446728 0.039451482542329996 0.015491836965536862 0.04251610959981194 0.07761109098276468 -0.061719735311767054 -0.01765102075728002 0.07316710206770463 0.08870142639319324
0 17 -0.001952113276814643 0.04850387050917602 0.06617680498909984 -0.09263130179698535 -0.05295995092015805 -0.004689337184963556 -0.004583838454175673 -0.06831042616183115 0.005087553048304676 0.08796738015448702
0 18 0.060221187725296145 0.12357998122054316 0.13616900130355236 0.07471242565345483 -0.02263866590875537 0.15804514775676498 -0.16784976936210816 0.0313150731364629 0.06449385797285485 0.14239633147904443
0 19 0.11740027700804137 0.09410003108162031 0.052815945251457753 -0.04004991238174193 0.14907452217913086 0.11414771139005092 -0.20623093544005894 0.04270256692228087 0.06503693583022752 0.09614500083256994
0 20 0.15408866537020338 -0.04490014674355439 0.10325490174808352 0.08804537925424356 0.003614788563164247 0.15008694340085166 -0.10363164048498007 -0.041646506899910056 0.01766359785819691 0.060195024114210044
0 21 0.007678264948574928 -0.0681619609740884 0.07000657921838511 0.04165348573721566 -0.03810700530689978 -0.01379060266583459 -0.010177562946443779 0.023071270000564286 0.04007520358483237 -0.005556628864376459
0 22 0.029212480182548465 0.1088068246113897 -0.04255391236201792 0.12480900246179101 0.09633202061660963 0.16757700625499455 -0.2330596413698565 0.020295278039950623 0.035326892481917185 0.12354088061255243
0 23 -0.009007354521431062 -0.10508096258204103 0.04754591041212115 0.07562301370593574 -0.061711748243241896 0.027806990932359284 -0.05678286793061822 -0.07492897795703296 0.07335579767840478 -0.09702160918210642
0 24 -0.18168274793156164 -0.13941140059582005 0.03567209807543418 -0.1330865009809588 -0.005406809517861437 -0.2000442348669537 0.10898645148062108 0.0039543099911059755 -0.1247293348786333 -0.16823102743167784
0 25 0.028639050307492076 0.046047134097357376 0.057660937115403696 0.010201169421567933 -0.056565373151402774 0.03386797689880043 -0.04975794975468192 0.03460226192314659 -0.05774101766673564 0.1353333988200619
0 26 0.05074905013074416 0.08353735355371342 -0.050024887672548965 -0.021897304938655996 -0.021261038253463396 -0.03274508929994868 0.07188760406636645 -0.0011401458501295895 0.032980177944377576 -0.03259310462171092
0 27 -0.06525898807708885 -0.03487544126698808 0.045270767178874426 -0.001720387595956659 -0.08163373661995862 -0.04762894554168141 -2.527106353294699E-4 -0.010206951998388574 -0.06923576878772691 0.004898135157803446
0 28 0.08115468290153606 0.055727817002651746 0.0339948897738591 -0.07730861771018531 -0.01691019944963828 0.09255098712073974 0.010512442394821693 0.05947594209945246 -0.06574926754707748 0.0897415499125101
0 29 0.03183429756240624 0.021244083564147146 0.08865692537204481 -0.02041990753844716 0.11889209554171465 0.044953151477468874 0.03702698969279958 -0.04005116448538506 -0.07070663155491577 0.1320434519017527
0 30 -0.08019070457646195 0.02791899639827601 -0.01230820139818227 -0.0154051935121097 0.03363634990026217 -0.07674698005107958 0.029352451396472932 0.053930720293652375 -0.07270530802038415 0.0968076205090227
0 31 -0.08318358887500345 -0.07490777692741457 0.03277703002368261 0.07683233956399708 -0.02640647934929802 0.05473601265234842 0.07339009528089711 0.05678213033393072 -0.010165446316223485 -0.06214804769304303
0 32 -0.0517976273614497 -0.05550538859957616 -0.09486465345845513 -0.07334330003060947 -0.020479682963136653 0.014776614969398218 -0.019994894123652514 -0.03318763888511799 0.035681516541712914 -0.004112437050879675
0 33 -0.03709247930631861 -0.04326853210175524 -0.009871308215721806 -0.03340444180576117 -0.06840353443818864 -0.09676270621583698 0.024868035078967177 0.06110511562282993 0.09171874369300106 0.03273634677495691
0 34 -0.02098747719945489 0.04657744152241285 0.02970380661235899 -0.023828123639771187 -0.04259099106982563 0.03493998095303008 -0.0018184535530189278 0.04153354012234482 -0.025954512991254466 -0.08316978210006645
0 35 0.05638830526312916 0.019697471464350233 0.08374638121985674 -0.018610935464280883 0.016712134648532762 -0.023714975997538596 -0.01430418833290553 -0.010873901569299464 0.02801722070475077 -0.06138761630006878
0 36 0.0029214601240600173 0.07518576031288376 0.02739896243153541 -0.07765673763724443 -0.012975292598870538 0.031767234004436436 -0.07042177237368275 0.03785811051639337 -0.0702850231442936 -0.06968424025174358
0 37 -0.15103557504067838 -0.01459959724949474 0.026044251363217866 -0.0967697023916063 -0.08008072472973089 0.015931511137226545 0.01696868648523008 -0.08812748666201166 -0.11445339923602664 -0.12538954819367107
0 38 -0.04152066420252993 -0.06630390771413767 -0.03680050049302492 -0.019132832625539314 0.0452735086181931 0.03837842392384828 -0.012605267550411683 0.031385731500749366 -0.035727373386602215 0.07287239837383339 -0.04641766643977358
1 0 0.7770608289383507
1 1 0.4860611533951796
1 2 0.2681834547245606
1 3 0.331698216292814
1 4 0.40099523734094783
1 5 0.8747718169193202
1 6 -1.019069927602708
1 7 0.20661840477300902
1 8 0.23106005711874697
1 9 0.6015542492006535
