## RankNet
## Epochs = 100
## No. of features = 38
## No. of hidden layers = 1
## Layer 1: 10 neurons
1 2 3 4 5 6 7 8 9 10 11 12 13 14 15 16 17 18 19 20 21 22 23 24 25 26 27 28 29 30 31 32 33 34 35 36 37 38
1
10
0 0 -0.04139986377033836 -0.12480944147115736 0.053990642692079566 0.023178165696217286 0.03696954660444947 0.061121306767438786 0.019975999315959392 -0.11686708398110995 0.10448971046575177 -0.10710384651716238
0 1 0.08779870933883892 -0.23083746946802577 0.3696988657304876 0.0946909276245201 0.27604722707854773 -0.08075193969155696 0.0555412344756484 -0.4094150531859776 0.13178998696433084 -6.544563657845424E-4
0 2 0.03166517640051185 -0.021652019895358365 0.07553797211421126 -0.014046434091728888 0.0056885762069533285 -0.024952549154244393 -0.06740482615299674 -0.18955997206579242 0.06388540216461436 0.08248863039823004
0 3 0.14200921746241027 -0.42116355320001636 0.5609184239684666 0.014196712387541516 0.4550482303612729 -0.2091175657825997 0.17481578827748304 -0.6346982447642698 0.08569633375017784 -0.010022240535589585
0 4 -0.06235377909455942 -0.15689129580538483 0.10503887172472189 -0.02152138686298232 0.16451670387839415 -0.08827687770449752 0.12805231774065093 -0.21422564903184715 0.06215822834015178 0.03102800785517772
0 5 0.09354279828654236 -0.19582438553573564 0.31344615456335523 -0.016471134037372694 0.31731051321675746 -0.05112185941885686 0.04136291964534183 -0.23963639372747902 0.05320581946128866 -0.03503663906969989
0 6 -0.14293778699693688 0.6207111869635613 -0.6381888150470935 -0.0486645627372939 -0.5378126784830018 0.1141640951718021 -0.14584138120237297 0.7280005214800053 0.005484108972151956 0.15651188534588106
0 7 -0.05543637188628876 -0.44238501530205676 0.4058252588440698 0.05401684123233845 0.2915477306296183 -0.10965253496898625 0.1789174223328895 -0.36772500156454285 -0.04624138103904776 -0.05499977584954137
0 8 -0.08181643694442746 -0.05959860995855277 0.15766818753221754 -0.0247840888241332 0.09515841163982784 2.472025409076393E-4 0.11229775492564212 -0.2339183911099908 0.04023002305388159 -0.09185798294267375
0 9 0.0801568906351936 0.04046074787380245 0.005282923417446992 -0.07727513812298571 -0.05286608292226462 -0.002789308251311507 0.026605487096302578 0.1259404196846187 0.06209873791835632 -0.05848008502228972
0 10 0.017673129872117416 0.13375547241284003 -0.11364992781685246 0.07305578922475724 -0.05032233669814339 0.011551656363556786 -0.026449546804892733 0.12343230189755988 0.07956367279290695 0.03145964760039966
0 11 0.09020143736197582 0.03535498538374547 0.03240140270289927 -0.06126039648587442 -0.13447684203583563 -0.01028955573899945 0.0317200705127814 0.07345502988821453 -0.10112727677870448 0.07392899255932468
0 12 0.05361215937718254 -0.3674245054886439 0.3620858726363359 0.08037992364922497 0.2988398781591497 -0.11190628753648277 0.14369521336487517 -0.3668347552167577 -0.0562870343275635 0.04557213109040776
0 13 0.08445034075863406 -0.1015263135573899 0.17650623910270574 -0.019870899949887035 0.18670723574784823 -0.03700519873697898 -0.027154670562517254 -0.1568194194647339 0.03222703728968096 -0.058325214580867334
0 14 0.06553554366619907 -0.06617227427200673 0.10515423745328173 0.005902609681149922 -0.035779456324746654 0.03241857293095334 0.020868244146987527 0.041710043889595906 6.64534311405993E-4 -0.07897636600187506
0 15 0.016385008116047244 -0.11074128321219479 0.06786717921564087 0.0374501376271497 0.03555507289390401 0.0484909780330493 0.048766195918777254 -0.1888928102121831 -0.013504024202170102 0.03445545774834347
0 16 0.055282644868092805 -0.07364690030228285 0.18320423758990467 0.055533406619893554 0.07045868860986713 -0.10307571872631151 0.09226803038584207 -0.007329387805290045 0.07608124837065379 -0.031353497600566424
0 17 0.09539024328925638 -0.06822852695768117 0.02315142014754386 -0.03947253825573478 -0.003629741583827764 -0.036233866082195094 0.02088401151110016 0.06260060859001666 0.005886533138209902 -0.04275148817640551
0 18 -0.01099387068382082 -0.0865341476450143 0.09011532061130796 0.05925353344259401 0.18870984741601857 -0.031210134655895456 0.03654279131158581 -0.2012935816776388 0.029320781724019373 0.055199070828839444
0 19 -0.0426357941845479 -0.19027531243466267 0.21704125646995712 -0.01505274060597673 0.12754140460048174 0.010722024559189365 0.10710736817527043 -0.14292678569657113 -0.06606719984774628 0.05239259889028345
0 20 0.01258476286739483 -0.19914536726828366 0.09889669752035317 0.07147145196857795 0.09693939624559876 0.0038604071687484754 0.10915614208113651 -0.05329772371389584 -0.005667005067756361 -0.0679865964801514
0 21 0.07351854585438612 -0.05637268271087612 0.07291192229205681 0.0996884808228223 0.1022994240352248 0.01594906406572557 -0.02013609272872583 -0.031039764859696877 0.10252028780893162 -0.08080185003771294
0 22 0.09357360610072778 -0.21901205649345412 0.26450948352460274 -0.05653325644196223 0.21962022463075373 0.02711783372197174 0.14627904406785927 -0.10104578990463345 0.0061595978892688185 -0.03775825611593694
0 23 -0.074302460498864 0.034470246569462536 -0.007535710710188848 -0.047175198546912454 -0.035984001033895326 0.03501050337844623 0.07853924119794779 -0.017658158499642064 0.04946144695449613 0.041324663792905
0 24 0.03658516150844664 0.017239035863591823 -0.053931992042632645 -0.10139049462801822 -0.13518419281457358 0.09213502313293997 0.06607172540378659 0.1578179781353573 0.00789308327863117 0.032981443565875845
0 25 -0.030934683219796012 -0.1352109584171465 0.0601990395012465 0.05914261715343664 0.03516652184086177 0.006951268373889997 0.11509841071800812 -0.14203682277158555 0.008016408960323261 -0.04571580581695546
0 26 -0.02843064551238549 0.007632090883842231 -0.0973093036139458 -0.09551920139691504 -0.053375391286239984 -0.0073069646925993164 -0.09205443074593635 0.11994284709364043 -0.025543455251655016 -0.040040890669652836
0 27 0.003150521120281091 -0.09497134731569727 0.08225100658746198 0.040678299756557075 0.07635235127875174 0.015654205277203063 -0.06995973247351399 -0.11408537330853258 0.06115103393016209 -0.015091002819451995
0 28 0.09242449733197258 0.02918583074111165 0.028549747948653798 0.09431062933872714 -0.08676164943403782 0.06948051233090878 -0.017817283694847544 -0.09769451715689734 -0.05415211793114978 0.008585720495540846
0 29 -0.07710251845197583 -0.02669660890194656 0.0841816688873884 -0.02028453823092575 0.08236639981536073 0.022715802747962244 0.06024758768227738 -0.06264864718281364 0.061752895699760904 0.03855380084679633
0 30 -0.07633241213226652 -0.09241539438646239 -0.004157103663663735 0.020538516702355427 0.04671139129308856 0.06501153274751839 0.07002569654714443 -0.021301975773018365 0.004192386841403669 -0.06682340904581612
0 31 0.028422597522228834 -0.052490817565389335 -0.05463191590556619 0.055632102422052764 -0.10033044240662357 0.10034357446282038 0.03108582008336467 0.10020992598268294 0.027798262382333582 0.05658628032168407
0 32 -0.09073757058718687 0.020079026487777915 -0.06632399193946044 -0.04013467193801369 -0.04727650701208103 0.07829378715712709 0.06353187932422572 0.06286540455705582 0.026954168056171176 0.0708113858171887
0 33 0.0197805098550051 -0.12405885988795175 0.029648523327044873 0.04197317189525638 -0.06623502277846813 0.027766274439895565 0.0464186389933563 0.010806612230163347 0.08513486632172569 -0.059873530897547295
0 34 -0.07549975285450929 -0.10148917278529374 -0.0088711095388264 0.08960842097506574 0.07187772682739141 -0.07772843245897738 0.08174867138991532 0.022996691641547308 0.04196470366639149 0.04291804596194519
0 35 -0.05637659877538681 -0.07167069613933563 -0.0333261676132679 -0.09545107185840607 -0.06549514085054398 -0.07900150865316391 0.060643553733825684 -0.07021290063858032 -0.004860329441726208 -0.024445395916700363
0 36 -0.015358128681818736 -0.05430317266829198 -0.028009674953477243 0.0504846577096665 0.045092370569758476 -0.03157569421122735 -0.040414055478082 -0.047512894887956625 -0.0735533692106787 0.017009586851359795
0 37 0.0699743845832325 0.03287462890366186 -0.17295512443938366 -0.059626110281418336 -0.16443609074449483 -0.060757392081691584 -0.08584142349529687 0.04297469666392754 0.09459102017526294 0.044725429614153246
0 38 0.06296787773266835 -0.07101984989850804 -0.14555987305660434 0.0646911202232566 -0.029425647365627677 -0.06434294147125627 -0.10151999141563338 -0.03124251925347545 0.04049438906624835 0.033258827531751994 -0.21056201288511872
1 0 0.11917225155160004
1 1 -1.1273063552330664
1 2 1.197018676355599
1 3 0.08523314757490626
1 4 0.9989832011553359
1 5 -0.3381109502829488
1 6 0.3289558738590067
1 7 -1.3792823370816536
1 8 0.045923855307892114
1 9 -0.20734689532825082
