## RankNet
## Epochs = 100
## No. of features = 38
## No. of hidden layers = 1
## Layer 1: 10 neurons
1 2 3 4 5 6 7 8 9 10 11 12 13 14 15 16 17 18 19 20 21 22 23 24 25 26 27 28 29 30 31 32 33 34 35 36 37 38
1
10
0 0 0.06935975237563265 0.18335335490174295 -0.09203543601056462 0.07914348333635267 -0.13569610067566315 -0.07605527376096281 0.07484322404379315 0.12884627215530994 -0.006160096849870916 -0.060614888036211415
0 1 0.060798458890723876 0.19645349978682944 -0.1853420957900801 -0.015150302722070916 -0.41694901236859944 -0.15361989516658917 0.19268828301973942 0.3924593072548898 -0.14884218794470833 -0.06599533228568842
0 2 0.01937245985594434 0.06417938195597585 0.018033918120594163 0.011836220562986822 -0.09182950137145449 -0.03259818678935081 -0.020514322073757835 0.12930865780534304 0.02447673309252775 -0.10878414468397876
0 3 0.16078794870261937 0.3744271998818163 -0.4282287175715604 0.06041192950864394 -0.6564673330026283 -0.17027999293019946 0.33168523369552433 0.5700948532807956 -0.43323810364389354 -0.13719209958840237
0 4 0.11889109528945435 0.1689376955272282 -0.20563579387035305 -0.008671423724483611 -0.30730652381022133 0.001875008405745298 0.17757506896525044 0.20149329159786578 -0.08886789542118041 -0.13295056285630322
0 5 0.029787466858345536 0.17185343514456347 -0.21790057169346982 0.11940597676931028 -0.4275129731995375 -0.09735808632002593 0.06786048438630489 0.4293041439556234 -0.198263937588655 -0.06162243096530077
0 6 -0.09102857666567357 -0.46993472213376397 0.523821954344693 0.006752248742519438 0.6790339577771449 0.2386630217991552 -0.37244208791507066 -0.8350841020329727 0.5035824915775511 0.0628135019305587
0 7 0.0857921471718587 0.36960078889571635 -0.20737317375098915 0.10939623336318015 -0.4140145012041623 -0.18034019525819905 0.281190538051812 0.40421604091297314 -0.27491202842535234 -0.13364958792606194
0 8 -0.03162017019488998 0.1779323351524881 -0.008798798766100378 0.07235349344687093 -0.04357837504816702 -0.09913516918219199 -0.003923368514176152 0.09160329003482515 -0.16595728110094152 -0.10931538486356453
0 9 0.08546457572696449 0.007550983069374354 -0.012855539538699664 0.006231317283474901 0.09293465856425819 0.08441936274865879 -0.10717740693090906 0.03826454552067604 0.07266296147133708 0.07735764533001939
0 10 -0.0762320261452409 -0.042027086626390306 0.02678686956377059 -0.06990918638305342 0.09042925857507804 0.0025326213978442446 -0.029805003913637277 -0.07739883629427093 0.005522361190142709 0.07677862896331498
0 11 -0.0034149100516406264 -0.10834917081934459 6.829116399143202E-4 -0.08563053749315311 0.07508075989514669 0.036279746616483276 -0.08657082079685637 -0.07932324991314715 0.0035316516085425473 -0.04360711820663594
0 12 0.09662506155459445 0.2913844832629207 -0.2673110972411634 -0.013574768118693887 -0.4063927302331352 -0.02689752480969578 0.1748908137887663 0.34404950879348895 -0.14551039445093117 0.02434290162413905
0 13 -0.06430019994647686 0.14114160113755866 -0.16972749446586657 0.12469511710726096 -0.20174029164524834 0.00427606487190022 -0.007267128820039149 0.2325321134440217 -0.20305292607048123 -0.1008027113474201
0 14 0.07882119231324564 -0.09087090029500655 -0.018089389038267605 0.04624112431327395 -0.07712219869479549 0.016000169533455417 0.02714115981694554 0.023023551961495678 0.07863756791484995 -0.05944306188722022
0 15 0.07871772483957194 0.1020669881333286 -0.04661442480232582 -0.032573527658994274 -0.19112396379700183 -0.0511379618195109 0.0648430751542963 0.04313340536099822 0.008106033307027763 0.04393183633354226
0 16 0.040455875481967024 0.04765684934623678 -0.10317744264294477 -0.021488213334570225 -0.06475790541085395 -0.04953915747523842 0.1191778176414762 0.1330093752809324 -0.11953472356408129 0.06461618996019729
0 17 0.08822078147528122 0.09401866088328018 -0.1192706704306109 -0.04890230246476436 -0.07789700497234531 0.0025877774626435345 0.10683366597092887 0.07468018848414962 -0.10589248875985621 -0.027279278009580438
0 18 0.10688428834558097 0.20668990656591527 -0.1057475555539126 0.029057349303484557 -0.17371402631322916 -0.04455838496848491 -0.006707325594514907 0.27256369873110065 -0.08781769906270367 -0.013195489847049179
0 19 0.0073990873018911826 0.18061496342419203 -0.06536293251037495 0.030013021632992645 -0.19750576623728888 -0.03171536256844333 0.06820046418026242 0.0765017283342339 -0.12830342244222923 0.052260910912808475
0 20 0.05469670833009419 0.0076616044961903195 -0.0030243113189308765 0.09748921383330707 -0.1838024999784037 -0.04291678432658339 -0.049685329485231425 0.17001131785994966 -0.15495393648126848 -0.09925314069101851
0 21 -0.08515329433334518 0.05435856836350641 -0.12087203046992784 -0.06542381892814031 -0.04462469085424562 0.011709883707775919 0.07708765742740187 0.027505296203145086 -0.08496865017458742 0.028684374306553913
0 22 -0.036818526498429115 0.23431048371689422 -0.23165912016808468 -0.059992997914319085 -0.20079855125953613 -0.002550955778146858 0.02366009050292213 0.10786968245764707 -0.073454722154086 -0.04886723446305691
0 23 0.024877321895528264 -0.014104322399473145 0.10485598216622682 -0.01927557642036911 0.11231534456097991 0.04386304160757552 -0.08741949709338014 -0.13589033799820635 2.836420964130128E-4 0.04213749224164233
0 24 0.013565205922320585 -0.09254901702065212 0.07050039436816988 -0.08415215364469318 0.13720465205127264 0.09614477984813556 -0.06171811379347897 -0.246934104766749 -0.005710968526282978 -0.06216692096662824
0 25 0.01515491748245527 0.07718042702679283 -0.07283870700366217 -0.07053803471541903 -0.1885901737583772 -0.0183526416642744 0.07606414177888954 0.2024380416377236 -0.010982139775793574 0.06625848720743249
0 26 -0.07445601717256417 0.062303643171899535 -0.0410528608242078 0.015822042164119296 -0.07765511085575584 -0.08978672749038417 -0.06303489753509574 0.06386284706702448 0.08560509246500463 0.007679064709858615
0 27 0.02089341315389724 -0.06600679304734454 -0.10176754209654602 0.041624116709547083 0.020314985955437917 -0.013426014662492377 -0.06446675994714453 0.12208830872393339 -0.05048887826206922 0.05163308341914007
0 28 0.013852574682004803 -0.05412311760349445 -0.0913456232066938 -0.06724829450486348 0.09531836439276747 0.01407887920151282 -0.0944034578473044 0.0500950832988482 0.02323269475423058 0.02989546565306771
0 29 0.04157940165914614 -0.031962117607684824 0.0037263504911983453 0.008369421660040647 -0.15437840289241112 -0.080832038619698 -0.012255578081485132 0.04487934721036716 0.0477634806746188 0.022645649610152332
0 30 -0.05175961275783888 -0.056989102021649106 -0.0012176658150990117 0.06490709687385819 -0.11512831687267494 -0.07361333382815581 0.10283506115689409 0.06719731546486411 -0.002047566237068965 0.07210981619507144
0 31 0.05476486574953392 0.04806287514455149 -0.07806940595433012 -0.003833920700029668 0.009311292023685821 -0.09294562647961635 0.07870798834256038 0.034788822489264466 -0.08865754582327405 0.016562460180520572
0 32 0.031140568529505048 -0.07150824244798505 0.06921026341421165 0.08844927846631832 0.06578147867790363 0.06905250943693106 -0.1188042613234829 -0.17660375871349204 -0.03752748761148497 -0.06443109742950223
0 33 0.05635725846886115 -0.06539344870355668 -0.12848970762203812 0.06659262126882193 -0.08515591988478827 0.06211410196091081 0.04559833618621496 -0.07654109697846057 -0.0029019094884050072 0.016711009746509197
0 34 -0.09454650999146852 0.06683131385771302 0.03325873347532321 0.09925403885843867 -0.04693356357219022 0.019684945275640416 0.112917616289865 0.001625640228893384 0.07808737180219902 -0.08433622065871654
0 35 -0.030039586125651396 -0.04356656299094481 -0.01842676790223426 -0.020543125656198775 0.025554681534599208 -0.048960832745691546 0.08796742166956698 -0.0022340701500404483 -0.042253604049520596 -0.09547180814611056
0 36 -0.08841082618708737 0.06849057623613783 -0.08826505592652457 -0.06271613587857693 -0.08674169825153759 -9.139579946223493E-4 0.030861190800807865 -0.06340255834573438 -0.059457531879030655 -0.06586418363048503
0 37 -0.10055890021884105 -0.06039316079256748 0.015450179093178558 0.05742257887919284 0.08774763642105755 -0.05357693375862379 0.010070056661659756 -0.09280818707750664 -0.04015936513070758 0.10578790186009374
0 38 -0.07151496857564678 -0.07179641569158647 -0.01471852967275141 -0.07021366063271474 -0.01391313309702292 0.09977974562083478 -0.10349080396647105 -0.04927357041506005 -0.029973258775568456 0.10288630166461823 -0.20206802481853708
1 0 0.181533337273053
1 1 0.8969962141256209
1 2 -0.9519931789192904
1 3 0.07213809029288822
1 4 -1.464283994738041
1 5 -0.47107808970191273
1 6 0.6014668983309092
1 7 1.3756211192621395
1 8 -0.8696178428398771
1 9 -0.2985897876968825
