## RankNet
## Epochs = 100
## No. of features = 38
## No. of hidden layers = 1
## Layer 1: 10 neurons
1 2 3 4 5 6 7 8 9 10 11 12 13 14 15 16 17 18 19 20 21 22 23 24 25 26 27 28 29 30 31 32 33 34 35 36 37 38
1
10
0 0 0.008824924051254403 -0.12349573468538909 0.04218945973741303 0.0955113671655769 -0.11962212518122364 0.1163360408854095 0.14412118969362284 0.0038105943191211375 0.0722428370320083 0.04867145450481829
0 1 -0.21603396894909557 -0.4219433551959841 0.09320862211233646 -0.013217789549693968 -0.3681807099664524 0.08521263057030161 0.30824383441569997 -0.3206948497973626 0.20429844300563063 0.06424564962608517
0 2 -0.14415951221430112 -0.038169560847741535 0.036638480549551385 0.10677446573588062 -0.00469159659535412 -0.07800129324381377 0.09536316384514575 -0.12498638176514253 0.09605533991346792 0.07576759892491503
0 3 -0.25776162222659943 -0.6610591592279256 0.25907476849159744 0.020217296032282703 -0.5911239542693266 0.17803692040836178 0.46183043192449985 -0.30086288078152695 0.26161807643838525 0.2020790972821726
0 4 -0.18732702180612917 -0.18889664990031965 0.13477998889607806 0.12700874207743557 -0.24132225164398638 0.07528188790882814 0.07457844015091238 -0.21424860004345556 0.10367559476567106 0.056904632362096565
0 5 -0.21954137312341176 -0.4273028211950685 0.09350448029229415 -0.007965312471103077 -0.25514046484433767 0.0931815706853939 0.32937456834891854 -0.2671292331140333 0.15475349924001983 0.10680805688944438
0 6 0.30475012437837373 0.9097150346075492 -0.3009426168804938 -0.22936764504701077 0.5711057953362089 -0.1908717761844649 -0.5269895659288972 0.4204032320675083 -0.43415588277118977 -0.22381551874178374
0 7 -0.09285128105913756 -0.4618811742522002 0.23331860849713001 0.14787734581508533 -0.4553555288627879 0.14068391404370226 0.3151411374955326 -0.21737078988518108 0.11747860129453137 0.1489325544242684
0 8 0.03289559529805627 -0.14157271102743865 -0.03344655074422868 0.10503948936823024 -0.08267385949519056 -0.02178489672468291 0.0541743759112213 -0.006258898039137377 0.0660518842787722 -0.04788444517446465
0 9 0.09366913242840144 0.06762217389748272 0.02503212618260979 0.03406192219815591 0.09091142205417237 -0.00837874291908974 0.06657434234828496 -0.036810584509815364 -0.07884793519705732 0.0455055804730721
0 10 0.07941850057758022 -0.003698348299010836 -0.06237223574222896 -0.05496871695375512 0.13801932459297592 -0.023212840415379306 -0.013013533948668634 0.004747016616412933 -0.032777332839606564 -0.11376328897161822
0 11 0.022760944797507898 0.03519278607635587 -0.11059785204514572 -0.040312165675590934 0.05943461957929638 -0.010048653058039128 -0.014443206126248517 0.037203929640270604 -0.03027184040163881 -0.040873448118972214
0 12 -0.21177640307884474 -0.47942853710045463 0.18186926543063633 0.14116086509362838 -0.31319124770229106 0.14610484389996337 0.33110247958119804 -0.2261162436312576 0.14369085926473998 0.1634395114944693
0 13 -0.051565197962670124 -0.35435937347751706 0.10052011127712882 -0.007215353448634419 -0.23549401482746818 -0.023864461278478095 0.11906877450315835 -0.23515034754345743 0.08743596611102067 0.06669772508023833
0 14 0.011440952034205788 0.008751702851621322 -0.06914665831120886 -0.043558516035946196 0.043962644031040506 0.04785756953515982 0.10864105906273083 0.06888191868189471 0.10122853639002563 0.06824772845026571
0 15 -0.12876116317737532 -0.16390294739215672 0.010495439400093277 0.10518027129538522 -0.08890533076252143 0.020978839855762568 0.07592698278033876 -0.08326636438558052 0.05287880564948332 -0.049170719967004485
0 16 -0.1252938403681341 -0.11620107080244699 0.029329938339031778 0.09524204383472498 -0.03963028501557787 0.06811731017339707 0.15814584876333268 -0.04194348249982645 0.042003293158599166 0.008926922180271944
0 17 -0.10102632142434932 -0.0019121843367473515 -0.051360094642557794 -0.010261617869079163 0.017605519235270296 0.07645687647938498 0.0367929186546682 -0.027821761497550314 0.03605388981372505 -0.002617103624985463
0 18 0.01328221208637485 -0.1603764174344199 0.10435193994118397 -0.06999602416023797 -0.15481848655606267 0.06913621974355816 0.1713238850213466 -0.16584878170097478 0.05201692422556746 0.05686913789849885
0 19 -0.0850707396496066 -0.26578444654347855 0.024976107000237162 0.023017260460440954 -0.17110732311355614 0.020195506172355354 0.1711142813250209 -0.13745063792072523 -0.012152664040819558 0.13325326735121376
0 20 -0.0993382753107009 -0.06761780917827057 0.05516305198238976 -0.03414264452540469 -0.09689572539105942 -0.06755444042369098 0.1646379937579067 -0.052414511547206596 0.02911858991595589 -0.05410923284299101
0 21 -0.06250212938104802 -0.09132627456517368 -0.025602660375724458 0.09020035456225525 -0.07555432481958023 0.05955360413537213 0.0789421549166059 -0.1446340876945884 0.011813391380262205 -0.08153626295759728
0 22 -0.11569469130684722 -0.2522424319098967 0.08632640041919773 -0.03662920621902561 -0.2354328297411335 0.020137272130087994 0.18090299100008894 -0.05050210725078564 0.1562536065849703 0.08177827130555489
0 23 -0.044995118443019316 0.09219620271544283 -0.1124437204040034 -0.027926723235405064 -0.04053118402098694 -0.11422024148858623 -0.011303131073172962 -0.03588876232242116 -0.12819428709291264 -0.00612428490220501
0 24 0.03945789045346351 -0.023998221376502465 -0.10159283824281705 0.029625463275384845 -0.007954985319872 0.00641862920955719 -0.14854444207314318 0.06989839848043755 -0.02562818022379777 0.02563057506267576
0 25 -0.07495663973303071 -0.16516569862673594 0.08306960870123435 -0.04214134823819432 -0.02806305960376116 -0.038672793648984724 0.09138336317651957 -0.024388550884485074 -0.004488728058110133 0.02148267202602736
0 26 -0.006786016410469679 0.018383110878938888 -0.04658357003128703 0.010361705299528064 0.07918650841332832 -0.027265948008093278 0.008913046893843951 -0.05755964759505472 0.021413518207183294 0.06110020959772355
0 27 -0.10776346878353842 -0.10367914685848237 0.10736721835104174 0.07969485957264306 0.02907132158643281 -0.07511699700451696 0.13117843919490324 -0.01111933603749166 0.11440204921729852 0.1073628256811801
0 28 0.033216737181153005 -0.061847109822208736 0.022518398882734665 -0.08647229010266598 -0.025582244915943846 0.009966921822168358 0.10538094968823353 -0.06388702907598107 0.03717214440640745 -0.020770435293817106
0 29 -0.005921072083569248 -0.18012553595230868 0.11941790527346816 -0.07712899226659743 -0.11228464916038061 0.055331998363237975 0.07761174525913717 0.017436066198765563 0.1038167211180579 -0.0683384946124128
0 30 -0.05159750540338684 -0.014034472739214977 -0.09236263923393816 0.09931339208754213 -0.04885472459620731 -0.005687481812833425 -0.08856737408702756 -0.0950681162808518 0.05449008511152549 0.03900620252276041
0 31 0.0559957534252863 0.06056516143655728 -0.059480333366426254 -0.09582257663817112 -0.03675752219126947 0.06139154868156585 -0.1035655937799486 0.02886325784239847 0.02053865116451143 0.08761249380285832
0 32 0.11028211613147937 -0.02229201460098805 -0.060351656484139024 -0.09565149989327945 0.021451642043931456 -0.05719193542195115 0.005365152274720983 0.024634328996646877 -0.05807889461862259 -0.09078538079700069
0 33 -0.04927978468877442 -0.15442546798157344 0.10048808736263118 0.01267304869901036 -0.08086227469863236 0.06200819345088421 -0.03302081263827598 -0.00908990956655081 -0.05465203265120306 -0.04930056020451724
0 34 0.04682488915579235 0.0814158630211039 0.047297876457392966 -0.040428841066570576 0.030471144673442828 0.01572579179399968 0.024717871246131798 0.008718308293891995 0.03238197291543902 -0.04504564441268881
0 35 0.027505562390237135 -0.08548023390648701 0.03282393127957444 0.09849224091910842 0.04136777768044538 0.030939529541794526 0.02764934479361952 -0.07868144513801423 0.07214929840494767 0.08355759023794523
0 36 -0.015048733390570286 -0.02487124691440078 -0.08990691644957788 -0.0247185245901795 -0.0902227488231957 0.09446009450706543 0.06826366089528639 -0.049466374756914414 0.0749701483797943 -0.08183598069756685
0 37 0.04365819959767758 0.0016579934076978154 0.05107240317058222 -0.08230412373611425 0.028648021975743728 -0.07333373490674419 -0.15869451929122336 -0.0014166503491829627 -0.03981876699579296 -0.06711869563890863
0 38 -0.05922402902444527 -0.011416208389350325 -0.08213757829803285 0.06599607993114763 -0.02347027137412388 -0.054621838833790876 -0.06531965283477932 0.05820122886837639 -0.10578607274594744 -0.0980337810764603 -0.18288019932421135
1 0 -0.6770608711700432
1 1 -1.5856056984669766
1 2 0.5165119357561608
1 3 0.2218547546008158
1 4 -1.2218641806609332
1 5 0.3026169004673947
1 6 1.0197959830279568
1 7 -0.8786392846795682
1 8 0.608265359756861
1 9 0.3531515905847553
