## LambdaRank
## Epochs = 100
## No. of features = 38
## No. of hidden layers = 1
## Layer 1: 10 neurons
1 2 3 4 5 6 7 8 9 10 11 12 13 14 15 16 17 18 19 20 21 22 23 24 25 26 27 28 29 30 31 32 33 34 35 36 37 38
1
10
0 0 -0.03397278454288867 -0.03296085747525317 0.09360584478592501 -0.017432030346670173 0.03179813500723681 -0.06714996984461073 0.050759096526540336 -0.008612743920697663 0.08135229010382691 0.03122854719760738
0 1 -0.01259568129220902 0.0866228974497235 -0.008062193977664757 -0.05398652217502766 0.09171391740890869 -0.018385348260287433 -0.07052348762610469 0.09067727030693509 -0.06321996393328147 0.06250878341803819
0 2 0.05788606326656962 0.032075603366292726 -0.023799030326566738 -0.04388693971787351 -0.055317630911293166 -0.050377409580905926 -0.041089607581972394 0.04233174944489244 0.09258348468935101 2.815445541612015E-4
0 3 0.07205390734561344 0.045345447324309486 -0.04360458125874634 -0.09347201774376453 -0.09931119550646722 -0.04726161408535698 0.06382302272660066 -0.05120210026973713 0.024715498568192516 0.04516483104432478
0 4 -0.03541157314984073 -0.018746101013560616 -0.06338977521977944 -0.09593999495846153 -0.0397940360813625 -0.0945181675269347 -0.002144255357823805 -0.04935037672183447 0.09467708549520219 -0.08717060046707316
0 5 -0.020377048066917886 0.06520236371140928 -0.07005495271335671 0.06357164207116289 -0.0243651626422454 0.05565966216611409 -0.04765423364526836 -0.09200235553137463 0.011905441789050106 0.06874153557707668
0 6 -0.09825846783404737 0.017479866495374263 -0.0666361769628224 -0.04146209673192642 0.030305059292313773 -0.02643113172470654 -0.08074876182646484 -0.008921465160027656 0.005826504705330595 -0.07389743686875225
0 7 0.016638066986940654 0.049172775772175895 0.029992571299578816 -0.04693773896908752 -0.049171377091517865 -0.08126878437652374 -0.09407733431779573 -0.03444732498896165 0.0744070611126237 -0.011214390014959209
0 8 0.09198658540095776 -0.05746054072527003 -0.030882170625476307 -0.03693250666963946 0.03869511286023179 -0.08918669902262082 0.0576816520837149 -0.0828949221305942 -0.08627151417709707 0.061701977850176004
0 9 -0.00256088665995903 0.03368863640462917 -0.07497464366169351 0.01065616661037073 -0.0034365658242178775 -0.07473758492682188 -0.05636759089231659 0.05868769009488471 -0.08862542938181679 0.029582973821779067
0 10 0.09577114096080142 -0.07520525852382004 0.0794093362901681 0.0028427671863726057 0.09448850478362349 0.07941557914455259 -0.03461052224374294 -3.4895193883666045E-4 0.07209990782782348 -0.07163563942309645
0 11 0.044950701304733325 0.09935568744839582 0.015080141362580722 0.08941854333457973 0.07186968729505475 -0.08481016513179428 -0.028019092607536735 0.08405366625349155 -0.026448700298383546 -0.05058614896136235
0 12 0.021131375325932737 0.004911859928299498 5.52055838763748E-4 -0.08890490476753182 -0.02907654660488893 0.06036069565807945 0.0957769319128876 0.05555708232424858 0.08521636772906166 -0.09727135421697045
0 13 -0.04259630227299431 0.0032212515145407738 -0.06708375869992654 0.0024108934642051577 0.06713333090093442 -0.022372419025068348 0.08989539675916261 0.08460139954319418 0.04161579199975035 0.01381530337403524
0 14 -0.04890918028236559 -0.03925034520244452 0.050395804628087584 0.04535247071909517 -0.0993345813697097 0.03311097580650635 -0.012134995927015873 0.012340937184649417 0.024276719163401694 -0.0701946896081533
0 15 -0.02791878535229483 0.029955764713726324 -0.056058037057691766 -0.01942366816025896 0.06456783006989747 -0.034221301424145194 0.008107246566977772 -0.08813652623266992 0.04088369695856213 -0.05836609483015484
0 16 0.02590420662713016 0.02468759865580374 -0.05798597937536683 0.08099979602197162 -0.08305916894861679 0.02048684395729441 -0.002597783701616517 -0.013573620808500822 -0.034921131544258965 -0.06173843776039911
0 17 0.058043087031490664 -0.006549102505161801 0.0889993889834645 -0.04814330735994478 -0.07642906147639164 0.004088274729543678 0.06966510268897129 -0.058222436629337994 0.0015955583635950618 -0.07230295789353058
0 18 -0.03312278727287698 0.08959816640596834 -0.08394772733718822 -0.05684971504721377 0.03681575695723376 0.04418713979430458 0.09489452453564744 -0.0013048582868586398 0.0789807293543425 -0.06084170130981513
0 19 0.0313467004052952 -0.07158108020329983 0.002153430182913719 0.018519420967241768 -0.09790531296986361 -0.08680192074505877 -0.0974406939532705 0.04806140025782083 0.07043391965562215 -0.053295389719624164
0 20 -0.055740588234584165 0.09285632721177993 -0.07096658218243992 0.03449172801997694 0.08776157442807173 -0.05356018993031874 0.0317564158135047 0.06609044272551869 -0.07223817432911316 0.03669982160609844
0 21 -0.08593371790187775 -0.04458927604919505 -0.002070810186095419 0.0024036082583932345 0.0961192096155731 0.07532539454394724 -0.06415264402620587 0.07293585958643567 0.0297879056374635 0.06312832727684801
0 22 0.03180229458816853 -0.019975232466428766 0.0917039069144733 0.07206625387714634 0.04677108818464065 -0.09678193612209879 -0.05058873385734907 0.057330960108866375 0.03836456783366372 0.017609003988322488
0 23 -0.03440313421960797 0.094892409654794 -0.06207637358415542 -0.018113255381854803 0.024679086925118752 -0.09592979756728158 -0.03717292996714525 -0.04688212029654293 -0.047164973907623524 0.09434089329780428
0 24 -0.0311762478700141 -0.050006557994164334 -0.04616315013935808 0.039095942270529566 0.06779502794217732 0.010064537331668871 0.025916291044297865 0.0060293289877410726 -0.03173475529829294 0.0929074126372247
0 25 0.06568908777799803 -0.06762083624255032 -0.008567338787260773 -0.036265631966169005 0.03982463279475806 -0.02483292883175682 -0.020570025599392673 0.0877844478893285 0.030846760036248005 -0.007430250297593437
0 26 0.018989117680906126 -0.06155885462925049 -0.08015082318020483 0.09941978073307352 0.04731650331055073 -0.03789885282389791 0.0043276402176843825 -0.028366917499154588 -0.017432374120683717 0.07301339922253736
0 27 0.09904689278560147 -0.08716212911574318 -0.030287384133207633 0.02209860558087373 0.06294670570802793 -0.0233249435606087 -0.02836843206411566 -0.0035412726990747233 2.8131276174865014E-4 -0.03936184760008862
0 28 0.08927164769881699 -0.04885662957953153 -0.003449002969154773 -0.09714425777333173 -0.05656494353052664 0.08886384858698186 -0.07309765598019265 -0.007920620530223544 -0.05702694857227129 0.025153933461549986
0 29 0.007764468709278308 0.020701998966748333 0.0719563377876344 -0.022632383272094592 0.08296636422303999 0.09171290222060692 0.014320323667964322 0.03851151078825912 0.0441693545548 -0.029966491563135148
0 30 -0.012826849466829802 -0.07155902113175762 -0.05876270507047948 0.0648468491690532 0.019861006964883812 0.07636549971464568 -0.006571826152976369 -0.07555661865733695 0.041018822867016635 -0.03630219833382599
0 31 -0.040995388852881016 -0.054673584581992146 0.030242701282759053 0.03165066205936516 0.018899010888294605 -0.05231977742849531 -0.007233228715960904 0.06987281761676266 0.08019943432325218 -0.0620171377650703
0 32 0.03126806720241793 -0.0679518984833797 -0.056345463723110105 -0.06446478333342014 -0.009414157167384675 -0.08961832923288768 -3.2870865611854387E-4 0.04112204686277329 -0.025659612888382314 -0.0436824975086255
0 33 -0.06065021733315995 -0.006095794806130673 0.05268484617369249 -0.044302098219700506 0.06641340081405951 0.08202244073624697 -0.048461031716524716 -0.01857529379545899 -0.05113122833780585 -0.06242617104769014
0 34 0.04407796385963787 0.022541249132955535 0.02060983379408708 -0.06297572651029752 -0.0051230383722315545 -0.09201811604529236 0.0587537534204258 -0.061209430828808586 -0.07952041623257337 -0.013660846921757785
0 35 -0.07731964326784517 0.06510047702167072 0.054318399756690075 0.045582618127328084 0.034679836959111844 0.030366800550218447 -0.007765055806096716 0.05795097191158336 -0.08975757140925393 0.06754076283679608
0 36 0.07912762463092804 -0.09090961515903473 0.010886454954743385 0.041095953434705734 0.0778849869966507 -0.046927858144044876 -0.02950688637793064 -0.06501567363739014 0.019322479143738747 0.04447057098150253
0 37 -0.014260937083808862 0.041907333220229624 -0.004566519137798489 0.060397213083643736 -0.042191325745995 0.07573078156919308 0.05918175819573141 0.07948818059715061 0.06140022928165172 -0.0133810715121895
0 38 0.051331431533294704 -0.07237305556364257 0.008289509521386566 -0.03253540972174208 0.07601699816323453 0.09451624339760295 0.03138193783574337 0.005835400800794734 0.04749238022539164 -0.07380194025207215 0.07270006090402623
1 0 -0.008697116747498625
1 1 0.05132986977696489
1 2 -0.06961932778358365
1 3 0.03224038332700674
1 4 0.09239762276411069
1 5 -0.027861332520842684
1 6 -0.08601427823305086
1 7 0.09957037866115565
1 8 0.017631119117141224
1 9 0.0154162589460611
