## ListNet
## Epochs = 1500
## No. of features = 38
1 2 3 4 5 6 7 8 9 10 11 12 13 14 15 16 17 18 19 20 21 22 23 24 25 26 27 28 29 30 31 32 33 34 35 36 37 38
0
0 0 0.06434324522671861
0 1 0.026802535382357735
0 2 -0.09923470043079032
0 3 0.08181203385389513
0 4 -0.0320971583408389
0 5 -0.08082687513122878
0 6 0.02609713150750186
0 7 -0.04449865602318615
0 8 -0.032969200136665405
0 9 0.0755146278710215
0 10 -0.09065202588117689
0 11 -0.05592508644245637
0 12 -0.08187439714643481
0 13 -0.08752079030206622
0 14 0.04142168421644183
0 15 -0.06030430971392316
0 16 -0.005799774454603597
0 17 0.09971364943401338
0 18 0.008650705003491188
0 19 -0.004663436898903156
0 20 0.004340713483059085
0 21 0.034183857380814274
0 22 -0.08397651316193398
0 23 -0.02765499002107012
0 24 -0.08450793721827551
0 25 0.05910192847190585
0 26 -0.017044871180903167
0 27 -0.08274088214238524
0 28 -0.06476065158290276
0 29 -0.039150655559755485
0 30 -0.07292832637588519
0 31 -0.043248461385877374
0 32 -0.05364113881348691
0 33 0.0483657680868135
0 34 0.07604472035178089
0 35 0.0037886555855375717
0 36 0.05950939938618158
0 37 -0.036506100080047746
0 38 -0.02318738028407097
