## ListNet
## Epochs = 1500
## No. of features = 38
1 2 3 4 5 6 7 8 9 10 11 12 13 14 15 16 17 18 19 20 21 22 23 24 25 26 27 28 29 30 31 32 33 34 35 36 37 38
0
0 0 0.07528845150178368
0 1 -0.01538703424872215
0 2 -0.004321160644700641
0 3 -0.03102675388283571
0 4 0.09650492723482715
0 5 -0.08812247891185436
0 6 -0.009107872293207881
0 7 -0.05676994783353521
0 8 0.009869017269975737
0 9 0.006035812178305723
0 10 -0.06584997217904338
0 11 -0.0714149873508336
0 12 -0.09222886939385269
0 13 0.09690615709379177
0 14 0.03530693251003162
0 15 0.04384369373202108
0 16 0.09566945357959254
0 17 -0.005247728331206935
0 18 2.9071545633840342E-5
0 19 -0.016196097840124546
0 20 0.03610225670668299
0 21 0.010191628529056033
0 22 0.08091721330105432
0 23 0.07943094332502387
0 24 -0.00195619384531819
0 25 -0.012185863251000562
0 26 0.037656541275546386
0 27 0.04615918104780462
0 28 0.046110276641420325
0 29 0.05512382810317649
0 30 -0.009640443951768773
0 31 2.3874153360752793E-4
0 32 0.013193305996608697
0 33 0.08132657053982936
0 34 -0.09287206757981407
0 35 -0.07332216429678738
0 36 0.09860242578031074
0 37 0.05987813804790908
0 38 -0.022507261484861374
