## RankNet
## Epochs = 100
## No. of features = 38
## No. of hidden layers = 1
## Layer 1: 10 neurons
1 2 3 4 5 6 7 8 9 10 11 12 13 14 15 16 17 18 19 20 21 22 23 24 25 26 27 28 29 30 31 32 33 34 35 36 37 38
1
10
0 0 0.004958377983267959 -0.017173517194286256 -0.010373666656934996 -0.07226858426014615 0.004826646600293011 0.0726839550250447 -0.11557159460814205 0.09014085339509917 -0.09435714865665655 0.07058461931341968
0 1 -0.21869825851837288 -0.23330386844851417 -0.2192867985742495 -0.042056161294565735 0.10920494811335088 0.46680004832182803 -0.4030773003597064 0.16048976707556806 -0.10804257459281089 0.04736669282106207
0 2 -0.11173590821705479 -0.10726010698389683 -0.1521823612148054 -0.07803888155051078 -0.024874287363457877 0.17792808732195856 -0.095599614873149 0.11174387809631317 0.07331493667377346 0.04687328526218283
0 3 -0.2578245578301189 -0.3407674232611177 -0.463931369795082 0.004269521879097143 0.28208517124012084 0.5046949633778361 -0.41115041119182333 0.22467315344625963 0.03406036771240868 0.20750614608116513
0 4 -0.13385901208224318 -0.11004959566557486 -0.22030583735164516 0.04153018517587478 0.027289942666324174 0.263760950224049 -0.0943711614176742 0.0828349739851947 0.015129504659972384 0.13625190536092358
0 5 -0.059340656756698924 -0.24534737414435798 -0.2250461861485486 0.03017809949354365 0.11758003337650526 0.39694825753707724 -0.3217599240467612 0.2022104308956898 0.01506186505217183 0.1626639779971493
0 6 0.20484145431013467 0.3746317360816977 0.4878350091615125 -5.0277631395871825E-5 -0.30699572644471784 -0.7904721450128546 0.6103720917221853 -0.34274882518229366 -0.0496572205615052 -0.25072823437640324
0 7 -0.21661861245091787 -0.2677903011660594 -0.3451350874779852 -0.04670254343423505 0.23191723752184534 0.4670000065176997 -0.27357172378848016 0.10365454701600206 -0.0775987571240387 0.2270734806435801
0 8 -0.11646179712514435 -0.13177153189185037 -0.044367599467354274 -0.023769114582709146 0.11633789657428582 0.24578636325468425 -0.15007266168000116 0.031836068850627466 0.043963552284925454 0.10152158953487199
0 9 -0.061813857891658705 0.07516749994298903 0.06676030970051981 0.03458827431246239 0.06724206013550073 -0.06236376283203576 0.01757125625400127 -0.07333405224398604 -0.02318408542924527 0.03190732320156174
0 10 0.07985128817933221 0.05969012108028337 0.07966000922580829 -0.06968868811310121 -0.1072131900220186 -0.06498320634871725 0.14559001600730223 0.05387861550665835 0.0628495993383936 -0.12422632774178126
0 11 0.12272154228039796 -0.014588578255455136 0.05476051567604353 0.046353449257440775 -0.11952269318790834 -0.08341090453608287 0.09677743701163193 -0.026979321672329224 0.0632911900245378 -0.08198756343372247
0 12 -0.21683283669804138 -0.281851170889295 -0.19488247838975017 -0.04092290441442095 0.1873541384077161 0.2601439325169933 -0.3181601075990569 0.18673089608738128 -0.11373905477639365 0.18699001945926683
0 13 -0.1686338678079858 -0.2390552372988958 -0.1268299400164163 0.0500826793509699 0.1314817605212483 0.11797395585838881 -0.2432358963448852 0.1319615097324658 -0.021498999583686403 -0.02530911813316768
0 14 0.025690750728416818 -0.0840919195309555 -0.09590710599082976 0.07779080843804795 -0.0527934301876201 0.03618723702978617 0.037274881325493565 -0.06383915605746714 -0.09786069677007495 -0.061857206055070904
0 15 0.02007960226252235 -0.1524006686100784 -0.11159677046643586 0.06734010554877619 0.10466898226568812 0.15201676181148124 -0.07643003490361602 0.0982667069967834 0.09077596302841785 0.04172438477771607
0 16 -0.04119054755834395 -0.09502025926851873 0.01633326289766101 0.022680184702158317 0.06931171996219605 0.14816738516936048 -0.08619327556662974 -0.012273498862711748 0.09212677681701854 -0.0019594532518263353
0 17 0.0741144800949914 -0.011466121898531384 0.02033823201699466 -0.09157211657359045 -0.007885376149724614 -0.06980073705303562 0.038467096012426365 0.07148653035926893 -0.06511239956992856 0.010372756428298371
0 18 -0.04757649125997924 -0.01412095238004938 -0.1728162176802634 -0.03135996915267915 0.12600033341444092 0.21389024109031832 -0.12869535426420334 0.09871371509047668 -0.09468135914636733 0.0403833207578462
0 19 0.0031834711859022448 -0.07945208355828644 8.130010766182952E-4 -0.09237192471619263 0.08242021743359379 0.15694428378750305 -0.06958999707025669 -0.013876883629470115 -0.04814665367360254 0.08150631958245984
0 20 -0.10872637974841426 -0.13544716093771922 -0.02260744266019965 0.08585305055294887 0.028816532192448886 0.02968458963406662 0.022398935913768927 0.07096338907425571 -0.08906005647750383 0.12355403167808088
0 21 -0.025156132420836513 -0.05070960705248169 -0.06635166894873619 -0.038177797043477846 0.006284091987635877 0.13206057720899422 0.014695679111737494 0.12568009101756186 -0.030098533274163085 -0.04670381591753016
0 22 -0.08106575905399588 -0.06732113380430046 -0.18381321158770028 0.057371365366879166 0.12770115780944866 0.2697387697541351 -0.1965132050629179 0.05456646648709151 -0.03917987785652628 0.1572058840665075
0 23 0.08642859998753104 0.03772757332622193 0.0038342773236058375 -0.00474428049027478 0.002067066088402175 0.02898862662688707 -0.006280804381149238 -0.09238193656027967 0.007516088060590993 0.062380574896411245
0 24 0.022264153525369423 0.14261726111731804 0.1263532143780049 -0.0524818229935378 0.02084386882917099 -0.24829485659931705 0.04716072123651076 -0.03992567473054744 0.010578858527732651 4.6781538127186353E-4
0 25 -0.040959718987107166 0.03805433167111804 -0.043192393326069035 -0.0657118005505466 0.09779509457847943 0.017965456058229686 -0.13040520705855205 0.12079464940771356 0.015752802181003927 0.12904550127871528
0 26 -0.034329776403335156 0.006644002961470772 0.0352006749660831 0.06139579056129253 0.010331425925371632 -0.11341866572927596 0.0884630539662724 0.05221408908125491 0.06958480589445115 -0.05193163432355029
0 27 0.08124906296249378 -0.11332791678632598 -0.027048060537404633 -0.09299405388194316 -0.028119170126895285 -0.015678426742489274 0.008198229870028707 0.019934008646482194 -0.09804705900389217 -0.06807097292788389
0 28 0.08455458034122265 0.08416417785276102 -0.00204499037267482 -0.02925022833534809 0.014669330195109133 0.0476074670079659 0.039135314597817 0.01650966367703608 -0.05997344684162214 0.025148582321856815
0 29 0.06670856965166005 -0.018824111889185337 -0.035939079876199244 0.034644639914063476 -0.016664006831297873 0.12010870894758383 -0.06959861586511373 -0.00692410790397228 0.06581571090808794 -0.040869990412144834
0 30 -0.009472403253805103 -0.01868874050829013 0.046772804375218066 -0.008351908029054611 0.04966884037193724 0.003701082853742256 -0.014689470666565669 -0.05578649638203358 0.037965386446364546 0.10172541937555406
0 31 0.04456656197919581 0.07384838522399836 0.053437280391662775 0.054097509062761756 0.05670126699574119 -0.043309626247282955 -0.058372137818716384 -0.11060764615256818 0.0734766968008888 0.0835436923059582
0 32 0.016782501166882305 0.025927664876951338 -0.031238192169177777 -0.07098753670793351 -0.007829003667531347 -0.14817800576839302 0.06818951492555006 0.030866350629729592 -0.06932155146886426 0.056405085088554574
0 33 -0.10196435118584209 -0.012781859015685581 -0.14413742500857407 -0.09325410356952299 -0.05666558696412605 -0.01878387179006366 0.01752959814513912 0.01146362082913811 0.05848119984713963 -0.04331714099318011
0 34 0.018580885454439606 -0.03655320797250202 0.07636220010563799 0.010826154343784172 -0.080805555095277 -0.015428087956267657 0.06112481542216717 0.08278823190113775 -0.0414285477575259 0.0659465113173374
0 35 -0.03145926974320779 -0.0021447401780727597 -0.003199115163255991 0.06712170168670177 0.09108581274692082 0.0025942725718760473 0.07757432548397018 -0.05055637571443311 0.08160657302136276 -0.07542139125930901
0 36 -0.025882999526954463 0.04287084415795836 -0.04160879011667971 -0.05996741673292139 0.06822475226464723 0.07629366154616997 -0.030584944693554116 0.07552953794082669 -0.028240509814923972 -0.028346300842133517
0 37 0.10210654930859385 -0.0542096510129372 0.10496644979584478 0.011609711646056713 0.03410822145966151 -0.04614808270717571 -0.050345377208345275 -0.09475542591081086 -0.02510385037471759 0.019888890131031563
0 38 -0.041819500235935426 0.07901225463794129 -0.008775743335692341 -0.006953998797909126 -0.0743487621991435 -0.06734821156747478 0.07567499306792076 -0.022946068634365283 0.05084329053887252 0.029090607097066398 -0.2336924599293164
1 0 -0.5963027131325279
1 1 -0.8551365989491214
1 2 -0.9846813080355179
1 3 -0.07815982930167316
1 4 0.5407164919433225
1 5 1.3694968391168738
1 6 -1.133569558406438
1 7 0.5385347344530518
1 8 -0.11592189724609965
1 9 0.4501171286222265
