## RankNet
## Epochs = 100
## No. of features = 38
## No. of hidden layers = 1
## Layer 1: 10 neurons
1 2 3 4 5 6 7 8 9 10 11 12 13 14 15 16 17 18 19 20 21 22 23 24 25 26 27 28 29 30 31 32 33 34 35 36 37 38
1
10
0 0 0.16658579457182043 -0.1453546508942999 -0.050411348443810504 0.10965415920167582 -0.044649706736873955 0.13778485927677223 -0.025461647017883404 0.030720695640968312 0.017637376269421204 0.0069326018894584895
0 1 0.2297577809400219 -0.5637682222591819 0.06658084259321047 0.06928672748713209 -0.10215646135537698 0.29268233689614687 -0.1401838895019652 -0.022140123670040705 -0.0992274139947573 0.16465083869215347
0 2 0.1128183241031748 -0.15267251767484502 -0.07095579349655776 -0.06106029524357274 0.07986423915485297 0.020573657173275004 0.04872318165236371 0.01628903334919012 0.08752845980957828 0.12199279972648158
0 3 0.4203972332633146 -0.6479656138598311 -0.04881790786472864 0.0215774992739128 -0.11710922730439885 0.324638131424543 -0.05039107677581303 0.14965783817951125 -0.06629060107079147 0.2779459224970229
0 4 0.05124604483247068 -0.34727067244544146 0.04889434298261196 0.11016954145328968 0.003085132960535074 0.130010446692471 0.00464184401574663 0.005373294454688085 -0.05563473805898793 0.10725196748932027
0 5 0.1592027998733484 -0.40278631402814846 -0.017208864344917925 0.06218496236046153 -0.050449900770799354 0.23127944088659633 -0.09840501450182378 0.06668415837369424 0.018901937453071147 0.22552488306099672
0 6 -0.5479043199387988 0.9079973285192773 -0.016060090677382496 -0.10129562862730145 0.12167933641304242 -0.34771664171453076 0.009458079322694735 -0.17325012990542724 0.02020352409455789 -0.4209181130657664
0 7 0.30395043037442016 -0.4096498538508079 0.05891410390070931 0.14336560108789934 -0.11604714350432328 0.21153134496852 0.042471962534541004 0.013285242070730643 -0.09258464335813237 0.1388026017261855
0 8 0.09471426099612933 -0.156102566931895 -0.0423849072073839 0.0211009445079738 0.014826327078694862 0.0027183545409707305 0.004626603618473742 0.010477988800177104 -0.04651095813261052 0.003902727911633981
0 9 -0.012943347906198466 0.049204175481435686 0.08213174552461905 0.016410917344612287 -0.023945269558021298 -0.024027863077994364 0.011146692462407674 -0.09332124388989851 0.06299515649925971 0.018185060449909033
0 10 -0.12536545072236388 -0.0249853018173022 -0.05876737013262205 -0.024776901313667183 -0.08286644513926406 -0.08575829761059507 -0.058610123651383565 0.0070286791762779535 -0.016389488410623137 0.03047149501867481
0 11 -0.05974135955465207 0.06089706697282305 0.020535031122799023 0.009263476051139054 0.01847062559547331 0.0517452705376829 0.046642948797834906 0.01374199415438969 -0.01618397888601049 -0.06298020835748482
0 12 0.2625068577508604 -0.4435103611893484 0.09872300711456564 0.012000388737201472 -0.1515686279209559 0.24592129040252064 -0.05102061129470828 0.09512983266829461 0.008935441384353546 0.22854616137402914
0 13 0.17002267339913218 -0.22116765002971064 0.046869638771486026 -0.03154501308788251 -0.05625717547048758 0.13952690426629705 -0.08215656461844818 -0.04628906755674147 -0.03230569118658197 0.1695802234462524
0 14 0.030422168632736113 -0.12412509367861695 -0.004521711347161684 -0.008393833663743048 0.008285413302814919 -0.0633507378786054 0.0600834105369788 0.052737676236434064 -0.003054927139253481 0.10869893330957829
0 15 0.06902190927205676 -0.1817392005215761 -0.07988194937613828 -0.08419999690966867 0.04505935751346871 0.016253181133207322 -0.08275364724430571 -0.038811505296433055 -0.09481944501299341 -0.013285585322556089
0 16 -0.009599096366126799 -0.15293888101090394 0.02314323101045789 -0.0014801817155429974 0.015582517615188498 0.06533104718067569 -0.07177362766758354 -0.036505862648591486 -0.07510002735006675 0.10018259841376007
0 17 0.021910514332573888 0.0356761358257362 -0.0978302418217945 0.06138944210614078 0.045611356969241255 -0.002021006585530077 0.025014854083252255 0.03249659987362238 -0.015609299973191843 -0.08720472813319215
0 18 0.05947822728806941 -0.2547419632811323 -0.03301950492175264 0.01369485755899354 -0.06983366054152317 0.029649076693385887 0.0013717007589147316 0.030950069637599796 -0.025096765954600742 0.11387262420263788
0 19 -0.005313261664431259 -0.2048084572585478 -0.0892758418221126 0.062480047499854335 0.05650816953063297 0.1280546467348426 -0.04529701662523178 0.03743584664832964 0.07886014024831949 0.14235796100435877
0 20 0.09783737304353764 -0.09332594732350147 0.029176353507980805 0.0906685039726289 -0.09604775178252323 -0.02117130882272115 0.07433434295964612 0.10215624274940642 -0.020014675839068595 0.0692862441368666
0 21 0.10872427562046898 -0.1788371650900439 -0.048663160272064195 0.09185157430015672 -0.005194520976615567 0.01994429171322752 -0.033577273859738334 -0.05629178325112197 -0.011360179424201358 -0.0361736632116674
0 22 0.18382492959756824 -0.2612037982446716 0.015869167392561584 0.08832882214582427 0.03576499615208294 0.1885085713595029 -0.055269772850290624 0.06798804802651748 0.05323423581947334 0.14162167261932523
0 23 -0.12387446896202509 0.06371436064397916 0.06897465237200122 0.028545400349131386 0.08995595777588583 -0.1336813874285484 -0.01961733683429944 -0.044593792017228295 0.041949949035803714 -0.1174676153711858
0 24 0.03192118009346499 0.13562681807858287 -0.0832831227966622 0.06622618851528765 0.10229761471783547 0.0035336374897985984 -0.04360601988696631 0.004416284124993538 0.045609679261137584 -0.02392233943075401
0 25 0.006634284780574251 -0.07775359234514291 0.08292816289602511 0.10013903715445172 -0.08217255004913744 0.026863408692056022 -0.07237826595290611 0.03682127488192539 -0.10129619155633374 0.08013850198347741
0 26 0.005678950066109092 0.05787145710826114 0.05507711846353897 -0.015110915764025496 0.023252056525473665 -0.10480033639261657 0.045197317256904096 -0.10013212081446735 -0.050618847421354814 0.06638785628428844
0 27 0.008833988457079299 0.06114279821139141 0.005194279092137753 -0.031411812613457664 0.06987379793816634 -0.03638299827405195 -0.016356124940862474 -0.060701599808302725 -0.058422603798707576 0.04972417005294701
0 28 -0.029459113406807267 0.056226576899981014 -0.08033342673491002 0.026715817210577943 0.054202667927535676 0.03530719905959672 0.08984652712482458 -3.1166611877323923E-4 -0.027932767447038712 0.04935059542607718
0 29 0.002373791725259825 -0.16013498064943985 0.02730412424039197 0.09061421772806419 -0.10631418306988656 0.10197869926806807 -0.0824153808245657 0.05776412069141033 0.020989944106573576 0.10258855605411249
0 30 -0.001709585020000485 -9.260117196269937E-4 -0.09625285185848212 0.005121977580178929 0.037621769030390065 0.019031222606817565 -0.09751838879963916 -0.0820603028259124 0.045010097586379624 0.02672225436381998
0 31 -0.0018363631515355822 0.0171747787585512 -0.026159271673663814 0.002772722618675268 -0.07423638151933631 0.03774300725033351 -0.03940689190594056 0.07251762381319025 0.09944726335577658 -0.04952207015091589
0 32 -0.06628261483999615 0.10037781591039999 -0.010132415238622575 0.09732413699333299 -0.0654810778940099 -0.09481290403613842 0.08663603673160078 0.03681140506724221 -0.024069398170084435 -0.02698911917152704
0 33 -0.08262644618255971 -0.1237392203739556 0.014235548749931447 -0.057758280547754864 -0.05002379075660422 -0.05133007556094972 0.07017626315166467 -0.006009018569329334 -0.04466637600588664 0.04976838505697957
0 34 0.056027955489670385 -0.07168250610108008 -0.021826511769351777 -0.017683418251223288 0.030430234047713847 0.04773702739289013 0.017510982713491312 0.07947721397967501 -0.08441211719548591 -0.056283538633933844
0 35 -0.06475910062115396 0.054211503269261184 -0.035399414322152094 -0.03019297124491064 0.03224015873505382 0.08185494438729601 0.042432200521733264 -0.03666780712501322 -0.08373058535356223 0.04646945500194005
0 36 -0.08153455720152 -0.09994006511361185 0.03362862583290735 -0.013769450676978014 -0.006264079195673094 -0.03468705730197991 -0.0021610646817912466 0.08315180576692266 0.05653202252035091 -0.06036654966756518
0 37 -0.12777835488753575 -0.022750686402790102 0.05910518970368288 -0.09679376708389327 0.03424982672403788 -0.11430444569098631 0.02662889243931426 -0.026663405696311163 0.05943160277006523 -0.038332660423899205
0 38 0.02559325498310641 -0.0919860617899311 -0.06969932096157543 -0.02790395625865101 -0.019213857171613665 0.04669109356668342 -0.053153297948616916 -0.05624060767968881 -0.06945366187982224 -0.04166145662858498 -0.06501432376530916
1 0 0.8677920127449815
1 1 -1.6189940218489731
1 2 -0.011810208167805905
1 3 0.17322630827122312
1 4 -0.3175367660582575
1 5 0.7168989973727307
1 6 -0.1808693885886008
1 7 0.186208207385424
1 8 -0.1652927516441048
1 9 0.6669895124697112
