## LambdaRank
## Epochs = 100
## No. of features = 38
## No. of hidden layers = 1
## Layer 1: 10 neurons
1 2 3 4 5 6 7 8 9 10 11 12 13 14 15 16 17 18 19 20 21 22 23 24 25 26 27 28 29 30 31 32 33 34 35 36 37 38
1
10
0 0 0.04665267292091153 0.09376976754846271 -0.09858786274149488 0.04901562967358926 -0.04289192935578864 0.05692572709276749 0.07666884675435953 -0.02052492121734455 -0.03231904520012069 -0.07432365747499149
0 1 0.0796718146403065 -0.08087652396674594 0.07858485800241889 -0.03025842261776057 -0.016844394002339863 0.06751532867578519 -0.09727475347956223 -0.06653441965415378 0.09026436606877135 -0.0548641976490712
0 2 -0.0879203985205442 0.02557346795238631 -0.067136312091032 0.05083098283658411 0.053401588722534275 0.03273495937554782 0.02277619894863713 -0.08179731579023537 0.06387674789720926 -0.03747412432500515
0 3 -0.060210115813192217 -0.022707383443652467 0.03618754119017675 -0.028412606115295728 0.021147244842865145 0.031321618486354 0.029102336756537027 -0.07371844865420725 -0.07807979039159767 -0.040318803348364046
0 4 -0.09980259729283754 0.01575366253913069 -0.03766340693120477 0.04649461464363647 -0.027586996086993058 -0.06578647210409452 0.0911382304067775 0.010151634719510501 -0.08714763707069334 0.0037645541784927703
0 5 -0.01923438273684854 -0.04593035909087238 0.04545918619688115 0.08639036859768918 0.09666764528748174 0.04129687738552325 0.06427636083471568 0.006796344342588609 -0.04345093932344207 -0.0873401041470271
0 6 0.012711480574020254 0.02873511048492432 0.039226034248371976 -0.044108833567724715 -0.03383928595439158 -0.03971762582985842 0.05068830827658391 0.09149109647840394 0.06306686217316068 -0.028052629231801327
0 7 0.021884796264074084 0.03541008411695127 0.06661929853159919 0.09181953176814214 0.0426265778394737 0.05012370906146041 0.0535629635780708 -0.029827996801117477 0.04097880643053929 -0.03629217138059461
0 8 0.016254555894450264 -0.04743928282047226 0.04285059919758922 0.06699225536722954 0.07141291976912084 -0.035824373592873084 -0.0029334195349159146 -0.0747597966317242 0.005764057303465875 0.04546227185698355
0 9 0.040565497382026805 0.005529221112950232 -0.0792050373344165 -0.08176708772930676 -0.005990702182357231 0.028235408305599504 -0.0011350411781227004 -0.09558749982581033 0.06266605425975492 -0.04210303471969889
0 10 -0.07638007232503582 -0.027684531734365126 -0.09548850941064936 0.0685314538696531 0.010782950840565967 -0.09399034638067198 -0.04524348786605309 -0.048803961082453835 -0.0781360778313222 0.06554912901381768
0 11 0.02553537421051876 0.09463697583331182 0.07589396395307453 -0.00551557319669034 8.489162878502363E-5 0.05444808633564705 0.039242925873065326 0.07454285893051951 0.085425319749602 -0.06531367501495648
0 12 -0.04056679643745024 0.005545607761701067 0.09683876373936338 -0.057598887150982776 0.07438341571356084 0.07866761234162596 0.0739960905301069 -0.06736270981313912 0.016634555733152277 0.09863745348739007
0 13 -0.006581946475538915 -0.09049267379700542 -0.05213671440626806 -0.08722470669338371 0.030145390801016803 -0.08120473658406503 0.08247992095036416 -0.05690379192422409 -0.07756549535061863 0.05794028801072405
0 14 0.06471267956333582 -0.022887450220930413 -0.05263056946859015 -0.030014750766238107 -0.07998867891488079 -0.04548448696226072 0.03867539271958236 0.09936982434673475 -0.09986911947896267 0.06764408003995581
0 15 -0.06747605610073656 0.02357069520142589 0.09979240692023275 -0.027606240417705163 -0.051513874815481135 -0.04866665147037065 0.06757846334572376 0.08155945089866513 -0.026056316860456466 0.033422108727261673
0 16 0.06851077526839432 -0.06709311003714027 0.0566150369238989 -0.08998935863057227 -0.05801468878318307 -0.07456838776044573 0.04216537766462069 0.06050368001609631 0.07791592172661767 -0.07070698071274574
0 17 0.08462068900203328 0.03373641692202342 0.032929104627584416 0.036251383566529176 -0.0012439021117867603 -0.08161224829353553 0.020293701891436464 0.037910491318254025 -0.02809131378872158 -0.0613758120089636
0 18 -0.07736589961563206 -0.05373398978052475 0.09991831664219357 -0.08604975529180647 -0.01947043838419381 0.010689089147723665 -0.09463270902610635 -0.012960984241794277 0.06363494349614483 0.07292735774396918
0 19 0.09913290082551017 -0.03863178285110104 -0.07211959173501932 -0.04098090215822346 0.08707026285675633 0.016168986378078325 0.004688977037539546 -0.08258283700360672 0.09901464901757642 0.030971316661264573
0 20 0.03831290111069602 -0.018219416521174155 -0.08124599156536445 -0.08080373827488882 -0.09828261377930499 0.027432761823093205 -0.06880381703317524 -0.00608377734010251 0.04656439440318302 -0.024862083349334547
0 21 0.09756000961393788 -0.0073464984964405075 0.0898205713695509 0.07909729567314688 0.08965093009424498 -0.06946694328134569 -0.002040935236168757 -0.011934215395191364 0.08624801020202881 -0.08358985339499399
0 22 -0.004911224240928603 0.020800372878770176 0.09422393857472106 0.021146003113804268 0.012889464757932336 -0.012771528843591114 -0.07278457033834991 -0.06815951551407164 0.029082396768718193 0.02562180966998405
0 23 0.010504400571589707 0.07143197135023437 -0.0737977931811074 -0.037123325101887567 -0.03377448936054539 0.0846200768815203 0.036634671285020244 -0.03342326463382255 0.04358008064691814 -0.025699789909806304
0 24 -0.07172415319855112 -0.013371769965654654 -0.09902518012408097 0.0752226555051012 -0.09513180538378994 0.05657170007188554 0.05330448018323709 -0.05035099601303893 0.002563308163543613 0.07136257715801275
0 25 6.541263559186411E-4 -0.08775884573689455 -0.09815516858902318 -0.06929486236731912 0.011201321669074437 0.05566209416321015 0.013780069169013504 -0.08365093041408958 0.014815240350852821 -0.09487090047073064
0 26 -0.002785699322870419 0.06111736637665181 0.04470324446185028 0.05709632075172526 0.012335472072031688 -0.00720081456395192 -0.0667928800870993 -0.06906499784367948 -0.07378989966552266 0.05922885723937162
0 27 0.0020287229515475926 0.0014871850070834025 -0.0020629224219393637 -0.09387308312655321 0.09515700431745794 0.06272473338630664 0.061750548109663066 -0.04986478751969354 0.0957940184106675 0.06924733346048588
0 28 -0.04032112367898559 -0.06158921466003115 0.09566514601935255 -0.06668687746135678 -0.06680671734378767 -0.053825063668969886 -0.008697782815314884 -0.08903597674074416 -0.02818463653672301 -0.04423097453862211
0 29 -0.0907234190116532 0.0463386669036565 0.06513479304465095 0.03627388631268756 0.06926614465075122 0.02622636362469022 0.07366613293286062 0.0625171453666139 -0.09487904228831653 -0.07895431919779314
0 30 -3.713413889201772E-5 0.05572106180553882 -0.031170009448227346 0.031367640326020914 0.09238371904263347 0.08368985545472574 -0.07230660360451174 -0.04120975505026159 -0.06459044120942545 0.08246729180432819
0 31 0.014006615442214846 0.06012718358518429 0.03525144296006744 0.06243055260633104 -0.006816890340889237 0.02065260473678696 0.027902159351446344 -0.04142469353128754 -0.08895708599530534 -0.0010408829997099027
0 32 0.0574194757894777 -0.08063297899629933 -0.03016167681922877 -0.049898159349532095 -0.08173166762008094 0.05947250030047746 -0.017438595234899053 0.07216772478339674 0.0682108311988663 0.028636403251583755
0 33 0.07933891831465767 0.08753943618195667 -0.009684302213262429 0.02246399978295906 0.07594161775766953 -0.07331537992962134 -0.02621979137406252 0.09549225164310961 0.07855332013382886 0.09437218323893938
0 34 0.005755813618940715 -0.07186367573840534 -0.025323759868799686 -0.004904125974092811 -0.06927316793643508 0.0607297335261021 -0.0666089860702183 0.07901209133357971 0.0941773944859761 -0.09612694649473885
0 35 -0.007709456400070147 -0.0899094550355862 -0.09347221393624022 -0.005407478175898603 -0.01534725653754576 -0.011530169521380342 0.027616624399465075 -0.09697317936267222 -0.07918776304437365 -0.06018419576159404
0 36 -0.02099730282273634 -0.08484873381103264 -0.009940906246959248 0.029034151268082637 -0.0656350540660817 -0.03553236467847579 -0.011561647674231977 -0.09351731341629856 -0.02094495117958886 -0.03071947700616485
0 37 0.08664390821093328 0.08200405391720045 0.06031506123046073 0.08848168142458925 0.02131249161870294 0.012709927861099576 -0.07276288419053306 0.07501251344908536 -0.04876329595835371 0.09521792485479395
0 38 -0.01732253623597914 0.06938518184297163 0.02062289738763287 -0.05132379113144203 0.011654811940203489 -0.05614678314139921 -0.08892375621464052 -3.549682706907688E-4 -0.04090246579101688 -0.03947857391059661 -0.05801519006490692
1 0 -0.0010845065116882257
1 1 0.06926158070564133
1 2 0.009010481648147311
1 3 -0.0830349326133723
1 4 0.08668226003646835
1 5 0.01351172942668184
1 6 0.006549668498337293
1 7 -0.042074151337146794
1 8 -0.09563602507114433
1 9 0.09445463120937402
