## LambdaRank
## Epochs = 100
## No. of features = 38
## No. of hidden layers = 1
## Layer 1: 10 neurons
1 2 3 4 5 6 7 8 9 10 11 12 13 14 15 16 17 18 19 20 21 22 23 24 25 26 27 28 29 30 31 32 33 34 35 36 37 38
1
10
0 0 -0.0027007461617926665 0.036651445974550494 -0.00978979515732262 0.09184155611971223 0.0766001315474851 0.0969314980163251 0.020569205027204697 -0.0904841601609488 0.048706598856450824 0.007684891403668699
0 1 -0.009252249829246308 0.08777358564634298 -0.01802686142572844 0.025876932610864278 0.027483816657028995 -0.011236768491399825 0.022836236487993856 0.007167792432315464 0.09184183231025524 -0.05758638700674495
0 2 0.03738698331095884 -0.013343811261166426 -0.03348218655116222 0.09034132166372358 0.004389304574857008 -0.002613760288488844 0.039254248572358735 0.07959216408453176 -0.09724315512701628 0.02054014788638044
0 3 0.08787101913454186 0.07221919480153209 0.09107054112042368 0.024723878589655062 0.06147946856350222 0.004819704166055918 -0.017290748302664537 -0.0316569190174442 0.05848092602929297 -0.08425584745564049
0 4 0.09318382381625906 0.06859449318986789 0.03984320374960764 -0.06280403288401802 -0.042776714153364676 0.05226168249074886 -0.018330058374880127 0.03258063345896702 -0.0765219889353979 0.09040718783950397
0 5 -0.03978937490059515 0.044046693624470515 0.051889968380145264 -0.021992644292043804 0.009521996808906473 -0.03336548370862718 0.01707563063785769 -0.06871179867113038 0.09203848045623053 -0.007304750465918154
0 6 0.03063384384167462 -0.07147152204301979 0.04582331103000093 0.08976506316257528 0.057911012130496486 0.02123921869433964 -0.060831144932626285 -0.08591364618017147 0.06601698311663365 -0.07906698901243447
0 7 -0.03276743011016172 -0.052005543953487283 -0.0827005987626489 -0.09598001767377488 -0.04402114063567093 0.09239682267350337 0.033707044660357274 0.007141150262266777 0.017409917473452177 -0.0220958633622242
0 8 -0.04505263966937974 0.07845781710384374 0.0800192184988916 -0.04362443907233032 0.08509042006989512 0.021852932822004623 0.098802407661962 -0.08769037978736909 0.01739576328468768 0.08334318305414759
0 9 -0.051875447620326934 0.05738770410463683 0.05673099030220228 -0.029345271103351812 0.05747913413811057 0.09897024606581865 0.050574336318313685 0.022221914694897583 0.012879789595175979 0.09284198709620248
0 10 0.05746433038016676 0.08046154659435378 0.08803056172958101 0.022700478136056905 -0.057276389653312366 -0.0659524869277124 0.07800828207501904 0.03390156696695436 -0.008168184013408335 -0.025626638343333376
0 11 -0.04259304644176744 -0.03603410572797049 -0.058925108942244044 -0.04345489701824999 -0.05256221100251656 0.04007128982775802 -0.037293799747356776 0.02482134601030855 0.01779127889462079 -0.04602051348433904
0 12 -0.060799292287409774 -0.04510462898631115 0.09262241096144239 -0.01241784527853281 -0.057857854182567274 0.04222133617875812 -0.04434620142163855 -0.04621730124482985 -0.04500822112005508 0.022701271820053052
0 13 -0.019132730576154992 -0.04952670256189523 -0.07956530483595178 0.08124575416804064 -0.06226610075911578 -0.04626354327713149 -0.09498598529474457 0.004277163012332646 0.03098248665257199 -0.09174966820779351
0 14 -0.031172676483994848 0.03951742245134077 -0.08909067038448165 0.0367604408251034 0.09180642494010616 -0.06571013305992066 0.08741589748874745 -0.07766379585024137 0.0964129894832139 0.0891388699541962
0 15 -0.015494318565444337 0.07471347472125864 0.04623079847024521 0.027090291801407037 -0.05591998360720859 -0.061651150903202806 0.08975314693677208 -0.012219135633983465 0.08571436088420367 0.001569886562127581
0 16 0.056292475125311985 0.06625910075878036 0.04607004627324881 0.06632799095094118 0.024282037204270294 0.04689845650068519 -0.04621482355192834 -0.029776914810479588 -0.00450742426005895 -0.06720151158033769
0 17 0.07513905893642576 0.06872086325953698 0.04828164961260148 -0.023722588764511294 0.07080233330387571 0.05952118904309155 -0.0345309946183981 0.04575457385837124 0.035998827551934 -0.043965993359319555
0 18 0.05285699057746118 -0.09744573932417329 0.09574184443423392 0.011651663059395228 0.07161564830319864 -0.02024130105543302 0.06365504377010454 0.015325959334239504 0.07753275051293632 0.004923631331266247
0 19 -0.021772254321625897 -0.0883639411334543 -0.07568327680902474 -0.01977210649460353 -0.019503490357296382 -0.08482016467255439 0.06515783573157104 -0.0030195269470246833 -0.06839593132286548 0.09787573274033003
0 20 0.04302290816135799 -0.0475265002132226 -0.04148709950523186 0.04214625374455263 0.044180567535088186 0.06785949080061628 0.08657814174755087 -0.004356917019051093 0.09424168465489326 0.041716764247272824
0 21 -0.028456320125311147 -0.0770429433699375 -0.038926675938052345 0.05961542208783822 0.06432070327666986 0.08959345257236549 0.013911905845438879 0.001869078819052641 -0.056043483502106604 0.043301304927965904
0 22 -0.036306809640408534 -0.08331156388884742 0.08245405110791093 0.037591065790268906 -0.03181281958623569 0.07309636339500726 -0.04387998534958562 0.047977671452886984 -0.059372472172333844 -6.921144170243758E-4
0 23 0.0049857284865892 0.07842791815460727 0.058651335266907294 -0.005350576139670896 0.02025758309715101 0.06529375341021584 0.025858334346279415 -0.07311509045287228 -0.01077811682509283 -0.05295268333386139
0 24 0.017614179411965608 -0.03131942410964056 0.05461410501008884 -0.09850306212239854 -0.093378682369624 0.04053932941637653 -0.0013894257273274215 0.08428172739501172 0.03445020794419072 0.029073215752695315
0 25 0.054635931532657375 -0.03878667985917958 -0.017182240612792107 -0.06693376527643263 0.040986293906303484 0.06724302304612133 0.07719349662352155 -0.06379501590946714 0.046479655893141875 -0.09511423154098732
0 26 -0.07470793445818058 0.006846775830382158 -0.014612783753961703 0.013365741908833023 -0.058412997692512736 0.02448127345155956 -0.0861538095299201 0.09362023497167976 -0.03131330242638816 -0.07343412978101312
0 27 -0.010190706949870459 -0.010878699594845258 -0.04070756493707901 -0.099404377253489 -0.07139618940068089 0.07048230312035511 0.0509794302708694 0.012997271964587982 0.059025383401608685 -0.08752344821890452
0 28 -0.008958763497615195 -0.0572631339157996 -0.05025567053940455 -0.007198127975999288 -0.07788416849949548 -0.015939101482867965 0.09246171519946328 0.08675500123164079 0.09958956852684146 -0.026832454088539872
0 29 0.046685407772947794 -0.08195380169748007 -0.04159293456796271 -0.019562071762404792 -0.0982140003721406 0.09392185551436356 -5.782900134675776E-4 -0.09276152562549504 -0.049410686011998384 0.03592720958405585
0 30 -0.06208561557663929 0.08241171814073572 -0.08418965129453135 -0.07375469726332404 0.06222772032938378 -0.049813054125178065 -0.03429214673079116 0.07846793077199958 -0.05713836559747167 0.0354621625729831
0 31 0.0833297514012799 -0.005406499055287662 -0.08275657161146899 0.0834929788880921 0.016061251512059994 0.079872362788078 -0.07869913000192649 -0.04014434380632454 -0.05755702732768167 -0.026352952902441402
0 32 -0.058428877341395576 -0.06932163665573524 0.05021690224892409 -0.02557493659983577 -0.030191915700439408 0.008400306948281044 -0.08402705192568768 -0.02171918883570703 -0.01251387486178764 -0.008527802951590687
0 33 -0.030735957023498607 0.030720918057706263 0.042162498266419525 -0.06464807147592508 0.031694288375418996 0.01989959931726411 -0.0426979847521233 0.04276166840244213 0.05405064812165999 0.038711863644026
0 34 0.00734790770516485 -0.05492531421467689 -0.0620071012303925 0.0813716133676874 0.05099848731697161 0.015034261911664838 -0.045473404369991165 0.0528235408815316 0.0031344406341152486 0.03316527566486644
0 35 -0.01106683653965839 0.09156763076529376 0.04638252932731583 -0.07020505726171783 -0.06850003723655837 -0.07454224427590307 0.05262615470421396 0.07976606564250231 -0.037396095130361906 -0.09426289384311855
0 36 -0.03348044254763785 -0.011419064617489877 -0.06198365737389696 -0.04749942582951504 -0.0011275273642164364 0.032489117329048064 0.041851039239904075 0.02681629609702609 0.028361675087328293 -0.05702596490546961
0 37 0.07850146037988519 0.03070455213065906 0.011695643440404403 0.034845072769163744 0.09673940394333745 -0.044425519271612667 -0.06391336193738162 -0.06281356810323906 0.015382899044437712 0.050688322842213696
0 38 0.09509034396657569 0.01506566754334064 -0.08203692933611066 0.038233654745349954 0.011719060941265473 -0.012959625125065256 0.08237430134380139 0.06753416680692081 0.010286580935389065 -0.013169703384518044 1.0198950621997723E-4
1 0 0.003827744629234063
1 1 0.03143311291933105
1 2 0.035517662763595886
1 3 -0.042260050773620585
1 4 -0.07538995146751362
1 5 0.004722058773040771
1 6 0.06219121813774146
1 7 0.003825080348178725
1 8 -0.08929691463708872
1 9 -0.06719046831130962
