## RankNet
## Epochs = 100
## No. of features = 38
## No. of hidden layers = 1
## Layer 1: 10 neurons
1 2 3 4 5 6 7 8 9 10 11 12 13 14 15 16 17 18 19 20 21 22 23 24 25 26 27 28 29 30 31 32 33 34 35 36 37 38
1
10
0 0 0.08322504364677973 0.05651535899455838 -0.028715577763672815 0.0026818005145910965 -0.08398693593644667 -0.04475157744398087 -0.19991049682792977 -0.050275862556998445 -0.15270404733745555 0.09987739373906511
0 1 -0.036345811767730225 0.2485642214566796 0.05108354327986339 0.03375034102188892 -0.03379285795424101 -0.15267759023321217 -0.5327888905125449 0.1330343913115704 -0.10361027407076256 0.19353404128667875
0 2 0.048761703012025814 0.07774684431073979 1.1514334461911218E-4 -0.07379559452154251 0.003068019230108622 0.03770123380590952 -0.22439993268696465 0.03934130774502309 0.01564389358908388 0.01654213782446858
0 3 -0.03509188207234284 0.3868115235849694 -0.05720937953724021 0.12986661830313456 0.03969718648863509 -0.25765856322531266 -0.9427419574616117 0.12070915721864164 -0.3484247598187139 0.38060875160672536
0 4 -0.040012038558723345 0.2573690039813017 -0.03420377105498729 -0.01748048133033446 -0.04682486807556645 -0.1877450252252955 -0.36070902178516145 0.1553828631022177 -0.1874880329053631 0.15550094564680414
0 5 0.057030976648414666 0.34380319501855044 0.0770239494592884 0.10857435990075151 0.06546092158437741 -0.11109583107064049 -0.5778094489529463 0.13169218350770756 -0.25203739392120406 0.19712703912381158
0 6 0.07766422789383498 -0.6682037329918487 -0.0010094659561945927 -0.030530604025789384 -0.008862131795731993 0.40530897811103606 1.0704136325712237 -0.20954107255833124 0.2741686988997259 -0.5141129804828535
0 7 0.0629231464448253 0.329352281075584 0.1069928191848073 0.06397893630033755 0.10065214185021194 -0.2223379748643295 -0.6388844777656298 0.2107891424245729 -0.24031322745510653 0.19555303617455824
0 8 0.01443064448279675 0.027921047474996918 -0.06704431844284581 0.024904504282125903 0.06459110975288224 -0.15916487720912542 -0.11156013160298896 0.1296777903705838 -0.0857002955579923 -0.002483300483057164
0 9 -0.0692693106326844 -0.08975780517425294 0.052130467766375234 0.0821625856490848 0.07507429527387986 -0.02592576931995278 -0.09126360980292425 0.08166592192540066 0.07234963631360947 -0.12030843078689113
0 10 -0.057933602432096255 -0.10746536311102776 0.006112903930899087 0.068745583083819 0.02063011515545689 0.1025460639709461 -0.038389745795248176 0.05552245987503348 0.09599920724580525 0.03990076215301468
0 11 0.04591690234115312 -0.12841215631930974 -0.09678053012026672 -0.07004839121674786 -0.050765689113151435 0.04576253229774018 0.18656092890042558 -0.09274467591543883 0.0021057079585960043 -0.117098242280885
0 12 0.055480783168822476 0.2611090203333942 -0.060950062589481206 0.10353090860304752 -0.008924998100493828 -0.16576590814945294 -0.3854858252034289 0.07129477598312049 -0.20828052470313466 0.15735952502456968
0 13 0.05692643941315099 0.08266738769621115 0.08411268293343681 0.0159878507815054 -0.02301626337264223 -0.10980589183648114 -0.44924438556640667 0.14636280620091743 -0.044015852538213794 0.08416969229547523
0 14 -0.053988533546166236 0.005086448501965215 0.07004053281859202 -0.09950701504020436 0.09500019488654037 -0.008890752274552487 -0.0533734412620816 -0.034763464802042024 -0.0714996015111323 0.07753464054501061
0 15 0.02270415214907632 0.10335865788519369 0.07147057979847508 0.02477669134104677 -0.026959769558509625 -0.003931133451691926 -0.21512728898411346 -0.030937012273190023 -0.057721582648967075 -0.035782541271485974
0 16 0.02540779997024681 0.15763994971465514 -0.05779516776263821 0.007359863601551293 0.007492897946432768 0.014340590395478086 -0.22291397494939816 0.03753367979365652 -0.1215958760353694 0.061281275989662876
0 17 0.00443871958798179 0.08422346164044048 -0.09103749072338502 -0.03780511836166228 -0.03945808844182617 -0.010699032554016481 0.012557321378789966 -0.005796881414948243 -0.04361270869704851 0.03332305911226166
0 18 -0.05298694021757087 0.24290896836039677 0.05641384903588876 -0.05315656261794059 0.03741117095731622 -0.07787505899316288 -0.27868145810417944 0.0696328733932421 -0.06415042820656272 0.16470622982706798
0 19 0.05214500089759905 0.03584174056545495 -0.06062360822546158 9.133797154677296E-4 -0.03388379038582378 -0.12655292888773628 -0.30977613172308116 0.03192977627214968 -0.13299966435050134 0.19302480080285828
0 20 0.03079289265067712 -0.0030145725443656117 -0.07616073859467651 0.09663365903489488 -0.03375689955343515 -0.13408427255402344 -0.10436685846847053 0.11773434660983127 -0.026259730431322525 0.12090051442979212
0 21 0.03495420736208752 0.11781765519147326 -0.04352889614794987 0.03831693813421774 0.07814354041432149 -0.026141667483104706 -0.06777734235143426 -0.07418918024187227 -0.11739565706602131 0.09736484186674524
0 22 -0.014712830959069733 0.053901215671143685 -0.04675724488608784 0.05398178891696799 -0.003867007881647367 -0.16435175514361794 -0.2492395691563828 -0.0017218299024147868 -0.0556756694003056 0.04292568465881864
0 23 0.0137777337395708 -0.10630442580760675 0.003368917267734259 -0.030471473071079502 0.05174994936512044 0.01250681919050876 0.1689946706257348 -0.1099168804139276 0.08721191932454064 -0.14040439643245892
0 24 0.09354875676270777 -0.16146247427433075 0.022567668070845356 -0.10604468949928082 -0.05564302770352325 -0.025478814300726616 0.1852231073088993 -0.012203052886997856 0.15345531598566492 -0.09856555502382087
0 25 -0.03335227759451443 0.17756723646358016 0.09250642607940993 0.08380247173896348 -0.0056712799640724326 0.04047845726357174 -0.15545840106169023 0.06346437355731484 -0.07285888716078821 -0.008693263556350351
0 26 -0.0937498279970915 -0.0955109514638242 -0.0443811019857697 -0.02161409157805936 -0.01703943039727313 0.056076638616524316 0.05568401164717263 -0.04001732361522408 -0.05912357900735045 -0.059522699999932566
0 27 0.0788332153428402 0.072556742455616 -0.012190879460337636 0.02241952482239102 0.0540961445285227 0.006030585122721072 -0.08083789212842442 0.0921661005212913 -0.08332119316589919 -0.045176001850055575
0 28 0.04654768885830308 0.08868873765362104 -0.08757692161403557 0.00952087405153978 -0.052666207194332945 -0.03557326762998211 -0.018610546096028927 0.03683988638560833 0.004451116464611288 0.08910653516462921
0 29 0.07313428416454015 -0.038072336834935425 0.0970631010298277 -0.021240219707894577 -0.08007916589158037 0.05500553413717324 -0.2026062379951868 0.0012088411698637429 -0.11091575992084106 0.03965875304031592
0 30 0.04906576926383224 -0.023498665681944603 -0.07962375273217018 -0.03822000118877572 -0.0380716563304712 0.0742021616185119 0.0479810432794468 -0.03559462892054329 -0.05036768830638558 0.03495902218324632
0 31 -0.06883336444349708 -0.021750490893521678 -0.06483680305641999 -0.024241056503060982 -0.0806732214695645 -0.01039848963496457 0.013465261726292177 -0.01908100380108095 -0.02597463921895074 -0.10102438809849071
0 32 0.0626506962482637 -0.13450031458526737 -0.07448794638766744 0.07481946860031201 -0.0015853252658082507 -0.023017105889783077 0.13636671478974166 -0.059925465149710574 0.056699330833115145 0.020763057156983813
0 33 -0.06586305718755792 -0.03162848726420187 0.06869840722049926 -0.03558783751524974 0.07661407670809776 -0.006367181915642139 -0.11278869827510125 -0.055073993292137115 0.04093079472677011 0.0492127573597932
0 34 0.04647106340817971 -0.026736929280359596 0.020308603330166517 -0.007577119492563225 -0.0315992968089118 -0.07452869960368058 -0.010880861026898293 0.06233981499103205 0.05330335060400652 0.026562277241843794
0 35 -0.001959303849588044 -0.07621484943097843 -0.005820852510763077 0.0024736102274480047 -0.059859830265865256 -0.01232367475370008 -0.07886565428035569 0.05929335409046318 0.028199801101957658 0.04002518272557084
0 36 0.025976880744348434 -0.0017052451483049898 0.03594065469067165 -0.03546893452399495 0.02126422285644577 0.0947578615028856 -0.06375832602781147 0.03364386772546989 -0.002312990985595848 -0.042587244811122235
0 37 0.10031803565185365 -0.1626966814866528 0.08759576907809484 -0.0882749575490655 -0.07890511355521464 -9.193802238739368E-5 0.05973679150762155 -0.08886867278992305 0.10328784001858875 -0.09535534477656454
0 38 0.04137706702209747 -0.09347892108530693 0.027313063366707222 0.00866829594083777 0.05215658895429266 -0.04645882548077936 -0.056574822268115436 -0.08989636422273199 -0.09270614701945179 -0.010212104795713323 -0.17525663753944773
1 0 -0.06824305228525973
1 1 1.0315102574277428
1 2 -0.028880690894571157
1 3 0.13232872293229078
1 4 -0.0015515646726706853
1 5 -0.6991160145285334
1 6 -1.9938924449929487
1 7 0.39282649005976283
1 8 -0.744686793610211
1 9 0.7798606103219768
