## RankNet
## Epochs = 100
## No. of features = 38
## No. of hidden layers = 1
## Layer 1: 10 neurons
1 2 3 4 5 6 7 8 9 10 11 12 13 14 15 16 17 18 19 20 21 22 23 24 25 26 27 28 29 30 31 32 33 34 35 36 37 38
1
10
0 0 0.13314865692963815 0.07263911396866879 0.047780978380817046 0.0625761058998117 0.003843020737997506 -0.13267008298250677 0.0969895361730652 -0.06757642023628299 -0.11304771520369089 -0.07130974293181393
0 1 0.23309053198496416 0.3038141849518055 0.05138943876093922 -0.12231312473974389 -0.17303148937116006 -0.35027234357979514 0.1608930798555134 0.019177897990707116 -0.32022689351189154 -0.15235072711698058
0 2 0.05420374742264042 -0.0017708479379102944 0.057069862034820014 0.03365151119857565 -0.12573575550572383 -0.07958090167775579 0.00440398265013154 0.08837752773470821 -0.03936656002769426 0.01123168896498883
0 3 0.29462961189007447 0.3804725421221759 -0.022697373577328896 -0.1445427481025365 -0.28795338087964517 -0.46157127005194726 0.2353244914577951 0.02369535808324419 -0.6712137531214849 -0.17349427238928555
0 4 0.17233165336941164 0.19398892638509432 -0.021301155485190147 -0.018867814969448875 -0.07177624531979915 -0.1380992103340593 0.15434259876360523 -0.024040679721807186 -0.2357663792795802 -0.06681093544207699
0 5 0.2294477124821475 0.2904379133758362 0.1129220913735531 -0.022389079656182153 -0.0878850343214467 -0.14029531563780157 0.07953859298727033 -0.057064697957098 -0.2905695941202183 0.009208059889148364
0 6 -0.464068203217862 -0.555803890578073 -0.006679295016069734 0.09448164762962874 0.1924803316999254 0.5565395444446986 -0.3193501160013097 0.05610676507075243 0.7248534623510065 0.23519182458088558
0 7 0.2942256592830848 0.19989272750170764 -0.008215409301625513 0.009340839317363804 -0.1065275817406611 -0.1876760008128465 0.07756436947611293 -0.11788634276050236 -0.4325720828938215 -0.1186572737166384
0 8 -0.01503683921916509 -0.0018709242078530784 0.038957342183547225 -0.08531259226485466 -0.12971192297710304 -0.16443225625003974 0.03879305838835955 -0.09133637440319177 -0.11631678357669625 -0.08704563031174367
0 9 0.0048788181470623545 -0.041079939382034476 -0.02545454063210719 -0.015114439473170082 -0.09621295100932573 0.0439179818798137 0.03403402016086719 -5.717481358910439E-4 -0.09116391440757823 -0.005470330567513911
0 10 -0.058409046710711794 -0.013300506631370381 0.026978160633782295 0.09112171537723703 -0.038266765299681434 0.12761200459097086 0.07010546598229374 0.08731550199882344 0.05276813574720154 0.002755891139823249
0 11 -0.010656518557131683 -0.07075576870550271 0.05665053769406975 0.06981463108510176 0.06382473543537553 -0.05062837585734379 -0.03477886702669588 -0.02605803779191468 0.07491453438999317 0.062033202241397335
0 12 0.09577603388102 0.12459487163066871 0.11044437708719822 -0.08278853751886585 -0.07035609023879824 -0.30366034897867356 0.06977124543475723 0.03882815891470109 -0.3137255946201031 0.01210466210951823
0 13 0.06542998453525667 0.14815956984216028 0.05336970772792406 -0.04459174013638337 -0.0025361625171127517 -0.1533493992668651 0.14624865715650792 0.0729702842610708 -0.34916666625468795 -0.11907294736675363
0 14 -0.027693901304575736 -0.06981056834435397 -0.023331743399928124 -0.07707195587011785 -0.04022173907324822 -0.08903093547870858 0.06287642650895252 0.023729134390887596 0.03777346612631259 0.03669362782046503
0 15 0.08880954928306631 0.10989831338608579 -0.07855315518318805 0.0668947089206259 0.015615259543253117 -0.06826128848695458 0.036374564652393186 -0.052491954675745855 -0.02707777399886316 -0.05503007197657252
0 16 0.09220213478755944 -0.02860185556528522 0.0228074370210018 0.05881496530721016 -0.028705143392504073 -0.1520552046035075 -0.001322580941687437 -0.08904342440553911 -0.17719027880399613 -0.047922195222998655
0 17 0.002424999793526121 0.08054274644781759 0.029867128633571948 -0.01717285775107712 -0.10244902871875297 -0.03899879526621614 0.08966592874563253 -0.07770744500095404 -0.06826673096216904 0.058258691814880914
0 18 0.1362530814648369 0.0415080989541846 -0.04742893622414503 0.006850164792969144 -0.07820660644157704 -0.13678819790543753 0.13890516570779976 -0.07627919937702451 -0.13359154857569847 0.03006977443072648
0 19 0.19016523734680682 0.16748973481495644 0.0701127118763273 -0.07846307294490878 -0.11493664538377592 -0.05899245153631208 0.09406936083399259 0.06928839323621218 -0.26029210912348666 -0.010616520842047497
0 20 0.017264835308068743 -0.035572859411994034 -0.06932886631151158 -0.07595658234730993 -0.09255114863289297 -0.088147361867584 0.11156490294632407 -0.09294165527901024 -0.13502616079925336 -0.06304783691074395
0 21 0.06562544732432327 -0.03885668410685044 0.024448494570264163 -0.09998328024408859 -0.003705095999092292 -0.1016944097636444 0.07502411563817399 -0.06792767217620466 -0.0037383290315989534 -7.873906200344587E-4
0 22 0.13468083275596954 0.07352046728696585 0.11015360567222673 -0.09181287640472308 -0.03344342704016493 -0.18759110017802774 0.025308613911947265 -0.08374906923093144 -0.12688329559788922 -0.05013092836295348
0 23 -0.09951996633188849 -0.13915799612406668 -0.04574635915472372 0.10498983314861313 0.06881776298834505 0.0814360680060695 0.020968728470719022 -0.03730836589090469 -0.0074642229337823 -0.03425750872684281
0 24 -0.16511743918107885 -0.04791740013143476 -0.05046593501821418 0.026385277221912896 0.12944734103562172 0.07352689756930228 -0.013872128415300167 0.050196506847362564 0.17722126240391253 0.03866345369432401
0 25 0.04478918461902163 -0.025249157000031962 0.0792834755852843 -0.00890903388892028 -0.010777979005543325 -0.14243835201200167 0.036420093546276774 -0.0164583520415121 -0.1263330069131938 -0.06423709916905755
0 26 -0.004915019516056697 0.017127890341349934 -0.008038077137547757 -0.03477389714772956 0.09481797598906044 0.037417555523272465 -0.08884972689371386 -0.05478147325251766 -0.05546421595167246 0.054439429634252606
0 27 0.0828770284444571 0.12525257515153806 0.05998436088472054 -0.026210184608753358 0.0010871067900051349 -0.027741260098888925 -0.061606425911039125 -0.05491398631537448 -0.06917935353704069 -0.11030242747741115
0 28 -0.0503798329061466 0.036363229175365226 0.020554544776622222 -0.018830412906427015 0.05413682435326963 -0.02503470858589333 0.06685300626564453 0.09772104837325808 0.030769015856034646 -0.06937238846826975
0 29 -0.04779974090295137 0.11545428077055443 0.021641128828924647 -0.03564101821206255 -0.09028220972822386 -0.13126628200113039 -0.001019857485752447 -0.07286557524483821 -0.1605729465936486 0.04493539971372639
0 30 -0.06384655304567924 -0.05036879763243832 0.06442251065315571 0.004974259056870199 0.06649210108469303 0.04077350802448239 -0.058299122930763975 0.09029898218654572 -0.02170150425029866 -0.04644617496615782
0 31 0.06481877062177818 -0.06784205027381479 -0.0022418146298816585 -0.041685237362873856 7.646278301661028E-4 -0.02798148092472719 0.019253889986878294 0.0718314455261853 0.06513038677942597 -0.08504942933904361
0 32 0.044084849381557434 -0.05310882158662778 0.049911455539043734 -0.007735312072870967 0.09142691350232363 -0.01192208488571445 -0.0639486496361547 0.013086468531905959 0.10648840957736981 0.009533016734716345
0 33 -0.039834540462017204 -0.06348271557868651 -0.05891195435543335 0.047402888196155124 0.07763906563440874 -0.025646155117168133 -0.043169918236156984 -0.05612446773369255 -0.09646136701881766 -0.049506240431807194
0 34 -0.10900347680736275 0.05242084309198019 0.0453807022729548 0.031699996255739146 0.0722042408626046 -0.06255861550006014 0.05820384277537185 0.06532150938793298 -0.022065411414719453 0.06911363662067926
0 35 0.0822907482763781 0.07242659301719105 0.0250822878392535 -0.09853273077932743 -0.08484187897370277 0.05729547228784658 -0.05186729262051531 0.05178416344747597 0.030850987484547704 -0.016716793595316956
0 36 0.10162811627384785 -0.020608105237579503 -0.007622235023529774 -0.03192617230634495 -0.10081789313142747 -0.04855221206533711 0.08459075382299232 0.08254560161605361 0.0871730025458535 -0.04383055274108827
0 37 0.02080890756846152 -0.024052625378925493 0.033705954545891495 0.0836095646919751 0.03684543190049279 -0.03232358971291853 -0.05716491185357327 -0.07343219687960242 -0.0912393070447603 -0.013619923654094385
0 38 -0.025144158910311205 0.028757294096282464 -0.02468937718847611 0.05454700974783759 0.0959756599698818 -0.07650815687282264 0.026390851011613578 1.947143586405993E-4 -0.10169909962964137 0.0802838806879345 -0.10190487210800406
1 0 0.7681151940964918
1 1 0.8367900645364761
1 2 0.06829520355791913
1 3 -0.2744113460402228
1 4 -0.5147657435465821
1 5 -1.0139638915954319
1 6 0.48972482824793123
1 7 -0.13728486929506184
1 8 -1.3244943894554888
1 9 -0.40303644713148695
