## ListNet
## Epochs = 1500
## No. of features = 38
1 2 3 4 5 6 7 8 9 10 11 12 13 14 15 16 17 18 19 20 21 22 23 24 25 26 27 28 29 30 31 32 33 34 35 36 37 38
0
0 0 -0.09119809455112157
0 1 -0.038368568766278
0 2 -0.09512248210836112
0 3 0.03903900394502548
0 4 0.05395236980749087
0 5 0.09604591730261679
0 6 0.021843205679290562
0 7 -0.08663675875129427
0 8 0.05990652514078457
0 9 -0.011053502713075427
0 10 -0.02379924001097741
0 11 0.045437524086193413
0 12 0.05496309523802489
0 13 -0.02146024750304889
0 14 -0.035426958816727944
0 15 -0.005819061657511972
0 16 0.07595575880484051
0 17 0.08589177017036999
0 18 0.05603312864327576
0 19 -0.016946150689752425
0 20 -0.023384558664890163
0 21 0.030225336290608917
0 22 -0.02749574831493503
0 23 0.07744194272213159
0 24 0.0034918879111571367
0 25 -0.056596183197859196
0 26 -2.0789036308117257E-4
0 27 -0.08890654776125022
0 28 0.004494350503654312
0 29 -0.01425142060032834
0 30 0.08596151174046363
0 31 -0.06754620112747466
0 32 0.04969651937816376
0 33 0.045654194279876284
0 34 0.025705427689288223
0 35 0.0011478182303107066
0 36 -0.010705900378525257
0 37 -0.038688070726609576
0 38 0.03744136169552803
