## LambdaRank
## Epochs = 100
## No. of features = 38
## No. of hidden layers = 1
## Layer 1: 10 neurons
1 2 3 4 5 6 7 8 9 10 11 12 13 14 15 16 17 18 19 20 21 22 23 24 25 26 27 28 29 30 31 32 33 34 35 36 37 38
1
10
0 0 -0.055755312872945266 -0.03370006176106768 -0.030988590286919786 -0.016937311627758765 -0.09803119237507733 -0.0625524132137421 -0.06175580668319726 0.09406776926568691 0.06451646721225618 -0.02599086454744408
0 1 0.07278443504098302 0.03030642650836673 0.06223345516264904 -0.06575369203575875 0.047964278962485694 0.013177438164055701 -0.05934100129105859 0.08662288158332197 -0.04054376267697689 -9.365814819449153E-4
0 2 0.01460831910452332 0.01726866828504381 0.08993112514837634 0.08828068208646292 0.07121880570139835 -0.08820879420107491 0.042010793194965715 0.03689268711433178 0.08523912769825497 -0.06986126107707158
0 3 0.04312490952441118 0.05787493471771863 -0.07880163715535132 0.024717339365735704 0.002269685416738756 -0.048903511918683945 -0.05479212597563121 -0.07481207028530391 0.0018374082275530443 -0.09775134715832175
0 4 0.06572992647304411 0.07765024861817928 -0.09030962827463276 0.05904590424238723 0.001532059906373208 0.02934449518170642 0.008818625342644755 4.480552484862975E-5 0.052354214649081916 -0.09095464340739987
0 5 0.08812655594748241 -0.0905808962179214 0.0038228636468324645 0.0388339686302451 0.0010817955573015287 0.08015975115018477 -0.04408206956774121 0.09657220792655019 -0.0727177145573209 -0.06477313495589186
0 6 0.09918868785291839 0.09743295288261082 0.027855512758575163 -0.09971379639482476 -0.05843165225465599 0.05786978634651555 -0.008211116016259373 -0.051068944233695415 0.027562821170879742 -0.018804648158209335
0 7 0.09627962783415721 0.014243826423084135 0.021177390511832993 -0.025212732331399687 0.06698434045325903 0.04742043809702131 0.009502994336110366 -0.06945241096828311 -0.029159413337530835 0.08413712283837098
0 8 0.04678415173355106 0.01903911916701196 -0.025988317921370484 0.08745183132840925 0.037427398581167205 0.08762364027209768 0.04353628188410281 -0.009498352160830566 -0.041483246298745606 -0.08399958528277594
0 9 -0.010123102827442637 0.09850927407851785 -0.08208218639092671 -0.09046106265166148 -0.0821025202912431 -0.07443817227687761 0.09357835772050578 0.08299221096320641 0.07682385542594523 -0.06058620959308016
0 10 -0.03959695123483389 0.001488670360587706 -0.05632255766040279 -0.012994074000238241 0.04097749971618519 0.02100083410899313 -0.06344742753008335 -0.03893469316317298 -0.07255947391486604 0.051637480629716126
0 11 -0.08438065262940661 0.033253562839129606 0.030246451028848226 0.018940763444454584 -0.04285493231996094 0.0890458793637955 0.021796727989052106 -0.03546964688656758 0.03235357361028066 0.05989049963917802
0 12 0.006056809641631299 0.0781653687883641 0.058263279574941144 -0.05888969255417545 -0.09009787932215438 -0.02670252733015338 -0.09121253815780558 0.08266710312827283 -0.0962837359756745 0.004378577365160732
0 13 -0.03215682057983117 -0.03618410941140373 0.02592682092232242 -0.08316138700340459 -0.048642284669267975 0.021097359947714164 0.08190600150817194 0.08328651012601945 0.07176527441998218 -0.015266143077995413
0 14 0.05755996254057675 0.09756855429176678 -0.03806057339137757 0.043038981114539396 -0.06551927157860148 0.024654269037825395 0.014037116829870478 0.08132384637016529 -0.0569311479311088 -0.07115167811958917
0 15 -0.07383713808516404 -0.09632794204532319 -0.07968239621323024 0.019412337435787824 0.08344723714797614 0.03753916606291485 -0.03221275388359409 -0.019521823890694654 -0.005346004074449561 0.04262616119548985
0 16 -0.09684091458394235 -0.07460129285742803 -0.05755097555927646 -0.022453635708630622 -0.07867163880017694 -0.036837785608576396 0.04823515549308349 -0.002205161050854964 0.033037849715994154 0.021401772194841958
0 17 0.0599072180453231 -0.09186945579780348 -0.03819317507193058 -0.07572964947633651 0.07619464351251282 -0.04766471315530542 0.05807662274168004 -0.011968419875226616 0.027361278851695134 0.06427366662638867
0 18 0.04511838029643693 -0.022283298965709224 -0.0813483614188819 -0.007064139838363651 -0.05225964426944442 0.048683560630808996 -0.021916195916586032 -0.05354703646276349 -0.05999664207802397 0.07126955783380273
0 19 0.03650155166270976 -0.06332130276094099 0.0741257584816592 0.012910624475977472 0.08293443128210759 0.03769966119288819 -0.018511456034284546 0.031457978768108685 0.017141983641027345 0.06079859531060327
0 20 0.028379562520566712 0.08583376269774043 -0.040086794088367 0.0374825421997106 0.04743283429497526 -0.016655877242958642 0.06750065029360076 0.05548473087183176 -0.04878976165922369 -0.07931039872645503
0 21 -0.033605050920027454 0.003503542002224942 -0.024004778351894785 0.0019635658045300606 0.016686789040233883 -0.07045850490872667 -0.0353793290718756 -0.019297702109854285 0.011149971716794346 0.03660365359929417
0 22 0.08202668115679992 0.05073727003224332 0.0811367550745586 -0.04261522437126458 -0.010371237494848324 -0.04845936517032656 -0.09855936870622882 0.08869319847042818 0.08989847510672747 0.04183804594840226
0 23 -0.008356469622775075 -0.07188148170708218 0.08202988789774251 -0.04206876581682916 -0.06407361700557165 -0.019336220938315718 0.054417536937754536 -0.053093525030739115 0.04794810405368111 -0.009508651020269102
0 24 -0.0313738396636139 0.05396283221941013 0.0219835818155736 0.006435409627631529 0.025111568880993102 0.08009490943648392 0.056078127686001525 -0.04673302818328592 -0.06151627196716495 0.03428966235952619
0 25 -0.04661976837888782 0.03419384725286027 0.0034864148727046557 -0.09605146215322528 0.06749520974692855 -0.09033396763307602 0.0718042040696216 -0.08907823168103934 -0.09276372007994653 0.00878479130778182
0 26 0.0820954164644455 0.08239356171150446 -0.09413030061809596 -0.03539848507292233 -0.05054103633021599 0.07120734880715222 -0.0416611003518331 -0.07337674651230607 -0.06652572074954204 0.08567988469154104
0 27 -0.03114542262488432 -0.07342596278109616 -0.09582640406487028 0.02245230446638854 0.020387072865243935 -0.023335177699780562 -0.05688157155217622 -0.08035808131599095 -0.08109481955965202 0.09527212549000635
0 28 -0.0075645948769038395 0.008523826663559195 -0.06366146469905225 0.04424672289493849 -0.09080449913854324 0.042742033637263484 0.027941910726588585 -0.07638819631261358 -0.0134678406575624 -0.014584127994178072
0 29 -0.014681169444043912 0.02205902327324749 -0.07487702849496616 -0.06623113267176985 -0.01968434111362292 -0.05533792841710764 0.01889473248074781 -0.09392647858998654 -0.08530109553041308 0.09899811809939286
0 30 0.05653723251022957 -0.07287133080483121 0.04259607591933776 0.04186464954560212 -0.09497654358670032 0.08739177388841475 -0.02138469821890062 0.07417901136005113 -0.013237541744364886 0.0013368919058658099
0 31 0.09533640595911781 -0.015924866865758322 0.04444530517539494 -0.056131177801203726 0.044101354560068744 0.07265103919725378 -0.061057988028135016 0.07624211828130247 -0.09626574919402917 0.00408469089790702
0 32 -0.009611513716192814 -0.09518146829112646 0.0626049552563417 -0.03186274248099764 0.009500502028910082 0.08925261536773976 0.08189175044990452 -0.044376220413758445 0.012007276322603943 0.020626692649717063
0 33 -0.07910601307191356 0.079233108804965 -0.014444051618153835 0.04667379952005147 -0.07989907153564058 -0.07623377579671888 -0.03799771335422312 -0.04762270924994936 -0.03232280071390725 0.09930356093621541
0 34 -0.006674849295165183 0.06341867975220118 0.06493182586489156 -0.016438545731707672 0.01035379217198643 0.002478664227297621 0.04803764770939015 -0.01574304160403434 -0.09656967788535142 -0.0099381121685513
0 35 0.03012398208679498 -0.008117750796036074 -0.0087790198753156 0.03502272211847289 0.09674332595622985 0.03468731210155055 0.08436041136996132 0.03923261552676923 0.03281258951168681 -0.05319062074690291
0 36 0.03121355985772611 -0.025985727586849208 0.0735250971591943 0.025408600222475687 -0.0249358647195405 -0.052407978072524425 -0.09763589002604389 0.065238225948361 -0.008046399588657502 -0.0047407186095611105
0 37 -0.05051572519927557 -0.035811352533362865 -0.026573996706172193 0.08045651387956276 -0.08498907800774118 0.003964787250545133 0.01012824868152948 0.021517260868784412 -0.07073833999183067 -0.0677462007220035
0 38 -0.008265227643850756 0.02492088619631206 0.015693710711990345 -0.04862695730761743 -0.003778046735515206 -0.047972560030868944 -0.06873870639247845 0.014928524015314911 -0.017109260283184883 -0.010763375374175444 0.0043075205758214405
1 0 0.08456574380397834
1 1 0.08789881318807584
1 2 0.05836430191993722
1 3 0.07776717096567232
1 4 0.013986194506287448
1 5 -0.04060751199722233
1 6 0.07730204612016703
1 7 0.05889409035444178
1 8 -0.07584445178508799
1 9 0.029908334836363626
