## LambdaRank
## Epochs = 100
## No. of features = 38
## No. of hidden layers = 1
## Layer 1: 10 neurons
1 2 3 4 5 6 7 8 9 10 11 12 13 14 15 16 17 18 19 20 21 22 23 24 25 26 27 28 29 30 31 32 33 34 35 36 37 38
1
10
0 0 0.04731948350248893 0.09117838250381438 -0.03687526933777544 -0.09195130741290751 0.09499889539278392 0.03987413186687087 0.003951433268215577 0.08504962888282193 0.0625335439271235 -0.04505148936676185
0 1 0.07441328437404096 0.0159248453604718 -0.06011934051425707 -0.03826651911071891 -0.02608726248351189 -0.061634264083071606 -0.09474512958988945 -0.07797808887087293 0.022951952371677176 0.07446305935561233
0 2 -0.016198160226866536 0.0187633416216361 -0.062210778504162796 -0.009697165050353009 -0.07353051500272137 -0.0736879706206055 0.08994080033797733 -0.03086225893724512 -0.08218374219448829 -0.0030531224950748627
0 3 -0.021078771904704113 -0.04810381018254672 -0.09016941491430776 -0.02984828613564594 0.08474879297746708 0.023001484375477138 -0.03766486992592529 -0.09518516744831601 -0.0644422141233692 0.042755308067004325
0 4 -0.02186952361990958 0.021203769895794086 0.0193183798164753 0.027309959305418557 0.017594458212376384 0.03510087458059383 0.051840186495066574 0.08107996869254075 0.05323900665450981 0.050697968533722285
0 5 -0.036391984745121536 0.046008226496829785 0.008965766283903602 0.06883732435957218 -0.03276598151280078 0.04025543861072052 0.08696223522645415 0.07896663537174685 0.08727650286225656 -0.09174818538007225
0 6 0.0023798524295125393 0.09352327425340397 -0.07008281497137028 -0.08785941697863721 0.05561254571217625 -0.051701178504847234 0.0018056250303776348 0.0680672735621698 -0.07606906762682998 0.05268879878170292
0 7 -0.0018470965381681957 -0.07480856160282451 0.07631898655999157 0.06776085066456315 0.026331239611735665 0.07163789006907391 0.010527272225431573 -0.09194275247401465 -0.07597149450816443 -0.005707006486288812
0 8 -0.010744609740947705 -0.053320392688758204 0.018747345579127193 -0.06035161819443138 -0.06686582646121528 -0.0021615095440190102 0.014189280782997473 0.0015331168930680361 0.021318697791299943 -0.03669801697876772
0 9 0.027625111489740378 -0.067097793906561 -0.07487865513179749 0.004732606243611267 0.09042396227753931 -0.08739607282169287 -0.03726788759622836 -0.04103950392396168 0.09718329189318092 -0.053392217787650645
0 10 0.01149084038427753 0.06145259352841834 -0.030795210336640903 -0.06841084376085373 0.0705454439327902 -0.03677285354905317 -0.07010878002690639 0.028831587669858126 -0.07039999649037545 0.012285059091583795
0 11 -0.06825853275418825 -0.0800137341063769 -0.04560424282188244 -0.02203661658142312 -0.08378508672895763 0.08474449610594054 0.04925012933204506 -0.07125934131190773 -0.010801218575173348 -0.023221762301908377
0 12 0.03269347087206365 -0.023427415178982103 -0.08109678263034154 -0.01573090872576773 -0.007800872281242312 -0.03638083154539958 0.005623385803809343 -0.022399087754264944 -0.09919825851485603 -0.03447457276929466
0 13 -0.08041014510549506 -0.028279212987023267 0.07222892666637873 -0.09278865434745476 -0.008252961352205506 0.06550033128536178 0.0182305211791882 0.034971624685777546 -0.07664228635659914 -0.05985763037274033
0 14 -0.08908635045504337 0.014615298455654839 -0.08912465093941796 -0.014233660412416756 0.09919345072947337 -0.058078642374693984 0.06832938693697431 0.0575623394707148 -0.05496952246034134 -0.09575915922776275
0 15 -0.03641241178970665 -0.0947291634146739 -0.029671934277314353 0.0982564726723157 0.0316564032592532 0.09012245139102842 -0.07408472432667146 -0.06424702515036584 0.037760722561984705 -0.005562687618012268
0 16 0.0429323878317875 0.07729265914051603 -0.08728913116667333 0.09209504318006248 -0.02068631421940811 -0.06071087142111745 0.04969266397298788 0.004010551203813619 -0.050870159020292564 -0.01129979470040222
0 17 -0.03034058280327066 0.06389946250554891 -0.00841119439772189 -0.08574877866664038 -0.08740006939145062 0.05723270479470558 -0.006329523199543025 0.04603460169284982 -0.01970273725260588 -0.07695211766853997
0 18 -0.09351635626569113 0.04599027021935072 0.09323654594869345 -0.0694251900760523 -0.0850404398895199 0.052882840555825116 -0.046881098732196494 0.05687725649200944 0.06312113562190427 0.05534963073079627
0 19 -0.06773856484591287 -0.021683017924612892 -3.199364800365099E-4 -0.004257719484699152 0.03015797146894753 -0.045231582195918 -0.08731647080424776 -0.0690215801989175 -0.07001284682804836 0.0851739145892224
0 20 -0.09171015376140353 0.06899043100208499 0.005575521499329831 0.06124567633109326 0.03481767326830684 -0.05796410319213674 -0.02226575904763288 -0.09486917007927384 0.05041472374542522 0.09725374024888774
0 21 -0.009232331614173635 0.01450552945663054 0.08075325675270396 -0.05211049522963358 0.07543320317419461 0.09426971512410645 0.07223801854851811 -0.08633310875340394 0.07204364137666266 -0.041686533154314385
0 22 0.058007544381709894 -0.008356031383846711 -0.020056914430711704 0.0883954222782793 -0.05118540911474748 0.04563848443599701 -0.07345658569666977 -0.06545615208031459 0.02868623754227896 -0.08275498250104918
0 23 0.04965722593547453 -0.06518959529795344 -0.05472551607069238 0.002827339846386176 -0.02337941790591778 -4.1968319343286663E-4 -0.07848924316048118 -0.012730323827558898 -0.011021302593757953 -0.07286322695748366
0 24 0.04344399203393903 0.01860065903300339 0.06957814271997062 0.054439099600321506 -0.05984690089867467 -0.03823292425191423 -0.09761465535726699 0.06400473981005157 0.026719211947200425 -0.004555587063706184
0 25 -0.04946919634385765 0.09929371814405613 -0.0374632600572225 0.01896611723506249 0.07269530139559363 0.04181443784221884 -0.06606123211365407 -0.058125948448225176 0.034149684678755454 -0.009102013495437052
0 26 0.010883835691849583 -0.024829262086902584 -0.026016312086235904 0.07226347095926589 0.0682976888058119 0.06093826795632681 -0.03336481747663752 0.09110046196249125 -0.018270509061227257 0.007505393600439199
0 27 9.840843562862473E-4 0.045580024600601135 0.03126025051220829 -0.005695853383628429 -0.05828235397564711 0.056946030527210964 -0.0468566322573813 0.08142224042663085 0.04865411925891652 -6.380679987589949E-4
0 28 -0.03233918080721677 0.04520239782085687 0.06259538676957306 -0.008521796267835531 0.002964255280417606 -0.07014337245860419 -0.0920034222119876 0.04723199602664704 0.073775550759504 0.08081150191935013
0 29 -0.007292573585252985 -0.03743410973454482 -0.017766532997304456 -0.0975431843620773 0.008990934489295813 -0.04832421947876875 -0.024718023099582778 0.03294932541396829 0.020135218636867267 -0.061416147167494384
0 30 0.09134374798713449 -0.02953898848626596 0.06748192374309261 -0.04815921111961434 0.023890446502616333 -0.061354098209446234 0.04555378735043044 0.04707931837046701 0.001709675181613268 0.09589136570748942
0 31 -0.0701358591763478 0.05789658849360402 -0.03291275493382605 -0.027339124966524853 -0.005382350256839406 -0.0923762486559129 0.030761734962405814 0.04750850502994129 0.09248502007475208 0.03472898486397205
0 32 0.05421840737696722 0.016120349363158745 0.016421758244237566 0.06786210569936704 0.08424039375137679 0.029245018318076296 0.022669399407310352 0.01613367502260412 -0.05350634018814416 0.06123494159346774
0 33 -0.03546452920613798 0.04042008744416494 0.00742708052706243 -0.07305480796673122 0.03560122755881171 -0.09557686128152143 0.050500844777073735 0.03909240322636021 -0.027228810026900394 0.028630771097299196
0 34 -0.023945814006512977 -0.04198269383162504 -0.06003281948621316 -0.05048154022634359 0.06850633111037403 0.026138498386422383 0.07643066488399129 -0.06293632495921371 -0.04899592141539171 0.07970072842392927
0 35 -0.021718156088433745 -0.05975257060985519 -0.055844560652354505 -0.03596724760061839 -0.08926603585664242 0.05015864255462283 0.05470025793546298 -0.04573755832451628 -0.07106830885604289 -0.07118761602936118
0 36 -0.020575615701824063 -0.07851088467836309 -0.05468700264212155 0.06573111122790337 0.08848086780427156 -0.042329291155082674 -0.02784631984808115 0.005316912181343826 -0.039718783578185646 -0.01162562967755553
0 37 0.06269458091708781 0.022783690322813986 0.07331632320157952 0.06051541524785154 0.0013872382270465732 0.008589944089328396 -0.0370585351480112 -0.07266028876196153 0.09816957025791956 0.0915811572203608
0 38 0.029724191869051713 0.09795229162997887 0.052223066917682054 -0.07010770171151388 -0.058574171294892514 -0.01601604724203182 -0.03328397603612032 0.07944733727516087 -0.03651271695743772 -0.04564073326703841 -0.02471262216567985
1 0 0.03959794715046912
1 1 -0.0035761953331530597
1 2 0.07040388882160221
1 3 -0.08888003230094822
1 4 -0.03891748189926197
1 5 0.01190740428864944
1 6 0.05768658593296976
1 7 0.06784744560718607
1 8 0.06587030738592162
1 9 -0.06744974106550192
