## LambdaRank
## Epochs = 100
## No. of features = 38
## No. of hidden layers = 1
## Layer 1: 10 neurons
1 2 3 4 5 6 7 8 9 10 11 12 13 14 15 16 17 18 19 20 21 22 23 24 25 26 27 28 29 30 31 32 33 34 35 36 37 38
1
10
0 0 -0.040038149919718796 0.03281039212502856 0.06254013728845763 0.0843805875112086 -0.09070508465258098 -0.09436879713887962 0.0490941538747174 0.02817175383141334 -0.0902180345580922 -0.02279482747831813
0 1 -0.05795541266544906 0.06056354001014206 0.020436263307381047 0.07659300794277252 0.06524798057129413 0.003096817674465703 -0.02626023691327383 0.06680993852961212 0.02301147295700027 0.07163601175322226
0 2 0.03393215416188091 0.08059901379910216 0.05740432386798935 -0.004497542414487933 0.09912663482415095 -0.06349905219282131 0.03938545343227283 -0.09824228987082322 -0.0048717774076995355 0.013465555421589684
0 3 -0.09118520768865047 0.06640589940809691 0.04481506055168393 0.09945257642768102 -0.027590143723920085 0.029195787794484798 -0.00830141368643205 -0.06782733562863343 0.08224286104315662 -0.07547564053425257
0 4 -0.03007581347946473 -0.04116746980985837 0.03623669856278944 0.01212626909938576 -0.08016503756257469 -0.04548177278062887 0.0484809026559616 -0.03082360457455833 0.04657646272586222 -0.02444588396634301
0 5 -0.08585076572765195 -0.07689252331921193 -0.007643654384631338 -0.012223178429747827 0.06459028095774215 0.001189350134990888 0.09939998911315118 -0.03992538542355492 -0.04399775764518994 -0.012103385547347596
0 6 -0.05837298219684922 -0.04513844352158975 -0.05837552345714388 0.021938961050298 -0.060371964754677425 0.03874393322120459 0.03388984507613694 -0.09955983083019515 -0.08185341612055029 -0.058764753846781315
0 7 -0.0133012395397222 0.09953262358013594 0.0820466069218061 -0.007040423216961274 0.003278027865318956 -0.03686780204104944 0.04119345162902718 0.0214071170622652 -0.0667508729195032 0.016038699897947106
0 8 0.0930566902132496 -0.08317519986702929 0.0056422351605009925 0.0032230265393049474 -0.058440241059378464 -0.09797847661609381 0.0183698356669321 0.051242439457986746 -0.02040302628279322 -0.01646275671701093
0 9 -0.07060400047602906 -0.04850603667335975 -0.08161667130580112 0.08061217599065802 0.08805739216236655 0.06491475343735638 -0.009598994081443714 0.09130375499338292 -0.06557555096643694 0.010671128328082499
0 10 -0.006730103514943503 -0.09344440649295858 -0.08799189393335173 -0.006943579302857565 0.03813144739967568 0.06550588255438194 0.07548442673875938 0.09162359532370379 -0.013060193017211749 0.08295647697459932
0 11 0.09807825413371923 -0.047629318352896 0.04320399703229091 -0.0965461018565403 -0.05268839589914526 0.04653100928668729 0.09461100056005843 -0.029972415015958858 -0.0594749337397301 0.04611185265798592
0 12 0.009177549610667123 0.05480713176113439 0.013845095945522964 -0.06681304572644081 -0.09630635982025511 -0.04491891339313098 -0.025424077245551503 0.09914443269921797 0.08565076694867155 -0.04738189699473417
0 13 -0.08587357629191812 0.06172437370174958 -0.08788274612223261 -0.03247598069473447 0.03395826759675844 -0.03802385694618907 -0.03179256501604202 0.0014247031345198614 -0.02780422395121681 0.06867361613432064
0 14 -0.03373236500775999 0.03712924258390671 0.09199647042477234 -0.06607188666013382 -0.007536372813785521 0.08087592887551905 -0.08056676746673952 0.04745995716763978 -0.04208804437629186 0.00562491134278534
0 15 -0.08502235472619564 0.05456776979492931 0.05761017061725819 -0.035210893501252845 0.02168993205145474 0.038238423497278275 0.0013409196042797047 -0.02813662128743646 0.05219591595594638 0.039216225909239254
0 16 0.058721163507823984 -0.004353152861641382 0.026729092028290463 -0.08864073981944266 -0.037152174774039676 -0.04402281900039182 0.09098215030323306 0.085208419247395 -0.025939070609727263 0.028268670526076282
0 17 0.06453140568689082 -0.07982426728116081 -0.04826654676395752 0.02377030605897739 -0.08096647569272873 0.013157721016735045 -0.09881548362408422 -0.035272923770920596 -0.0781959633600636 -0.006716982754135948
0 18 0.004298966843999129 0.06331412602743793 -0.04119754167669375 -0.0036500909562175764 -0.05292976443780315 0.00775752677278644 0.028722175992843404 0.09242021916938985 0.013837947546303728 -0.05222268040245233
0 19 0.06065484813712023 0.02279360835827307 -0.007707484839332677 0.049299367557345375 0.0032954570460695834 -0.04198353899021286 -0.09577244341718676 -0.0018343586144495118 0.06606984171815074 -0.036634832457523143
0 20 -0.025987138687107413 -0.001797360127714534 -0.015128703786474256 0.06544690890078975 -0.012359568152757731 0.04491368947573029 0.016778744919594947 -0.006730786736865485 0.026265407586909054 0.08663824715831521
0 21 0.04686331158274021 0.025394679240493732 0.047038877311723515 -0.04301701641708778 0.04092485331377297 -0.08463019957327265 -0.05318195394031694 -0.06861922605061085 0.014459532282750064 -0.08901271754493736
0 22 0.03527476598994956 0.06292856306332155 0.052503872138761676 0.047785006675155 0.07699522739020043 -0.06648447435634416 0.05351616375149965 0.08973943513149332 -0.08159387436982049 0.008505159964276804
0 23 -0.01371436237309285 0.044471606353979586 -0.017765785180328772 0.058909582275152354 0.05499518154721157 -0.028616066355228176 0.02105107690773217 -0.019258268565006603 0.03203854853432214 0.04030940258913442
0 24 -0.014868604133500288 -0.05973154419478772 0.0023023090162434404 -0.07033797408682818 0.008329188374541023 -0.07196193704946857 0.006543119837652785 0.08396177516539848 -0.08772837071595588 0.06133531614172047
0 25 -0.08664817230154688 0.01426617594394968 -0.04260918318561753 -0.046692525015629587 -0.06282239931114816 -0.034552355876493496 -0.05818900732872746 0.06988368604219702 0.0026723290486916963 0.045173814857958294
0 26 0.061512936934259174 -0.04356220444056374 0.04103445355665341 0.018438348702478985 0.030517307240541473 0.08135201363655886 0.051303118153640866 0.09414491831020265 0.06227068096596452 0.061466697530765516
0 27 -0.026536698126494673 -0.007894489997350793 0.04954260649379156 -0.0721408073746228 -0.0017380197732678794 -0.06445123194942023 -0.03329079014995656 -0.07525027996622198 0.03749371566071637 -0.039253184193379705
0 28 0.08272791214302486 -0.0030878222191499313 0.0895609057605271 0.0026073604359137057 0.0043844496260621885 0.07253970122984496 0.00897203804479538 0.013124549489706996 -0.09683962680388551 -0.060713703991378716
0 29 0.05292499195739875 -0.019651834754835354 0.04882631650527175 -0.03661624036995155 -0.03794789098657009 -0.04425554304528052 0.024943893190972878 -0.08454616050416638 0.03375147777156621 -0.0927209373206582
0 30 -0.09544843926495418 -0.08663681244523358 -0.07869128489889261 0.05360139674317842 -0.044409413040224804 -0.05432776718160439 0.09590559347555834 -0.0020154644837114084 0.03398276618909432 -0.011540863394684027
0 31 -0.002970731441954523 0.020196630312822362 0.01163447056547862 -0.035950075823283724 0.037299385062393456 -0.08322206815575842 0.021848767141850665 -0.05896751910529616 0.06454068194421138 0.035400749959466
0 32 0.024197742742557916 -0.009936665726922166 -0.09787901483478298 4.798293964117167E-4 -0.025594041880309636 0.06550750391973585 -0.03236157793392635 -0.02709729761905042 0.006127780610925446 0.031304641114271545
0 33 0.09041293823285182 0.06993517969973416 0.05515734441783956 -0.03964472082699861 0.08197722067709723 -0.04641432377090819 -0.037030944534828976 -0.09464431165471396 -0.006148954561532803 0.08905106463285722
0 34 -0.0742943962839562 -0.03365744978651039 -0.05962839644652878 0.03455784960986778 0.07067016012696575 -0.003182807892292418 -0.07210033020433305 -0.051639790037539816 0.09506091516929184 -0.06585116603470492
0 35 -0.05825759842991829 0.012356746010482311 -0.01393800973892212 -0.06579221785068512 0.06210186332464218 0.053714461624622345 -0.08998577296733856 -0.0794723853468895 0.070322185754776 -0.06003715470433235
0 36 -0.06156078013138494 -0.07063967015370004 0.08850612716081298 0.02038745036238027 0.07974696303571023 -0.04959043664108024 0.006372894270036351 0.07984101889045904 0.007622910391555199 0.009333510078296841
0 37 0.026433268531568393 0.008649103626371944 -0.07980303179630978 -0.0742465195933374 0.09420832508208947 -0.05910169085114336 -0.07934565853103429 0.05046232600999309 0.047611631028006376 0.06629639011343356
0 38 0.021234883967148437 -0.01753341173641882 -0.024123675815354916 0.0015110325660828183 0.020203999239162513 0.04675984272765689 -0.06488423288289608 0.009114476741129965 -0.08473475585073677 0.0966912217905467 0.023348206654190785
1 0 0.01401552557945231
1 1 0.011318969540298
1 2 -0.09792211651802045
1 3 0.07625368982553436
1 4 -0.06390957534313195
1 5 -0.08630774915218387
1 6 -0.06573359668254732
1 7 -0.05203903838992137
1 8 -0.028681457042694092
1 9 -0.04723758623003983
