## ListNet
## Epochs = 1500
## No. of features = 38
1 2 3 4 5 6 7 8 9 10 11 12 13 14 15 16 17 18 19 20 21 22 23 24 25 26 27 28 29 30 31 32 33 34 35 36 37 38
0
0 0 -0.044698845091809776
0 1 0.09525756454709518
0 2 0.04411581703778082
0 3 0.007065066249030987
0 4 -0.03867174204649023
0 5 -0.071251400648684
0 6 -0.01777257351828814
0 7 0.08980047062385359
0 8 0.05481027933416986
0 9 -0.015521938615317936
0 10 0.03522325770894631
0 11 -0.07901254746096786
0 12 -0.007175896268998518
0 13 0.03918060732973536
0 14 -0.01605466562316176
0 15 -0.017312149991017142
0 16 -0.08297726134673862
0 17 0.037151147470543586
0 18 -0.07160976497751806
0 19 0.023979433944717254
0 20 0.02332127357923297
0 21 -0.07758296052280653
0 22 0.015182484692915353
0 23 -0.0586708530225186
0 24 -0.006445331934683476
0 25 0.020698943657060737
0 26 -0.011936635627401375
0 27 0.07766441279885311
0 28 0.023047886347054118
0 29 -0.05852673194148489
0 30 -0.07099158936976907
0 31 -0.07404597012839591
0 32 -0.09779968561819939
0 33 -0.02411196022497003
0 34 0.033368999058856944
0 35 -0.07171342763482096
0 36 -0.031405752941249
0 37 0.002712492483317648
0 38 -0.00807346124202013
