## LambdaRank
## Epochs = 100
## No. of features = 38
## No. of hidden layers = 1
## Layer 1: 10 neurons
1 2 3 4 5 6 7 8 9 10 11 12 13 14 15 16 17 18 19 20 21 22 23 24 25 26 27 28 29 30 31 32 33 34 35 36 37 38
1
10
0 0 0.041866202979774586 0.023476813195122063 -0.021409590709765777 0.06440971068663696 -0.06234798689516974 -0.07941259083106808 0.06165510336466497 -0.06442629153924861 0.038159606123819786 -0.019811575012359948
0 1 3.063710852632649E-5 0.06481507112473027 0.09519213129088124 0.03098331022840701 -0.0027887535428838027 0.07561819217772202 0.051700774747723964 0.07698605051361224 0.026742885211722706 0.06657233149372868
0 2 -0.049083514784531566 -0.03181409335179951 0.04437215475859628 0.054391660033070666 -0.05980943071045943 -0.08709634384742884 -0.07567682745698032 -0.07529804878331728 0.012872627784855211 0.09079465978357153
0 3 0.04709136412485869 -0.016255749308371172 0.053452706447856865 -0.030976694159062106 -0.06940657591171363 -0.04448274113339271 0.04533177663426146 -0.07749631230093777 0.06377936855839471 0.03157433299458016
0 4 0.03215761480840133 -0.034038092666744 -0.06780186074287772 0.015969289688150586 0.09676793800316295 -0.03308214231039397 -0.02202971201732642 -0.0853637343898055 -0.0965733149576989 -0.02727427658122318
0 5 0.07144586240812373 -0.08944564003395511 0.0073883679662956935 0.0919759317449243 -0.016075558441963653 -0.012425376817117442 0.07811587111593463 0.05590459489036613 0.010265017932783137 -0.04478769011428595
0 6 -0.08434220269995348 0.01941748640990204 0.0411105442778353 -0.0941292048187993 -0.07015413488244703 -0.00331067492929602 0.013109518888554335 0.06611118814811483 0.08441664045354676 0.09492368971896611
0 7 0.028297331827249587 0.028200943309486512 0.050213793120529066 0.022818962116118533 -0.07897907572091285 0.04135262771494783 0.05434875511377577 -0.09673653355839425 0.06362597882357837 -0.007748619120194726
0 8 0.007588849963762384 -0.09487072550005939 0.09556797030899816 -0.036149523646905435 0.005633695726321772 0.06743658069712741 -0.09885057797183254 -0.07100998818270633 0.01591174794944898 -0.052223585616791905
0 9 -0.07590412052773472 -0.06594696688483542 -0.02591562678400907 0.06559124039679581 0.0877147323543441 0.00801267844305689 0.015038718107236972 0.040737147669813595 -0.008688737196601393 -0.015096358992100628
0 10 -0.05377994484854189 -0.03379205408813569 0.00563671754818461 0.03555206977983817 -0.09175310994620074 0.008258905581393805 -0.04314076978807487 0.07674026861485493 -0.0689709069926618 -0.037862772024894284
0 11 -0.03606341480532094 -0.07673049975840894 -0.07375491031761879 0.039329693872922275 -0.053936232946350304 0.012444471743453875 -0.0749813190703462 0.057607375638381794 0.031756194022860826 0.00654837226585179
0 12 -0.07633337976775151 -0.0781419248663577 0.05706764975651644 0.055238244292295444 -0.07596767341775669 -0.033897378173881526 0.08409387696562177 -0.04969115329674012 0.0662261830843866 0.00735255463430022
0 13 0.07225535698551097 0.00497557726735159 -0.07489861200442575 -0.002453207640225509 0.058760917508776364 0.041925286851387134 -0.03210376697885851 -0.07548091381932212 0.05258413180798577 0.08991128698747915
0 14 0.04497445321940478 -0.06914450009662441 -0.08081375243643789 -0.09146131001024636 0.0761192239607363 0.0902230872324364 0.027169817567469612 -0.09315449179497991 0.05119626423133477 0.007025211642135928
0 15 -0.0775493359270027 -0.001583957561717346 -0.06599913443891524 -0.020507612213124714 0.02743500507614528 0.06801444912199384 0.024065969913024978 -0.08021467323633819 -0.012200569929695367 0.04081503730556094
0 16 0.012098103921239564 0.07464784492546722 -0.09282707677457865 0.09088776538824525 -0.012380186225993262 -0.02457836154775082 0.06677216086012507 0.07204487246856317 -0.05890626644063228 0.047347190606933286
0 17 -0.07656725235855302 -0.025663008804233542 -0.06705267610047075 0.04039083413727406 -0.05717117879653802 -0.07689327835250756 0.0054323630645414095 -0.053034100973657114 -0.09720194625550228 -0.0983855750819705
0 18 -0.032927042605681744 0.07699729209189136 -0.08884644329303899 0.03664085068556404 0.09393821794496976 -0.0881379258057478 -0.006633194575289506 -0.006040985476317194 0.0505363784858073 -0.014602504827680348
0 19 -0.08613810358742824 -0.05606018600495079 -0.031454298117310577 0.08988741359244919 -0.0703464258259982 0.008267874224421807 -0.09475526367273401 0.07321470205056352 -0.05354961524689797 0.0414910184888671
0 20 0.03355756846990513 -0.08418294054222422 0.08052092663666657 0.07584945112748735 0.0022918739960365985 -0.0038677571061239194 0.0521346766898714 0.0694676713067743 0.004843942756841346 -0.040181236290342884
0 21 -0.04772984877374399 0.09485593580936834 -0.06502293604688016 -0.04214010639618546 -0.0991997430282494 0.007148682146921877 -0.0955083411965413 0.07404906980045288 0.041990194552833586 0.04999958972662515
0 22 -0.09100609707080719 -0.029105765547222818 -0.024510495156887736 0.07126327765573774 -0.09869218784209789 -0.06960260957222124 0.0786533571168365 0.03665661295262026 -0.060271398283337115 0.02990271499254017
0 23 0.0413381538305608 0.03605523819587734 -0.07762335404549792 0.008467349003016236 -0.07030755867262424 -0.07442334249624144 -0.02726010102333161 -0.004588218030731487 -0.015250425314896798 0.027681599447554373
0 24 0.037526765935202176 0.026910685389420333 -0.08972852405373431 -0.022127006781124205 -0.04685317532680829 0.011867364294536484 -0.03917126038037282 0.06543402255677769 0.08136755670365396 -0.04256055597518279
0 25 0.015188599068017913 -0.017095630226250047 0.02595438201907526 -0.050589388841981414 0.04778830957586321 0.03656821137315774 -0.013982354868715562 -0.01803686851689492 0.0534754796671654 -0.08845101155637562
0 26 0.02770323172632737 -0.0687404955426591 -0.029369932782933105 0.016138529340701632 -0.08428086214671611 0.054491298252596874 -0.06146841626000463 -0.017346399370319968 0.08000277977628076 -0.09574058865763849
0 27 -0.018496413525951463 0.06784978730943067 0.07944311300958815 -0.032325402419536964 -0.011933688149379377 -0.043844098144513496 -0.06552366807716438 -0.07726809084170852 -0.07758383388064032 0.08732574909351669
0 28 0.011269905256083573 -0.041664618036694544 0.07417425798379859 -0.043398586423105366 -0.09526620086614018 0.018575432210598132 -6.708358363672173E-4 0.07456438068360016 0.05844674438822318 0.07060921444784884
0 29 -0.005418964764452725 -0.022687210675537403 -0.09214126961705635 -0.06548462090912308 0.09749426325937847 0.046244683558974764 -0.05468687372918917 0.04322933157259712 0.07345225070155166 -0.007804010273636227
0 30 -0.03708420342193582 0.07887167817743866 0.04114256537446501 0.02465444674066529 0.036936342687383904 0.025291109179642193 -0.05631391080371524 0.02413088740733746 0.0543110129351925 -0.08230632286025798
0 31 -0.08746699274783715 -0.06443046818906088 -0.09318753832480556 0.040141423935728136 0.08972432000827223 0.09154182421845859 -0.0377818591394775 0.08806894523275358 -0.09945199362272877 -0.0034417932534447086
0 32 0.07433298272177238 -0.0623670704400218 0.05795266883906652 0.08379970684471169 -0.04580819300293428 0.031592444837010604 0.03475170023942773 -0.049158601280994516 0.05951751506666839 0.08179338433614053
0 33 -0.04882574166917591 -0.025970569087768885 0.015769080101200365 0.06938810559482007 -0.07960836715799868 -0.03683377054420632 0.08944786946710534 -0.0553818669454276 -0.01856954911379331 -0.028720966789518375
0 34 0.07585063066253493 -0.020674887852367263 -0.037278864624387606 -0.020748007549789605 -0.007070829004844917 0.08974133021487024 -0.037269454544899445 -0.08314843067101504 -0.0558466135817251 -0.05739805557442019
0 35 0.004380387254059315 -0.08512763679027557 0.07018864154815674 0.02144445851445198 0.010400628671050072 -0.06539396196603775 0.02384844981133938 -0.07334364205598831 -0.09302861988544464 0.08555964380502701
0 36 -0.025281053690550524 -0.08835777927575575 0.09756138689563883 -0.024266849996049795 8.990952951367614E-4 0.08680765016310789 0.08229294811582567 0.05775710706773357 0.057166704171334085 -0.008936424804691196
0 37 -0.07367200275570368 0.05124660977052042 -0.03048364596274524 0.057256518068229297 0.006973555198907855 0.054662736567856564 -0.0538450236800378 -0.012423683911299721 -0.0036049942570808217 0.05636118260321601
0 38 0.06564811915174355 0.05831322387892661 0.04579913225085145 0.041754818426538026 0.06623292430847434 0.04722065728492311 -0.09705381265825207 -0.0699897475012392 -0.009514309821254842 0.09120273688325126 -0.09374896436929703
1 0 0.004862546920776375
1 1 0.02103846147656449
1 2 0.017026161774993186
1 3 -0.09843288362026223
1 4 -0.051039315760136664
1 5 -0.08751940727233831
1 6 0.02592743560671801
1 7 0.09902072697877846
1 8 0.07513071596622488
1 9 -0.07590800523757937
