## RankNet
## Epochs = 100
## No. of features = 38
## No. of hidden layers = 1
## Layer 1: 10 neurons
1 2 3 4 5 6 7 8 9 10 11 12 13 14 15 16 17 18 19 20 21 22 23 24 25 26 27 28 29 30 31 32 33 34 35 36 37 38
1
10
0 0 -0.15939805505824436 -0.05046728250956549 0.14281826963783412 0.06434381024288748 -0.10876988305466567 -0.03534691290796737 0.05373603442356868 0.04192893528777139 0.011689981676715597 -0.11941876078348468
0 1 -0.39527410166450455 -0.25196315638977285 0.25061107050798936 0.006410140386933415 -0.25736760304994394 -0.04469105667058815 0.018295658471642027 0.2624769318378509 0.1740443905512851 -0.4318254716630154
0 2 -0.16101336711359518 -0.009734662828293533 0.121102586149924 0.015035749635712171 -0.01224630280774126 -0.07058421097126664 -0.10364956699547254 -0.01420598384434272 0.09415378819481905 -0.14381173318260393
0 3 -0.46692718764559676 -0.44612364944311667 0.3318680235050922 -0.04065810416054152 -0.4538960024285609 -0.036561029424009614 -4.003326952546336E-4 0.37691188690656696 0.30569334848034707 -0.6265261823491243
0 4 -0.31025632890542215 -0.1460559828226053 0.0275679839954301 -0.05477060061425613 -0.1968776939318418 -0.12165268142206284 0.0564853941037075 0.02726972655993962 0.10118087611943945 -0.27411893652304825
0 5 -0.2981698199047274 -0.15213931295086455 0.16751756127130518 0.0047058834709802185 -0.2949994070181543 0.022024381861264687 -0.045574780045225395 0.19462071898792388 0.1719365516656404 -0.4468460268304435
0 6 0.6433800390955964 0.32097537465771286 -0.4020626660017517 -0.14202788826781962 0.5934414814439092 0.14365579640022036 0.05646654856924662 -0.288215493058775 -0.2300255146928502 0.7228699756294774
0 7 -0.32618218494449835 -0.3593525072890108 0.18553671600171934 0.002751845645871183 -0.45299480088853045 -0.05909463936649161 -0.0028580535552827848 0.21830050445039137 0.1765402513895297 -0.40120802352511453
0 8 -0.07522967451509267 -0.1406885535951298 0.026877230764886583 -0.053757583572017 -0.06343343557692516 0.0628825144153649 0.027516191507304603 0.06550279247478993 0.12658359289261822 -0.11378076889481945
0 9 -0.048959441403528155 0.08272907011249905 0.05227735399659977 -0.08070532767390906 0.021200259237645926 0.07778116175837846 -0.0776614699429661 0.03673042350434101 0.016075476779377266 -0.006235148843546195
0 10 0.17322083250289566 0.1277543485806278 -0.009174576869903316 -0.06129493686116816 0.00879895928469254 0.010176002243802489 -0.03757199876751675 -0.03429789425172742 0.023639672736302093 0.0875844181692962
0 11 0.14260727334375017 -0.040776962999110884 -0.09318859566213139 -0.09061954767493302 0.10228125366127355 -0.05583273475340171 -0.0023253203385459036 -0.03337611078080182 0.04595160935895378 -0.010169190626423637
0 12 -0.40111625143553065 -0.2412495391385089 0.08393104060120683 0.004503200624843132 -0.34977038429125135 -0.06679250274850893 -0.04232691235793257 0.16911193281416598 0.07612521201499256 -0.3176798018554487
0 13 -0.35304712831242724 -0.11531706570898498 0.05301374718766422 0.10236412535401315 -0.1528089994615165 -0.06959944774507504 -0.11605819067842005 0.1997503574096648 0.03997374678669064 -0.21056557649683058
0 14 -0.06758885795955187 0.06100875933087968 -0.015948884964787653 0.059018279265782764 -0.08441043439947289 0.023740540426223193 0.04315626433246391 -0.01770882227140917 -0.015042117272171975 -0.07407291224723055
0 15 0.019267643895349146 0.013554543210419288 0.011799196217251827 0.011618970333678197 -0.07709480945776194 0.030866770734645717 -0.02048511030280593 -0.02515392795562942 0.06418986701070208 -0.10247948232253147
0 16 -0.13390609634616685 -0.07718090504771387 0.06298158760526558 -0.07785941911182247 -0.01428972996687679 -0.08166162339309171 -0.08973668132210263 0.013239298075341185 0.08653643207894794 -0.1144077794406752
0 17 -0.12754474434320962 -0.027907723665771746 0.04327987520838063 -0.0299442476513653 -0.13130425797952122 -0.07008314446508253 0.06088056405233927 -0.0804720886659462 -0.04803425649338344 0.03775407939123912
0 18 -0.2096983704211557 -0.17891037907102758 -0.010235855903566488 0.07356002622102496 -0.09638937213372124 -0.016842750224816957 -0.0705167738365121 0.0015724630934944078 0.0898617229658327 -0.16969533229588218
0 19 -0.19359926606379654 -0.06921557023117111 0.09781977767264673 0.05898122741143859 -0.12399358252926745 -0.009886411097967321 -0.06521189493165652 0.07383453224275359 -0.024984145895534004 -0.08868287133027958
0 20 -0.08605406787438465 -0.01449028098992497 0.10003223610183339 0.026078123523607947 -0.11073581257339182 -0.022390415472695616 0.057306353210523124 0.03484391889352096 -0.021401801309391323 -0.06356936650232507
0 21 -0.09922207902550295 0.006940073414200889 0.07244802825226387 -0.08205726515853949 -0.042330486861407626 -0.09252130247888435 -0.10244026035464286 -0.037783597157846606 0.08600169746927382 -0.13362469318698614
0 22 -0.18125649775863958 -0.18043663412836788 0.16700049716597284 0.06527602543710388 -0.25116910025065925 -0.11739763293967946 -0.06946688519935584 0.1745590407027495 0.09188425215377506 -0.11357995204296978
0 23 0.05592670365222708 0.030658306116050766 0.04214319882905946 0.037141921480216646 -0.02625654355754321 -0.06268169906390093 -0.06867950017620295 0.010751389690905784 0.007448080789352628 0.030455161800248366
0 24 0.07476650786869958 0.030089375989446065 -0.05552823692979964 0.03372343562068441 0.11031367780372768 0.07276231753358652 -0.06946616268205828 0.016901677182810652 -0.053183165745349974 0.026806868457501472
0 25 -0.1459235485425326 0.04611211005291526 -0.04282267322052652 0.04155275596933353 -0.13843166361615744 -0.006039240499801021 -0.07543853218890502 -0.04879099744341165 -0.019923317275534855 -0.03979204550641664
0 26 0.10899633788345356 0.017938194287520182 -0.08298851629672876 -0.03016488209324017 0.0931931618643093 0.030817252178154446 0.09847264618596967 -0.08588603353571896 0.0029012313204972023 0.07042399225740882
0 27 -0.12536834351871004 -0.08192192101714887 0.0575497351525741 0.10245919676330448 -0.06524825130149103 0.054731501013545625 -0.0812267897797275 -0.05909144629596724 0.06012078698110869 -0.045006926970833715
0 28 0.05973555625764735 0.010479054567848534 -0.027744269992131323 -0.06241241572077843 -0.06074257321650802 -0.07275183785876177 0.07263966000328559 0.05687813134753585 -0.07303296617790814 -0.04609251652433294
0 29 -0.12967776281426519 0.04083751877779234 0.06868112598664541 -0.01771943760960081 -0.005270482583085199 -0.05535298394376657 -0.03478175556382416 0.042617438752429106 0.11271783256397654 -0.15858892966459928
0 30 -0.05057375507749602 -0.0898139339409762 -0.07502284182155709 0.056756362037460546 0.0070944450253167465 0.05920201255075774 0.04867816704181582 -0.04306944207041294 0.04007624361943092 -0.054299704116119535
0 31 0.015308244566248042 -0.06921629739212053 -0.09053743170732209 0.06540435271611654 -0.09075418684296227 0.09923469454513816 0.047543415669009145 0.058908291044855364 -0.029459662546965058 0.08813630698374873
0 32 0.0102559701722333 0.13014664156252265 -0.09457710066632752 0.0014352994216356044 0.008618028240182351 -0.01181027225283222 -0.08392520857156109 -0.009225136703098871 -0.049045092864378054 0.07531877388090033
0 33 -0.08376009065167257 -0.12206272107009426 -0.04710629168498447 0.04187944955490201 -0.0896193030681417 0.06768682695411236 -0.03263699575658764 0.045898936243764635 -0.014786311516638617 -0.08693476540998475
0 34 0.04164916180473142 0.008197620401195496 -0.08696724402423621 -0.05368621119127226 0.09579429055168517 -0.07574095934096987 -0.061053317682973354 0.033143759049749394 0.026097011673284577 0.0078419456839349
0 35 -0.059569371167974436 0.01352329856177852 0.007712043232856851 -0.0773813634972785 -0.09237612342553439 -0.06836921232434426 -0.058512342708293336 -0.04255876854803456 -0.06303102301175498 -0.09588579775382344
0 36 0.05471566959223282 0.04160142063772785 0.0895032582368636 -0.04212266920899667 0.0870309833070266 0.07809590652197419 0.00739955849513039 -0.014579423399360381 0.046352897643180534 -0.08612960461248752
0 37 -0.05819101308798762 -0.021325041819862327 0.034482464343800874 0.05392018234047059 0.083930471481877 -0.08133950163256666 0.06202428584526462 -0.0994763984974531 -0.0033805431118471797 -0.011981350220866889
0 38 0.006257576912354629 -0.0583254377150254 -0.07913955226121563 0.008869861769593512 -0.045185862757729255 -0.0919410272606026 -0.055816039466424903 -0.004122813896248433 -0.07638304528422389 -0.11525353874140953 -0.09839432726705297
1 0 -1.2711953928814828
1 1 -0.8384776994621354
1 2 0.6470716914960051
1 3 0.07701697911252053
1 4 -1.138696575180061
1 5 -0.2461285604734402
1 6 -0.1344340383135157
1 7 0.6358729413006541
1 8 0.5027375446762271
1 9 -1.346652239633199
