## RankNet
## Epochs = 100
## No. of features = 38
## No. of hidden layers = 1
## Layer 1: 10 neurons
1 2 3 4 5 6 7 8 9 10 11 12 13 14 15 16 17 18 19 20 21 22 23 24 25 26 27 28 29 30 31 32 33 34 35 36 37 38
1
10
0 0 0.02044980200018895 0.07876645523746499 0.03813816893001085 -0.015534898204006409 0.021532417664248522 0.12782339177601204 -0.06144707492654473 -0.20613981973406562 0.10746166019757011 -0.1274053933914688
0 1 0.16480749837060313 0.051909967585922014 0.10598130981172368 -0.09246726263301822 0.085926106107583 0.19767535125849456 -0.13469067812762225 -0.42205194116663497 0.22854363821417364 -0.2607673718730311
0 2 0.06864276341300164 0.014894973153052115 0.07524331390852221 -0.051584137385077 -0.05327341402528724 0.15110419690060864 1.8468173382738218E-4 -0.07410433529438751 0.008819854728997526 -0.13622976501513254
0 3 0.17248961574714042 0.07315109185023104 0.22982992326138454 -0.055441540814463924 0.07463440011242188 0.38704985266324615 -0.11393411980104867 -0.5766595332561084 0.3551327120377902 -0.1871945010238782
0 4 0.046170100184021005 -0.011664596671469673 0.137215195376392 -0.09550205554629389 0.0593168708227052 0.20166542007154323 -0.06898452299170876 -0.25013782406034546 0.06748817223725335 -0.004951213593114299
0 5 0.1284719270108386 -0.012459212100586276 0.0782974532751856 -0.045367557763560086 0.09649170799477846 0.22168207869781845 -0.10746795070728549 -0.20671169474985868 0.06814098205432798 -0.18858700064758047
0 6 -0.45064321702264587 0.01120967505658068 -0.3508331279614471 0.0342186259136084 -0.04730635826342089 -0.5089072875837587 0.07284516326455541 0.6768082476485843 -0.43398085022882393 0.2551596453262814
0 7 0.2885404874452839 0.07648920305627457 0.12393195952445799 -0.0797778379063797 0.11979757983690392 0.3154851904092448 0.0257998445958054 -0.2886531880443483 0.2403485696883113 -0.20827783579366863
0 8 0.08736409864162493 0.09982084932439061 -0.01898838317677527 -0.005123066516513816 -0.029861321485946682 0.07473578832935449 -0.06785463678569228 -0.17081244611529442 0.06158057952204129 -0.10524827211748448
0 9 -0.07073816233261344 -0.001062075501896401 0.03972169241461817 0.03249466238276807 -0.05777194838919647 -0.04778059257288542 0.05999413182005246 0.08979272542892817 0.054128543401365976 0.0728509358450754
0 10 2.752806551600658E-4 0.05364027010214783 0.0614837978433849 0.09231491273490647 0.026017405265002284 -0.09892377501413843 0.10651153487296575 0.12659239711648732 0.04350921586188862 -0.07116939391477276
0 11 -0.014765302444697344 0.08704742664978471 -0.08846407317536194 -0.07525710708784891 -0.02808406138016643 -0.0588776137365519 0.10301136441151681 0.06873212953091601 -0.06287378113908343 0.01163532449170579
0 12 0.08134816484468098 0.07440127031034222 0.020779813703891675 0.050453592057107456 -0.017152390048320424 0.22574771195120105 -0.04194964808339554 -0.353874695522113 0.1268313731412657 -0.18964905026901377
0 13 0.1187528046104832 -0.04572482954748979 0.10503081227709192 -0.0979517720334443 -0.06632312690338 0.09874066803048777 0.049793651473488375 -0.27608003701878553 0.022529465596406194 -0.028418710610840565
0 14 0.06739019214649718 -0.08576363939123624 0.025186277151361274 -0.0550142618466949 -0.07366308325619277 0.11241181497350736 -0.06770588272758975 -0.1062750824261458 0.0752947546262394 0.022441114561242915
0 15 0.012021134029732367 0.07569129089637681 0.1070921808756173 0.06523266231073431 -0.03842758361802712 0.14632939757576174 -0.11370618030810148 -0.11424514312230744 -0.01109101403358978 -0.030947305105403066
0 16 0.13880984283982356 0.035843989733735385 0.0539811420919582 -0.06759396675996919 -0.06469814444963669 0.1501265738266427 -0.06913733241202433 -0.052334468966279225 0.09456051323101691 -0.016589674568868337
0 17 0.05511707975973373 -0.030392896359334554 0.07655546697902274 -0.07588262838260024 -0.039078320129358704 0.02157737476856879 0.06849392655816408 -0.028191237645506444 0.10289670101399932 0.07667526921715291
0 18 0.16392151613987543 -0.06193511778701796 0.13271939493546422 -0.033153894230159686 -0.0710593175771084 0.05720899217900635 -0.09587101849776841 -0.08037789765006875 0.13868750031108404 -0.1483269839816199
0 19 0.003047504835077607 0.030942280055380845 0.06947486861955263 0.05400171725836247 0.02099955848305911 0.12718140559169983 -0.0352397434597694 -0.220057427561867 0.10978432838038892 -0.062045608578513406
0 20 0.05734237370502793 -0.04301913641191982 0.03612453930644298 -0.10300605024139473 0.049786452483702025 0.053219465206185215 -0.11030189640271833 -0.10560462488882323 0.06225289804947272 0.016754493397942164
0 21 0.042927185759022816 0.08777805205998943 0.09621959956169761 -0.04701392235927411 -0.03619092021804236 0.041764895939783296 -0.053719798228046886 -0.008358057895248794 -0.04908990687217767 0.013092581264058538
0 22 -0.018860181423018194 0.07624582761876426 0.04660647581518107 0.014732975801413098 -0.06399975261061995 0.022591984502853955 -0.11742850175544638 -0.11881113186493569 0.009409801690652163 -0.05556079528643492
0 23 0.010618905354255278 -0.08788707873986516 -0.04637308693419152 0.09986502940967149 0.04211188168313281 -0.00383651706359955 0.08614600122653449 0.03535126747706648 -0.052604857407550866 0.06962458657928502
0 24 -0.12826554623013914 0.056518968611874484 -0.04199928606893542 0.0647535721957874 0.08346155207223692 -0.053026244423627966 -0.08244651422054301 0.08146952966598991 -0.04096327807599284 0.033249096523769395
0 25 -0.0036392138857282773 -0.0327921015527884 0.06640845620579046 -0.08224949460713742 0.007935790953479682 -0.0046920127073082464 -0.04452347012319528 -0.16176343735215704 0.07065649392761973 -0.13085020263146763
0 26 -0.0775417747006864 0.09514040636411399 0.06071078172692046 -0.09237410829974624 -0.04051364579574584 -0.08813578493261962 -0.018638483839987653 -0.009584803012862625 -0.0627312509346396 -0.025103590202718542
0 27 -0.05245940894781007 -0.07137258985378167 0.09331876333472702 0.008455971601675452 0.08761851256173879 -0.041129802598028814 0.039574319738174164 0.0667774767775333 0.01904686843368946 -0.022945151626705473
0 28 -0.04158850626168273 -0.06508458888477574 0.011315487420895411 -0.04764300890016919 0.028939351592550514 0.06861865285104066 -0.039648195346511754 0.06980856280683814 0.07717314387448974 -0.08969408792395646
0 29 0.024931779361546988 -0.061010389466821614 -0.024782347704573597 -0.01343840807543653 -0.05851487950613041 0.015163989042672028 -0.016573721819448363 -0.12406239392268319 0.0287776805577986 0.056798233174306816
0 30 -0.06006582979641192 0.0923371228886845 -0.08528365082836353 0.049527351205573576 -0.042106691014042 0.030137139216144714 -0.09922117128774606 -0.031080862065092092 0.10282575937618502 0.07872924534641888
0 31 -0.016983539011281888 0.05574625118475845 -0.06985755032079861 -0.08079592706612901 3.9999912455609293E-4 -0.029882183209528054 -0.056833744461774215 -0.03809801524242898 -0.06907161142996138 -0.020538007993256294
0 32 -0.012256305081362365 0.03577894699990916 -0.05989321844532262 0.061049812696079175 0.07042538692377481 -0.09220578575077465 0.05234437241666641 0.0666366717535602 0.03225213022929245 0.09683911181566221
0 33 -0.023387095523985785 0.014039624353518023 0.10765198773028294 0.06195541810511671 -0.040803013855434694 -0.05645297435854658 -0.09889106318406603 -0.06890560714296327 -0.010487348462355916 -0.11771447525884175
0 34 -0.04060583610697072 0.09482791019439707 -0.031524373444650026 0.011547194900132713 -0.009264609152494059 -0.04437636282517166 -0.062491856475011424 -0.03871171022831225 -0.07499709728044529 0.05309305896793379
0 35 -0.08580469731439858 -0.06436867130967294 -0.08282372718536617 -0.060678599192289066 0.07979590564766621 -0.05967601003342905 -0.07111289373881316 0.021230931907025314 -0.02785538954769994 -0.07962019840293226
0 36 0.07566253862169531 0.06934842098229321 0.09778158782232642 -0.07806098099726864 0.039588686285253825 -0.05212997446507063 0.03557108559346172 -4.5377808626901044E-4 0.0921754803555396 -0.08020580816533035
0 37 -0.11993086676574714 0.030517530951280836 -0.03190441483168475 -0.06802705623038358 -0.004420467003059297 -0.006049321285394689 -0.008971925104049318 0.06191391321731762 -0.13017625842735 0.0384002056467585
0 38 -0.09334878263575774 0.08908326560853758 -0.06332918019741589 0.05809356158809702 0.0066482440374854325 -0.029106275888962196 -0.06315841999732603 0.054116458445098825 -0.09807572660039571 0.06890023780600239 -0.06465604490584562
1 0 0.5925238212512521
1 1 0.04870756511489179
1 2 0.4882684547434605
1 3 -0.20346590860200572
1 4 0.06060823397131494
1 5 0.8460700326609244
1 6 -0.29138899165471555
1 7 -1.284211070636369
1 8 0.6565882584736392
1 9 -0.6136765946091486
