## LambdaRank
## Epochs = 100
## No. of features = 38
## No. of hidden layers = 1
## Layer 1: 10 neurons
1 2 3 4 5 6 7 8 9 10 11 12 13 14 15 16 17 18 19 20 21 22 23 24 25 26 27 28 29 30 31 32 33 34 35 36 37 38
1
10
0 0 -0.07709315888745787 0.09766059151918213 -0.004908685524275879 -0.08949492276071451 -0.021998016643340907 -0.09343277019301276 0.06432780583110265 0.022485380540312294 -0.06356075392979067 0.012227753981218397
0 1 0.088954167976562 -0.016747296574907942 -0.05060229825094553 -0.05100186261803023 -0.09016717185997122 0.06791679309160112 -3.540834275673677E-4 -0.05444607850473843 -0.08647948005199836 -0.033148078588127405
0 2 0.09124986054151532 0.05432209769603347 0.09006506883766027 -0.042108357664220164 0.06784612971023225 -0.09395102943081317 -0.07460379899799621 -0.04945292462275207 -0.02637212945986272 0.014599895430660453
0 3 -0.051131013562002725 0.00997372988575899 -0.04497923452875731 -0.07259504562857381 -0.09584424822385021 0.08013406376464238 -0.08557392949792171 0.03742972464032637 0.006083738954372437 0.01504305142791452
0 4 0.022340685855118014 0.09289829069006425 0.008768520584501645 0.035142465491639865 -0.04391120462655449 0.0279562192682225 -0.009198116224085357 0.08169050176705854 0.037646686516436816 0.05527171884785865
0 5 -0.04851565044072438 0.06815916859564618 0.08693261792300287 0.04178515864423 -0.03151598343126237 -0.060205473820112765 -0.003980868086774226 0.06911667599952018 -0.09859946262544468 -0.08548910098077388
0 6 -0.07638367028445119 0.06783423759296224 0.04109447646140755 -0.0825124087290122 0.02702782557915972 0.08539381266672658 0.0013096275154406748 -0.04654572592062735 0.07415974876004142 0.05446708729752197
0 7 -0.05659896770785435 0.020892692212877546 0.031666441409733334 0.025403702476109197 0.058539922990515136 -0.01050695899443781 0.007794980299541208 -0.015217095543928848 -0.08943427183136901 0.06780529121006344
0 8 -0.04384122235560027 0.0036506190710968844 -0.0997704227526052 0.009579562746623794 0.08625910044902366 0.07553623636511292 0.013349247935933452 0.07855930005814026 -0.09800713802408727 0.07010319495307865
0 9 -0.019659419772100197 0.053287227296019535 -0.09850636737978613 0.046770224266501334 0.026506558514539803 0.045222322758985495 -0.06648218150759533 0.01886256099646054 -0.01168666819284332 0.0948484607823825
0 10 -0.05332312863102111 0.03867453330643853 -0.09489148858706285 0.09379429874333996 0.030889725968729572 0.038568033545006604 0.05014937741718053 -0.0138444608495702 -0.04384035314808567 0.04705877254745082
0 11 0.09178703181596466 -0.02240613405681559 0.041520305119612085 -0.002239919771394586 -0.09715373638143267 0.09574590210314882 -0.044540604682132064 -0.07747987226901724 -0.07331212729694843 -0.023679508693259306
0 12 0.0354786335254773 0.021915335015872832 -0.03717108957777638 -0.01301796818791355 0.07459569067309459 0.09167316595138772 -0.05306425952077257 0.05729652254166338 0.009194663603602944 0.014511640788788601
0 13 -0.06499285771374451 0.03854453211124391 0.08453950628099358 0.08771760757034214 -0.06702860929191387 -0.06716432450974276 0.06600060853435397 -0.05531504385382171 -0.08035654864547817 0.045320976932585126
0 14 -0.0510483630459421 -0.050656067178357654 0.04172468155140963 -0.05981653926123545 -0.08427320832452924 0.01622304017181307 -0.06516176715786144 -0.0738764526587592 -0.08663146084762349 0.03471770557329669
0 15 -0.006224643078407319 0.08624254597840844 0.07761952565245835 -0.013132954641117321 0.04597009027166637 -0.07131521515145575 -0.09846642550909218 -0.06308077637491825 -0.011568123299032135 0.0959366201526176
0 16 0.04160366843108026 0.011441462090261284 -0.0679711266713203 -0.03271917289247199 -0.053888903350298625 -0.0572722279668517 -0.047638060538263194 -0.05455929766667389 -0.008767826583100458 0.06311405068666923
0 17 0.03316486096926474 -0.09977111561396686 0.03605408388018125 -0.031922391833595715 0.07168379315754271 0.04343481551194024 0.05712641679948177 -0.0745025045005992 0.07919010946462132 0.09673959534518392
0 18 0.09796058218114792 -0.016429981364768628 -0.08798425938305439 0.08331552172637698 -0.042983319423284504 0.02854592181200322 -8.939722422176805E-4 -0.008848774046692003 -0.04808355413040528 0.08992598057737448
0 19 -0.043051198800836576 0.04975582782559707 -0.053710602539586816 -0.009982188061612954 0.04177287865040177 0.03320942276016614 -0.02527277747641104 -0.04056340582980081 0.02608387936782027 0.07342173000354607
0 20 -0.0012464609249218574 0.00842865164193462 -0.006729363298055059 0.0570642919906198 -0.047553777156700464 0.08603956334346148 -0.08886261986532787 -0.04170203407028282 -0.002099250475089598 0.09606949061547541
0 21 0.07380479248500127 -0.04415422419908965 0.040805862254933815 0.015834487478801892 0.02433250826111173 -0.04538931770228308 0.014233335544396989 0.006379992186791267 0.0063815130879929845 0.033389557914132006
0 22 -0.0828561065537833 -0.042537036711894315 0.06901049954716938 0.03726519537344044 0.027069028770066374 0.060652030223504204 -0.0927287164492816 0.08043214159625021 -0.01947932032209637 0.07251985989845058
0 23 0.01813651523789406 0.09542154953836861 0.024719393276944737 0.017048655664027666 -0.06527299471551243 0.09724417390785516 0.03638043427654805 -0.03306011657610099 0.0679498303812707 0.009085413236034024
0 24 0.06857328359027243 0.04119995267932033 -0.07607502032598991 0.06963261205278504 0.0951780895601482 -0.01694612622191489 -0.025007028266092655 -0.028959598298493313 0.06990330769720393 -0.0212744114411815
0 25 0.0308225235988887 0.05751091541167601 -0.06628105872352254 0.030963004381518156 0.04668153090089979 0.05032303153269788 -0.04790239722651299 0.07753030960790623 0.008203253884252033 -0.008833938091458765
0 26 0.01738335167488829 0.05927601167242626 0.002109820378322537 -0.020998585757558468 0.09411176076534963 0.03913044452651412 0.01636754147501017 0.04116460654121472 -0.0403917489529798 -0.07874158400652642
0 27 0.06861209359733289 0.09200263613102314 -0.08900388026727671 0.08775384601521209 0.06380965406141058 -0.07185549111804611 -0.02514474132183376 0.08667837125424446 -0.0025105705097781825 -0.05336043529884633
0 28 -0.04115174237708414 -0.09139727224770892 0.046354400390140243 0.0014790576797889803 0.013045352837862845 0.0279751165312487 -0.04899776274499837 0.02266374000639452 0.044899121099565766 -0.07751614496084382
0 29 -0.07733506095013391 0.08066023320103805 0.08892499764168522 -0.032605390634805824 0.08058473260933965 0.078997251685034 -0.07718006893367517 -0.019064981623313864 -0.012827882068723767 -0.015492470248055529
0 30 0.0942357084618797 -0.09999548970880481 -0.0784071622893595 -0.059791420458101915 0.07914057741753261 -0.032451265067323355 0.048973051533413144 -0.09145604353555639 0.06982715755502919 -0.0914894241093429
0 31 -0.09601745016169802 -0.06313707110355496 -0.0933751692359818 -0.011123029340894312 0.09327920870735398 -0.02103897782993516 0.06150050143373396 0.017302784301869874 0.06992689143493837 0.02325143924418799
0 32 0.05231914198416535 -0.04377197624878415 -0.036902463897924065 -0.04517681990352313 0.04649269553897504 0.029246211236621935 -0.0666737881682399 0.051477802808472535 0.03873801695688299 -0.0906058085167287
0 33 -0.07982653555301239 -0.043251831815999384 0.06426355579394633 -0.05560925865293242 -0.08029216378948371 0.06068569285590915 -0.0636923937014517 0.017123808013063013 0.08586003239011197 -0.03238621854544898
0 34 0.05954497232343381 -0.03948306417743429 0.02038866281725596 0.01525671052902492 -0.033069616740787164 -0.008616149927564652 -0.06965060120516767 0.060348057391493584 0.07096649343274367 0.06673899601236793
0 35 -0.05463450402054065 -0.0747812837360356 0.097935453056895 0.014598309994455334 -0.04209984466445413 0.022713661194558865 -0.023611009120478935 0.09535405784855483 -0.09546612948237299 0.02335413172852671
0 36 0.009901480019845662 0.09686162545552678 -0.06690623860072267 -0.059104178207668855 0.008436865384552185 -0.02195138166422669 -0.04535036166427826 -0.0026956188504269995 -0.026795469992935497 -0.07998729977677152
0 37 -0.004528125213086361 0.008638172096466628 -0.05695133762666674 -0.04717422063800381 -0.04008628206266657 -0.09124373418122135 -0.03954712086324638 -0.02817272381653914 -0.04582560858400184 0.029636726862035456
0 38 0.06047093214788215 -0.05712078911406617 0.08233336749236489 -0.03528558894611226 -0.025103391139620727 -0.049617947725675585 -0.061064814517600326 -0.05345767931136905 -0.05050885609473251 -0.059707280891501714 0.0874106511473671
1 0 -0.044190764427185406
1 1 0.026300042867660536
1 2 -0.054555870592594397
1 3 0.09715249389410024
1 4 -0.016055732965469572
1 5 0.09720226377248882
1 6 0.06232197955250759
1 7 0.013784235343336896
1 8 -0.0785508230328569
1 9 0.015839988365769404
