## LambdaRank
## Epochs = 100
## No. of features = 38
## No. of hidden layers = 1
## Layer 1: 10 neurons
1 2 3 4 5 6 7 8 9 10 11 12 13 14 15 16 17 18 19 20 21 22 23 24 25 26 27 28 29 30 31 32 33 34 35 36 37 38
1
10
0 0 0.03935131694191873 0.0661822750950942 0.08483027889657892 0.06359198575206054 0.08767762915796663 0.040218648844097316 0.09397520854258413 -0.062153244676866164 -0.008268169301692909 -0.057540689140830895
0 1 -0.019023943906568135 -0.008074244532871899 0.04555910101294266 0.026671586188806128 0.03313642771643699 -0.044861146953102345 -0.03926718752157097 0.07164583294623644 -0.06257649979806369 0.03432990725836254
0 2 -0.04227867718031882 0.029132500113215273 -0.07262003929320347 -0.06147935109114821 0.024827002967574334 -0.041804481493885375 0.08619744023217726 -0.07898545294091194 -0.019405059855251684 0.01985043002215701
0 3 0.0179512729938799 0.06693001989096922 -0.008875393304355461 -0.04784826587716954 -0.09991446589421668 -0.04657396818717046 -0.024071561563049935 0.05988483500995987 0.034050019927776336 -0.04041995418400518
0 4 0.09651485295781226 0.09230748620646934 0.031692488725328254 -0.015194536819555059 -0.0070252836121783065 -0.05054751168248647 0.09011723900162372 -0.07910941666672526 0.08146105207980987 -0.09404112494042129
0 5 -0.012571687242656726 0.030389751438900086 -0.011258932540555657 0.051720864446175886 0.0995704254522811 -0.0700268221086839 -0.018239843793141655 -0.02933963240746946 -0.02653545006307372 -0.0985730548777686
0 6 -0.04070557946638597 0.05952743710301227 0.07564902987654694 0.014081959919868265 0.09101187956246792 0.07560008734369637 0.008304109671997845 -0.01632213040616792 -0.023465830693357424 -0.06101631639660083
0 7 0.04846658623226005 9.723992148425075E-4 0.05602117871338868 -0.03765624490570722 0.09726830095749847 0.09684767838776327 0.008949297043446873 0.008399893491108687 0.0140997625782103 0.05884023576096031
0 8 0.059612047209966594 -0.06181912975571281 -0.0807571114674986 -0.08005456633138464 -0.0635027055873214 -0.08044742640509242 -0.01158335930378522 -0.027477451556656745 -0.058770374627887804 -0.06774072962436148
0 9 -0.08485081421606142 -0.0373735461645023 0.05387273116381803 -0.02356636545027982 0.04835779412639574 -0.028945230215135714 -0.09612970461074781 -0.053134580865357196 0.09590360927381168 -0.00781596176874765
0 10 -0.032965790366076685 0.09019391996495034 0.019980312152527793 -0.0344084242647144 -0.006413297929219875 -0.051514634513848925 0.021108617183944592 0.026609511860060414 -0.06745370657026369 0.01711040592758614
0 11 0.09464275266954972 -0.05099598245051533 0.056241689522176515 -0.04785932282104325 -0.021072005174987044 -0.03244125831796015 -0.07159918305339824 -0.0110456967161925 -0.05858180624649559 0.07759142387176857
0 12 0.04430820883897178 0.08251834584706623 -0.0728565675594898 0.06524846472441327 -0.036682146366442736 -0.034590641804560604 0.042481438658428135 -0.003276323523380364 -0.013791316397781073 0.09824583791106388
0 13 -0.04653369825378371 -0.09011135270909802 -0.07066024448154447 0.009431251375713389 0.07514599016080871 -0.04734113149303312 0.05404221543489628 0.010507830990248166 0.00347719286704634 0.009216671240588427
0 14 0.08739619017413228 0.0799437817031328 -0.034824919054013706 0.06464244939905625 -0.09345875430804772 -0.00615610465230707 -0.04967695102260039 -0.04788798872015685 0.009887488622800499 -0.004500218104192696
0 15 0.09398017778347707 -0.06516168585724645 0.01049599205529112 5.377314974981044E-4 -0.0021522737007345586 -0.02611528464603135 0.07705523339207153 -0.06712294074635439 -0.07820514286762828 0.021576727130763473
0 16 0.01478343012805973 0.008082194891408262 -0.05177769475789537 -0.05187342848656605 0.06843758510765373 0.0270588499642652 -0.08498278902409281 -0.06368052228502154 0.07528914759408449 -0.00650257743427903
0 17 0.030662543275135377 0.0975945438926482 -0.08630506037713229 0.04885571186347447 0.03299233325885973 0.08347550114934398 -0.09749408470393056 0.09964742880868782 0.017311319216162337 0.04609855110673276
0 18 0.05963265433838886 0.08051253752015332 0.03767054706151186 -0.09977195338331223 0.0765209476859295 0.009093009652447255 0.037755093012221116 0.01731188584506937 -0.05937513019443835 0.07228962763653202
0 19 0.033718937817594025 -0.05611771216541666 0.07817713072694542 -0.049563664982180976 -0.045872435392756115 0.012113400668430703 -0.039509429699157245 -0.05374400689675415 0.0902874164420584 -0.05088409747843826
0 20 -0.02485571638172111 0.0682386817487235 -0.09108657606318299 -0.0346267949994194 -0.04329642342175695 0.011594936615115105 0.08948986622739807 -0.023347142866172104 -0.08826565215298958 0.05304577842534355
0 21 -0.00666117592746775 -0.07928493357497346 -0.039203170394217085 -0.035950627339806154 -0.06401005494593619 0.04457531919895713 -0.015923828662384114 0.0399958962934204 -0.07676153357429158 -0.09400272065716493
0 22 -0.07596097249927641 0.027532119613508522 -0.014458988291288367 -0.08696196089761238 0.04337064072587227 -0.07466441180246208 -0.06554636314485122 -0.05578840035043211 0.07117576446332358 0.08342584418481679
0 23 0.05221419347055946 0.07124243566264292 -0.06907259971547684 0.007876447706237756 -0.01642194422940576 0.02010084009368415 -0.07299771379130286 -0.003966838167095531 -0.03840052171602615 0.014785229871097993
0 24 0.0939081836548967 0.030665461063876145 0.05473614598826527 -0.0303152081827854 -0.05924823328739733 0.08830959744746084 -0.014814132569705407 0.03007674534705287 0.05239486178917539 0.07866404484854637
0 25 0.05194622364795507 -0.09858059573903899 0.06348444031117606 -0.011315764202124188 -0.04734250995388266 0.04698289279497006 0.08715160663715693 -0.06075888232606325 0.034895417943603534 -0.09445990509009293
0 26 0.04247532364766415 0.09926618529095879 -0.02772742772743554 -0.05813160118599618 -0.044182852335718024 0.0925875932899794 -0.04769966271479641 0.0026029507200739654 0.02448082151000936 -0.047011629590674044
0 27 -0.004286968300925657 -0.010518235308489401 0.09039677256684997 0.03928656770101298 -1.44624451984196E-4 -0.03584964448104826 0.0028582701458495694 -0.04415730150243339 -0.0373401277682471 0.09282059862150747
0 28 0.0805821601845333 0.09814805584553489 -0.06037742548843686 -0.015046299956140742 0.06439670722488029 -0.0028309629069267882 7.972902499314157E-6 -0.09188078729709163 0.025736850585689846 0.07595305537609146
0 29 -0.07524323491396494 0.05193239795493671 0.06686100957266256 0.004617423214510039 -0.07012184550425982 0.017304676138741714 0.03968351881218247 0.04114352813481171 0.026426793551212392 0.0964055986256479
0 30 -0.005183205623489654 0.009248509566436972 0.0839245311458113 -0.0179732257155599 0.06595533309888184 0.055922685712842785 0.0556425817778512 -0.034500563871303444 -0.030769300588574897 -0.09261863773272379
0 31 0.047275768489950354 -0.039325317716449475 -0.011880612218023308 0.018333508779476305 0.017032360615140647 0.0484146967024153 0.01335444236819872 -0.006705744675037991 -0.025055013715784114 -0.09520867533061748
0 32 0.041829970441753905 0.06941210057200654 -0.04000455490031079 0.07490171019053384 0.05988078909630293 -0.0789749114126384 -0.05448369756430936 -0.05314305726823063 -0.006580592292710213 0.04548794174327344
0 33 0.01068615226557566 -0.02336695273985725 -0.029817351879205943 0.09384535134113489 0.05304349892393277 0.05682549929547587 0.010749666349446577 -0.08069982337301583 -0.005308547059331091 0.03997256007168706
0 34 0.011507920072376103 -0.023804940331678393 0.016735973906157837 0.03468753569130165 0.04523809010407094 -0.08989574419873715 0.03340296727867786 0.02911158484704392 -0.04864392099238339 -0.002702581641628233
0 35 -0.029280971735715866 -0.06838105618953705 -0.03666634112596512 -0.08669964969158173 0.07454614341259003 -0.06859762966632843 -0.031849849969148636 0.058932770043611526 -0.028188318014144897 0.019931083545088768
0 36 -0.0907148746107663 0.017328857890235312 -0.016315303834770173 0.07980316274076421 -0.09438696328761616 0.05084956557917716 0.09807193998168823 0.041488581020804514 0.03136588025123464 -0.014737390695511237
0 37 0.026988398389996025 0.03915357889463428 0.07661511299799462 0.072275516982538 -0.08721637941306826 0.01643745566686058 0.06296470028109429 -0.0034457134841438153 0.021117144896992457 -0.042329128508996214
0 38 -0.08640142132101974 -0.09813693291936117 0.09107363058830262 -0.059711515157623754 0.08288390277576071 -0.02843173911939403 0.07492955667843128 -0.01436248170938329 -0.07285928102321056 -0.08865418062673125 -0.09037815034389438
1 0 -0.04860587045550335
1 1 -0.02045628428459194
1 2 0.06791926920413992
1 3 -0.005705618765205083
1 4 -0.007071984000504025
1 5 0.0101050017401576
1 6 0.0010574400657787737
1 7 0.05742986127734172
1 8 -0.00552716851234433
1 9 0.04414374753832776
