## LambdaRank
## Epochs = 100
## No. of features = 38
## No. of hidden layers = 1
## Layer 1: 10 neurons
1 2 3 4 5 6 7 8 9 10 11 12 13 14 15 16 17 18 19 20 21 22 23 24 25 26 27 28 29 30 31 32 33 34 35 36 37 38
1
10
0 0 0.08706562600066801 0.010936633238431222 -0.09075643853099473 7.942129440090612E-4 -0.0509147576872995 -0.04738316729199298 0.012860346964573357 -0.038464071597995704 -0.03492548759050072 0.034895731285894474
0 1 0.09791842039873112 0.0357841786621734 0.04141816342014108 -0.09186876715175428 -0.0764018955640092 0.009242501527623221 -0.00997338907481312 0.05998958499988615 -0.026019488166941645 -0.042908299733392934
0 2 0.05168186420123216 -0.012931071310215326 -0.07310107654767722 0.05326465065327146 0.06646339334876929 -0.08660930710870618 0.06906429306448603 0.08268765859496392 -0.0143111225293468 0.0967558799223337
0 3 -0.09850709432382788 -0.079670747167419 -0.08697559790427749 -0.003693451013504181 0.020478638610225277 2.9302457821343673E-4 -0.06577261026441601 -0.06946315627285221 0.005644250906852317 0.08372692253769147
0 4 0.05780670213107419 0.027135648877174737 0.007221822871398745 0.012504616126634284 0.07498455797366702 0.04949102446252529 0.09653999574262509 -0.06742426292186027 0.05577155094840567 -0.05952295034218195
0 5 0.0012013146761844663 0.02607271691229557 0.03453471520459931 0.07392260938119662 0.006791718295882114 0.03488998739764125 0.030017853147496814 -0.007723459504041464 -0.021832989049062754 -0.004738059216021022
0 6 0.05989734939211721 0.09748355505046108 0.06091083497439534 0.041905063043217144 -0.08681088143575304 -0.0193749116546142 -0.06936241982258882 -0.027940170112513322 -0.06799830808561946 0.08831027151863814
0 7 1.2834579275739603E-4 0.005329188714371664 0.010365367376366817 -0.025030817885541918 0.05379613953007877 0.008202294511535925 -0.030146630519023714 -0.0690484937369318 -0.009519733539512232 0.002045142493795441
0 8 0.07828390746783803 0.09677053115994397 -0.008286799952802239 -0.06047632777534505 0.02054013197164655 -0.07725442880788533 0.09633642274754897 -0.012695074420649691 -0.05459083941797379 0.06002627529295423
0 9 0.0018896045591725922 -0.04041965698499955 0.005920260396712936 0.04395558796580245 -0.09696002776436517 -0.09034839942194131 -0.06846721501190235 0.019756670520941752 -0.0909305996574594 0.09451278302487946
0 10 -0.046761959396945066 0.013984998897827547 0.013884707276136136 -0.05891690124181267 0.012059554453664849 0.08737387319418646 -0.0733141059161823 -0.08938316090056239 0.006310634593227096 0.0572384231756357
0 11 -0.009900005063201598 0.07165342297272642 -0.015683509030426694 0.019576113125201994 0.03574977246448261 -0.013323929853985597 -0.08749696299625549 -0.044404191574887765 0.011547140411009833 0.08475156746366526
0 12 -0.08317942884396615 -0.005732404286020489 0.007634167755098786 -0.06691838446760473 0.04399756252251627 0.08611423154741531 -0.09867715153217615 -0.02602475582275132 0.0960157894012734 0.06488585540538287
0 13 0.0615703409805655 0.0860236069780046 -0.03575398701366372 0.059388913166724414 -0.08189707957453411 0.06382533034480463 -0.01946329228632653 -0.038668957651226014 -0.024937376732752294 0.06422598411094964
0 14 -0.024996098008993446 0.07009382705801638 -0.09541585737883289 -0.006329979767248383 -0.06830295833609584 0.0918186032329616 -0.0913794010362782 -0.06756938914708085 -0.03296617184159599 -0.025316673657124533
0 15 0.05634683748678157 -0.08612001560788744 -0.0163453841235615 0.05619216599238041 0.04769937042678852 0.05918292203933392 0.0036941474662419344 0.014432446596037074 -0.0684290961919094 -0.01026052032422591
0 16 -0.05696003931061675 -0.07978949555045056 -0.0545950416354729 0.07604020438873618 -0.04500310324518329 0.0227787650697795 0.07129805787419517 0.08092810765994406 0.04841667745469942 0.0672440142520233
0 17 -0.04637532456727448 -0.02588920380741534 -0.042709993344308514 0.02662971706366997 0.06280485815021625 0.016664884519795347 0.0022115222549273644 0.02280007152811658 -0.03864962236932838 0.09664573127963683
0 18 0.06860056254214539 -0.04346594044059019 0.045889547765290466 0.029241808681641324 0.09719848880507075 0.03254074574137295 -0.05891294383126001 0.09582479647575946 0.028007368069338744 -0.036204346051585165
0 19 0.07746853402458018 -0.036440125228446876 0.028122409148980322 0.046631269502609554 -0.03898340198293458 -0.06280114468858188 -0.0175795501538686 0.09532625386533639 -0.020792733370290573 -0.01555330719727712
0 20 0.021629614709806125 -0.04846257892347676 0.03412743175399687 0.02118645823363409 -0.08899795207447489 0.047688069204307224 -0.028555361488154955 -0.027883413060870197 0.07788408400952244 0.021652800209734025
0 21 -0.05812350045053963 0.06414778227056328 -0.039340230270390186 0.06585323493176402 -0.008574096869761308 -0.06922253666907048 0.02106800112734256 0.05138148119818924 0.048797333547333385 0.09011052989946751
0 22 -0.07378907425843428 -0.07676815144311845 0.04904260337357702 -0.026434727886152178 0.066981465364454 0.02138094887797513 0.0034502081244824037 -0.03146819358441325 -0.01134035212327012 -0.09361706498823193
0 23 0.005215035425624286 0.0451945988669168 -0.040845668680747294 0.09284888486627646 -0.048667810841987805 -0.043841374790891 -0.029416981746964645 -0.019702732435383313 -0.07476033369315666 -0.038918411491807275
0 24 0.0037281108506685996 -0.07669376761040195 -0.033894423582244516 0.04859311566080788 -0.06765473858464097 -0.09802476948352627 0.013114834460463423 -0.09420100964131768 -0.07048422462080378 0.035420484358162044
0 25 -0.0633080152474592 -0.045889776092966836 -0.037246991329025536 -0.005814810788977848 -0.06674457677194325 0.05227190215906492 -0.027611067705274536 -0.07581394793769732 0.005364055522996354 0.04129676137038476
0 26 -0.005691111157417209 0.017192638528777025 -0.02521528633620667 -0.07241820190517771 -0.08433515574244772 -0.019175414741331255 0.04462505384701061 0.053070507380810726 0.053472667810521075 -0.08341018363638161
0 27 0.019876975445869725 0.00655400452432809 0.01483543997562146 -0.059883127688607665 0.06505072205321638 0.09306434638861581 0.022824798585613433 -0.004118223273247006 0.020630685321136984 -0.0406227808988927
0 28 0.07499208557939753 0.04905002804260098 -0.07947459718494145 -0.038576523524164845 -0.00451909452868739 0.08863443625651522 0.00786242979797585 0.08267242279734315 0.0018958291658671734 -0.06438338718938653
0 29 0.04457806648057789 -0.03788526912131046 0.03331357300323775 0.03101236863511747 -0.021576598386632687 -0.002695674173256527 0.029144191427608372 0.05267214197398413 0.025874363431958487 0.01697466436410397
0 30 -0.08774471171882331 0.0477256801256041 -0.01456303659837236 0.05436393879216828 -0.07640184782365567 -0.05615438860405284 0.00200629609572685 -0.07996612598912076 -0.015100080738040957 -0.05182967568787105
0 31 -0.061585060033330356 -0.03367644223679742 0.09606256177666363 -0.05911582581685811 0.023136374843165428 -0.021088128953531113 0.027055803530420603 0.06239281290913237 0.001621326948127392 -0.0546743256730867
0 32 -0.08563943290729455 0.016142780304753575 0.06250821014386722 0.09037790292354748 -0.036850800334461226 -0.07302477481960654 -0.015022077262241371 -0.04722961929082067 -0.09860083030086401 0.04818492220939813
0 33 0.025833694623000385 -0.08100360289617908 0.03371618160225287 0.02840936366884734 0.062440520496301936 -0.00694343691115054 -0.012518864609013738 -0.01784970048184562 -0.008033221759432538 -0.030705693650686774
0 34 0.015007224619895815 0.08249736775001058 0.03795017108398764 -0.05251542084462408 0.03689027790786626 0.02044804770103651 0.011547295079504095 -0.05481022405623194 0.0221569536988169 0.03741131380839803
0 35 -0.012499338015913963 0.07017271220684052 0.06953810155391693 0.05156170576810837 -0.06583608686923981 -0.053612977266311646 -0.05079256743192673 0.08670546114444733 -0.07049766927957535 -0.05070192739367485
0 36 -0.034521320760450294 0.0381642717923401 -0.012534163774548739 -0.06147235246328732 0.030875611594293074 -0.011894034706633598 0.06593620853428792 0.048908681067462545 0.059709055151209785 0.04411342257439906
0 37 0.045597072673351835 -0.03038808461059202 -0.09755122553578675 -0.0060657343973058294 0.05022006884967567 -0.02064708861356374 -0.07733120194373246 -0.08656715158987693 -0.02110115687490997 0.06557046383219382
0 38 -0.08703315370001384 0.044284784729956735 -0.09469306822213963 -0.006073310357516672 -0.01887958112444053 -0.06394133351099517 0.044616708227440634 -0.04404011441373741 0.09703814144698429 -0.008994866553237352 0.04551937431097055
1 0 -0.09845823049545337
1 1 0.023420894518494488
1 2 0.04854538291692723
1 3 0.01752842031419278
1 4 0.055567055940628794
1 5 0.024526555091142228
1 6 -0.07569371163845011
1 7 -0.05541580915450952
1 8 -0.008000505156814854
1 9 0.07849710434675146
