## ListNet
## Epochs = 1500
## No. of features = 38
1 2 3 4 5 6 7 8 9 10 11 12 13 14 15 16 17 18 19 20 21 22 23 24 25 26 27 28 29 30 31 32 33 34 35 36 37 38
0
0 0 -0.06707338067268742
0 1 0.055132891036359516
0 2 0.05029541622673878
0 3 0.05096518357978254
0 4 0.008278163194383417
0 5 -0.06319892664161463
0 6 0.019413661557309038
0 7 0.09011141197852301
0 8 0.040409840051862864
0 9 -0.04404414514061816
0 10 0.07888496752938486
0 11 0.08571403909126317
0 12 -0.02896852516297663
0 13 -0.008500055641564436
0 14 -0.04392872245950965
0 15 0.07692811007598573
0 16 0.07473646128299179
0 17 0.017239619639883085
0 18 0.07423960477970544
0 19 0.03951372434032683
0 20 0.019010821865053498
0 21 0.06945046751625035
0 22 0.09155041193918358
0 23 -0.034856402264852517
0 24 -0.0897234108665319
0 25 0.010040775071098015
0 26 0.08900762562857617
0 27 -0.06048433567738018
0 28 -0.02253699412907322
0 29 0.09498039751805626
0 30 -0.005542746678514047
0 31 -0.010660979030194237
0 32 -0.025078226828201555
0 33 0.09280531116454412
0 34 -0.021503184881279766
0 35 0.0864347108243816
0 36 0.011660551411261705
0 37 -0.06529119130449718
0 38 -0.031226009130477905
