## LambdaRank
## Epochs = 100
## No. of features = 38
## No. of hidden layers = 1
## Layer 1: 10 neurons
1 2 3 4 5 6 7 8 9 10 11 12 13 14 15 16 17 18 19 20 21 22 23 24 25 26 27 28 29 30 31 32 33 34 35 36 37 38
1
10
0 0 0.018797635985557507 -0.03905885503144477 -0.08616377927333807 -0.029904215630602003 0.0234787594449742 0.05411671941447092 0.03985710131320866 0.0838748889450814 0.048142068578309515 -0.08146382235169808
0 1 -0.05963312914428597 -0.003999175308312016 0.04732608790034664 -0.0181683370101163 0.06328531486826368 0.0897184239988133 -0.08526612692222077 -0.05748963145479884 -0.09181372430828101 0.08357196386916059
0 2 0.03812565046659044 -0.03762139163122825 -0.048811774148405825 -0.08895928624596844 0.08802964935214729 -0.03380802643737095 0.0985980854615968 0.029232096696526377 0.06532080985690232 0.07335631529032305
0 3 0.005951868309047992 0.0030589189293072135 0.08934768081722037 0.051687216964961355 -0.03667351591654289 -0.04833109172606742 -0.0634996728909043 -0.06836167441795686 -0.04191356573106316 -0.07370973392446555
0 4 -0.004662395239667682 -0.08028415288432544 0.017152644682890017 0.05519617215928753 -0.02622185201874293 0.09194222385254192 0.06121532110775406 -0.023529276058166262 -0.04681628265041454 -0.06252667928170388
0 5 0.05952392522647282 -0.08792636562248046 0.06826368703496011 -0.012986271926662164 0.08254256462541396 0.05064417232300009 0.05160224459218145 0.05770076336200126 -0.019638181440702583 0.06831903149053543
0 6 -0.020521966550508808 -0.06969108226994354 0.06710301100423138 0.006488005373325978 -0.03969491109568609 -0.011357196108916924 -0.049187841558028925 0.015759566356982613 0.04710288479115922 -0.02826621385802138
0 7 -0.08047527630668973 -0.030237596224049684 -0.06761065520300584 0.007447083802289228 0.07073794986908034 0.05193237366565204 0.09946414365796606 0.04862198893088072 0.032408867311331385 -0.03868220757675593
0 8 -0.04437589933158532 -0.08279353199208878 0.07570606867142543 -0.05699456875455602 0.04632167263702905 0.09898339190304452 0.0666095337151862 0.09590215919332344 0.01619704913875895 0.009071934370921277
0 9 -0.07920720959255337 -0.06455699855395435 -0.044334813587827496 0.08744808403873665 0.09495466861851724 0.010735516492530083 0.04551026452055391 -0.07211366316238069 0.08921067237757985 -0.005594320055623744
0 10 -0.038829368740491706 -0.0030337645648084695 0.09768565588839828 0.0366678241699969 0.036919990596638495 0.003858508853477459 -0.07414204557921167 0.03880860865507511 0.009146261006025199 -0.08363360641607541
0 11 -0.03507731362642462 -0.07262234572580847 0.08662931288755212 0.047062796777027426 -0.03612196068888188 0.02760685872455034 -0.09769500436403739 0.05346693849162567 -0.040963517410997866 0.08822316015350747
0 12 0.057534155472303866 -0.05750698235980268 -0.023910899847452306 -0.05109880753798098 -0.08765424701673694 -0.09780402802163374 -0.09431531721079868 -0.022899923004917045 0.006809144138140839 0.0741865486826464
0 13 -0.04312901789900136 -0.05974526463957727 -0.018554701774921193 0.06737277176255302 -0.08914795017726868 -0.03218463595818203 0.01783950139948351 -0.012337594063162954 -0.047420231266918876 -0.011982769877139317
0 14 -0.053823985828695776 0.029856985004409625 0.04892129762770292 0.08054770672765313 -0.013844447497223309 -0.05937831421409773 0.018522372342171835 0.05397108580967902 -0.04078903272839035 -0.0117108095905896
0 15 -0.05540593206210797 -0.003706497832632407 0.054588289848840156 0.07901848315521812 -0.06833914113380586 -0.02730705324607418 0.026189196007191395 0.09695817757634989 0.08868543556053955 -0.09046830361243406
0 16 0.04365049411413917 0.05324483039271724 0.0215148142974028 0.017734384869894263 -0.017824706147927354 0.0763167433796689 -0.09816394521258129 -0.056862757283319854 -0.09790085222957372 0.01779485910875233
0 17 0.061570076576018 0.07980900832417333 0.006227997792825592 0.0637698877146837 -0.05067157549053469 -0.011878919374044387 0.05609965062702997 -0.07059639358883311 0.048665713072064895 0.09968819000079188
0 18 0.08585047306442489 -0.02349509200327211 -0.026409834554094853 -0.03874437066089318 0.02894334672645157 0.058890452850620834 -0.042469158206178345 0.08182166179662856 -0.04038726449587743 0.07437360874233528
0 19 -0.05815781514177229 0.04010517323855682 0.01700842926001571 -0.07450512584456838 -0.08811935124735674 0.0713850391319558 -0.08158306712522907 -0.06495137218297255 -0.03479008837405327 -0.021484909698759172
0 20 -0.04894180600444192 -0.012756363792016487 0.04856337322233017 -0.04830725080063354 -0.05594854384876053 -0.03629938941981348 0.014539187335792422 0.01144642975032517 -0.01664928355579811 -0.07493637198780345
0 21 0.09147082921645316 -0.054548725879240145 -0.058911828116644326 0.015367210237877963 0.018839649304066296 -0.04247325442920436 0.009496027546320531 0.01943854998306959 0.06392863869233402 0.04080826891726268
0 22 -0.020824629113705043 -0.006421789100867643 -0.002423739737735352 -0.04134899147751955 -0.07446500851309168 -0.09163348460652321 0.01309559786407312 0.04401968125608804 0.05423591133722478 0.07311802910348897
0 23 0.02030637617407136 -0.0028955197544028913 0.05423752257084286 -0.08758385853644392 0.03609524475218153 0.03203570027581726 0.07704086089971347 -0.028852212503531108 -0.03768888242835364 0.045752501727736324
0 24 0.08016257775105631 -0.03163738370863738 -0.06712940679132663 -0.0765032359592491 0.05073587141977123 0.07785066019964823 0.05266912824559792 -0.07433067207567867 0.021933948863968804 0.07290866788365696
0 25 -0.03543678468928148 0.04106020029735041 -0.09825998659911311 0.07473148640595484 -0.028737443732992474 -0.09546330713506437 -0.021149640882553666 0.03101540063283427 0.05187330352385316 -0.09493195965921063
0 26 0.09131440078655201 -0.09503043066255057 0.05641809570970409 0.0637288346650407 -0.060595860816970486 -0.04585197191097846 -0.0074360054251226375 0.08953464222031329 -0.02081409811779261 0.034144878017950346
0 27 -0.09074714613244417 -0.05418012616512051 0.046143923187244244 0.011423203714402651 -0.09212533595377642 -0.05854168335701467 0.0906623469922914 -0.07756562046143028 0.034773781648756615 0.08648916699164917
0 28 -0.003323411532726163 0.09919380076304178 -0.06714474825438857 0.02815931408707052 0.0989048008661592 0.00972033764514095 -0.06499146895477655 -0.04915538902544496 -0.01541217125887782 7.111530628404901E-4
0 29 -0.04866799418051759 -0.04874112887482452 -0.09581528487260077 0.054119721031399975 0.019308376212835945 -0.09765036970420958 0.055183412756063456 0.04458718991079677 -0.08646515597165148 -0.08418838109380018
0 30 0.033380820411534055 0.062367320375131576 0.09330840472723584 -0.02546538438018266 -0.08704004190702407 -0.0682365184580606 0.04555754265022255 -0.020525710239712308 0.04569744447617511 -0.09461196539240067
0 31 0.015583794942348163 -0.031528153224828145 0.04159105935441735 0.04888833597859684 0.023984460260808384 0.07959018015917346 -0.024503451228447482 0.058972038897181174 0.0975964314758675 -0.033354514791821575
0 32 0.0896860817363687 0.0245739055608031 -0.06509890146086147 0.04980329203253891 -0.0795860283064421 -0.0025884181760977643 0.07905756373427468 -0.09927424044471216 0.06784086030164797 -0.059740990860460856
0 33 0.04732079731523952 -0.06971308509947444 0.09842996081804692 -0.07193845906125995 0.014393423911711242 -0.0987462108738731 0.031713107301743176 0.03569048962658931 -0.06003310589859798 -0.026158733064877794
0 34 0.04426809019474045 0.08460458180172166 0.07089772709600309 0.09481696275996704 0.04017217672185434 -0.07088115557868561 -0.09807844032995551 0.0529288968942498 -0.0575882279644352 0.08076985251516736
0 35 0.03454580903053284 -0.027016282081604004 0.09636352211236954 0.0014307200908660889 -0.03380183130502701 -0.041616689413785934 0.0499420166015625 -0.046325910836458206 0.04389796778559685 -0.05907155200839043
0 36 0.09798110790412774 0.07646432410460559 -0.04939514170431172 -7.871669268278438E-4 0.004862219188987194 0.0255703544096728 -0.09794900486785434 -0.08993974947823302 0.07367051851032383 0.0487126425403104
0 37 -0.03792121988679891 0.0248329299127307 0.025216625206312092 0.06597143108984346 0.0086056438702546 -0.05206928883656967 0.007480595734293435 -0.06533872672210626 0.00604371104205242 0.05896845626008113
0 38 0.029275338742565188 0.08363658774393083 0.06664851345432875 0.004350660299900806 -0.09713151757234033 0.06881748189788477 -0.03947738749199497 -0.07121394571825246 -0.013340027255134074 0.043013777770198346 -0.00437002163380381
1 0 -0.09160258620977386
1 1 -0.06250121444463737
1 2 -0.09336812049150088
1 3 0.04584895819425856
1 4 0.07838755846022967
1 5 0.08896675705909204
1 6 -0.03713564947247479
1 7 -0.07123643904925131
1 8 -0.02079990506172308
1 9 0.09434454143047215
