## LambdaRank
## Epochs = 100
## No. of features = 38
## No. of hidden layers = 1
## Layer 1: 10 neurons
1 2 3 4 5 6 7 8 9 10 11 12 13 14 15 16 17 18 19 20 21 22 23 24 25 26 27 28 29 30 31 32 33 34 35 36 37 38
1
10
0 0 -0.044519323872801574 0.052303248907613564 -0.08460492516587828 -0.07291987194907877 0.07228016422758854 0.09687740910790753 -0.09868299196621441 0.08363053189887443 0.05610648569934372 -0.03739132253339856
0 1 0.06969927855647555 -0.07843756387142276 0.048641023288302755 -0.06116662346824887 0.022245099446127986 0.03713609387811524 -0.010234678358756574 0.03390470319020124 0.03591501580831233 -0.054819844869150675
0 2 0.0029433630894314814 0.03229149875527157 -0.017891539661473832 0.033542030591554466 0.09907877591115974 -0.044404665623907665 -0.07639407730036417 -0.03315762504625551 0.06923520049804925 0.02931145326878772
0 3 0.05810610588971015 -0.07873821235718664 0.016274197625979762 0.0472533293807755 -0.08323145685118225 -0.021655059124631015 -0.08516651359372739 -0.08020667560857886 -0.09789562113426072 -0.09558528500851103
0 4 0.010880382868616999 -0.06468279918977403 0.06397280455944404 -0.09165248153594364 -0.06261150799982876 0.04857215638394424 -0.024095785122975916 4.27901990663106E-4 -0.004628274604895369 0.06626752265529612
0 5 0.011786562653766144 -0.033650893784080815 0.022380840395758602 -0.09822705593869999 0.024737176074411716 0.04328789007392771 -0.05551364714673082 -0.04440954544873867 0.04334177661669848 0.0014964465357581091
0 6 0.03860629704671662 -0.09473431229174256 0.05550307884440327 0.09169651738602246 0.07601467067001084 0.02271461175276471 0.04437108259847022 -0.08700183397175248 0.0643287693348226 -0.06716305207219712
0 7 0.005167849295345815 -0.06253294526881181 -0.03876397654470057 -0.08416114668087932 -0.08637973025914868 0.0923477969227935 0.03189237592188585 0.08017146783311306 0.08704830328958336 0.034237025105106504
0 8 0.029024582971817443 -0.029492981034399606 -0.006221953872521516 0.09407253672077406 0.052221655133927944 0.08901894574764213 -0.008286969067594178 0.09066245226454463 0.02520817881196056 0.0034555238537745756
0 9 0.05936543332040464 -0.01402850416275865 -0.055233053514243804 0.07621208234718455 -0.09401519223722934 0.08044165556383999 -0.017588906367185738 -0.048979292730670865 0.09023133720209643 -0.04183936825846032
0 10 0.04439409211331151 0.09478685699956461 -0.0685634349554762 0.09469414364314395 -0.09771362033396642 -0.07603851008606989 -0.08079549923989918 -0.07586207927518539 0.059549172645502704 -0.06615260820608196
0 11 -0.019839541200689394 0.09426989881620403 0.07524079919135386 0.05758306814949664 0.06900516626710419 -0.07537213257929168 0.07119497839320785 -0.007737883480516322 1.3670725388901562E-4 0.03982042459712934
0 12 -0.009174841075306668 -0.08609574746225038 0.05141526042463962 0.03960395495827341 0.04779484319864577 -0.0848746858399693 -0.039319765817204595 0.008043732889023861 -0.056848004592638564 0.055967257403496264
0 13 0.0071114926968964265 -0.06048260568015995 -0.07147541370965126 0.018225114285889726 0.07255125949319181 0.09552880458118171 -0.07772858374807864 -0.054557271259511375 -0.011026935205509337 -0.011735813188094957
0 14 -0.09428676232483169 -0.08768997996896441 0.009377733292633247 0.04309823447655063 -0.04891028046866455 0.07477162558616202 0.022316190835357342 0.07093102728076114 0.05750809480990461 -0.013281058004235444
0 15 0.09738538627508148 0.03356915020056343 0.07388382596737056 -0.08659603343675089 0.06594502588474575 0.08980397361067402 0.019253756275502423 0.006080937094408854 -0.05492169064953845 -0.04513581526672341
0 16 -0.09650308417609 -0.025982602913751436 0.04392849110471635 -0.05527495569969858 -0.06087676562672472 -0.01771991669317016 -0.07724382222433955 0.0634317435744554 -0.0494855419358111 0.0902821021705694
0 17 -0.04223334628486895 0.010708520651493107 -0.06828172218040816 0.03443650335127455 -0.04179251588723023 -0.08388974034375726 -0.09808417834007604 -0.0502555278916697 0.022326836588118036 0.028046646337623483
0 18 -0.008403543579743968 0.09059232988940756 0.06472444699123962 0.058417511599187844 0.06120166668312169 0.014646514716377528 0.0121864966116897 0.04928817530885879 -0.046927149153375515 -5.285055078674981E-4
0 19 -0.08581142484591041 -0.06723494574294923 -0.018147532347926463 -0.00982581479418914 -0.035553899254904514 0.039684309304442625 0.07785281995361722 -0.0317330117465415 -0.08365594043422789 0.020490455657945713
0 20 -0.034868865026665 0.05954441448499649 -0.04471474616283471 -0.02031066757699546 0.060360128760944605 0.06948853374890435 0.048048571033899694 -0.019845002638392853 -0.06689743943763703 -0.07717594592405465
0 21 0.04549871285452274 0.07258922798073113 -0.08404998146061889 -0.0455963277646195 -0.061413438367422545 -0.03510140743552287 -0.023162893793985388 0.00590968131822232 0.029500536967912175 0.03205065501022342
0 22 -0.008084542737941184 0.030659025935408275 -0.06660246729305266 0.07618158792039549 0.09808751503484174 -0.06916307116207597 -0.05269140929496632 -0.014501361400926 0.04480109597871994 -0.013718041850110956
0 23 -0.022557163253486775 -0.06512167474125685 0.005756702819041185 0.01661062595233236 0.025030402553256285 -0.041601844085409685 0.08391300860169043 -0.017782436626315023 -0.07467740336575812 -0.03817554854268022
0 24 0.0740436580969793 -0.07726037992891502 -4.858062336082919E-5 0.058576361335739485 -0.07704019326830966 -0.025117371192075338 -0.09340954120097053 -0.033938925677439 0.08192152427034081 0.05772395547157701
0 25 0.08019379078202907 -0.06227564157907473 -0.030362959188487113 -0.012053567570358137 0.05487990812048323 -0.046668742647476995 0.048408855783644004 0.04317604028171553 0.07529830215924653 0.08064878936986462
0 26 -0.07299095892307546 0.015087201769762117 -0.06905888585484657 -0.04936983862907267 -0.005860451264810321 0.091721117774581 0.08055311872349658 0.07317679305815224 0.09955434920612087 -0.07943133500041133
0 27 -0.07986126122540088 -0.018788839662103728 -0.016493582720756787 0.03024285537757477 0.06237915962120793 0.0431567973045427 -0.006444907333997257 0.06208233548403823 0.09031363882587319 -0.015082728118432115
0 28 0.014595736823692626 0.0897218836269243 0.06712291007046722 -0.08038280610317032 -0.06736736245014247 0.08955007066810404 0.08941368660308592 0.09790266029851548 -0.08314049077829962 -0.04056150374851824
0 29 -0.09157700466672415 -0.07630821961164745 0.01917029029136436 0.0927604080854935 0.0828748279467364 0.08282847479187584 0.09815233328884478 0.015309294421074983 0.08022503583104615 0.07996145172925852
0 30 0.05392930339471858 0.06922014916459125 -0.053932755837862646 0.06928144193303218 0.09815186410691784 0.02804646736895507 -0.03849086872695578 0.0860283616756429 0.03721206627283706 -0.04540484911201834
0 31 -0.007595021454992937 -0.09382418559814576 0.06296525261435151 -0.029408561503611867 0.07637125961286732 0.0737871071933919 -0.09896393006961328 0.038472832941257654 -0.0737166248350549 -0.09003428337563067
0 32 0.009492135020162178 0.056653044303906976 -0.02193165803073414 0.0388380436628098 -0.06755054655435606 0.04146494663962831 -0.07215918230432512 -0.05923139663154397 -0.03714378901650326 -0.06487092619388189
0 33 -0.06945339969429792 -0.08632334333510584 -0.041855983986895315 0.08003798361775398 -0.06527724742594865 0.08301089246002422 0.08349111519631511 0.054285761064585145 0.05045863920907233 0.07420433237561855
0 34 -0.024285126396074178 0.01503539443004639 0.053430510873603274 0.030989269294227576 -0.06868314665357568 -0.0231041057054632 0.04494739114416515 -0.033253532966672175 -0.05709005567121254 -0.09114438228367326
0 35 -0.08390830606966422 0.04595767011194546 0.043395013409321996 -0.01434247658358038 0.06789721563146472 0.09284992313825213 -0.03600807747538348 0.051294008698633424 -0.08287911982711682 0.010388268715845873
0 36 -0.06635421514511108 -0.039328038692474365 -0.09974556416273117 -0.09401580691337585 -0.09472391754388809 0.07092387229204178 -0.03150244429707527 0.023980235680937767 0.07552579045295715 0.08907301723957062
0 37 -0.04774254501823754 0.07235185005467637 -0.08186529665365934 0.08209766850166832 -0.040922413746958125 0.048248146062474864 0.0328464401380097 -0.07115209033334173 0.053454054636838486 0.0333559956447127
0 38 0.014479707096729993 0.08291067445664421 -0.040681132951674685 0.05578603957965372 0.08523782511389012 0.027114376038585807 0.09343616991279764 0.08253596915144577 -0.014362612438825233 -0.03525060329266892 -0.020850813016295565
1 0 0.07589142769575169
1 1 0.08783359825611142
1 2 -0.0024210691917687503
1 3 -0.09774228930473212
1 4 -0.051712702959775224
1 5 0.03261722996830942
1 6 -0.0860556811094278
1 7 0.06090457364916768
1 8 -0.00866387505084274
1 9 0.09053544700145713
