## RankNet
## Epochs = 100
## No. of features = 38
## No. of hidden layers = 1
## Layer 1: 10 neurons
1 2 3 4 5 6 7 8 9 10 11 12 13 14 15 16 17 18 19 20 21 22 23 24 25 26 27 28 29 30 31 32 33 34 35 36 37 38
1
10
0 0 0.038442826095820476 0.06260867744192568 0.004941755773249915 0.017534327999316777 0.12595939168447584 -0.007072394766946204 0.0824925879364562 -0.008818235745658872 0.08863936593506873 0.04950287464418294
0 1 0.2528415948863742 0.08821904122323977 -0.11811109376003186 0.3449459411659377 0.2809476989895078 0.005124717559523991 0.05178036025066691 -0.08755488586957089 0.195288919477045 0.12334031275205105
0 2 0.043110527307912656 0.04568253238171312 -0.12716529165391588 0.006450925946405226 0.03249178583026024 -0.09931148223959449 -0.08021758226184751 -0.12922979066271048 -0.016082138134368845 0.12308551594457974
0 3 0.4336404705247316 0.04514891198626954 -0.3663849690036749 0.44226494838902786 0.3569310279077061 0.01871817032523187 0.02084677703059716 -0.17131267092274932 0.23141584895783698 0.1760848140512863
0 4 0.2381621776932688 0.045928890673646014 -0.15814383439733257 0.18616795620337423 0.09962496121488892 -0.09809200632878845 0.014846646632535723 0.006131931834421399 0.10124042247457604 0.09737316728551028
0 5 0.3348864490742012 0.03803974732813707 -0.1392356062178212 0.2264357539280271 0.12503445582074912 0.06473615217956223 0.11083156926203203 -0.12145475255035156 0.13078772601676852 0.21397591058158183
0 6 -0.5964852427436588 -0.05412525039204632 0.45102463579533747 -0.7037068523150608 -0.3343993614904843 -0.03235119758656096 -0.061015006144274075 0.18181501846465778 -0.1523117540418328 -0.37900270652868656
0 7 0.31679845579947824 0.11983733268902481 -0.11969337389798455 0.40470320524492526 0.12839071056689733 -0.03295329605814271 0.09615848641941495 -0.0899735100970028 0.20617905717253018 0.16995699146839166
0 8 0.2095921411205488 0.11646496306610299 -0.1676025998498221 0.07081100985381629 0.06695502606320877 -0.0637948892241597 0.08407203088177367 -0.09573349831215436 -0.036032460823650934 0.006917761439867136
0 9 -0.0922910377236972 -0.09723194956000429 -0.002551356018827498 -0.016755300184086813 -0.13312407916394178 -0.06935449198350287 -0.09566279740919378 -0.06941526634292981 0.04492038401295174 0.042384441974622704
0 10 -0.15340196209419182 -0.11835143852840499 0.027626447204003663 -0.18675037708389616 -0.012368037025680989 0.006975417464147683 -0.026222915993465403 -0.019537364185887172 -0.005978679600050105 0.00935214011342747
0 11 -0.13744694309773609 0.02549350121099217 0.06431985811065713 0.02099440194522062 0.029397986364118705 0.02670936391004712 0.06188135473431064 -0.003403250374272549 -0.04781596904526375 -0.07824041384388782
0 12 0.27591732911503614 0.15008879896280639 -0.20460786072502088 0.32247864610926463 0.1487184184407454 0.023824523007463846 0.04872295196708836 -0.11689677702000889 0.08118221505505083 0.2271449682371328
0 13 0.19422703673709985 0.11440658423540136 -0.11361768406686074 0.07080295588539083 0.13583686980072088 -0.01943461693101216 0.0989580260213004 -0.12274316606730787 -0.009043566185702668 0.13010586120556697
0 14 0.04500781966843628 -0.07599921540458783 0.010015215598421088 0.02808551185756593 0.0864022510204912 -0.08093403613095503 -0.08704297975967328 -0.024198943891289654 -0.09874736873350913 0.01913852625512237
0 15 0.11954764551547642 0.10398218673407321 -0.08929563638198734 0.03975650564692609 0.09867458318991904 0.03209372865855541 -0.05817267669255641 -0.11471325112791463 0.021606875210340826 -0.042580228814594355
0 16 0.017713615635934436 0.015558023639342049 -0.10757296565216552 0.05667056091959102 0.08658610064604971 -0.09951139488671595 0.10680394044381751 -0.004240292479046736 0.1281617780575431 0.10343648054816847
0 17 -0.07547996961762937 0.08785528137700536 -0.037923736280410306 0.05471369174448568 0.08285333674327523 0.03602250356780052 0.06917593454983806 0.07095207681084452 0.09073510237634007 0.004092747623482397
0 18 0.13937457815465842 0.0642141274502604 -0.027940862940795275 0.19497661791427295 0.14858831429681277 0.0390741668728229 0.058219996253840584 -0.12048535052240582 0.10526870851198615 0.16692463088701023
0 19 0.1263889907418655 0.009916618270989342 -0.056856166140832685 0.053412379721920894 0.14608055588368332 -0.05777333917517804 -0.042303872737730085 -0.1376644961994726 -0.001358042604025888 0.00518334198453015
0 20 0.10709744565388418 0.04548599379818262 -0.14088776248162863 0.06943115047511024 0.05839296505531448 0.0038032042028290167 0.020531733283869848 0.052747550596831706 0.12061930390352613 -0.03760936504728678
0 21 0.11885872823772256 0.11215486839893447 -0.048310862874629774 0.03986366994126022 0.13306794925634774 0.04456937920525466 -0.04736480116124337 -0.10629561296788693 0.07321316614259418 0.008420709082594546
0 22 0.22128168470322762 0.0722187669512453 -0.09418946182962341 0.18779338916064586 0.15947455037022254 -0.03119032439693692 0.028874194010102473 -0.11850834366126803 0.12946976561085535 0.14224256702194207
0 23 -0.1639384643172708 0.07751987832810046 0.08911870923784887 -0.14555407698296638 -0.11734461104738036 -0.08872800413346359 -0.10488189877929915 0.005976254947783452 0.03403765054655098 0.06544587669426727
0 24 -0.045854946602126176 -0.0072810606179333735 0.09050817639532001 -0.0688495496562133 -0.0988987651272477 0.0694926509551066 -0.10489553880311338 -0.05521507850460326 -0.0076358229306860695 -0.09126535464166066
0 25 0.1415571863042418 0.08335954897244657 -0.0425751878407997 0.020182372003725652 0.04861706170255584 -0.049158140358187746 0.009214138552097422 -0.09923884707657239 0.09671866156628646 -0.029847296927998025
0 26 0.0013793233094115652 -0.0886770924200833 0.07796401347169013 0.06526308116452971 -0.08651678355096695 0.016097850881675792 0.008036753668414696 -0.04422207985752794 0.006114841497932231 0.05551640120447803
0 27 0.08403721011486909 0.005183014779290123 0.050717149359603655 0.09216954393631295 0.09405816711104675 0.0898501651556234 -0.008424613123684872 0.04105768797026816 0.002969910450146912 0.06608960451833039
0 28 -0.08548578351201705 0.06927917502500053 -0.10224341196762224 0.022548229065301628 0.06710571042731664 -0.08086044627131347 0.02389435514378619 -0.031481743117988556 -0.009662124744161752 0.01416440107784606
0 29 0.10750793680876164 0.11034734849941247 -0.025261163287919417 0.11170946115208964 -0.05100775437806204 -0.02480913661539388 0.013392498371468432 0.0017408285787012348 -0.01517423906113402 0.06968693720905383
0 30 -0.05314580031048896 0.09762847441083129 -0.06330137366209823 -0.041467576672682895 -0.04187021731389754 -0.0694807569767559 -0.05970578059671102 -0.009033420468981094 0.003684962960158258 -0.07562216781118265
0 31 0.007089555246861133 0.003102140099132088 0.05164347043582096 0.08868350895092937 -0.01007360531508993 0.003534575284197272 0.08344073141652482 -0.02564314216323221 -0.09824371526359221 0.049926915321696165
0 32 -0.04030120930691515 -0.08709422720332813 -0.041983565198548164 -0.1155624101255595 0.0376349461130483 0.05473019182531929 0.08406907980314866 -0.04997154589664461 0.06861075956841756 -0.12055476116629173
0 33 0.02765978348394083 0.07447084951055992 -0.025363392024646565 0.11282610753645834 0.1022170593226421 -0.05758772096502577 -0.07022020029624575 0.01482929234786276 -0.07037677792599813 0.006549035326874391
0 34 0.09657775581441398 0.002792525508295694 -0.0941304097719602 -0.016586584978075754 0.11307771837701125 0.05433045665908124 -0.020813541050160773 -0.08869838034152865 -0.0335143666228434 0.0217804713634736
0 35 -0.058429002699272314 -0.04406169317161605 -0.06593699873219656 -0.014107910145716997 0.051133079647507164 -0.06726681704977533 0.0015792140449928853 -0.029833991253933087 0.03451727662333429 -0.04993144410115911
0 36 -0.06871660626662558 -0.033761020909848755 0.0840398932451839 -0.002539160966766503 0.06050053822159261 0.013958586130217738 0.07765243500847413 -0.0905845879271883 -0.07752877330303151 -0.08619543801213769
0 37 -0.027237961292610247 -0.02696142670410681 -0.06556646212737932 -0.14865726918399347 -0.056638602946727484 0.05182572871634898 -0.055279740276271305 -0.06535197619087425 -0.07424913137267262 0.012166452371811255
0 38 -0.13718964219000881 0.019473679344608506 -0.053364242935772674 -0.13513330917185704 -0.06264404504439193 0.049053363513310806 0.09429757696499332 0.09200377793574692 -0.05244629624872768 -0.1222242274182381 -0.1929273028591875
1 0 1.0704094524976582
1 1 0.23624065879287384
1 2 -0.761536969619172
1 3 1.1056652925210457
1 4 0.6774588868507453
1 5 -0.07082407103775269
1 6 0.13123199937172728
1 7 -0.441745201477012
1 8 0.4100821922801036
1 9 0.5660722481601854
