## LambdaRank
## Epochs = 100
## No. of features = 38
## No. of hidden layers = 1
## Layer 1: 10 neurons
1 2 3 4 5 6 7 8 9 10 11 12 13 14 15 16 17 18 19 20 21 22 23 24 25 26 27 28 29 30 31 32 33 34 35 36 37 38
1
10
0 0 -0.07905855347804311 -0.03240767562354592 -0.08296440045075075 0.048284994711189154 0.08925985321612737 -0.09876769412930096 0.01200832537825196 0.08787792158912563 0.03442206080374248 -0.043244007524861704
0 1 -0.08858261592731403 0.051117927869431756 -0.009640430092498048 0.04184598587552079 -0.08433007378518542 0.06248578340026542 -0.004257353515833499 0.09714985168553004 0.02792208099067277 -0.010221767918770362
0 2 0.009447492011924519 0.0520548503901971 -0.02749719210381657 0.02644442551505217 0.01134736504943294 -0.03243961220400875 -0.03057181179616223 -0.032216727845829095 -0.08957699710624024 -0.053210854768263115
0 3 -0.009136380354460552 -0.05137317434496681 -0.02473178770423981 -0.09886816474562178 0.08959613671816048 0.03348526384387597 0.011086055926197191 0.023570863049511972 -0.031557207106024505 0.06402277486590648
0 4 -0.0825655893713536 0.08044472495231159 0.01963652111125852 -0.06510505388923986 0.0852118076933186 0.09886999637606723 0.05149946285768003 -0.006151992981030904 -0.07249641865260885 0.07702159317957524
0 5 -0.09353097101861357 -0.05011753491790384 -0.05638842023648878 0.04726256397912579 0.028553408490239452 0.058885372342974224 -0.020815330107229576 0.0012314978379886444 -0.03833592769357301 0.0693798007720753
0 6 -0.0922141860142658 -0.03319738008368669 -0.04683069348596271 0.030030590314273298 -0.06795969699992914 0.07072584805368415 -8.452307915047444E-4 0.05719850875862955 -0.020238500188271464 0.01438753883769131
0 7 -0.08115764117760799 0.029434659923198166 0.03227999858256978 -7.247771454925754E-4 -0.013966489732637087 0.09216958649526326 0.07414048973890934 0.03677190783798487 0.004694978188956584 0.07916665483764596
0 8 0.08806835991989227 0.026087287206335876 0.024035229303985765 0.09693196091850491 0.04320704841043856 -0.023604457433675258 0.05605065544735064 0.03494501482342118 -0.011558772786701785 0.01004960320867148
0 9 0.06071774483226733 0.07968506248631503 0.03359689713676719 -0.07282396708303872 0.014082473555277053 0.015505648219961114 -0.07016799549572254 0.017274316282896544 0.05963472184932238 0.0828569405661247
0 10 0.0851962960762882 0.008096855082273377 -0.050398991803502595 -0.06401698497764063 -0.0578496818776122 0.05868108037985783 -0.06606428080095088 0.02037559308009682 0.008121205409657549 -0.047905228923829486
0 11 -0.05342413894676038 0.09288480862157908 -0.0031967813123635292 -0.03459290141118226 -0.08771928564312952 0.02071077970601856 0.02564818536296708 0.08951757454773927 0.04808383355902832 0.08161775770197718
0 12 -0.0028031851371774037 0.036819556120478096 0.066789601557335 0.006242670844245016 0.04064055650445631 -0.021792495116736012 0.05418677043325756 0.028851119967561734 0.05492361757603174 -0.08361580476875488
0 13 -0.09140146771388687 -0.0753740444844168 -0.06432341585740103 0.009939350929385703 -0.05556956976071569 0.08439398348274743 -0.09898557973314934 0.09703131532742318 -0.07087434605472719 0.06832870900677325
0 14 0.07120248296073858 -0.022186362730658844 0.07361561086207954 -0.004727760532324414 -0.08426136224667834 0.05166788119167491 -0.040598795764831115 -0.03460356957081713 0.07067729227908691 0.08790619228104636
0 15 0.06898394485852012 -0.013405481711180773 0.020899897504743477 0.04627084101217243 -0.07080664554937345 0.030562869963400487 0.005952331582720706 -0.008312557494199674 0.01741868821899912 0.05423093773097487
0 16 0.09143113704410927 0.08627787158207477 0.09667119917097904 0.01654716510202426 -0.02977280681644703 0.05591756267706441 -0.02131143902056549 -0.07616020852381729 -0.024920691061825623 -0.07483679092390656
0 17 -0.09683159738426785 -0.03374316078443954 0.0058777045437809015 -0.039410563565317754 0.07113504617524902 0.08117957226665684 0.055739004041168945 0.042489781809980545 0.08104071866141319 0.07475625199158523
0 18 -0.04153763651911198 -0.019539237356878035 -0.056280431123752445 -0.026100567732130434 0.025662819025722452 -0.07907964176855725 -0.06813193533270191 -0.08381003524215602 -0.053568086579343 -0.09408970928376739
0 19 0.08652823389124908 -0.06306549041313486 -0.004177748684791713 0.03723965955702259 -0.06571661585525691 -0.04796054521003287 -0.01480294297527617 -0.09930649288440797 -0.08792082398853561 -0.051355443552537176
0 20 0.025574072848839068 -0.01924419735084275 0.08156032067894511 0.06610160271024124 0.04120675129334261 -0.08991558530128338 -0.07010525255706129 -0.0864595880576866 -0.073519270753337 0.07553804195437133
0 21 0.027266696270275583 -0.005376659010993098 0.011549780947196529 -0.09392967701116016 -0.08596180215133743 -0.019329027324301647 -0.06407925308076823 0.06910956726597296 -0.09558301685414324 -0.08376409878678774
0 22 -0.03274576231719972 0.0575306659271659 0.029669905161758166 0.06624029448032741 -0.0035233577832170307 -0.08714483704867258 -0.021022941448214753 0.03809472962804779 0.0904472348093337 -0.024507200887339486
0 23 0.042680686917799235 0.03223320510744951 -0.02316824654623332 -0.004661592370717847 0.05614501842600881 -0.06539981206768719 0.05030894644909479 -0.01564776904461281 0.02465875800630917 0.09725934070648141
0 24 -0.018663039165279737 0.028831663692715174 -0.021795515960354367 0.04669523591756605 0.09839240017774789 0.003627668084289901 -0.06984192108815412 0.0390613652363172 -0.0455530354660843 -0.08188936380576362
0 25 -0.01514209569892802 -0.09365237805950373 0.03490650133378446 -0.09751237710082773 0.07242735675496452 -0.09024298503166614 -0.04623744655849498 -4.451601637964894E-5 0.08239804713955344 0.07329464227746971
0 26 0.0619221674682823 0.08253783039028795 0.07611773941916684 0.05667759125045599 -0.014462174696100954 0.054585920709293745 -0.09113145738097812 0.004553197428196864 0.029216901652709713 -0.08025433919232779
0 27 -0.05828690771809154 -0.04066617320826717 0.019453504806705397 0.025283043108115712 0.05936209774746182 0.03049319034104333 -0.026295862893873683 -0.024146268217055237 0.07364315628695135 0.048723398748210585
0 28 0.04469884784988985 -0.08097645024841146 -0.02393590785088631 -0.008119658156213697 0.036802840209291886 -0.06526974572910957 0.0010917801917104514 0.07903792044327619 -0.01823180756324887 -0.04801268070574531
0 29 -0.05803714724759663 -0.07519620599112598 0.09425133195138714 -0.05386155622485425 -0.06500207334696567 -0.01233711834318403 0.034358906336823064 0.07001813747838882 0.06983611877414013 0.07832630886783147
0 30 0.002401444794154602 -0.061582500505228066 0.02543978066131504 -0.05791367819566669 -0.09611897714566266 -0.09163953925971968 -0.04138521141222302 0.07854081997742315 0.012774394004610527 0.03783818570413881
0 31 -0.060967893462170256 -0.024441712576238363 0.028774073461323012 -0.01796725741814441 -0.09026980427684213 0.06502899433543523 -0.06834966483074975 -0.02003284868580317 -0.08625534514689932 0.01885073784096485
0 32 0.042545697285370845 -0.033382655143065966 -0.06138471528073435 -0.04224113113438228 0.0599303838529074 -0.03608678117131202 0.07760293264978357 0.09386470493690953 -0.04520084960679386 0.08235362802766433
0 33 -0.08457817806224398 0.0758682398255335 -0.05298497795065662 0.07059053591992757 8.243298185105757E-4 0.09407372877555294 0.032675916988843805 -0.042902032544786 -0.05350527382417966 0.008364587416830117
0 34 -0.07935511554728941 -0.08491824886377368 -0.06338293254590863 0.07445094916537781 0.009061504951726449 0.0479163566330993 -0.012113482782267228 -0.07973969638560177 -0.00469158415830883 -0.010349486803800292
0 35 0.034537971309329216 -0.09091333586714155 0.012792024127521472 -0.035436515120124835 0.05203637361363141 -0.01755342849947302 0.014023813773208315 -0.055129010453455425 -0.0067895573438217765 0.0844342639530188
0 36 -0.051538229022592294 0.030285053828469702 -0.06029725190534766 -0.079396678380667 0.07782581049373088 -0.09479322400723815 0.091931728176314 -0.010313032223709204 0.07220620304503242 -0.0902122354610632
0 37 0.07032065515300905 0.0610620935591198 0.08892297430681007 -0.03708197312314843 -0.0739393819908669 -0.08448568797523273 -0.01831991263080613 0.06953206717518563 -0.002624926375329116 0.00656139129655624
0 38 -0.02587862471874093 0.06457130997196184 -0.039758906605023715 -0.06375579736073558 -0.0013312675032700093 -0.0864895937224973 0.06755194009695163 -0.0668085540435978 -0.07639739722062305 0.024238243470433563 0.03763169795274776
1 0 -0.08426162600517122
1 1 -0.07986313104629539
1 2 0.06343527883291282
1 3 0.047022946178912964
1 4 -0.05160936713218625
1 5 0.08168046921491666
1 6 -0.0013767897617071867
1 7 -0.07971365004777911
1 8 0.09220603108406096
1 9 -0.0034479915630071943
