## ListNet
## Epochs = 1500
## No. of features = 38
1 2 3 4 5 6 7 8 9 10 11 12 13 14 15 16 17 18 19 20 21 22 23 24 25 26 27 28 29 30 31 32 33 34 35 36 37 38
0
0 0 0.09281936577381494
0 1 -0.06099697989802063
0 2 -0.09592406077224802
0 3 0.09347806505114889
0 4 0.020799497810107242
0 5 0.08449242889540177
0 6 0.029818278137497496
0 7 -0.05055378269080782
0 8 0.011371691836521609
0 9 -0.06992857948172919
0 10 0.05879074076417337
0 11 0.09391118089103381
0 12 -0.0955373289335978
0 13 0.04265077264883778
0 14 -0.04085012429729799
0 15 -0.0846401720014506
0 16 -0.025877830292104127
0 17 -0.09688818503758431
0 18 -0.07686693675870715
0 19 0.06871579501825285
0 20 -0.00602132394399563
0 21 -0.08042838220179378
0 22 0.06317517265266623
0 23 0.023779240292133616
0 24 -0.05312184889643868
0 25 0.04435765416173593
0 26 -0.04600877845653282
0 27 -0.07598463781947332
0 28 0.024197297755311757
0 29 -0.018688342050002634
0 30 0.021518869225209947
0 31 -0.003767527079169528
0 32 0.016216110271095072
0 33 0.09217454639942022
0 34 0.049812648640761154
0 35 -0.02235873281658617
0 36 0.044388346539811996
0 37 -0.055664578295307056
0 38 0.07752703130245209
