## RankNet
## Epochs = 100
## No. of features = 38
## No. of hidden layers = 1
## Layer 1: 10 neurons
1 2 3 4 5 6 7 8 9 10 11 12 13 14 15 16 17 18 19 20 21 22 23 24 25 26 27 28 29 30 31 32 33 34 35 36 37 38
1
10
0 0 -0.15110863969027682 0.1127781723887458 -0.02299206356992959 0.1170079755137896 0.006877114303062318 -0.11978013898801357 -0.013596417628925932 0.1859774723253157 -0.10380449362252564 0.05287134203604709
0 1 -0.3144615550668536 0.11303939386876921 -0.19740255356009365 0.20057148426224833 -0.06610452786776316 -0.21511301735006044 0.21214058449303236 0.3423391902095285 -0.06781931357123136 -0.0469903898414023
0 2 -0.03318606460161253 0.10508758576801026 -0.02565352836360873 0.050032507188941935 -0.10696604421895792 -0.12449632876181026 -0.0013892642577405447 -2.823090446045557E-4 -0.031068640645782717 -0.1051251087228712
0 3 -0.40964133797539887 0.1919906974498468 -0.19038085812336242 0.33222098257642535 -0.13647328183264734 -0.384974177826542 0.15217275869751595 0.48020487735590456 -0.2798642002709939 -0.12399119885440155
0 4 -0.2020097987612816 -0.008422333870921919 -0.021391328342235047 0.15963122900235993 -0.06061405475999278 -0.2035120812112815 -0.01002937701604754 0.19362509888019422 -0.07841359329865565 -0.06752964462018082
0 5 -0.11369204750778124 -0.010635852360239593 -0.16466268312846857 0.23192914909479753 -0.1535022442835199 -0.08365067521011968 0.047528157075121244 0.3207829624357335 -0.06922499287966742 0.019730089640082778
0 6 0.3510484900894382 -0.15182724143417076 0.28617339438356976 -0.5032574774539865 0.19492508690882626 0.42727641670950073 -0.3003582782697521 -0.5027754935681502 0.25976490348973663 0.16294734703841307
0 7 -0.21607273757395917 0.11586609048373746 -0.24795325713517194 0.3163582143561827 -0.2119325246678339 -0.3099785367643578 0.14845858436876808 0.3145199720115325 -0.256416116370488 -0.18168942659368878
0 8 -0.06611556713640421 0.11863398031000005 0.03287849882685031 0.18539791472068093 -0.13201992090698816 -0.12978608279570983 0.020809227386682127 0.11246940724045264 -0.08462851931832258 -0.08023378105787626
0 9 0.03402884912992508 0.015827119082505097 0.01300415085402063 -0.07263074382687665 0.06046788435052678 -0.044711913874318845 0.07789397419672378 -0.019944898416838903 0.07127175852189395 -0.07357664223882686
0 10 -0.027435679296664822 -0.01745346113935198 -0.016982252638627366 -0.020391049874850117 0.11358728893995726 0.10902545068553783 -2.840499822211151E-4 0.03466521759313969 0.05710373619840726 0.09687530072992105
0 11 -0.026665844215131254 -0.057185851255405075 0.06390003599025341 -0.13226571336232684 0.11144213206566601 -0.03552431588276298 0.005438614104495833 -0.020720213541343815 -0.011721338286898074 0.0878735829420803
0 12 -0.2499801046069258 0.10531220220947574 -0.21489530080208583 0.31324119265249545 -0.1325513610143777 -0.20897529205453647 0.12447116726949 0.27915867328429217 -0.08830802827401095 0.019725397334428074
0 13 -0.18535103321358384 0.07643209889221379 -0.03046230064128014 0.2033224305697653 -0.026101271085770154 -0.175728052059004 0.12094922797034306 0.07051846932991793 -2.6921675024361313E-4 -0.06556168155889947
0 14 -0.11850511989245023 0.0596997376618006 0.017544470421516807 0.11450295372634921 0.0031257212913657433 -0.032143427684887795 -0.00905783941264627 0.04752026288227151 -0.012689125038656674 -0.0030222479372386383
0 15 -0.06033442553363747 -0.06880997090267403 -0.10037675267325039 0.1286916578958298 0.03030088787304183 -0.08312020066453166 0.043512380912945695 0.1049937288895327 0.012039801578171413 -0.042990140174914655
0 16 0.02928068233223196 0.0012483049837105692 -0.08914060072169094 0.007325929099455726 -0.10737671393078824 -0.08813938959250882 0.0773134535495614 -0.018949703419764086 -0.14053264140445532 -0.03092971631165281
0 17 -0.05199671802648543 0.09861506633561672 -0.06330005627524754 -0.06088347800586403 -0.05895358329461772 -0.06720538335938026 0.061615710874857586 0.024721006547782597 0.014458205676744811 0.02013172993790734
0 18 -0.03651929004081314 0.12701116853140895 -0.08114420395414221 0.11953749601258125 -0.033284016706019645 -0.15124669192149612 0.11861614375082709 0.039695428795935336 0.002973442880653805 -0.06313346418672919
0 19 -0.10740149139268172 -0.033362958841546796 -0.04181602774068198 0.1132032462271705 0.04567847197638897 -0.09834631981234587 0.1294596598047471 0.1551459459149789 0.030789420816744142 -0.11708848315289509
0 20 0.01566104926024604 0.05162846052140914 -0.023810374106176542 0.0820646416911145 0.05085639046598488 -0.10219899419369424 0.021372684226380365 0.03334186560477844 -0.09549688717318304 0.014335896534913241
0 21 -0.004226900779335253 -0.023824924809758553 -0.03360524147623682 0.09880569248121944 -0.009490087035761848 0.013919130877820072 -0.05601546998046906 0.14640415544560578 -0.12675366059923449 0.0053942844057251315
0 22 -0.1783891195514802 0.1326804631424131 -0.017048387414174915 0.14193101003569034 -0.06192968491741665 -0.06385490095702674 0.09388390149622762 0.09495395439655399 -0.09005740562135289 -0.041524741593426256
0 23 0.03168433929331552 -0.08923778990175088 0.022189786108180558 -0.10822324829037828 -0.06134405903837843 -0.056944926489972854 0.057980090656221714 -0.05384779143370426 -0.04833183795803475 0.09434717493557399
0 24 0.0566060821998623 -0.0225166785980091 0.024349341313531753 9.795757939420528E-4 0.06563078622717616 0.11059605051806627 -0.08273558999914955 -0.026984350822239583 -0.052943129884317784 0.05487253907869395
0 25 -0.15809570981173188 -0.005723628711618075 -0.13693696574557235 0.1481802530839449 -0.09731579038882783 0.04448407204194869 0.132859873103479 0.1600483297026969 -0.12789233863692426 -0.09406171623534325
0 26 0.045117862501268556 -0.04506621077427482 -0.08130539536208443 0.06653671531954312 -0.07201697271496393 -3.624461353365468E-4 0.017203339312985632 0.010528956032207376 -0.01810856254783796 0.09705189429849884
0 27 -0.033250761148061816 -0.02879122752696812 -0.09820814157337161 -0.030691073135393876 0.006906910477451008 0.016980635737132353 -0.005423404552336399 0.06160282664215519 0.025287957024005617 0.002944693237315841
0 28 0.0413587516014451 0.0027913409722164495 -0.03530867898040329 0.04460844048523535 -0.045662562555973445 -0.035556961145235724 0.09617842813768238 0.034190255485521515 0.028001489439827842 -0.06799962153001785
0 29 -0.06296316329571457 -0.063135230787169 0.03199319225882777 0.11626150553807188 0.0232846890351775 0.0470657867302034 -0.06689073749213234 0.016965725884565856 0.060572494210125255 -0.0985752446356989
0 30 0.07306478735695805 0.03874411510364542 -0.06085293737772795 0.03780428062589266 0.076187802409388 0.07089462027383116 -0.0466176580299126 0.05690379249232401 -0.07431380336258031 -0.044463944140751215
0 31 0.05927598294706414 0.00169354693080009 0.014581204057933577 0.023140802833878295 0.0817171003899604 0.11185342825926793 0.07670789863300995 0.07087942534446931 0.061130337953694845 0.06307931494677801
0 32 -0.027574290078456753 0.06780593802152897 0.03920522822124335 -0.05958013522531871 0.0032745944724064326 -0.042700913405270456 -0.08152707974610844 -0.03691219431580108 -0.01373638309894092 -0.012016453321335397
0 33 0.03127272090442643 0.09864529585112926 0.053604006275943555 0.04017485149938544 -0.08502163322962918 -0.020996978738926964 0.05007540950260953 -0.0010714809057222803 -0.022076636222513293 -0.032779826686497995
0 34 0.06531435666535361 0.021834382012473723 0.07772006171564999 0.11525357349838795 -0.027130394005382707 0.03690602608006965 0.003206553168106733 0.042377936670805354 -0.029778056550471547 0.05833308471242178
0 35 0.0125534780225887 0.06169144564816909 -0.01641747111446687 -0.008442065981815282 0.040468907338842744 -0.05954925709888661 -0.08704113606228228 -0.06230624066199194 0.06571833225032227 -0.06804601113044693
0 36 0.07234348356723785 0.03224942833185196 0.032308775931596756 -0.09299604594707489 -0.03606726974248886 -0.09233817458152771 0.09223336726427078 0.038823775947093964 0.035814572125673294 0.03026902675628662
0 37 0.06570620933661839 0.06385895944436736 0.037259645691416314 -0.03663443569511483 -0.04866913679352999 0.11181858960473218 -0.04152075232063851 -0.009995543662848124 -0.02868754421179103 0.0983919842281057
0 38 -0.04673434616067625 -0.029383683450533233 -0.07546536868965818 -0.038115095719181404 0.08446398370240635 -0.04116353375474563 -0.08112975096487038 -0.1450761135305655 -0.018309024035026062 0.08301723495460878 -0.18033215044020243
1 0 -0.8313562646721815
1 1 0.3044784676963515
1 2 -0.5923397620585589
1 3 0.914030421559185
1 4 -0.4478593507132853
1 5 -0.8450587721677759
1 6 0.45223001819499964
1 7 0.9809792152645832
1 8 -0.5231197546788987
1 9 -0.3565602115607077
