## ListNet
## Epochs = 1500
## No. of features = 38
1 2 3 4 5 6 7 8 9 10 11 12 13 14 15 16 17 18 19 20 21 22 23 24 25 26 27 28 29 30 31 32 33 34 35 36 37 38
0
0 0 -0.08783747858122841
0 1 -0.07015283350574457
0 2 -0.022987163806983422
0 3 -0.0681086796690617
0 4 0.05846725646568273
0 5 -0.07460954189170572
0 6 0.036181187328955026
0 7 0.07386652734155058
0 8 -0.053918543892856836
0 9 -0.09291268275499077
0 10 -0.09062592206389296
0 11 0.024583335572044354
0 12 0.01783451982008389
0 13 -0.054560226607879014
0 14 -9.810054914741043E-4
0 15 -0.060579896522688345
0 16 0.1004367364164246
0 17 0.08525363629265424
0 18 0.007906818626159598
0 19 -0.035860908420468705
0 20 0.014082290562202567
0 21 -0.07681871018459614
0 22 -0.026080633916637036
0 23 -0.03701672186997724
0 24 -0.0052111908438499475
0 25 -0.08191209271149752
0 26 -0.06042326130731148
0 27 -0.01075506501514164
0 28 0.022117853378283838
0 29 -0.08412326797064255
0 30 0.009909556440280439
0 31 -0.011035149211909782
0 32 -0.08063477207396831
0 33 0.05616638854838467
0 34 -0.09951341379683076
0 35 0.01586327515542507
0 36 0.07530309122076018
0 37 0.0395562573545227
0 38 -0.0028616548515856266
