## RankNet
## Epochs = 100
## No. of features = 38
## No. of hidden layers = 1
## Layer 1: 10 neurons
1 2 3 4 5 6 7 8 9 10 11 12 13 14 15 16 17 18 19 20 21 22 23 24 25 26 27 28 29 30 31 32 33 34 35 36 37 38
1
10
0 0 0.026481623185515894 -0.1220463413464582 0.028493703135977575 -0.14031277433400086 -0.12346391904607458 0.04695441978212087 0.09860252866719103 0.04782786589373155 0.1030110633934296 -0.03682596766974916
0 1 0.1358438564997114 -0.385523118729197 0.19690298133970163 -0.19314683565204352 -0.1472852972663307 0.3662600179217502 0.23955634108846383 0.13196251210595325 0.15074216562890722 -0.051515720359069254
0 2 0.0398371467487464 -0.040452803900850175 -0.05380077385240225 -0.005800627582433683 0.004171988576571842 0.07023110635270442 0.02114493286404792 0.06835135149889283 -0.024260045238555353 -0.0814647395240094
0 3 0.3458182150810214 -0.4923316265094826 0.15045193176864075 -0.10400550782810265 -0.13722849418802013 0.39202297111310475 0.29299473827113465 0.17040417546149492 0.09737439239603492 -0.047512961125196825
0 4 0.011880460047963075 -0.21847600213474444 0.00778090434520892 -0.16825884611064149 -0.14815942988224623 0.11124484274550164 0.18763951814562482 0.12527528430651133 -0.06463950370482965 -0.1374402098065716
0 5 0.18342818922204293 -0.32373029459519165 0.03621678069048767 -0.21616172100897058 -0.0824467767682051 0.30993073653713316 0.2535262286626884 0.13734767937974818 0.06451973957352951 -0.004005968677560522
0 6 -0.4063823926299554 0.6949058748829411 -0.28865667132786144 0.28437176411823506 0.14218157285858815 -0.6037160262633613 -0.461207576285243 -0.26410859661596625 -0.05152011281395817 0.10544647537537903
0 7 0.12008809952254795 -0.34024422131986365 0.19687474459624138 -0.20884293223177983 -0.03565055674454531 0.2026786740340407 0.16989923390653947 0.16665675265338584 0.019931604673493523 -0.1728632366483149
0 8 -0.026303955368431244 -0.15666514057817618 0.07455519265066854 -0.14081470032469334 -0.054163319123050065 0.06160194391501416 0.11631016154050573 0.009305258334555751 0.03210617878458021 0.009924255967205795
0 9 -0.018239023286971412 -0.025856084648202198 0.06953035964276001 0.009025511945282824 -0.036539002509179366 -0.09406300069084038 -0.0037198620643742993 -0.10482944447091161 0.0014282145868951602 -0.07107418259272208
0 10 -0.08655576353056937 -0.056674528593087456 -0.0998953523170926 -0.03942514259979601 0.0650636360899062 0.049230704187389625 0.06869790382644034 -0.007121907900373602 -0.04875476517453627 0.11137561003272392
0 11 -0.14110456065587443 0.17011469472867394 0.0010495239268055905 0.11468370506342768 0.04777467420776844 -0.07209461488486558 -0.07868879505346164 -0.09078420506972265 -0.04832472333375882 0.11858893859754549
0 12 0.1625496073468544 -0.20052637070246154 0.20407705853293764 -0.03518718550809772 -0.1555437404808187 0.3204354389763974 0.21559741752097997 0.11278578554112514 0.020134848473450453 -0.14993313036121977
0 13 0.13326738026250604 -0.2813402759280388 0.08530760984757398 -0.17740546347873548 0.0017490786256067494 0.16183841783558203 -0.0037073603686605568 0.0762889428569256 0.05106286054672609 0.0027166528500410874
0 14 -0.044788325687512405 -0.10369925892581684 -0.0166314572441856 0.0693633980382232 0.06396913955971717 0.0391406658822614 0.036890301399398355 -0.059778359176579914 -0.09088867603072388 -0.018832225887385003
0 15 -0.03638751660916802 -0.11374123888676238 -0.02649950199175315 0.018147205878630238 -0.09739303098720561 0.1563564118148246 0.03703595563997372 0.00437974065970853 0.0031265646584312926 -0.09171574422741259
0 16 0.13435746829869263 -0.15406363331723957 0.04648605527362477 -0.028959232328007387 -0.025836546928723426 -0.007792587537352695 0.12810606616256945 -8.026761263825998E-4 0.003346095127109254 0.03733943091556531
0 17 -0.051674761169441884 -0.046256126721079836 0.06893224519061984 0.08120957497859617 -0.05563053723734053 -0.007816580684874773 -0.07276605785373597 -0.06892048741706452 0.001781799580446005 -0.01906045365107986
0 18 0.07835214510633466 -0.18807376847464496 0.0679108509013606 -0.14781103465014464 -0.10599154158728048 0.0473130199294408 -0.00418408125790447 0.020967809214149497 0.07671960489676241 -0.03394999428344565
0 19 0.11440598009965346 -0.17069366307189718 0.06392659395303876 0.0382491219932533 0.005315222736480601 0.10851531328607544 0.03230514780061204 0.09343960121312056 -0.06957946244726561 -0.014118301349672542
0 20 0.002201961252650271 -0.09055846438594878 0.1219293776706941 -0.114626900547011 -0.04930261946058327 0.020896237456309537 -0.01773710606438247 -0.0410795988519759 0.05783089157374611 -0.031511476532194854
0 21 0.05191243283227704 -0.04550423875173426 0.0699082211186166 0.02903841163438698 0.06085173194309042 0.007676966462462056 0.02234943589196739 0.07762680646663075 -0.035366186598094575 -0.10823715066189916
0 22 0.14688625696573282 -0.17866280218980396 0.09508160623286606 -0.026471271659129145 -0.10807450213242209 0.19721921074484017 0.18587295452008742 -0.021543603600639137 -0.05115361337047923 -0.12772181693315265
0 23 0.015196380697408187 0.03416026087345958 0.08081252469601674 -0.02896274368273021 -0.03428845099497992 -0.05440840364339923 -0.03695009026189428 -0.09761347405471167 0.013639533413545698 0.03518611866988857
0 24 -0.10166698065434814 0.12279280111170468 0.029900480520860924 -0.013889076965754043 0.0504760704486696 -0.10621891190721695 -0.06846938375292413 0.0017862225915585824 -0.05873700750676981 0.04578955113408348
0 25 -0.019249027059680752 -0.02922007529952561 0.0339966035128932 0.0035748153520439095 -0.003408893720381274 0.11754665003787731 0.050671757850260735 -0.02904489012256506 -0.06634486223516922 -0.055729587033045994
0 26 0.0356294832423084 0.08160669743646688 -0.02234003499511301 -0.07286185657893407 -0.06611600737420724 0.038151663537464395 -0.09383579760802428 0.07833422788786286 0.03949510830411451 0.0034311263005856476
0 27 -0.04441633929674234 -0.0984928236192239 0.10930145998141838 0.02824125977102156 0.03408729126937375 0.13715875400197705 0.06503083194531381 0.02633824552338259 0.052384984788328544 -0.0798263456036649
0 28 -0.00975522204401835 -0.12163389914432 -0.0610684799669737 -0.02902256288107647 -0.08244917417839018 -0.020707657900882213 -0.024437696423011652 0.02503366449708274 -0.03360611689149492 0.04676360363135969
0 29 0.11748721665733058 -0.008359348806436448 0.054674099916921036 0.05974734460573859 0.07625579324795105 0.07064072520492062 0.04872523023059496 0.04773485951833421 0.09937813076468728 -0.04022961414997189
0 30 0.06062063296690724 -0.010507811536140192 -0.006839967966688833 0.03524679994871207 -0.05166545214527928 -0.07850924611541309 0.058125205740261844 0.0056316407775240255 0.07064916247540712 -0.08001282712419258
0 31 -0.038249494065724504 -0.056229999864560905 -0.03459077982459939 0.08371759963700617 -0.09319813442986236 0.03839991169502842 0.06971154624166191 -0.04515329142797837 -0.017220903705236146 -0.04220772847701787
0 32 -0.11067581536214512 0.08199396744394542 0.046731741877001895 0.10477527789616836 0.05671807031064939 -0.12860162699163818 -0.055266570367520744 -0.10515701364083908 0.07605383682310878 -0.08943911085015363
0 33 -0.08200328712796309 -0.09861939866461118 0.10129566470393113 -0.10834512390032407 -0.03464921994016234 -0.10437081465496896 0.08913295189393085 -0.01814165250031157 -0.006869519180195083 0.028195668868174876
0 34 0.008670066775261744 0.013838499972810777 -0.056493657438187954 -0.0973564284767534 0.08728694757224284 0.06365305214235352 -0.047909933284366574 -0.09104518442374512 -0.08347981026447968 -0.007703536899961308
0 35 -0.002147236535827104 0.01780086635926127 0.09711496193068311 -0.07773568923971462 -0.06969494169792244 0.06957995535530449 -0.03119705254778604 0.06295177419190284 -0.06516371753333297 0.0704251977181999
0 36 -0.04828407947499798 0.05739354199951376 -0.08260445686964453 0.02624161160785065 -0.07387196111758394 -0.011821968578306577 0.05262816481173313 0.032894497381806484 0.08315398621457182 -0.07649856517770791
0 37 0.05222552590732771 0.11116801123159144 -0.06410011543662848 0.10011587953905515 0.006361184261564438 -0.016197010496167927 -0.10085792591081476 0.0677329616153317 -0.03363647154046029 -0.07991403299157225
0 38 0.02238468781149019 -0.03469593400299266 0.008804649600528994 0.05200588626343798 -0.08343872167703473 -0.07284987271810263 0.019500670105061017 -0.058133913368588794 -0.04114555952818234 0.05030479611495811 -0.05579490912911993
1 0 0.6168067891726314
1 1 -1.260125327139004
1 2 0.4511255327501787
1 3 -0.5689163657116768
1 4 -0.39417856825238173
1 5 0.9695707806544405
1 6 0.7143033406841253
1 7 0.40578730273613395
1 8 0.11441887661079311
1 9 -0.3413661151826971
