## LambdaRank
## Epochs = 100
## No. of features = 38
## No. of hidden layers = 1
## Layer 1: 10 neurons
1 2 3 4 5 6 7 8 9 10 11 12 13 14 15 16 17 18 19 20 21 22 23 24 25 26 27 28 29 30 31 32 33 34 35 36 37 38
1
10
0 0 -0.00528200580303396 -0.023025746215570173 -0.07653731313752166 8.454998197601717E-4 -0.007068598971409806 -0.04712832364011096 -0.04314147310870878 -0.019835193552729523 -0.09870113334068524 -0.05490287960263739
0 1 -0.01456010385661736 -0.061278084672324526 0.08068022881295371 0.03408089228545651 -0.008500612518607627 0.06028955265325181 -0.07339317743572256 0.0794305407379159 0.0014262306103508763 0.05564584557607417
0 2 0.06503746526539232 -0.07703997087531411 0.01460820136777968 -0.016060486317374938 -0.08816406735278015 -0.011385168055793855 0.06094621584081803 5.649434770443298E-4 -0.06678455204756352 -0.08473043240107048
0 3 0.011103039166691078 -0.01586085202428368 -0.013134811880712262 0.09521818360891907 -0.0450536480818489 -0.07309139466653394 -0.05606322777396504 0.06733883040684784 -0.07824745603692987 0.026619420454428187
0 4 -0.05142130416002918 0.06643067570604862 0.09041490655373573 -0.09825478685583476 -0.05898343836614545 -0.05756132826627233 0.03935108165285086 -0.051722268054418305 -0.07005609338342955 -0.08825799765451164
0 5 -0.012147787029279147 -0.08429256443721898 -0.03532156194844858 -0.08452760742425877 0.05187624176289299 -0.04511672134700714 0.07339505987205054 -0.0500296834302077 -0.0990682016792247 -0.07313369201708769
0 6 -0.03716245192306536 -0.0494046699951877 -0.004204431557922827 -0.07133583584672407 0.07717216316129806 0.03849005701258436 -0.0999439827623773 0.09873586768345734 -0.06918142000209045 -0.07652544272860454
0 7 -0.0699859770775046 0.06653753194455445 0.06642885000521888 -0.018433007604656326 -0.015195341966641457 0.07084119773707376 0.09626739174978367 -0.03886465990792387 -0.09705450534111211 -0.08061700450996222
0 8 0.04551535330058547 0.0839739976390447 -0.03349942594521038 -0.026729383805448488 -0.06920383929015791 0.08168697701852441 -0.03283846817729408 0.005498558753184524 -0.01336690144730676 -0.0667863875340805
0 9 -0.07775340053878717 0.018550557763935823 -0.06408856509084297 -0.09320022534665995 -0.013232136999257932 0.019654377881700397 -0.022253587093638807 0.012625775297845622 -0.04984062605203034 -0.028809487843485068
0 10 0.05622154747119626 -0.0960283866719472 0.0668859823430303 -0.003965109866877246 0.003213355287071542 0.062470766234131385 0.08867870950522848 -0.03159030627336585 0.07414514231338679 -0.058389470983527446
0 11 -0.011823522432625905 -0.008904815495982666 0.06638835547419972 0.09965307887519163 -0.08094434140538975 -0.042099456130186466 0.0045017453955837035 0.04867428397389564 0.04647566699504513 -0.07836173777902619
0 12 -0.009389342375377373 0.049167759940913734 0.08902256511940802 0.022056442010837538 0.04357817016415753 0.0824348560380992 0.061844638514522446 0.05981370445622758 -0.09203113478274312 0.040709442569009206
0 13 0.0855257247908914 -0.03362131975591337 -0.015959622588541868 0.03545864959350867 0.027001076570285755 -0.05627688758603162 -0.06050486064734849 0.07155412302226681 0.00892240651661762 -0.0593081691204463
0 14 0.006258822516297878 0.02182746016117733 0.024714016068161614 0.09991559115767655 -0.02926068953694256 -0.03073647705080568 -0.07968144757029587 -0.030557240110017096 -0.07449047153233383 0.060790042726534974
0 15 0.039220664566240515 -0.05243799491410641 0.053798669314043146 -0.07080793613537634 0.04139448510134158 -0.032493138321210334 -0.05081189967955161 -0.0812433079470335 -0.02307366309979298 -0.06237100860744027
0 16 -0.05255326420873292 -0.038516974469942074 0.016344103789581853 0.0774710521005105 -0.030354413271337692 -0.03768311325439646 0.0950302529333744 0.034271090326088646 -0.06108783722552896 7.301440168197681E-4
0 17 0.08995171707460874 -0.06497845290574313 -0.013833090583225972 -0.03643469875938647 0.045928822509203965 -0.08996103703987805 -0.02679699969217162 0.026929284621322727 0.06356803254599619 0.07047520269618057
0 18 0.06464107168023152 -0.09599678858611504 0.05450750587878909 0.02686716987136703 0.07732156622764139 -0.014609722935282758 0.04006101800261913 -0.03074766159600557 0.07813758676647035 0.09032475756649135
0 19 0.04011883687320693 0.0035364357591752132 0.020879516355166144 0.0689058209861447 -0.031645507530453344 0.018356463572463493 0.08381913908349904 0.04888439407967795 0.004296188870192454 0.00740630674953854
0 20 -0.06171214194298048 0.07278043113823239 -0.004419013414935374 -0.022753905266906283 0.02609629840766804 0.012302189354044599 -0.03811625177513205 0.08491721563821271 0.03885643937734077 0.009092471316975288
0 21 -0.099048409601176 -0.08065171574347015 0.09436011847963366 0.0674403375098191 0.0973220917127539 -0.03903163706364885 0.021438227867125174 0.020885517114061232 -0.09206052420857974 0.023219012968190733
0 22 0.09805137140322398 0.010725520769025523 -0.07215232977714814 0.02424759360158316 -0.018695988338111095 0.021213342880780365 -0.08720042010825943 -0.032678708234754425 -0.007440195299749772 0.013555814593070871
0 23 -0.003830759212841412 -0.09418354727154957 -0.08793321714068364 -0.08884019322218632 0.05129282900870883 0.02589541141438604 0.005804507113490382 -0.08862374945360244 -0.024673200834873003 0.08180437241960482
0 24 -0.048606425113111314 -0.011135223691394903 0.03408297555662075 0.007510390040983261 -0.023728328609068816 -0.08097361125692404 0.023757799801715454 0.01738548034282817 0.035749632923164874 -0.06050508169329866
0 25 0.03645725509211275 0.0602701517521074 -0.05118977892213663 0.032604593253324564 0.0651193155779198 0.014254763283275683 -0.0509268414512403 -0.0156505267317808 0.016629089321297235 0.06495009296180321
0 26 -0.04822188785460874 -0.0945288241612073 -0.010421645055012195 -0.07746535461158933 -0.09397752416801786 0.0640513047409893 -0.048525213665352875 0.06773253557393741 -0.09972060185893024 -0.08496522318261306
0 27 0.023041952816743826 -0.015371889482085828 0.08362756495704318 0.046923896270109025 0.07204467871130317 0.03734415872612851 0.08522503795026352 0.017651557375767738 -0.05555574009833023 0.059278506766232114
0 28 -3.158232203117186E-4 -0.03303879746000986 -0.09951265512466889 -0.07968811725985339 0.059314043270389895 -0.049004288819832986 0.047537517528543134 -0.021200563252804894 0.009349011088926567 0.03269586821195164
0 29 0.06782667755190204 0.0025007386403694863 0.06332365377355192 -0.017990079176738647 0.08565770738887385 0.044814105754577144 0.04761235592346934 -0.08819763598635944 -0.050733360160062524 -0.04762318038580654
0 30 -0.014101501637859525 0.07753681622372742 -0.003016478015956335 0.029678301631930856 0.08204538580350662 0.0021485056547126684 0.07070762213205914 0.033447170042497594 0.040499698782890795 0.041298478419382695
0 31 -0.01966919007101257 -0.03381374283863093 0.07307185358540984 -0.08990218885004607 0.07486745707046401 0.07513643048420955 -0.06330261629111433 -0.09461769524909527 -0.05129915179997688 -0.08470536861357114
0 32 0.0012023060292846019 0.06749081676209975 -0.06438902099008252 -0.07518605412674866 -0.03929765902372542 0.043504033481654186 -0.03798776574444069 -0.053814269536001706 0.040000449744596704 0.01136065592664896
0 33 0.09186993616402019 0.0019081899450096077 -0.01518540612730871 -4.673362281464165E-4 -0.07004198384556669 -0.07467834095974929 -0.0836232741089943 0.051247815799407 0.06611420924307587 -0.09839762552849646
0 34 -0.06207479455624557 -0.030981168858371374 0.012803300848529042 0.009650915950026647 -0.062138458051761325 0.08249985118700859 0.02870964803827226 -0.08961941401041353 -0.08613500603866692 0.009561919827456689
0 35 0.0574713759124279 0.09544540196657181 0.0028079748153686523 0.009233939461410046 0.09203828871250153 0.08009390532970428 0.03632844612002373 0.05902897194027901 0.04976431652903557 0.02241307497024536
0 36 0.020569867121724414 0.05455652543643978 -0.0529099424355178 0.059859170061756575 0.05470634361296442 0.07203704250609949 0.07349981338550854 -0.027783156338464822 0.045890705880592776 -0.09927538040041389
0 37 -0.021507857077302562 -0.06122433009085046 0.04010854785070217 0.038543610159932976 -0.09097461359874859 0.007848950134745071 0.02321146431342797 0.03537386342223161 -0.029951647921897685 0.033932470064148575
0 38 0.029295682742217975 0.044251449879871355 -0.056867837128158086 0.04537589924164156 0.05450277434950891 -0.024665240064729914 -0.020320259436182854 0.04602568094080326 0.04004970441684354 -0.040485959959639724 -0.0852446556091316
1 0 -0.02088367380201808
1 1 0.0281440317630769
1 2 0.06709703058004338
1 3 -0.07923787087202015
1 4 -0.03817715495824793
1 5 -0.04557516425847942
1 6 0.010049509815871736
1 7 0.031250637024641446
1 8 0.05747009068727429
1 9 9.390473132953092E-4
