## ListNet
## Epochs = 1500
## No. of features = 38
1 2 3 4 5 6 7 8 9 10 11 12 13 14 15 16 17 18 19 20 21 22 23 24 25 26 27 28 29 30 31 32 33 34 35 36 37 38
0
0 0 0.014990589945827653
0 1 0.04571704355432881
0 2 0.06619484167189353
0 3 0.06944571588671622
0 4 -0.0737925375761699
0 5 -0.04841673586114929
0 6 -0.09674067813901409
0 7 0.031445226843534166
0 8 -0.02723412699050307
0 9 0.06054092362739934
0 10 -0.01092571528979491
0 11 -0.08660189730939351
0 12 0.03388099209574876
0 13 -0.05092582111507835
0 14 0.09731058356930411
0 15 0.04577692094217081
0 16 -0.04188892312780385
0 17 0.025096992588680134
0 18 0.09806098888277474
0 19 -0.04587940702479454
0 20 -0.03488794209751431
0 21 -0.06026026104644866
0 22 0.06177609134799987
0 23 0.07220527974872984
0 24 -0.10006487398571962
0 25 0.08451223143268856
0 26 0.07305846790488038
0 27 0.020068635222401245
0 28 0.09552732503082266
0 29 0.008848974601496185
0 30 0.01716439342621261
0 31 -0.029801123276160912
0 32 -0.0694768129246552
0 33 -0.03828988010136408
0 34 0.03927773778269142
0 35 0.026276828482347938
0 36 1.069830122975076E-4
0 37 -0.09974291779528242
0 38 0.07828056067228317
