## LambdaRank
## Epochs = 100
## No. of features = 38
## No. of hidden layers = 1
## Layer 1: 10 neurons
1 2 3 4 5 6 7 8 9 10 11 12 13 14 15 16 17 18 19 20 21 22 23 24 25 26 27 28 29 30 31 32 33 34 35 36 37 38
1
10
0 0 0.0030348209680499823 0.004967757752600901 0.013663338280490562 -0.011920524982516785 0.0974769845992625 -0.038805434785014616 0.06075069606272752 -0.011946890772516316 -0.04588893123992934 0.016164486452491866
0 1 -0.09358624141826984 0.0465220058579799 0.058855110730257086 0.031814335304815096 -0.03960554896626215 0.09720104233068144 -0.025608942058433785 -0.08418587436696331 0.09496577020604365 6.460100850435481E-4
0 2 0.06977641773314468 0.0210145630709392 0.06358590130914903 -0.02058089834411363 -0.07625363465912186 0.05922751668761796 0.029851071175623592 0.0070115706556655505 0.0468146025039281 0.003837093597882791
0 3 -0.09558992862954643 0.09315124383619973 0.06819675915356384 -0.054789324922616255 -0.06016723848082444 0.03698771783670761 0.004720482394366146 0.02887613265547891 0.08044841105655118 0.025538843638745718
0 4 -0.0961081690898487 -0.07120854208823066 0.028124563032662312 -0.09160529838272118 0.09486815419570116 0.04394288099263794 0.03585252628196675 -0.09666186569134104 0.08062459345326024 -0.01217759051907967
0 5 0.058122486833189935 0.03587562762079308 0.0754453566918538 0.04071186501079843 -0.05625520855276371 0.008311635073441579 -0.005803038823576609 -0.029368805158930207 -0.09394555324630031 0.08913290411949365
0 6 0.0011019112749848594 -0.08933741181862198 0.04839081824566753 0.09199608182382082 -0.041751944773704724 0.05197743095857633 0.043561382884016946 0.0013205439174455813 0.0572340345299027 0.07629004188833095
0 7 -0.049265082570519265 0.07567107466428895 -0.04211581014848004 -0.07068721380620346 0.05767447724338724 -0.09139810235488655 0.059203717009956594 0.09843437860494199 0.08646128446335542 0.028363515024313418
0 8 0.09840901535909842 -5.884860914272882E-4 -0.05675383529840244 -0.008231931022451235 0.0020245214608172594 -0.06490009654220662 0.09121189004700168 0.031711790880949046 0.0965484035519844 -0.03250374854148463
0 9 -0.07495774353159415 -0.056086442016892966 -0.034120881130777145 -0.01655834275435265 0.07161180433526651 0.055763223929061634 -0.01715080034277992 -0.04068894249153807 -0.0039029731543867782 0.09680412478028648
0 10 0.07718773504123506 0.06784372161575164 -0.09996710653075151 0.03404789302158322 0.06119456477119524 0.021042084771164062 0.04063364122358568 -0.0045211404248408065 0.0330204208110753 0.018331917506662455
0 11 0.08062043798454016 -0.06410159237049216 0.09759744565618023 0.07162315290558027 0.07406002860260222 -0.047310849031439395 -0.033120044790481175 -0.0041764968626152804 0.09783491913018541 -0.08194959816620133
0 12 0.06806369269836189 0.03451241188510677 0.07302930337791112 0.022540160430482688 0.031031682579484306 -0.07584459280872816 -0.0595445401408298 -0.08280583106935692 0.09338356750391164 -0.06515987325791772
0 13 -0.049559559304226834 -0.06589933461828108 0.04445926046993105 -0.025732831101810495 0.08653984416177503 0.08964495042056579 -0.06174192533455014 -0.004184514410707045 0.01640587694736678 0.006049450294404398
0 14 -0.0902155642985206 0.004609377098794378 0.017829417567204315 -0.08923461250369666 -4.851442168292585E-4 -0.054247245657012215 -0.06202844384208371 0.048771500383190024 0.07457473274996064 -0.09536363020349978
0 15 -0.024468542210845632 0.09051399310262578 0.059020729132465186 -0.0997489009526155 -0.009814178102231577 -0.09933817107601761 0.029841770187070214 -0.03653303346837457 0.05474880178910779 0.07295769726809682
0 16 0.0508333990847981 0.014653395242263832 0.03834809782672394 -0.06302968595270565 -0.012855232721834873 0.016982570509967244 -0.06105864151077429 -0.025532791515799486 -0.04271103556373062 0.04884770155302523
0 17 -0.0730637286380877 0.08178287212027031 0.09725460856968673 0.07185382521543869 -0.06427091336318408 -0.009144318541214924 -0.07218765637425113 -0.08636509771760618 0.08774758716675506 0.09793814800666205
0 18 -0.03793943632804248 -0.0678864471742739 0.07575773451360315 0.06757740233662926 0.047109803689741624 0.020518628973731277 0.06111912453584489 -0.04891496760935314 0.08161674405476599 0.05116966319946739
0 19 -0.06842001826812767 -0.09416288650047834 -0.05452093192960618 -0.0837168293339557 0.08809894757030677 0.04051230378769659 -0.05284736144193176 0.08332895364091172 0.07083222673876169 -0.021434483521030268
0 20 0.07461752619483121 0.026036664971212063 -0.037449501354318696 0.04252450588622196 0.03583140214753421 0.012000227729618562 -0.034450845788247725 0.08213836873811103 -0.08498905493496586 -0.0429381434297919
0 21 -0.005901807459793972 0.017267478182781345 -0.04419074122308913 -0.038651870517497126 -0.07492510992206809 -0.0675726118666477 -0.09985178978211394 -0.0788718831097219 0.010461448723700044 -0.06799488141817729
0 22 0.036489845338852155 -0.07165329474693 0.02033563110597929 -0.08408615029507416 0.08240497809728532 -0.06495828457725984 -0.015476734233435695 -0.05928290657835644 -0.018599264520915985 0.09494035786447519
0 23 0.0899140495806542 -0.07795391697074051 -0.012103706701052383 -0.07357195943452972 0.09243507934222805 -0.06806889768766847 -0.05230205206268505 -0.08130168393604424 0.09786742593018774 -0.0763975202504302
0 24 0.007834634923831036 0.08933168620034451 0.05563180127950964 0.040453857861908915 0.05540788530680955 -0.029403341722404372 -0.05473578711860768 -0.07580965503786284 -0.039725560618780464 -0.02928616755963779
0 25 -0.02406982506975339 -0.08538681799363243 -0.055561443104666576 -0.009698883880807774 -0.011104852881645104 0.06310620124058897 -0.07324867481656798 -0.06529153975887696 -0.08923841152228641 0.02617762898655482
0 26 -0.042475997969607236 0.03535912172266443 0.061533660225040344 0.06732335669397702 0.021056074274259574 -0.040234815209300195 0.01603980569449136 -0.07265755101266572 -0.03287394333591163 0.009954359150624573
0 27 0.010389796510672119 0.05248936186670762 0.021106736069065022 -0.05808739816577024 -0.08636769587049317 0.00860075841732172 -0.02864959999279824 -0.01033743982782202 -0.06897819264108423 0.021028396236918247
0 28 0.044788146731688516 0.005647845039973061 0.05876979851836605 0.09790955253495724 0.04783083861953534 0.0031381948687688823 -0.017990759100064452 -0.08441320430948412 0.0077515281258928185 -0.044488309010681064
0 29 -0.0213577752348521 -0.04888269795713561 -0.052003532078109635 0.005688572116940816 -0.08101256118043211 -0.012758203229686018 0.04371405263176763 -0.05685765377752778 -0.04960334619742366 0.09760731365681152
0 30 0.09946467446509977 -0.04514147245563564 0.0732033846948408 -0.07297597934442375 0.05574929924756951 0.05198495242551884 0.09791126596307667 0.09662159227843714 0.09592828945314702 0.07051429262459577
0 31 -0.02660988905095102 0.01980561402188696 -0.06403905752469899 -0.06179219224270064 -0.08803711216128683 -0.021503345675020557 -0.03136045434931305 -0.01899400291596222 -0.010275934435265133 0.0023470163267402615
0 32 0.009675142916673516 0.08120227508716682 -0.072919290764464 0.028580804917131133 -0.011690086629226003 -0.05428330502583655 -0.0914316671743554 0.08734575258297488 -0.07706295239488645 -0.03559743889714582
0 33 -0.08749382983809585 0.02793398275598856 -0.037403128795677185 0.007281516360056375 -0.010960077515837028 0.031821530163650476 -0.05864130765480176 -0.07412954752061383 -0.019783377934645605 -0.05900645712233147
0 34 0.07135414032805121 -0.007253094688120981 -0.06090993099539422 0.034988836420589316 -0.07016716831518484 -0.02282917910736099 0.056912517887098724 -0.0711149266740246 0.018069890932038334 0.08017162620136604
0 35 -0.09494320058164894 -0.06440146632265965 0.071329624098863 -0.0630769443757896 -0.09012719918696681 -0.06617513680633309 0.09095206931284365 0.03390477377145888 0.011736382482512075 -0.04133805449424756
0 36 -0.08287727783943533 -0.08830944671483071 -0.09518506393416916 0.035062693693218225 -0.038986661044006464 -0.07904095414565912 0.0815024245746773 -0.01380925591036627 -0.08310325432397964 -0.07442551495618471
0 37 0.007366354033644848 -7.533100517550144E-4 0.07857933402748865 -0.04845013549418847 0.014191947062476677 -0.06607484252182544 -0.022702234582021412 0.07461074727789349 0.05987041772884948 -0.0653390081961372
0 38 0.08574274122501067 0.052229913590795644 -0.021234695278491162 0.0761834676874862 0.047074819025795314 0.042085650639608084 -0.08547571597682792 0.019711169222342336 0.006147878282176241 0.07608147719611578 -0.09862545877695224
1 0 -0.028965860605239997
1 1 0.00920836348086596
1 2 0.0881031751632695
1 3 -0.03783770650625248
1 4 -0.007353961467743069
1 5 0.002572602126747377
1 6 -0.06486143171787347
1 7 0.0996904224157334
1 8 -0.057543791830539065
1 9 0.08279637247323964
