## LambdaRank
## Epochs = 100
## No. of features = 38
## No. of hidden layers = 1
## Layer 1: 10 neurons
1 2 3 4 5 6 7 8 9 10 11 12 13 14 15 16 17 18 19 20 21 22 23 24 25 26 27 28 29 30 31 32 33 34 35 36 37 38
1
10
0 0 -0.04101286011556498 0.08059842333583314 0.0070767337755295425 0.03222171223856379 0.04487933322480444 0.07545860818340726 -0.010017229995670032 -0.09158244570095248 0.0458997798041891 0.06496650649446957
0 1 0.022522599538179727 -0.029373885515669915 -0.055406019459628836 0.01064731441871599 0.0846972785642708 0.05978725518880934 0.08040678306285129 -0.04373018338473748 -0.01857887108244524 0.038783795032513106
0 2 0.003122124792395735 -0.08176503842559063 -0.02922406603096442 -0.024953519336389597 0.07100026604666254 0.0800449509370935 -0.031621734803922774 0.059221027038152636 -0.009960954498485271 -0.04127516813364025
0 3 0.08464594321534195 -0.03028029439063519 -0.09806104232310175 0.08869669040264003 -0.07680208851191232 0.02829432673768167 -0.0726572758263299 -0.027691799745090416 0.047642525715493565 -0.019354560282050143
0 4 -0.0030380052892843004 -0.08209820965574724 0.022953081041534217 -0.0925881662367957 -0.023909592725681786 0.09518818088379251 0.013812265049785513 0.04025396938312837 0.019119271925973725 -0.025338710728296358
0 5 -0.05293213781330192 0.033431185638361324 0.037958438938228596 0.052186828444247095 0.045744744480110566 -0.045529057923658724 0.05020123559120265 -0.03156868470243654 0.0692794489557357 0.05900772412084557
0 6 0.07210133569593599 -0.0018956507739843992 -0.08596551107701038 0.06113153182789968 0.051731496516653604 0.05174541419474145 -0.026697619248812417 0.09995886983503692 -0.05599378264001836 -0.0012981125788574634
0 7 -0.06195074221793056 0.023332312795757027 -0.09039676050379354 -0.0393217736825484 0.0011307543186757302 0.06890921352507509 0.07102120532025011 -0.08274346031448342 -0.05173943096307145 0.007932668588285577
0 8 -0.08271094806394536 0.09474824107577941 0.02682486374042425 -0.0710794220322656 0.08155067099465566 -0.004277826078770397 -0.00793501748242202 5.2742636170847004E-5 -0.04226678455947798 -0.020257759529037748
0 9 0.06195701415256192 -0.07686085085125156 0.0097355942253398 -0.02213923048124723 -0.05949086228534527 0.07833875070730983 0.0850964141724615 -0.03931324949862277 0.06335354241867742 0.0926210220846071
0 10 0.06669310833906783 -0.002529181002298366 -0.03769990368828151 -0.012799877158057126 -0.07155262867870636 0.06151518423949641 -0.0807738022276009 0.09131320891245212 -0.08018339922881747 0.01578527555173661
0 11 0.09636349787351266 0.09990175958597353 -0.0866104131899797 -0.09766439125520247 0.0027964293757673617 -0.08904384511198879 -0.08354135253660537 -0.07981592426282157 -0.022675617080238252 -0.0834474230066463
0 12 -0.08404870081999645 -0.054804235885335784 -0.01207557944494683 0.07928775494216327 -0.055166045221994926 -0.045970567340511546 -0.059175199054866574 0.03566374421021593 -0.049462647662507804 -0.06751152582575858
0 13 0.03547833154457128 0.06015202509114726 0.0214917825574214 -0.04478287095200416 -0.08171205386632245 -0.0969025771759521 -0.05507376916111693 -0.04346895226349993 -0.09361713862169772 0.01728649501204444
0 14 -0.06643642937630354 0.03361365636808139 0.006052452095785401 -0.09789096704236587 0.012315881864952258 0.03050843947860597 -0.08666816018009241 0.048015482969076304 0.007303346887435409 0.01513061098873498
0 15 -0.01606259946413053 0.013082014985471109 -0.045486507779262365 -0.03385266425676603 -0.07199902802256035 -0.03766475386206155 -0.030642997138459905 -0.017338084190842134 -0.037274027090730716 -0.019842340735833477
0 16 0.04195136547696377 0.03912668912315281 -0.01859114045065634 0.02552772314765261 -0.09981833040607706 -0.05433371120793919 -0.09896796487608926 -0.061077383855784755 -0.052837775412781875 -0.02120028513108034
0 17 0.04514805776229383 0.020705358746484805 0.07478565749057943 0.009601129048080316 0.05682124791584294 -0.03602218861832099 0.04784002046620055 -0.043774009771803665 0.07611321601997942 -0.054798047437773494
0 18 -0.008619729336021165 0.009487356718308653 0.07147574007506378 -0.06761555814757475 -0.05068662950461208 0.07999639458401853 0.0730220178935284 0.08253117803015445 0.009951358606308365 0.0796324422413334
0 19 0.06375799452565027 -0.020443978766900718 -0.007164650665640432 0.009022561935744446 -0.024885453454432025 -0.06667422837680492 0.08578922888797912 0.001746005891834101 0.09221618018168178 0.06800747696353594
0 20 0.06270231297950038 0.06870025288085678 0.00560748137872601 0.008601779232584539 -0.004298359237274422 0.013423205080071767 -0.023697507322131623 -0.03316435128400516 0.05145130220494595 -0.06937538747067105
0 21 -0.03177601355290325 0.010894874676341256 0.042037846749469095 -0.01848565615906972 -0.09279648530038617 -0.0505673587227058 -0.02379074888088287 0.0989799643031819 0.07863487986623936 -0.08301586634514499
0 22 0.004740719028701092 5.630488029195305E-4 -0.07052848312411668 -0.025008648661140085 -0.06444554748307564 -0.07444045876136704 0.03811035137593889 -0.026901174078606007 -0.036575277788038714 0.05736092883784664
0 23 -0.08826287267990487 -0.08422303499839856 -0.07758489559583291 0.019423197967413226 -0.026469425996105408 -0.06328560629287236 -0.0571413214033701 -0.0982074607815676 -0.0877493394144257 -0.050497324088052534
0 24 0.041494336243937065 0.07367026742383334 0.07530321347487527 0.08540856254628686 -0.0905573014447651 -0.0725166196176347 -0.09231930476881033 0.07923326159704157 0.05971934234399796 0.06368777225953319
0 25 0.0633619506527021 -0.0512246562177677 -0.07604142935661694 -0.021792507225336218 -0.020599735425469563 0.038987973823919594 -0.05990051588403593 0.09036077039296095 0.0733717138833842 0.05065579213617154
0 26 0.07478566302109198 0.07251230720546867 -0.08810977246435599 0.031220472882913995 -0.01828507369699858 0.012992898239289065 -0.08130820577350104 0.00906885698621003 -0.012339036527676739 -0.012833539422838845
0 27 0.06758016279444659 -0.07401617628100189 -0.011030894195597881 0.0353111800121505 -0.01157535030952525 0.013305829831974137 -0.020798995980973515 0.02034116052628114 -0.0036162371568378843 -0.09834947906376665
0 28 0.01981953317630053 -0.023268301140068677 0.016338192065608638 -0.07166947842290969 -0.07061077473505158 -0.03366050740416536 -0.0024518699999184074 -0.03082469628908987 0.04338729798127966 0.009796300120585797
0 29 -0.06210231983403028 -0.04414723198279001 -0.0061526462212940815 -0.08540666506812906 0.04247087654440573 0.061719236969902974 -0.09205764095286369 0.06660116298435742 0.031882258942131494 0.004196804507842062
0 30 -0.024706346531523406 0.03905730379536916 -0.07621403456876943 -0.022103835510930685 -0.0672683976262877 -0.048040877548394166 0.07600238799338159 -0.018445383424236916 0.06325288786643381 -0.0973810172109559
0 31 -0.019625005643172214 0.01894395234666774 -0.05291249368594886 0.037192694076020605 -0.06987163958758906 0.05560719646376679 -0.08242075016146837 -0.074903147888685 -0.04911523456314718 -0.0019407689305116916
0 32 0.07060888021265209 0.04916086474902434 0.06184760661125032 -0.06097879229174925 -0.062225346408327394 0.05208800950954341 -0.052262258501786465 0.06097456220049691 0.07572652953084022 0.07175125991281472
0 33 0.019436175113764862 -0.05778205729700795 -0.04899881360990242 -0.05379377936693603 0.002896772155762401 -0.07794450372001034 -0.09609724712806399 -0.04852760078530176 0.006985870148091144 0.06180302067805398
0 34 0.017459428212422762 0.01928398412400827 0.05564426937525178 0.08207494671200305 0.04094112102059639 -0.03435781629921891 -0.05308392974711238 -0.020472002068766898 -0.03902883145589042 -0.057337553986181025
0 35 -0.08252154543130948 -0.08175932177021132 -0.03017319053419321 -0.0785857420560142 -0.09114160783735065 0.01280305264587929 -0.06807548838510996 -0.0024189939329469917 0.09414073152481202 0.07303872364395507
0 36 -0.02403593872771145 -0.015764675339849966 -0.08063813182272941 0.0717154685149624 0.08831967769830804 0.016100578168837962 -0.01937292793084507 -0.04727254339155328 0.0520190007545528 -0.0691814605373438
0 37 0.043126385379599966 -0.014653721648850943 0.08209652364623651 3.0560137917930494E-4 0.037377532975295225 0.04763014369950588 0.06989212780837024 -0.09716495575169203 0.07056214939402784 -0.0942747269055768
0 38 0.07095135058561672 -0.052001762264451815 0.002910425607793751 0.028336067440639996 0.08891842326157581 -0.007402822559022159 -0.06879364773310337 0.07983041965950158 0.012554801863291802 -0.040529491660895374 -0.0718725919723516
1 0 0.013041866011917548
1 1 0.015582228079438222
1 2 -0.08270252496004193
1 3 -0.04772827774286236
1 4 0.09562300145626064
1 5 0.037251316010951135
1 6 0.08939112722873697
1 7 -0.004962241742759958
1 8 0.03493516519665772
1 9 -0.021003324538469096
