## LambdaRank
## Epochs = 100
## No. of features = 38
## No. of hidden layers = 1
## Layer 1: 10 neurons
1 2 3 4 5 6 7 8 9 10 11 12 13 14 15 16 17 18 19 20 21 22 23 24 25 26 27 28 29 30 31 32 33 34 35 36 37 38
1
10
0 0 0.09818625199299734 -0.025309567941711544 -0.0652498164462151 -0.008977989342901263 0.07830794602774786 0.013973993016306521 0.045758296345228856 -0.06768902645222384 0.07423464033738054 0.06678925721130372
0 1 -0.08244959349728061 -0.08528400331499397 -0.08003918291758688 0.06879418206000437 -0.04248686788088845 -7.209310144693647E-4 -0.07112017618746828 -0.07081422987505497 0.09124892392668614 0.0063996600117188
0 2 0.045191018475003945 -0.03290837704935499 0.06298482951459314 -0.06433403452886131 0.09232415505969466 -0.019520502147612973 0.08751987557097235 -0.05692463277415506 0.061898514344444544 0.0933529035679303
0 3 0.011463765812066345 0.05292229397894627 0.0020339897497952857 0.09490565795140567 0.05524622878211383 0.016693099618102003 -0.06993787483184422 -0.07473193685541649 -0.015609244057468394 -0.0267556003804005
0 4 0.050780535507134184 -0.06588675885501798 -0.057764829264380174 -0.09851029436143159 0.07656794004453686 0.04629155319596854 0.040466975344011134 0.02466858579224105 -0.007014301608579325 -0.041708610565904795
0 5 -0.08297799182782115 -0.057572571177226174 0.019798664513511928 0.06368541304904735 -0.0138542893658712 0.05730754743324971 -0.058790779610551264 0.059542734974412474 -0.03811503886859215 -0.021222664466610485
0 6 -0.006055386727463061 0.07544210474782817 -0.020941275067833234 0.09192353175667718 -0.07541858125472363 -0.09855759553810325 -0.015130991637754857 -0.01305104415781896 -0.07425243246219057 0.048987740313113294
0 7 0.05152266673527045 -0.06549317243515622 -0.04312623399531051 0.03812684283335062 -0.07198675236810333 0.07007166542562618 -0.06306479274933999 0.0967964633657412 0.008204348911077023 -0.08689347298892287
0 8 0.014523597318640832 -0.002963379370315013 8.187368889046795E-4 -0.0767801108857859 -0.08354645318675809 -0.007264851131934863 0.008433605047691901 0.01506944296355748 -0.03606566288670176 -0.06230136140659961
0 9 0.07854773938174839 -0.06507104472217289 -0.023890574511198425 0.010592732331511184 -0.038902410772939926 0.02412633011732635 0.04309157172373677 0.07629056430529964 -0.020893169352336028 0.053631819048333966
0 10 0.038427073034190386 -0.03483001083853075 0.045379771012000886 0.09170503385098126 -0.03698018900709656 -0.0066846027720432665 0.08490007310529392 -0.02579344917522396 0.09761691890908125 -0.03190137015682997
0 11 -0.06607377767285331 0.0723076538277509 0.08364598859213716 -0.034596931738506774 -0.09155337428718556 -0.06958168883506505 0.0012620516412888859 -0.07908157196830884 -0.04187577942991239 0.0413777176808951
0 12 -0.09797603355752096 0.05292538895809662 -0.06333721659226178 0.02893828840146776 0.08160990509792489 -0.08554356201130715 -0.06175057836264547 0.021877274975423005 -0.003711660658081791 0.026139318231027955
0 13 0.09797268398003149 0.03967657862348697 0.04850893242116661 0.05952133384816689 0.026229317099401392 -0.029544422156646627 -0.08309487662231327 -0.03456317644284083 0.023875642934795546 0.04926997488726822
0 14 -0.053443689405297326 -0.01571440860336756 -0.03734533242261007 -0.0981554347549142 -0.05581025344708566 -0.046247586313366444 0.007960769337584123 0.04418623161021449 -0.07446892504142061 -0.02830585368980097
0 15 0.04839960539495375 -0.07097432428988974 -0.05163653658696523 -0.08385167017091387 -0.011638474806239796 -0.03357956167360143 0.04901280955192889 0.05972538606382133 0.03131612937062632 -0.07023446296419503
0 16 -0.06630604830633913 -0.07876516278510014 0.01566129832148051 -0.06313231779488325 -0.006406535982174857 0.019925178232414808 0.04529423485996117 -0.08019172716088438 0.015017167135385642 -0.030669892428907827
0 17 0.059416087913769844 -0.05804567614757148 -0.07716438661682562 0.03651434594864087 0.014570985044948343 0.005776721220717502 0.023006983255726726 -0.014579090615202456 0.0655209715650862 -0.018804914788463942
0 18 -0.08099469301319442 -0.04074045662086424 -0.04869994203601334 0.09280483795303353 0.017676868977388436 0.0032157027359986405 0.04533770155807455 -0.018665257294057273 0.020419722118303018 0.09938801074247706
0 19 -0.06349185786785906 0.02118061316101727 -0.011719584257856649 -0.09721553126456389 0.006127726187439003 0.07665500047803595 -0.03202462974648506 0.047690728177253186 -0.08580144295180524 0.007397221268049517
0 20 0.09170278771886135 0.08076118646007074 -0.00555229668029382 -0.004925229582417947 0.07222036439908741 0.0033287409162745833 -0.05042611601234976 -0.07769446089601695 -0.05154273819725825 -0.045221689267720064
0 21 -0.02423294883250296 0.05427342802892275 0.03954340193759161 0.066571136265953 -0.02224383991557084 -0.09815724979038387 0.035331081544058514 -0.04833921937635877 -0.05203086365821514 -0.006679143452825859
0 22 0.06039747904496142 -0.03670858141142227 0.0018420526102955975 0.07312912749205999 0.0790046027595999 0.0016090169213041224 -0.008824898682235332 0.08864438043297332 -0.09024063772821646 0.09973160089336155
0 23 -0.09783885248210636 -0.04824488897768519 0.06524474810629774 -0.003378984667472778 -0.04541022227271515 -0.004217016377229879 -0.007037049404742428 -0.0674968528228329 0.07397549726523757 0.07933527006766466
0 24 -0.031054636541110264 0.060169920282080944 -0.09529543823404346 -0.01156892599280558 0.09919892575302566 -0.0732341949187366 -0.004665007314705559 0.05378911650087789 0.0926651156879634 -0.06418511677888208
0 25 0.07299129069076715 0.09163179500076138 -0.07459990192845312 0.05383231941003734 0.09621486477282731 -0.07530104979242819 -0.07685070456400878 0.01884169805611799 -0.0396620287829297 0.08327366205677113
0 26 -0.04297787362942977 0.0734777724717964 -0.058131027879305935 0.04870816566867727 0.07345156230220821 0.030710485265667824 -0.08168176468843162 0.08311409459322058 0.04841795951621729 -0.06922301480464867
0 27 -0.031793618163474306 0.026026300750792934 0.04840701981789365 0.009922203537256029 0.07288049822364769 0.034293700305897366 0.05399960523743537 0.023242234632878625 0.01012703134393919 -8.513536731778263E-5
0 28 0.08174695851702789 -0.046807883989284406 0.016169152083673893 0.05283656496490016 0.0055250823580011675 -0.09197778706325344 -0.006366536017547366 -0.05707829034314296 -0.0200330157277607 0.05731577017491122
0 29 -0.08524367058157624 -0.0654736954152648 0.026280188553543537 -0.04722763276218008 0.05512162043759682 0.024364526761608978 0.05768233256783991 -0.014792031160420088 -0.012066481668677537 -0.057746786842369335
0 30 0.019784207018388903 -0.009256268201553067 0.0539570537507949 0.07483511504628017 -0.08663333159227737 0.010692458923082208 0.09084219136477593 0.05622833568419583 0.08248820350682098 0.0770106032508252
0 31 0.07868239263254596 0.07419263023144565 0.07880781476955379 -0.011813948773162525 -0.09417432844729268 -0.09368092606102946 0.05336092810539956 0.08550646101874793 0.030555746307861325 -0.08244758200806677
0 32 -0.09082292490280529 0.00661487594608668 0.022119543428173346 -0.030989374356934867 -0.052328458843270254 0.045482982063971826 0.0986094579249807 -0.04598538271116754 -0.005376140837224665 -0.058214105201419834
0 33 0.029801446641421 0.034656574872505105 0.08453273928460513 -0.045383970164622416 0.04529508817749466 0.04151426163022157 -0.04884203250269268 -0.006628920913265827 -0.004486784968672844 -0.03382993016137372
0 34 -0.01226791774323672 -0.020703028642058866 -0.04863090015770758 0.05816468163116322 0.04943631476958654 0.0878258540531128 0.08726868791420181 -0.005400610333268397 0.021757084875604554 -0.02101174021362903
0 35 0.05916917329951038 0.02936915682187642 0.025395553523264933 -0.06223577254672566 0.06100793926231923 0.06135966251218655 -0.036518238495765326 0.029262041702298833 0.054723262819793755 0.0501982569771853
0 36 0.017786309804804272 0.07020361081656362 -0.04921104653886277 0.036985968253506724 0.05425904193286903 0.013973726854219316 0.0014089456706332642 0.04230251380791968 -0.0071673727239210195 0.05697787982766644
0 37 -0.09726511874284226 0.003745857937984926 0.009517822133395198 -0.019060579673830548 -0.053907767754544034 -0.052135517753041725 0.07873506764999828 -0.034907579982154886 -0.03135447096382991 -0.05582906107253413
0 38 0.005746827377386783 0.07514190906021706 -0.002656204067269856 -0.047583756182246195 -0.056009962641171945 -0.055704550161586715 0.022176107785608884 0.07672517194959644 -0.04986441151287026 -0.06098024128797652 0.07666136324405735
1 0 -0.08865579217672388
1 1 -0.021394331008195634
1 2 0.0533325783908378
1 3 -0.09417683631181792
1 4 0.02530658803880201
1 5 0.07527874410152414
1 6 0.016060393303632653
1 7 -0.04399228096008235
1 8 -0.049488671123981864
1 9 -0.011470598168671015
