## RankNet
## Epochs = 100
## No. of features = 38
## No. of hidden layers = 1
## Layer 1: 10 neurons
1 2 3 4 5 6 7 8 9 10 11 12 13 14 15 16 17 18 19 20 21 22 23 24 25 26 27 28 29 30 31 32 33 34 35 36 37 38
1
10
0 0 0.019323222586648866 -0.09133140782276479 0.1666446713487 0.16792831960028617 0.11306605262406977 -0.09967319079914697 0.12159102990523267 0.007931479334621632 0.05160384801680548 0.121623529780392
0 1 -0.02860699756956463 0.032271554843284075 0.19512949170219535 0.2258730809429754 0.2655629582631033 -0.13177295668588188 0.19581446170233877 0.07362769277453397 -0.001458840589536511 0.38231724024426
0 2 -0.029673709356262762 -0.06568745664758809 0.025526250350879204 0.061822088027420376 0.006193438776914614 -0.03695976997150785 0.051812699181950625 0.11183847394105727 -0.10274244259021421 0.11825120318164997
0 3 -0.10449737046983819 0.029189069179745272 0.32714573716936035 0.4454379015410156 0.41492372040194364 -0.3511978996813755 0.3788657962503952 0.21845168934114598 -0.08041757836891134 0.6084331755089241
0 4 0.019897608231148826 0.10131742040619623 0.1819192793511148 0.1623592938711209 0.11912262121156744 -0.08999225614152585 0.19849394892640554 0.15480473123081115 -0.054492526379500174 0.2796282841057825
0 5 -0.08818046332484769 0.029399455373571547 0.28105961888238407 0.30418943517909997 0.18874926913392392 -0.22142843095516754 0.11412672348510279 0.02680875275318965 -0.16467808574243373 0.22059083091653114
0 6 0.2142845952860765 -0.0874916439647938 -0.5282646850266524 -0.5430024140888666 -0.4682445819877429 0.2709337799705319 -0.39591797047764404 -0.26332115937509964 0.266277225022642 -0.7552206122161779
0 7 -0.14068024096798723 0.031595495947008 0.1937630501681543 0.34460443565897636 0.31160593234955875 -0.20141841676358713 0.1833299105958722 0.20254319485765934 -0.04832276993309624 0.27434551142200797
0 8 0.021094103280871808 0.01577359832207376 0.175357941061027 0.19531823993593114 0.032576700554523906 -0.029007013033388436 -0.020546181917803902 -0.0585936378561951 -0.1228073593899825 0.22943057188332638
0 9 0.03816993762007434 0.07756940417301562 -0.14144547590832418 -0.013961689353079216 -0.07391263960888121 -0.0015815789150339728 -0.14438785833538775 0.05311255625770248 0.03811251329529713 -0.03989686541706728
0 10 -0.0219091043094645 0.060127389504553416 -0.04550953333671279 -0.10486509168091063 -0.005352095617792457 0.021912315268426876 -0.05464785445176382 0.046622210551567594 -0.01248422948410667 -0.022635715599782415
0 11 0.015573368189042642 0.0022059230954380544 -0.12072555714088837 -0.08324769889477193 -0.05051815307455397 -0.014133960043688849 0.03502657349127199 -0.11190853265154255 -0.029671731182929012 -0.06644332568096395
0 12 0.0031979981759710395 -0.06786778727307992 0.1139310805443457 0.2769533158677636 0.10882105657084498 -0.20536894902446953 0.21592707707987277 0.0473110019852302 -0.17579319621032444 0.20612268078018495
0 13 -0.07151070620962703 0.007234041644232426 0.1442698911847568 0.0512168301570342 0.18766260898102197 -0.03634440883000734 0.06055917501750626 0.1372610765241947 0.039034986640744236 0.2430206663539491
0 14 -0.09005166235159898 0.03440424933563578 -0.07199389164217755 0.014569676174318045 -0.0520771595266712 -0.07917840251604095 0.05015003300071664 -0.08604781129890157 -0.07768095621448759 0.014324617647452884
0 15 -0.03409108969973148 0.09061371386468407 -0.033435837094446336 0.1285427743521597 0.06547854790375768 0.04329353271765837 0.06046594138057226 0.04831117378930453 -0.10131748070841956 0.1405515598178184
0 16 0.02221454468048885 0.09823021303593348 0.0492905540185454 0.1084461503638419 0.026127371523229175 -0.06267624495728003 -0.016264738040336176 0.11295554513898691 0.02395650237734335 0.16299122984448214
0 17 0.08178197149458748 0.02815923341188923 0.008727112698063746 0.062137223055544484 -0.029791485275948822 -0.08295123786685185 0.08080915128966099 -0.013587707791346635 -0.050141846525297636 -0.05820591566332624
0 18 -0.12162890302608087 -0.021332553653217755 0.13984879333079098 0.1179114666088938 0.11507746498833592 0.008779303228485202 0.050438356893234206 -0.05154893052420905 -0.042164181271685364 0.21410442797791737
0 19 0.05732379102865158 -0.0020819489395801517 0.16138555131969576 0.0025124801394447167 -7.28982953625124E-5 0.022707878611856414 0.10344202484878914 0.046775032125632006 -0.02954467714071554 0.06586915996034054
0 20 -0.10430644336640327 0.019252608048514884 7.61296510225676E-4 -0.00303999075342112 0.09280911270915339 -0.07662304763482944 0.012105293786968707 0.040615235615718386 0.0323394109059825 0.102877188137476
0 21 -0.06497367534817948 0.04922901524782907 -0.017936382235377454 0.09975594295724612 0.08104942824682339 -0.1188144441200739 0.10599523335539757 0.06861613089577817 0.0472012964137102 0.11322191870632647
0 22 -0.04840039247617739 0.017276338009478334 0.02814233946004175 0.1822654908918954 0.06661585131657878 -0.13588973446883015 -0.0038890827815254705 0.07382224154239556 -0.02045647112779808 0.09416356122276869
0 23 0.10362250512308165 -0.06325879213840997 -0.042860233673013455 -0.007109721918811816 -0.03828347748875112 0.028924610508310765 0.019895005725763207 -0.11121611602571216 -0.047608287431442575 -0.1793164285198128
0 24 0.1139495480416653 0.033463220947826576 -0.1511190127720748 -0.1276590283240975 -0.09272610696793405 -0.007964215957669182 -0.16245836764848706 0.013456052563642707 0.09498738196598118 -0.14030718818164079
0 25 -0.045255237925831054 -0.004774040262230671 0.07468494185956331 0.1395127771070111 0.1463628436037303 -0.006480561981334233 -0.014797589164323636 0.048135643829163126 0.06277999914491532 0.1743467018943619
0 26 -0.014020772338296121 0.009795619849751936 -0.11955801122510426 -0.10496700582065867 -0.08280934068475558 -0.027718233871781153 0.047126260875174804 0.07859450688787116 0.05720347722565836 -0.043323469332815535
0 27 -0.04632827814255773 -0.09155568492755552 0.003757248657831629 -0.03719167733047734 0.017843091092737816 -0.004161001646006066 -0.030410107685837292 0.03469979973917033 0.05765083718948913 0.038977259558853034
0 28 0.047520681555111265 -0.06812822352602525 -0.004742052939145682 0.0075457595059967054 0.0850987528931052 0.012937147440630665 -0.10055893054213652 0.005981657728111299 -0.08379578027020916 -0.06129578962435669
0 29 -0.11485573727603685 0.04058517166858958 0.013516776967086324 0.09509326118495387 -0.02074476041820478 0.02555200108516929 -0.04086268974085365 0.04787640506651391 0.08077226859207712 0.10676228292318371
0 30 -0.004413794553712702 0.05993258017702785 0.07941181242368325 0.07896833586617157 0.06431352014447873 0.07139014631999131 -0.03261852240159954 0.08234398088186419 -0.061870532603876684 -0.036816652566937634
0 31 -0.03634566797740526 -0.03989929782824675 0.01851767153372265 -0.06713200799644262 0.07178477003102544 0.05609129030770108 -0.04772549314186451 -0.09389937182572847 -0.0174051303163874 0.0646795975081345
0 32 -0.04164148531739797 -0.04911435727617079 -0.13123412232997794 -0.1462242195083429 -0.009983226686487962 0.10652966276126095 -0.10190649198490993 -0.002989713740382555 -0.05514730108749782 -0.13970208453394783
0 33 -0.06264407003385591 -0.004115030377814472 -0.013311727493426087 -0.06526705318842291 -0.06257339569186403 -0.14383319155824617 0.09302651379540697 0.04656769920918006 0.06150984946401605 0.0976184372012983
0 34 -0.04310439280499038 -7.49941648563999E-5 0.061978631857779964 0.05333849436552172 -0.07518887892874311 0.0462021087869199 -0.053964390507377016 0.02972545281030904 0.02345869776503253 0.012545790681547453
0 35 0.03864565571751343 0.02955491225103056 0.021879835012788746 -0.01959461990944585 -0.015528658609863216 -0.059951561871773876 -0.03837271526752736 0.09142152743539843 0.018069011796494082 0.08671155751574339
0 36 -0.0908602923154831 -0.09169861674308777 0.08985962718725204 0.052987534552812576 -2.2327303304336965E-4 -0.0644005686044693 0.031186020001769066 0.011161851696670055 0.09539530426263809 0.029090125113725662
0 37 0.04546309471575435 -0.0433411754864576 -0.1329844186153339 -0.02193965476721843 -0.10130697667765222 -0.004677511614070765 0.03252303073360148 0.03451481395008281 -0.022366850343457537 -0.151308869330514
0 38 -0.07367825717503745 0.014553626425178984 -0.10847902487233285 -0.11396168323269912 -0.03418825301088232 -0.02038599242140231 -0.00458441864300622 -0.047634666015486604 0.0012628300359626876 -0.024762093316355833 -0.1905684241930969
1 0 -0.36620329726700956
1 1 0.03442133674984757
1 2 0.8016911672303539
1 3 0.9706730364136003
1 4 0.7900366717724712
1 5 -0.6544970523784563
1 6 0.658429576966574
1 7 0.38447511216024943
1 8 -0.36616436998750596
1 9 1.2444425193823796
