## LambdaRank
## Epochs = 100
## No. of features = 38
## No. of hidden layers = 1
## Layer 1: 10 neurons
1 2 3 4 5 6 7 8 9 10 11 12 13 14 15 16 17 18 19 20 21 22 23 24 25 26 27 28 29 30 31 32 33 34 35 36 37 38
1
10
0 0 -0.06655724346637726 -0.04205979034304619 0.06212056428194046 0.03763561695814133 -0.03685006499290466 0.06362830102443695 -0.06760690361261368 -0.01200556755065918 -0.08585622161626816 -0.04275461286306381
0 1 -0.08808782696723938 -0.056190114468336105 -0.08020642399787903 -0.06634493172168732 -0.0542294979095459 0.09585344046354294 0.039660196751356125 -0.05166750028729439 -0.02069917321205139 0.08351898193359375
0 2 0.0699797123670578 0.04874887317419052 0.09602414071559906 -0.06626175343990326 0.006708735134452581 -0.005049454979598522 -0.04658358544111252 0.01788480207324028 -0.009129822254180908 0.055153198540210724
0 3 -0.0634695291519165 -0.016918260604143143 0.0715048611164093 -0.07056982070207596 0.02909711003303528 0.05695530027151108 -0.012161105871200562 -0.06773601472377777 0.0842144638299942 0.02164006233215332
0 4 0.060066837817430496 -0.025915533304214478 0.07535664737224579 0.043048400431871414 -0.08324785530567169 -0.010936224833130836 -0.057807594537734985 -0.08925304561853409 0.09372808784246445 -0.03556542843580246
0 5 -0.039778996258974075 -0.09454064071178436 -0.019634444266557693 0.012813413515686989 -0.07978390902280807 0.05404876545071602 -0.05668835714459419 -0.07456774264574051 -0.09107808768749237 0.053517021238803864
0 6 0.09851321578025818 -0.034699954092502594 0.06456102430820465 0.09439681470394135 -0.09801913797855377 -0.07314886897802353 -0.09467358142137527 0.0047404589131474495 -0.03058335743844509 -0.005473512224853039
0 7 -0.08159841597080231 0.09709086269140244 -0.013826703652739525 0.08098158985376358 0.08746400475502014 0.04601892828941345 0.088493712246418 0.021777987480163574 0.04427270218729973 0.010006469674408436
0 8 0.08027558028697968 -0.07494083046913147 -0.04691750556230545 -0.015048426575958729 -0.043372828513383865 5.21111476700753E-4 0.015922147780656815 0.05064871907234192 -0.03317585587501526 0.05917506664991379
0 9 -0.08143331110477448 0.002809929894283414 -0.06764926016330719 -0.09497673809528351 -0.02251344360411167 0.06316797435283661 -0.014837289229035378 -0.031321585178375244 -0.09392718225717545 0.008598369546234608
0 10 -0.08736525475978851 0.0108200553804636 -0.08638395369052887 -0.04142172262072563 0.03389338403940201 -0.0136936130002141 -0.09559370577335358 -0.01676187478005886 -0.09218700230121613 -0.08342369645833969
0 11 -0.020512491464614868 -0.060660652816295624 -0.008798581548035145 0.07326753437519073 0.07179886102676392 2.2931098646949977E-4 0.03631456568837166 -0.002743065357208252 0.047771863639354706 -0.08541719615459442
0 12 -0.09070166200399399 0.07929826527833939 -0.027055751532316208 -0.0809042751789093 -0.08849451690912247 0.0971188098192215 0.034616123884916306 -0.046174556016922 -0.08639848977327347 -0.07239089906215668
0 13 0.06103674694895744 0.0020036816131323576 -0.014338565059006214 -0.012324696406722069 0.05365584045648575 0.0023943304549902678 -0.027067214250564575 -0.04385684058070183 0.052575111389160156 0.09241905808448792
0 14 -0.09915117174386978 0.04718898981809616 0.014574396423995495 0.03448101878166199 0.053489118814468384 -0.049182455986738205 0.053609274327754974 -0.028178637847304344 -0.04446931555867195 -0.03211740776896477
0 15 -0.027838516980409622 -0.03226127475500107 0.013458127155900002 0.004438352771103382 0.020022857934236526 0.021088456735014915 -0.09651760011911392 -0.0618458166718483 0.09065602719783783 0.07255631685256958
0 16 -0.0920821875333786 0.0394575409591198 -0.03133352845907211 -0.08963047713041306 -0.08978168666362762 0.018750786781311035 0.009634172543883324 -0.003425371600314975 -0.02067962847650051 -0.006610453128814697
0 17 -0.07618395239114761 -0.09219597280025482 -0.013903319835662842 0.04804620146751404 0.09959136694669724 0.07765845954418182 0.0349736288189888 0.06900504231452942 0.00558775058016181 0.027732212096452713
0 18 0.03710000589489937 -0.07119385898113251 -0.02297576703131199 -0.003096502972766757 0.07828781753778458 -0.016940051689743996 0.08088383078575134 0.0338805690407753 0.04431243613362312 0.04885638877749443
0 19 -0.05934353917837143 0.002357053803279996 -0.07044637203216553 -0.0864395871758461 -0.06835199147462845 -0.03768426924943924 0.0732828751206398 -0.02972053363919258 0.019350146874785423 0.09954354912042618
0 20 -0.08808143436908722 0.0786970779299736 -0.057443104684352875 0.038943834602832794 -0.05676752328872681 -0.04651888087391853 -0.0427076630294323 0.07651639729738235 -0.027051221579313278 0.004256850574165583
0 21 -0.004576891660690308 0.03129828721284866 -0.0040860711596906185 -0.04557821899652481 -0.04456130415201187 -0.06630397588014603 0.04267182946205139 7.61312257964164E-4 -0.029460424557328224 0.09111042320728302
0 22 -0.0802115648984909 -0.06122264266014099 0.0997382402420044 -0.07623158395290375 0.0884658545255661 -0.0980919748544693 -0.01588057354092598 -0.08923406898975372 0.0656035915017128 -0.07135950028896332
0 23 0.07932186126708984 -0.05834658816456795 -0.09913104772567749 -0.02973237633705139 0.09392338991165161 0.00574155431240797 0.0049880919978022575 0.09557633101940155 0.07900463044643402 -0.06971781700849533
0 24 -0.08843198418617249 0.01418109517544508 0.005573672242462635 0.05268961191177368 0.0782867893576622 -0.022076958790421486 -0.0036725818645209074 -0.09018734097480774 -0.05771801993250847 -0.055242858827114105
0 25 -0.08064769953489304 0.03500159829854965 0.051899392157793045 0.07478471100330353 0.09767468273639679 0.0901528000831604 -0.03577057272195816 0.03502604365348816 -0.07501247525215149 -0.004544365219771862
0 26 -0.093541719019413 0.05694115161895752 -0.03523008152842522 -0.06595832109451294 0.09568285197019577 0.09847452491521835 -0.048044316470623016 -0.08747785538434982 0.058842867612838745 0.03252815455198288
0 27 -0.010426473803818226 0.08547227084636688 0.019475245848298073 0.053262125700712204 0.08128021657466888 0.08995547145605087 -0.08290450274944305 0.031841687858104706 0.09126262366771698 -0.011429846286773682
0 28 -0.006149327848106623 -0.03387770801782608 0.06521482765674591 0.01225343905389309 -0.035025499761104584 0.092545285820961 0.027188187465071678 0.0951186865568161 -0.043883807957172394 -0.00372905726544559
0 29 -0.006196451373398304 0.026407236233353615 0.019794899970293045 -0.07253141701221466 -0.024594038724899292 0.05798567458987236 -0.0920754224061966 -0.09409375488758087 -0.03037489578127861 -0.09743324667215347
0 30 0.03275648504495621 -0.09591875970363617 0.02970607951283455 0.0037429570220410824 0.043927859514951706 0.003745007561519742 -0.08665458858013153 -0.0532136969268322 -0.003847950603812933 -0.018513744696974754
0 31 0.08333579450845718 -0.028551364317536354 0.06529203057289124 0.008080696687102318 -0.0756058543920517 0.033123113214969635 0.0868179127573967 0.024064134806394577 0.03694061562418938 0.02185937762260437
0 32 0.030460555106401443 -0.05158375948667526 -0.05628756806254387 -0.0704742968082428 -0.07782378047704697 0.0876331478357315 0.04444718360900879 -0.07547571510076523 -6.197988986968994E-4 0.022441918030381203
0 33 0.007934403605759144 0.08886204659938812 -0.07141368091106415 -0.06742191314697266 0.06929072737693787 0.04345368221402168 -0.01566249132156372 0.03315502405166626 0.048461586236953735 -0.017482709139585495
0 34 -0.08709551393985748 -0.011368674226105213 -0.07112360000610352 0.020365411415696144 -0.09506403654813766 -0.05595805123448372 0.03674048185348511 -0.055507637560367584 0.024696385487914085 -0.08985264599323273
0 35 -0.06164614483714104 0.030544161796569824 -0.06852572411298752 0.08688786625862122 0.010598021559417248 -0.040588777512311935 0.031715311110019684 0.0908307209610939 -0.04401300102472305 0.04587268829345703
0 36 -0.08208782970905304 -0.03732196241617203 -0.03749317675828934 -0.0015744805568829179 -0.09087253361940384 0.03873524069786072 0.07526793330907822 0.07469595968723297 -0.05041589215397835 -0.07681722939014435
0 37 0.07982347905635834 5.135655519552529E-4 -0.06105852127075195 0.023460805416107178 0.016260439530014992 0.08943621069192886 0.050963182002305984 0.07607685774564743 -0.001814860152080655 0.09402590245008469
0 38 0.04238076135516167 0.08897502720355988 -0.02120038866996765 -0.01675751805305481 -0.023873377591371536 -0.033518631011247635 -0.04467780515551567 -0.00347480783239007 -0.006291210651397705 0.05593600869178772 0.08252719789743423
1 0 0.02988567389547825
1 1 -0.05076833814382553
1 2 -0.058497071266174316
1 3 0.08548850566148758
1 4 0.08071248233318329
1 5 0.023873627185821533
1 6 -0.06994788348674774
1 7 0.06911755353212357
1 8 -0.06104600429534912
1 9 0.05043454095721245
