## LambdaRank
## Epochs = 100
## No. of features = 38
## No. of hidden layers = 1
## Layer 1: 10 neurons
1 2 3 4 5 6 7 8 9 10 11 12 13 14 15 16 17 18 19 20 21 22 23 24 25 26 27 28 29 30 31 32 33 34 35 36 37 38
1
10
0 0 0.054375091484478076 0.07386640980790207 0.0797082630744157 -0.06082841237848616 0.09063995499616678 -0.051179935597251494 0.07911868539732374 -0.09904681636649341 0.05089986575090965 0.06097584662627526
0 1 -0.09705957884923501 -0.04168611802130051 0.09211561044943431 0.037293400912065025 0.054505559304194824 -0.006787348604707671 0.02100536058693625 -0.022534161330125566 -0.050742946711993135 -0.025909969089702195
0 2 0.002581873763780361 -0.06853591283357367 -0.08476908123961535 -0.03464303829585753 0.0900496332883282 0.08039038414652998 -0.030900727236672254 -0.06434236485898583 -0.02606580420589127 -0.08398106963901525
0 3 -0.05496470130592143 0.040067895887157486 -0.05444979590932284 -0.06920174448264936 0.04142606319637229 -0.06851190696060327 0.08556616603040938 -0.07199281513414992 0.05169946317896517 0.06903078007175752
0 4 0.07878871026659336 0.010661819621388879 -0.049050923517996094 0.0602798820616675 0.041030428425938556 -0.08431425718974891 0.006410737425507805 -0.06610550610616978 0.09148989224649823 0.07489743301049535
0 5 0.06033801997360802 0.04499556947232295 -0.009964639025229101 0.06789261225984572 -0.08611724894945123 0.07920465007380102 0.06822291907807464 -0.021554539287143584 0.04713619496604072 0.08217616145855287
0 6 -0.04236772772401228 0.06961578095303642 0.01504539861417223 0.09575085303664257 0.017716634341617125 -0.03817610899059684 -0.06625889261124587 -0.05230794885626292 -0.027209836003056754 -0.09402099848621868
0 7 0.035084171531528395 -0.07119352123509884 0.009332108530042649 -0.01850644283511497 -0.04410864192273339 0.04373616422000589 0.03224439405805897 0.019021773780378514 0.038434504260076 0.03642512504710812
0 8 0.006883204304242949 0.04816792069734856 0.021899125031432973 -0.008398445748086993 -0.004140017385163025 -0.09976337956811124 -0.03063515454164232 0.09535546274467298 -0.09808128054094688 -0.0904584711812419
0 9 0.08223581378406598 0.060347065599304334 -0.08097289236735135 0.015666588438514477 0.00708999532093165 0.04895859721683177 -0.03419258406317824 -0.08967280741823835 -0.0027048925636042986 0.015673907947877267
0 10 0.09382178398048001 0.04074996815262275 0.05139480615650049 -0.007171502875731351 0.01928139292496498 0.03467663999468954 0.00719656540095477 -0.09797333972504403 -0.059722550598732584 -0.04227887352604049
0 11 0.08862750575572781 -0.07497979144368712 0.013391820777604103 0.050196974611205585 -0.010717656218278882 0.057777073045255714 0.09262457431392042 -0.03789373024144573 -0.05177714161875904 0.023876298576059104
0 12 0.03938577547682503 -0.00848217797708029 0.07825218478623082 0.08021246290827057 0.08452831786394989 0.06620622084315939 -0.044547247212131054 -0.08522627407713695 -0.007617586704511782 -0.07891825172206944
0 13 -0.043586871065596035 0.07942728485511806 0.033638935382757244 -0.0509495625182057 0.008800127003704448 -0.02671404049701725 0.09803611667431722 0.05798125690387118 0.05852287458555589 0.003569593220546893
0 14 -0.021592322823093073 0.06390434614389597 -0.029594249967309017 0.09833017248729914 0.06415976320089609 -0.047563689448496926 0.06855923851460025 0.09959400669779368 0.06647800603405843 0.0164458166393574
0 15 0.036439072347973785 0.058985472028249324 -0.048407443123267974 0.07365617887650004 -0.03527445360328965 -0.010952813018736421 0.003989576586684037 0.034973330788824065 0.08355882759843375 -0.020455306144062924
0 16 -0.02305715376601672 -0.06341703142241777 0.051607771376764595 -0.007858689780446971 -0.07326533089619135 -2.008014521547794E-4 0.01759393683319585 0.06962724828945045 -0.0965544938455957 0.02304681877477246
0 17 0.020329841014947662 0.0732855760116899 -0.00963941987737204 0.05547929756042178 -0.06589192644306337 0.05557358310384627 0.04942754205459686 0.08401602777441577 0.09165037982831802 0.09387673080242594
0 18 0.0711231003019021 0.014124079777043644 0.0035842516844230817 -0.05273022330716146 -0.08933664989076905 -0.010261363728607495 0.08060082023709704 -0.029481811393241436 0.05062457534034548 -0.020868332734306
0 19 -0.08269728053896236 0.0364758382872324 -0.03971698105722859 0.08401154271586987 0.009792627161346747 -0.060151185119085064 -0.050868882328576386 0.047564819517824854 0.03131925925350815 0.03253259755938697
0 20 0.0013760252615035644 -0.012554553375919476 -0.04855608693229626 0.034483208552056985 0.023887018674324596 -0.0282039477694465 0.05639745386295798 -0.026444920481996318 -0.05171701808937416 -0.023917456237849667
0 21 -0.04368933802753675 0.06799098656768611 0.002121130928514978 0.06317650012776149 0.007892817129454784 0.04435206520245379 -0.07072667780579621 -0.04368248564159973 -0.06299268981638288 0.06555528360209219
0 22 0.07311570571103747 0.048095038869878905 0.08793580220156814 -0.04171330445121864 0.008486175909608772 0.07075296766801027 0.09699463278538568 0.06658111697094657 0.07460692614848358 0.007068442411795811
0 23 0.012900045787256826 -0.060919875456550365 -0.03344512381903784 -0.09443856642794306 0.08964134749222435 0.03678901084096469 -0.012131821332250213 -0.035717665326108955 -0.0616467938196157 -0.044499602144492355
0 24 -0.02599952275122146 0.020713133371364597 0.09380492201961776 0.055403224480835025 -0.025993153880555512 -0.0835950371442109 0.06827622548997041 0.014751778911465046 -0.006897760103749378 0.09994822784338277
0 25 -0.07200366888211546 0.0717488022774637 0.05953100454061052 -0.031655202786477134 -0.04249652731096907 -0.056845610018713036 -0.014707424306982105 0.07382390048929088 -0.08834982162271544 -0.02974525493351634
0 26 -0.005831977139159146 -0.04439050577183349 -0.025702701808077127 0.0659326769951037 -0.07204826160321677 -0.08405920591230007 0.06223796038339897 -0.08447575618747731 0.03454960422324418 0.0019229174775386472
0 27 0.01620043662946781 0.04518720251740631 0.004879233774171234 -0.010406996985317087 0.07955899150089145 0.05946144179000007 -0.02600516853807485 0.04208945467055248 -0.021601378208904617 0.06580716705562968
0 28 -0.004384010580616837 -0.030569806032089666 0.08209521326767291 -0.018485300449923553 0.0644579932405763 -0.06759605103519106 0.02164582346842483 -0.025458457163770123 0.04580399618765773 -0.019628819780690508
0 29 -0.08084820161656323 -0.05090822213051541 -0.06741939238425805 0.09831911731187253 0.049703056486410546 0.066286955295273 -0.0038162866655375768 -0.03148398014694996 0.06395578265397393 0.09412213849547299
0 30 0.053132309247450646 -0.07382984291627237 -0.026048673969547624 0.039102723973132275 -0.028774515671787355 0.029973940379829207 -0.09493461167641797 -0.04214153667154786 -0.07299861889932655 0.03622726189607584
0 31 0.0012252911553456188 0.024827970082702117 -0.07334640462910577 0.0621938964651556 -0.02193892972870041 0.014062301203634619 0.061009580245012796 0.048349846255906756 0.09263385988198226 0.04964614053024178
0 32 0.08396152835565741 -0.09162802124851202 0.043732621081813486 -0.08123370607710312 0.07709102215940189 -0.027445673322165756 -0.0225732067860365 -0.055197265578904045 -0.09656415174993721 0.03362541149514298
0 33 0.003090208089100457 -0.07700556821486022 0.046343500350680814 -0.09939530663022249 0.09091745282131464 -0.01003379265596773 0.0010778202473605792 0.06086363760863528 0.0033179240416903698 0.03784591923165164
0 34 0.02113808525102957 0.003500279837381592 0.04066128171204514 -0.07388819916125806 -0.06399831135621688 -0.07131665747622262 -0.06864459127979722 -0.049653606301606076 0.017878973120060183 -0.0030796270846951274
0 35 -0.09952627122402191 0.050700534135103226 0.02381502464413643 0.03634803742170334 -0.09403014928102493 0.09805673360824585 0.0056923688389360905 0.08169025182723999 0.005799388978630304 0.09224157780408859
0 36 0.09826026119030312 -0.07147819127730919 0.05537071451459492 -0.046721228374387164 -0.0486614115827685 -0.030309641043926434 0.051658882510875984 0.03819312496091497 0.06830010126027836 0.09742484742454745
0 37 0.07551817883936147 0.09220638365108941 -0.028776718448178754 -0.05541263429988312 0.0021575902119244767 -0.004269356446792737 -0.028028963515901773 -0.08398286729467692 0.0669845734140777 -0.06936919546462349
0 38 -0.07579770182945213 -0.020254584080774497 -0.06095310986463902 0.0723152740490459 0.04569637770741725 -0.051590088026484605 0.015056471036869724 -0.049909188647193514 0.06261372990279468 -0.04825688665192727 -0.025360280647874156
1 0 -0.00140788557473569
1 1 0.06300905346870478
1 2 -0.07306188344955523
1 3 -0.05472304299473809
1 4 0.015118193812668289
1 5 0.09433109313249595
1 6 0.0970352217555052
1 7 0.006155562587082375
1 8 -0.06049946695566239
1 9 -0.09889780730009101
