## RankNet
## Epochs = 100
## No. of features = 38
## No. of hidden layers = 1
## Layer 1: 10 neurons
1 2 3 4 5 6 7 8 9 10 11 12 13 14 15 16 17 18 19 20 21 22 23 24 25 26 27 28 29 30 31 32 33 34 35 36 37 38
1
10
0 0 0.01414793504316843 -0.11377768126338973 -0.14514384309567196 0.08704218781407555 -0.10010368981792414 0.1178805965526864 -0.016761612295306184 0.01201826420670037 0.10800716525284774 0.13363921307138163
0 1 0.17998094581439078 0.00817837815731628 -0.3267816737066451 0.18931301394593333 -0.30445407832818816 0.27794398501495676 0.12656435716707845 -0.027455987553807244 0.2685216636830135 0.015736229887252276
0 2 -1.697091921377886E-4 -0.014709390222545086 -0.002554911847406222 0.13499167984876184 -0.06304079535369593 0.1259994437391171 -0.06503100435974453 6.471753833969611E-4 0.10530740254518636 0.022929067100496903
0 3 0.4226954149013888 -0.15847191956290863 -0.4698345479728832 0.30547085354802633 -0.3609822087685249 0.4652718824801406 0.2861931950946899 0.011686109364036886 0.35796611124966987 0.22873450433715792
0 4 0.127204621397154 0.038278996671222254 -0.2187297787722993 0.13175702881856058 -0.13843313529900877 0.11685867724047756 0.035306463852364835 -0.013410082112317655 0.14714980066139394 0.15793001713304433
0 5 0.10736493805230052 -0.09046795384457251 -0.19993922890730678 0.13335859448921547 -0.159638303457045 0.26370981447528025 0.09450864263537005 -0.013451461459163322 0.21735271069461987 0.07478843155619404
0 6 -0.541894944174391 0.051378388286428815 0.48243531538428824 -0.3984674369364359 0.58873517170374 -0.5766638079456908 -0.3816912104631876 0.06566531300677177 -0.551845216860682 -0.27376204359319206
0 7 0.1936224958903439 -0.05021446229313879 -0.32936231844458175 0.1649541238882623 -0.3312510009873917 0.243510295731991 0.08488226096780982 -0.06133499497521735 0.2825728398611435 0.11651119354859114
0 8 0.01857271105599627 0.05469712973690367 -0.1112701148095412 0.011964059410560553 -0.16270358172501087 0.1080443212657992 -0.014497027815032324 -0.01662759111999238 0.004050677376445734 -0.029274242872290416
0 9 -0.04445515459992388 -0.039452945107419195 -0.008138416741294245 0.021490258764084204 0.09883466807751212 0.03557697158636582 0.0496689790464477 -0.02554684931276948 0.003961754978256671 -0.07626405768776494
0 10 -0.07436049707930559 0.08276294210370654 -0.017599878943540894 0.027491662114249846 -0.01934280351682087 -0.08648818023401571 0.013133520748346542 -0.02253952793534603 -0.13983332789740732 -0.08085580268400605
0 11 0.005720515090885003 0.09266279985131205 0.12461528697512862 0.050811524682524506 -0.014144347971433338 0.03296251781031285 0.05360641305407094 0.006511473353445271 -0.002098567470186305 -0.009217640082494682
0 12 0.17239576404310286 -0.09144454046326295 -0.17690626367030043 0.047903075499944776 -0.1808637044355865 0.1810694473093323 0.1860219437050671 -0.14090477439500892 0.20528361261311184 0.08993109416247776
0 13 0.10202876080578253 -0.07693645158853854 -0.1764839910127683 -0.023861213799001586 -0.2260251246844456 0.11196975033124335 0.1676367706793426 -0.07239357031916029 0.11891550823765754 -0.03385927658186495
0 14 -0.006927050608970887 0.013858190873792474 -0.10615252369717354 0.10694778032911115 0.02643278372991628 -0.06866330932769345 0.05261677507889307 -0.07787156772352895 -0.0032219585497566413 0.011647375289624968
0 15 0.04995157248412532 -0.09129471657745275 0.005282108329226456 0.042633019448598666 -0.062436354617504394 0.09421976270120754 0.09951917142196817 0.08637855141091232 0.017403519392434723 0.037667032430742105
0 16 0.13230425595204942 -0.035134363907918555 -0.0789217524770542 0.06275463096671981 -0.04822033686933618 0.14333909499639347 0.0130512504597075 0.04264318273732844 0.13194527835648015 0.10566057490607228
0 17 0.10998210922607668 0.029574004234693786 -0.10149583599897653 0.008067743297451207 -0.0167540634893407 -0.02384855350026832 0.008389253197684111 0.08604624136990875 -0.0844390959588412 -0.013276427986259018
0 18 0.16273863805335098 -0.05002554696342338 -0.03195094218476138 0.09292310996411858 -0.2002958818755473 0.18635971543866459 0.06453011064076934 0.027886881845070325 0.03883480837575531 -0.040546059579681305
0 19 0.004069390015750657 0.005623516482809086 -0.025931143248888143 0.09657839515046246 -0.13273291454138744 0.10368267088638539 0.0082091988820232 -0.043331649148008695 -0.0013658536542428123 -0.052092418131546504
0 20 -0.011829354642614708 -0.014586105462596274 -0.05138018117785228 0.12214740126106054 -0.07225846130198008 -0.01840166183725829 0.033819286143303234 0.05106158875287669 0.07024593376219418 -0.04727888893855148
0 21 0.07311568217839323 -0.08787800789778714 -0.14343082964745518 -0.060071652708711336 -0.10245529184227833 0.09549410448169793 0.03214822060816972 0.04526618311903237 0.08230831976857983 0.0888655565344347
0 22 0.18695078597314738 -0.011118807120324639 -0.14056374875490896 0.07396304513093364 -0.1163689968006246 0.20522746306923692 0.16868593794070869 -0.048811775575891836 0.10367683029498481 0.10249172027991363
0 23 -0.07090669460844069 -0.0019301533553046616 -0.008689627615002192 -0.027818456761647972 0.038817121695936596 -0.14570080493161985 -0.10669919174047471 -0.01791628698920619 -0.04874876725694045 -0.012692007862698204
0 24 -0.013285440061084465 -0.08053204328402562 -0.007368430806438733 -0.05163234522115533 0.05884223740562013 -0.07807830031184308 -0.10852611165070786 0.08052066737945571 -0.041874477474807575 -0.008802174849511055
0 25 -0.03552583531141138 -0.016845747919273707 -0.11497445347031007 0.10828876627589558 -0.03806565352209573 0.06720491819627222 -0.05490047359509039 -0.019409507551952334 -0.04602968486982513 0.04267564343547274
0 26 -0.023929217053954992 0.0661360018523717 -0.09557858958895989 -0.041374355989217015 0.06264653324661473 -0.03259476542556603 0.04826632968711141 -0.09006939544563015 0.059366824286305374 -0.04555511241719769
0 27 0.09905805997687114 0.026975636152918016 0.020838337512099722 0.10336285909810874 -0.09220790562765105 0.07007059715370723 -0.002924137113722652 -0.09822435268801775 -0.0694538409150721 -0.03273175900322747
0 28 -0.06274126590964894 0.09267655953116741 -0.07276019020463403 -0.0812267287432529 -0.014116045222560155 -0.08367518613432572 0.0191548393820029 -0.022469646992021183 -0.07436282737822018 -0.09856342654456003
0 29 -0.025584469208105427 0.04098721134616355 -0.13298531666262195 0.0014825025570946993 -0.01931219935540697 0.05451983999633258 0.013390576209456436 0.011941966792738333 0.12482527955593871 0.08662835850236376
0 30 -0.044320031970071956 -0.06638236734716535 -0.028346238947773786 0.08256639637012497 -0.02542307156529534 -9.338802578204595E-4 0.033496745735436415 0.04476187800460548 0.049695401407972344 -0.028103406496287925
0 31 -0.029234781989216224 0.05242323398784353 -0.07266905137446397 0.08034862318379836 -0.06446391724787719 -0.03149834531924217 -0.050217143973522754 0.09522788168556195 0.06647220115782268 -0.05943741899427456
0 32 -0.12603886661323643 -0.04778549179723445 -0.0441837632515741 -0.03914877538127598 0.13913849867324055 -0.025506403321655473 0.06373060770698573 0.027105020436929552 -0.035034718690929445 -0.018272924925735467
0 33 0.0023461137917860416 0.0032059274886875977 -0.05371002942173689 0.017260999180065847 -0.12055420736682042 -0.09422437061353543 -0.02785399731459802 0.09377136537772839 -0.06955061939998242 0.04363618322160658
0 34 0.11551110106619983 0.06896813170515356 0.05397725204262511 -0.06827960342164996 -0.0794207786944327 -0.05832533890891247 -0.06911902467114528 0.027856978997757124 0.053031127149010676 -0.08308922243936885
0 35 -0.05803652094572343 0.062283363690271834 0.08702833858607734 0.10480487594077141 -0.03085611568881957 -0.07595957687680298 0.020281468785062356 -0.013904546642472529 -0.052986445009363656 0.07768322358377064
0 36 -0.030544476149065337 -0.08285480658328914 -0.058820917514464284 -0.01938477213069042 -0.06819238935805784 -0.07182243065363507 -0.0734122831083408 -0.07310323447006546 -0.07637287197972174 0.08707956086295215
0 37 -0.0725350166914997 0.055277562949432334 0.139694124377323 -0.05279223160322479 0.11055204552556415 -0.1412332674903601 -0.049305445471743856 0.061249591888540206 -0.06919228880423767 -0.11326962010532142
0 38 0.03345310253330621 0.05905841308487727 -0.08205798200749326 -0.022788032450088997 0.0046676504492589406 0.015980928810156864 0.026279394808652247 0.10321090590196509 -0.08761127681368668 0.0168118057275916 -0.2449960129480814
1 0 0.7627783245026117
1 1 -0.2528413630850341
1 2 -0.9900539205360653
1 3 0.5689564649776834
1 4 -1.0337531818378447
1 5 0.9432193904826973
1 6 0.5022029763848139
1 7 -0.18645949928103028
1 8 0.8276131075245148
1 9 0.3580690314884266
