## LambdaRank
## Epochs = 100
## No. of features = 38
## No. of hidden layers = 1
## Layer 1: 10 neurons
1 2 3 4 5 6 7 8 9 10 11 12 13 14 15 16 17 18 19 20 21 22 23 24 25 26 27 28 29 30 31 32 33 34 35 36 37 38
1
10
0 0 0.09457145819513524 0.0979147302845769 0.037792695751275356 -0.09203103999650245 -0.06510588849455527 -0.04077309956485431 -0.06119422116355878 -0.014012136678815837 -0.036048554522458066 0.0029187675327506813
0 1 -0.0857312827323722 0.09071113628730139 -0.01603895066267911 -0.09719219788005905 -0.021237876437241822 -0.029681398263414222 0.09780765885820404 0.08594034399541021 0.03837245723237154 0.026454743181216073
0 2 0.08880825739997653 0.017063426816481667 -0.015257169669595425 0.0026459553591772827 0.017234264242837336 -0.009717547157271212 -0.0814415424518356 0.052874464148429334 -0.09209374774713353 0.06205608458488282
0 3 -0.011659037851376144 -0.01825766256351706 -0.040500806960333105 0.05290324562484041 -0.020391482161176665 0.07488240173773097 0.010606280502655658 0.05746765912091604 -0.062015643136506565 -0.07483429643764501
0 4 -0.0077591461841062265 -0.08374863007117238 -0.06981280986139067 -0.024811526137715936 -0.026292634333016592 0.06290492796263078 -0.054809281982684005 -0.018787816160147384 0.05033102637722508 -0.09382627135888982
0 5 0.0442265448849392 -0.070237384331185 -0.023001663076925236 -0.05263098540963178 -0.057336855765447885 -0.002600835978694327 -0.025667777324231318 0.02344448535801701 -0.007250788044946404 0.06519278514115827
0 6 0.06535952576033639 0.0996084771821083 0.06761839417614506 0.03861762645553994 0.04356905937158844 -0.033546628551795264 0.06195924136797981 -0.08074184244459436 -0.06592155416704483 0.08045818133322344
0 7 0.020474817244730433 0.046657715100781434 -0.05888146956507133 0.0033267058062223754 -0.09171451956996167 -0.07709864358864316 -0.07913994268180351 -0.04229209597488397 -0.0214014199773316 -0.021731528937798866
0 8 -0.034289656135050334 -0.06075771914114748 -0.08351956019453594 -0.0018826194729302727 0.08967831582286495 0.002397697921537698 0.09960140844278825 0.06729505749193293 -0.098881413214674 -0.07262087129481995
0 9 0.09325415153038925 -0.02849905282995658 0.07965595030477375 0.07040528621309154 0.004934423644746238 -0.07071837566042852 -0.05504683934067667 0.0530376134887021 0.03481066313588213 0.06791541428929394
0 10 -0.09366334269085032 -0.011132075214840827 -0.09225849503479633 0.01842557982338536 -0.010720433672959282 0.06746811991118229 -0.002555293890543446 0.018330520155392455 0.039182791322229835 0.09190102498008434
0 11 -0.06479678360441302 0.07494538680243033 -0.03857923844168485 0.039503875795120706 0.058858192719843744 0.03555738158809112 0.08643838678259708 0.08068400134931275 -0.07112799648476135 -0.07459155701333257
0 12 -0.08939420304076219 -0.08834120743379566 -0.04668456147342045 0.039132363718436994 -0.05779361509334866 -0.08761466044807524 -0.07813459156630076 -0.09913455376344445 -0.011307207614937809 0.05435972417269488
0 13 -0.008882477714190441 -0.08746298035860571 -0.021326059272847628 0.06876857111552466 0.06432234098671973 -0.04172306864772275 -0.0523326569170563 -0.09096127755156704 0.022676758986452984 -0.08437435335413997
0 14 0.028302217955671855 0.03252107304298334 -0.004340572182699044 -0.0783912608543936 -0.04753894441114721 -0.02922187152617185 -0.08464202419735795 -0.0056189420985466604 -0.056044750568492584 -0.01967268243892361
0 15 0.04148842730741685 0.09988751267793453 0.018426701136268653 0.04326838309124987 -0.09919749810708488 0.05179109154297271 0.051462882678269595 -0.04481174858023177 0.06716985539666137 0.07251806419909074
0 16 -0.03572275529618274 -0.07498864507708983 -0.06111913854288138 0.06852178046466643 0.08376531635153976 -0.021612593574780185 0.054673753530315124 -0.03148560580402098 0.023424391175406158 0.09438164595995031
0 17 -0.03376082225358979 0.09311159695308038 0.049245587106025814 -0.011210711609623693 0.016855028321666514 -0.028090271772730126 -0.0054014108625936265 0.003259604168506016 0.059520894298827155 -0.01476669874234622
0 18 0.09150402676553937 0.06318821075137152 0.08389520003286213 0.07985433496729216 0.021505672855430917 0.010825146997242942 -0.06047654273543473 0.05839034369448871 0.027037127096275454 -0.03966249559700953
0 19 -0.022230551660324557 0.09871657141902986 0.06583277450830147 0.03718673361242309 0.011172077726347457 -0.03064874661962432 0.08960169539503167 0.043509468972837376 -0.03864806441929356 0.0934161231026035
0 20 0.023153804413027175 0.024827200281997124 0.09322973236603328 0.08684076008953238 0.03471893561856925 0.08870434924653413 0.04317844124577454 -0.07365953910180918 0.005977418539072126 -0.06188534951737008
0 21 0.06378381108330795 -0.0071820665099894135 -0.06626584610130895 -0.0845664787835785 0.06334851586324883 0.0013599720703818012 0.01950142840648914 0.04896771170467417 0.09694816306673928 0.09281138514427938
0 22 -0.07695644186439331 0.023922622746728645 0.0328527490209182 -0.06474863811102968 -0.005466113307720949 0.06378389220420816 0.08052114476985252 -0.01768112799774883 -0.015622120288200503 -0.09395999870179703
0 23 0.0989287568363905 0.07393244113777842 -0.04296891781849968 0.0035333259193116684 0.07697127954926225 0.09823598644269675 -0.021438877324413796 0.05144221101684201 -0.020074301531258706 0.001063549469195415
0 24 -0.007274223947794925 -0.010348878546394305 -0.08142208432430174 0.06676009752054561 0.0895139448601946 0.030994864380436048 -0.04899245463067424 -0.014774045289133885 0.014115701305520255 0.009754763840935828
0 25 0.03527657829987772 -0.05993014168450006 -0.056764784731558104 -0.07807399585651573 -0.022078666440405452 0.08219846433932088 0.0015259675471269159 0.01807638783055375 0.07769201904069716 0.059102228222366354
0 26 0.023486495258343707 0.02449868365373341 8.959704626281746E-4 -0.03735439819433858 0.02513398677625547 0.09683852276829975 0.044809915628687476 -0.043125817399837 -0.048721827058780205 -0.048807154290846616
0 27 -0.03685772274007175 -0.03977377541059267 0.07077011557718837 0.06133501561320125 0.04800837088269808 -0.04003116662461592 0.08611592126544161 0.09126730360690531 -0.05281170729424349 -0.07338281323383479
0 28 -0.009109202458678132 -0.07305580709307834 -0.0910382942954909 -0.09031322604812564 -0.045942477140888116 -0.011059969448178534 0.06593903978232597 0.05676622650343751 -0.0463244120991465 -0.06931827315672588
0 29 0.008085915633453476 0.05565093011333094 0.0026621841665141074 0.00920791608366954 -0.09392145361277374 0.06643584810144293 0.04612247564430108 0.012667562606648343 0.0314893417507131 -0.036633499206395734
0 30 -0.08304875873663156 0.05555602712677769 -0.0171483812271893 -0.0954877464012258 0.02624033881393062 0.06331389948760739 -0.02244343911931062 -0.08462053846132322 -0.0020413825938634168 -0.08931407983645158
0 31 0.09224755471893181 -0.09661444273964911 -0.055554855064289296 -0.005601434754362844 0.022373258376671167 -0.01963324829229943 -0.03451635972550725 -0.08495393477435807 -0.03744459282376543 0.08349069116767621
0 32 0.004441697222177396 -0.08316641760380387 -0.008714538637048143 0.09001909563940609 -0.038073692937798796 -0.001757023914413999 -0.03558272247845832 0.08965213755623183 0.02460486343037093 -0.022816416320504875
0 33 0.06310312978548711 0.03578326162129941 -0.06583603649166513 0.05869093696258295 -0.025672389823125953 -0.007761088082429123 0.06119313502818645 0.05300370476029844 -0.08490035252822717 -0.042180823242034246
0 34 0.034359842761199244 0.0031010355417756268 0.07820009437557951 -0.05917830625270289 0.023170652143202682 0.04550251826368386 0.008480951395338401 -0.09284661934918692 -0.03442287414944498 0.06486803653748047
0 35 0.0758699841574375 -0.06685935279831227 0.0649493114845549 -0.03675676105431901 0.008297452839533993 -0.06225783243549205 0.002796744922407255 0.015116465843942124 -0.043284058411404466 -0.03138455385299868
0 36 0.05513693694629538 0.008747264004027661 0.0979857478605438 -0.006146306117264056 0.08881100399041425 -0.0696875742979807 0.09995896860400176 -0.0320752931992484 -0.035451207041959476 -0.03309053958120292
0 37 -0.05864913039364607 0.0361760869677777 0.08668898445153607 -0.0070013175904654916 0.028567789330793784 -0.004547432909315764 0.09580076955843654 -0.010373284963677782 0.05308518500731832 -0.09361552725162826
0 38 0.06920979769567047 -0.08903657300728085 -0.06597500287717123 -0.033517971743836215 -0.09283509842900457 -0.013280722912349838 0.09163085001989382 0.062252334740583004 0.006905779391125374 -0.04808282436937503 0.020620500668883247
1 0 0.0164790507405996
1 1 0.0932135805487653
1 2 -0.08114074170589455
1 3 -0.06565017253160531
1 4 -0.018280094489455615
1 5 0.059367042034864
1 6 0.01181359868496658
1 7 -0.0507585406303402
1 8 0.0756504982709897
1 9 0.028258973732590734
