## LambdaRank
## Epochs = 100
## No. of features = 38
## No. of hidden layers = 1
## Layer 1: 10 neurons
1 2 3 4 5 6 7 8 9 10 11 12 13 14 15 16 17 18 19 20 21 22 23 24 25 26 27 28 29 30 31 32 33 34 35 36 37 38
1
10
0 0 -0.09591697861352846 0.008939183284869501 0.055335206341624234 0.023260628176506835 -0.03488354168556088 -0.004326311659774919 -0.06416336307587335 -0.0825166388418025 0.06541749039713995 -0.025661624919262098
0 1 -0.03203125938091908 -0.04304009809417931 0.04333874253961212 -0.07326398787108096 -0.04421362075153039 0.06467364372451996 0.04966868774567426 0.05729536359527671 -0.09370243285055684 -0.061898083495758
0 2 -0.04334991565013163 0.08258326784402914 -0.0048197563364008105 0.04078897357410841 0.04080131421216867 9.066167974682235E-4 0.06868848081306465 -0.015038257939228986 -0.07208015227561979 0.047031711595324426
0 3 -0.014080331429287446 -0.09406348238665312 -0.016880815970329786 0.04198858429844748 -0.059302113712732855 0.09038365780036249 0.03557598457403628 0.007678911255679957 0.024567762037195566 -0.08572448187643571
0 4 -0.09399017821360117 -0.08762650364466172 0.03672827827071159 0.02811662005241972 -0.025690187453299533 -0.009451896168016009 0.02468401010365414 0.006299902988906612 -0.08826976455580722 -0.05649344338685924
0 5 -0.08650524972587754 0.06297822798440117 0.04810106596744906 -0.0383226695417806 0.006837123465230987 -0.06268026788376127 -0.07128270242299675 0.06282536161431894 0.01859779764150659 -0.026124877635894928
0 6 0.0072594419946383345 0.016999596634692683 -0.029436435549438388 -0.08030533732437943 0.026904317388808444 0.055496783706892545 0.08221238898642035 0.04920193287249901 0.01783502944631028 0.08388150904212016
0 7 -0.07525711862537784 0.026925428267562893 -0.04244538252203354 -0.09760060528999237 -0.048676378941339256 -0.03867436728704917 0.04090711590128527 0.002288172787809003 -0.03142095307146095 -0.0849311974604034
0 8 0.09340571391975187 5.800653376451119E-4 0.05283563712604397 0.012656854670561027 0.0626030942072044 -0.07628979625856912 0.045912605260623573 -0.03163044259826154 0.0034652693616526492 0.04506088775824138
0 9 0.007410117397575964 0.017542135504931205 -0.06259468910603398 0.06918314742276056 -0.03442537737825024 -0.003860010086863164 0.08918017293636964 -0.053523281563365666 0.02871324548644219 -0.06755385976393384
0 10 0.04346225043481366 0.05052685445283613 -0.0415541922237164 0.054235295403269074 -0.022172885805889796 -0.0992824393139762 0.0396956953601419 0.07482174063711622 -0.014744909719939123 -0.020250273406829954
0 11 -0.08236373676915265 -0.02722105817145806 0.06666711267107692 -0.06313713677395207 -0.03850349863527479 0.061481505698245044 -0.05527967946749116 0.08239793327464988 -0.016761180982787276 -0.012855961259234494
0 12 -0.07612985896817083 0.07470853876021909 -0.047441819706246925 -0.07315941624362758 -0.09630016255197753 -0.06866304930135471 -0.03329477904793673 0.05517300133395448 0.05717650686240686 0.09915569204098655
0 13 -0.08208879966961775 -0.03498527946642759 0.09877880455922544 0.035435032187539545 -0.044424406033042756 -0.022200958347202236 0.033157612535111784 0.056098066090804366 -0.004942161529838945 -0.01797967734317758
0 14 0.018419447659961216 -0.08186998587654827 0.020564772081596294 -0.06791763883197575 0.0669627621460193 -0.08143350474791984 0.0521624549441185 0.009206865387636362 0.08157084567219822 0.06527954361755592
0 15 -0.01387125123619686 0.03885988913653805 0.0247162959434896 0.06945253466386643 -0.04923255785262806 0.0017722735212968679 -0.014651820281353018 -0.00954411740659329 -0.0502272525294729 0.009100552224952468
0 16 0.09009283676226464 -0.0550084007311399 0.05429064162247601 -0.04912242074343674 5.91916532514128E-4 -0.033192556846764885 0.08987168525671484 -0.04529262183106715 -0.06125406660812123 0.023781997353991776
0 17 0.09322781494794595 -0.049644843720184156 0.05641841812564917 0.04433211430954847 0.08466626406565728 0.033929215623809884 0.08928738992407402 -0.06058817992655863 0.07677936403316861 -0.05469251162387889
0 18 -0.05306279904347081 0.07663068200265818 -0.08339052494547138 0.024825715172950128 0.04098360765132678 0.0730468950686061 -0.013544510669439014 0.01803371177319189 -0.023450050500676393 0.0657035721083541
0 19 -0.06247761237358875 0.07177329882565663 -0.0943957701490658 -0.05100903078140741 -0.05853000107992169 0.028498341093902774 -0.028784861898738762 0.08875633305663273 0.0834703442329679 -0.07462111836412616
0 20 -3.851533174028374E-4 0.049209614531476716 -0.061703165062459146 0.09425457597710181 -0.07958578987785786 0.017336182126336905 0.004940892602945446 0.05334498259123464 0.06818442469521498 0.0032182693814125085
0 21 -0.006055010969939482 -0.07042602584356178 -0.03174747295872526 0.056079637408009766 -3.1653528956423365E-4 0.009027358015829646 0.05801250609798131 -0.015974781905482748 -0.04930209886663884 -0.04853853116007756
0 22 0.003250704701804547 0.06727440678392013 0.05858669943324062 -0.05194079052259368 0.0898632378568789 -0.07597913064223853 -0.009266889000745047 0.04947369440073881 0.08235966476183815 0.004070371720553998
0 23 0.07011792999390633 -0.0017533474224215202 -1.513091361512228E-4 0.09312661991403313 0.05680176178443176 0.08820388656423668 0.02321019887298675 0.0018416935818505711 0.024120361253505012 -0.08962141218409055
0 24 -0.006221022510480377 0.06358526715636624 -0.005903010852138648 0.002310746938417073 -0.049182173395569205 0.0013089292696502207 -0.07047577751132479 -0.018071808980042934 0.06009249488122778 -0.0011631428529874257
0 25 -0.016333916967917497 -0.06276132671362122 0.009713978242580149 -0.0019817929055967382 0.02169413384347818 -0.057613196515305234 5.722166119067174E-4 0.09463410467514899 0.045593421201369604 0.008561188222458495
0 26 -0.06146682072645503 0.07105420749111066 0.09819862746527241 -0.08612227926637067 0.0382513790955246 -0.07811715442213486 0.018591759427034515 -0.0728170292649452 -0.06990043628623016 0.05381707504862981
0 27 0.04282262317640251 -8.38097021451113E-4 -0.028229593045079843 0.027226681566211195 -0.0010809126455808397 0.0940648509566289 0.05090521094937919 -0.06264511718113638 0.05745452116607549 -0.05751702176801844
0 28 0.017235387149476762 -0.014735194779769973 0.09291296660478596 -0.028890040825628044 0.09928760703439708 0.0413327619529265 0.03793644087265346 0.017614135333124243 0.0711631571107314 -0.08933692882423204
0 29 0.08033953750088652 -0.009579408212407237 0.07422393278345134 0.029050048268544133 -0.009715206253749605 -0.00790890954043688 0.017299963638220183 0.062484176046209323 0.011687950624889561 -0.013526272530529912
0 30 0.03750408918353342 -0.07311077464101633 0.0909365571796884 0.02322531691679113 0.058932572879740366 -0.01519145432205641 -0.08591554135502322 0.03766182254707294 0.06539831851763529 0.06405365436749308
0 31 0.03501071594511374 0.026656341134039547 0.0456755139279924 0.061172100093539794 0.06847200747966439 -0.09492316165624269 -0.07960131350291509 -0.09182867961860064 -0.029656630476748512 0.02816826342635492
0 32 -0.007818895786437314 -0.027173746818498847 0.07393472272390524 0.07590219969235641 0.06819786492010495 -0.04723143096374916 -0.05435586161920541 0.04590359194157496 -0.08790138052105359 0.03753271151477696
0 33 0.07997705830783046 0.04254658850668672 0.09233522466898277 0.017182677418484216 -0.022889304161521237 -0.08067246034459971 -0.02743260257888684 -0.013463307258417139 0.06158970543301433 0.047368330211236216
0 34 0.09859540405851924 0.047090640713218994 0.06373258813182053 -0.05932873151288387 -0.09212521417381354 0.02451445952440744 -0.06133233632615635 -0.09457871713560176 0.08495110973659677 -0.07138419802734372
0 35 -0.013744639188316038 0.02451030637266316 0.04452291578695479 0.0517107507828771 0.033364131297179155 0.08757235465134848 0.08740445947736368 0.03232059398690362 0.02916287623479877 0.080256009010242
0 36 -0.0955912229981691 -0.05124001903957542 -0.02661523514728834 0.027674246743978857 -0.08660612375689804 0.03943295015838546 0.038894943997084375 -0.01922409961036785 0.09525973501785388 -0.02755076094602842
0 37 -0.09672536687778525 0.05942861121706047 -0.052854717593028455 -0.04140484666853583 -0.09324673146348011 -0.08895206676324278 0.04394148340134852 0.05380015353344345 0.06139915848524334 -0.07812157668496217
0 38 0.043302136511225976 -0.020434471382974564 -0.05315317751168832 0.056386824760732805 -0.019999793846262125 -0.06567952994885147 0.022391983975066213 -0.05390410637707846 0.03033603122148195 -0.06478405375711925 -0.010468381457030778
1 0 -0.07680888473987671
1 1 -0.010471564717590877
1 2 -0.08490230888128338
1 3 -0.0774774402379991
1 4 -0.0340135097503663
1 5 -0.09994786977767818
1 6 0.03611936047673235
1 7 -0.043646551668643986
1 8 -0.053902029991150034
1 9 -0.060865364968776495
