## RankNet
## Epochs = 100
## No. of features = 38
## No. of hidden layers = 1
## Layer 1: 10 neurons
1 2 3 4 5 6 7 8 9 10 11 12 13 14 15 16 17 18 19 20 21 22 23 24 25 26 27 28 29 30 31 32 33 34 35 36 37 38
1
10
0 0 -0.04544285458847369 0.19342845549892224 0.023694717437941205 -0.13825477926818547 0.019265245030965095 -0.07264372529591653 -0.1519014603856619 0.015861995864894108 0.10473698435404367 -0.059275072181066646
0 1 0.07372350005326175 0.6203915597923669 0.45403120995768004 -0.14533636925617324 0.12910385389368406 -0.25931939442758856 -0.3597754110177453 -0.19033823470850425 -0.0205170580653659 -0.3745665940748053
0 2 0.08849470573908368 0.13923631552281224 0.1718235492137964 0.045296667839203934 0.09898300399662358 -0.08161200521739102 -0.13683927874616503 0.017275194407712264 0.07503692664424748 0.01972913229545731
0 3 0.17596114604577867 0.9173416205953047 0.4787762194899325 -0.1897825874445829 0.31191193291578684 -0.3544869214279561 -0.4465035906068863 -0.19594934524299087 0.1361165368137459 -0.42067617895795645
0 4 0.048769131671827046 0.3558990405077712 0.27073384612166557 -0.1341250280839586 0.16007807222756681 -0.18353924606060942 -0.20271460656871448 -0.06715499575014386 0.040355414199084325 -0.219224161418399
0 5 0.08035865393619862 0.5850276319765849 0.31193509261507524 -0.013267253899586278 0.10548193817540213 -0.2517753752145894 -0.33933407398015136 -0.25434722554335665 0.13278385455015526 -0.32458921273874086
0 6 -0.2931300420118741 -1.34683261203651 -0.8080279453132523 0.3164741238101077 -0.41593582975772875 0.38862317581883493 0.6852596358597015 0.4276897943331774 -0.24285995739858787 0.6408877826083815
0 7 0.1906532588400941 0.687031187610037 0.3627175823325042 -0.17098302919653968 0.29721840578098047 -0.20881072692333197 -0.4217213670280852 -0.15914613051454948 0.014817798349247987 -0.34931799837500227
0 8 0.11836055918801447 0.27983477251069644 0.2200405430373015 -0.040631294855226104 0.10756342449800319 -0.07297729838911254 -0.15240591700642536 -0.03981132746196633 -0.05938285836107829 -0.045443443648346245
0 9 -0.0236333116684009 -0.19911269397355988 -0.12271138633219944 0.06977152823063398 0.029563863866777326 -0.039702641633983925 -0.05553443628670378 0.12468411143510906 0.02553518119037488 0.035776504654307664
0 10 0.012421503052814368 -0.15711451443536587 -0.14864861235812166 0.0793290348792752 0.04459648239456767 0.13780285969157555 0.1471166286763905 0.07556315670759055 0.023708600200859624 0.020368859976383054
0 11 -0.05666711306081907 -0.06281681342350222 -0.1661892632994377 -0.07752447127986394 -0.09940015645296757 -0.030388567608779428 0.09349905597130652 -0.011106655138902613 0.03145156920161134 -0.03607584385337678
0 12 0.1359590071115567 0.4992524464215874 0.39598079989715895 -0.08354819187659729 0.2159502230465636 -0.09603898418480696 -0.24787909590666934 -0.2311215453207002 0.02907733685648872 -0.2714533071933077
0 13 0.0372534914087588 0.13167779407691071 0.06928624252929941 -0.1399481909623716 0.16386237957998376 -0.027744917348577307 -0.14108706042745917 -0.019434081873615356 0.13033400700166567 -0.21156424293216788
0 14 -0.038453892380249315 0.006996959264874297 0.06650563398490324 0.0437118728418549 -0.0476160164713587 -0.11550741346266725 0.030320239624951912 0.02769198942152394 0.028116127851806644 -0.05259242438891364
0 15 0.04582527459192686 0.18040552169549007 0.06540375991540527 -0.019418211777910747 0.12268744795577477 -0.1407229087517545 -0.032066037114626994 -0.10866301540915038 0.020452611942747452 -0.16914056202528735
0 16 -0.034367758512076525 0.21734303498047874 0.0465805339566705 -0.008696724546879225 0.06791746356792255 -0.012744918639108314 -0.07238815784685539 -0.0014621223098748777 -0.01776026171763064 -0.1288612708610456
0 17 0.03411023322529112 0.1294563826679178 -0.04421664549149842 -0.07919162310474709 -0.05466101644865774 -0.01950882649410442 -0.04548829136486326 -0.03549822435957905 0.0746570677067006 0.0010080746016576088
0 18 0.05538539153909279 0.3178128584427916 0.22880707424949517 -0.10324107207150905 0.16043613440707244 -0.11973230195305525 -0.05307679648319648 -0.055051663622288236 -0.030510360286366407 -0.17152374735443726
0 19 0.04483012385531184 0.16716369842269582 0.1710520229927237 -0.05587749414195553 0.002634577972690151 -0.15397862649438687 -0.07970501020313542 -0.02134570715131791 -0.03055544753358975 -0.0997536966920954
0 20 -0.04949585190441228 0.19153750156958038 0.03146786316333883 -0.06168506606882728 -0.017614804915096482 -0.07412969344023196 -0.05521240521506876 -7.811567852492722E-4 -0.08429484936605865 0.007604499348934962
0 21 0.01774805710575299 0.05882647646561624 0.10228461983373607 0.002023588847468503 0.05202650252215332 0.029890382457519012 -0.02821455442878898 -0.03178538120808658 0.001160877788800795 -0.04419485049326874
0 22 0.1078517742161266 0.3314081154777455 0.13048221002698854 -0.10785704625468832 0.18675967171454716 -0.193323013819356 -0.18375105903717873 -0.19718849444389802 0.08980002541786258 -0.18852316035469635
0 23 -0.0626828718633221 -0.1815531301631047 -0.08722198043605153 0.08182286446397155 -0.0019291815056197191 0.0686188680533904 0.03579399458378328 0.03337294797895819 -0.10929898552988372 0.032305655084098606
0 24 -0.05776915144054765 -0.29311127014538474 -0.09201664705592912 0.06868877206684632 -0.14897733451261555 0.147518729560949 0.02361909676995662 0.08855823023081309 0.04933116403562414 0.1561532908569301
0 25 -0.04116823558184587 0.24459157770794276 0.058998354627557814 0.04993977479108843 -0.02653373041119596 -0.09516618099980588 -0.08328826902031469 -0.11132452438167023 0.04591659691052907 0.010725153123896724
0 26 -0.10247263958798464 0.01871502737001713 0.026291413876130647 0.06623551536338397 -0.02161356927807077 0.05748899835329445 0.09076257237836542 -0.046486159637724525 0.02096335131467161 0.006900117013046676
0 27 0.05976456505948814 0.0585094560083646 0.11451820222152428 0.010250893541343132 -0.05130168981439827 -0.09714789476403089 -0.1463451872558619 0.052723627134665045 0.024413787740667568 -0.1078979632264428
0 28 0.025854174278298486 -0.020474537335751972 0.02535614137375987 -0.03709324818412755 -0.01879964720181235 -0.02448187645372759 0.051887784344653395 0.08484403869934223 0.06728794960456226 0.05669749200437822
0 29 0.09651845392524784 0.19686698730311827 0.07172122339665403 0.06925505936081613 0.03814092021384955 -0.10227499733814767 -0.06827327172173916 -0.07259630712410042 0.0117343746197358 -0.059419799626833344
0 30 0.07487980885833831 0.01133022097190295 0.006494702299317386 -0.0690169740442809 -0.08584340898346507 0.00564260150009858 -0.11414303178933644 0.04544008652260578 0.05470952505748018 -0.07234861422524595
0 31 -0.05659822665338392 -0.022624246156237135 -0.08605512945277469 -0.010650780096467383 0.07441852880720518 -0.08852994482798572 0.09600515395110974 -0.06750160406288741 0.0288085922012894 -0.001527242355466794
0 32 0.03019364470943089 -0.19509967470789824 -0.08113471070244735 0.1107813772728714 0.002656066371558759 0.12000322711148212 0.10489360591212572 -0.04618802483934637 -6.149040227240376E-4 0.009189131051739447
0 33 -0.048307116997692606 -0.037291842530898844 -0.037094855680222534 -0.004687312184298711 -0.07331810100909475 0.03465222860965692 -0.08370881528158765 -0.07619672955037331 0.01875906388600825 -0.041886046932028666
0 34 -0.03504612747951482 -0.03718189464459205 0.06596472113511513 -0.02935744380189233 0.07849676942947931 -0.06326947528474011 -0.034743410215545716 -0.0036666956717924548 -0.022298620445006502 0.02835677076176912
0 35 0.0634998630386939 0.08298147171090493 -0.005566618376700398 0.08527935349966648 -0.07700667934548415 -0.09635707102811632 -0.06693910621849697 0.030042657532511015 0.061168561771514716 -0.004487662221590947
0 36 -0.0489077747177261 -0.062461741364327084 0.06290082897071365 -0.09137037701663753 -0.0940949042855765 0.026811451937336535 0.07906815746996032 -0.0040089388280237 -0.033395106844134895 -0.031798551835111655
0 37 -0.03694076703998793 -0.2797360161798062 -0.047963817858808856 -0.049767445891222575 -0.031362558702405445 0.06709776108046062 0.1258459574470701 -0.04363187930890863 -0.021737102530493418 0.09210492513876584
0 38 -0.05384651748066882 -0.2466186880474313 -0.03357956318336967 -0.06623265713828107 -0.10286475634054731 0.04311858925907601 0.016222112671991733 -0.06380998797492965 -0.010211360274222633 0.08704848299834372 -0.32443840575841126
1 0 0.36320636229796927
1 1 2.1191690370117318
1 2 1.2445348477219027
1 3 -0.5818896390390904
1 4 0.6430140890135695
1 5 -0.9029408103040188
1 6 -1.270974199264479
1 7 -0.7496540221611502
1 8 0.1858147074283606
1 9 -1.217647002186568
