## ListNet
## Epochs = 1500
## No. of features = 38
1 2 3 4 5 6 7 8 9 10 11 12 13 14 15 16 17 18 19 20 21 22 23 24 25 26 27 28 29 30 31 32 33 34 35 36 37 38
0
0 0 0.04703725901004549
0 1 0.020556268773176574
0 2 -0.0655631757345027
0 3 0.06539878908145483
0 4 0.0077862014327608866
0 5 -0.08487810764012314
0 6 0.045906929649787466
0 7 -0.01573997869919842
0 8 -0.05544032567480548
0 9 -0.09790054028278786
0 10 0.03364479290981624
0 11 0.053857114754139276
0 12 0.07679070666969783
0 13 -0.027815185100990195
0 14 -0.01907409828764531
0 15 -0.020656821578764244
0 16 0.0764255122804878
0 17 -0.0602204455593913
0 18 0.09184154188558963
0 19 0.03170382318629094
0 20 0.046947285763095065
0 21 0.00755836732836897
0 22 0.005859532593318529
0 23 0.05428648371503568
0 24 0.09221594586228521
0 25 0.09005525801166203
0 26 -0.08666939552287865
0 27 -0.05458546904263167
0 28 0.055499589252187204
0 29 -0.020998018951711227
0 30 -0.07077144355952815
0 31 -0.08482658994624498
0 32 0.08482025649662855
0 33 -0.047839972665772314
0 34 -0.011913684939267283
0 35 0.059142875218430285
0 36 -0.010497451322415169
0 37 0.083110127238454
0 38 -0.017088323831558228
