## ListNet
## Epochs = 1500
## No. of features = 38
1 2 3 4 5 6 7 8 9 10 11 12 13 14 15 16 17 18 19 20 21 22 23 24 25 26 27 28 29 30 31 32 33 34 35 36 37 38
0
0 0 0.018659539157316895
0 1 0.09805944741131145
0 2 -0.057005324642328534
0 3 -0.001241802377996626
0 4 0.05482287417724524
0 5 -0.004840970837515696
0 6 -0.05972841136270374
0 7 0.0901021924200453
0 8 0.0855851783181336
0 9 0.08550097371285256
0 10 -0.044784438585870466
0 11 -0.0879715774301236
0 12 0.004230351245388667
0 13 0.07958069267187953
0 14 -0.09050656280821603
0 15 -0.07877567542235851
0 16 0.005197213105863773
0 17 0.09817152245134743
0 18 -0.040197524788796256
0 19 -0.06573664702727043
0 20 0.018005926609639296
0 21 0.04829393768914183
0 22 -0.033640927703507656
0 23 0.008558533940691148
0 24 0.058065007498287365
0 25 -0.009640074049782591
0 26 -0.08688268479600943
0 27 0.09519304585746001
0 28 -6.311531119692329E-4
0 29 0.08708639969842284
0 30 0.09318769488479943
0 31 -0.07100968912991745
0 32 0.09044542808437193
0 33 -0.008247937816887818
0 34 0.04912952181377533
0 35 0.0195338956227372
0 36 0.07373488125186178
0 37 0.0217066118790287
0 38 0.07409057021141052
