## LambdaRank
## Epochs = 100
## No. of features = 38
## No. of hidden layers = 1
## Layer 1: 10 neurons
1 2 3 4 5 6 7 8 9 10 11 12 13 14 15 16 17 18 19 20 21 22 23 24 25 26 27 28 29 30 31 32 33 34 35 36 37 38
1
10
0 0 -0.08708931892510675 -0.0017639599670825174 -0.09779611040692805 0.0953832425776864 -0.040634164001356735 -0.07587448981500654 -0.05254393347672801 0.05740061462297035 0.04909788440389145 -0.08002265726033465
0 1 -0.0659915721697497 0.0927895044639 0.038191332908848706 -0.09781109076079428 0.0779535412701248 -0.028802980988240884 0.08915332126617431 -0.05547399723740426 -0.084618802056939 0.07158313121834799
0 2 0.02975363837982848 0.03382393008906271 -0.06499039587041784 -0.0478085062672172 -0.00160090342505888 0.031221277740877983 -0.0011237226512533797 0.04055913517011923 -0.04360660140541223 0.0019088279565936503
0 3 0.04073341376669566 0.0965844458427669 -0.02806517434273152 -0.08502287161265955 0.06786090942519335 0.006168906064855158 0.047969151960327555 0.02140781518836935 0.07964516537231062 -0.021302880746403692
0 4 -0.0820871958788969 -0.027736637512795446 -0.015499624382427992 -0.08305695616933043 0.05766478090323344 0.060345432771583 0.04867596276892572 -0.07479587085342868 0.08986418189637248 -0.054892378364553525
0 5 -0.02970485062181933 -0.004449664358233419 -0.0015900085817810074 -0.07216665692038124 -0.06603607660782689 -0.04591469172333553 -0.017774095162033002 -0.015134037525420687 0.033085108463332666 -0.037452229519449716
0 6 0.08420606231997484 -0.008116881342462266 -0.03805193072488477 -0.043288063686343574 -0.0823918513564193 0.04448115342594755 -0.09945404362064085 -0.03334238333267664 0.09932004042042067 0.01680831161993901
0 7 0.06368172241504322 -0.025908228994566573 0.06376192854190381 -0.0400943520963444 -0.05199855433275025 -0.06788515552496144 0.07919702863081735 -0.06698160342100747 0.020883376216587753 -0.09826721464643275
0 8 0.06751073534755489 -0.07252374131690055 0.022840337548662062 -0.051896453863575706 0.08738985062971846 0.05509659278258696 0.07457703795705851 -0.012516922652427362 0.0066061043178608815 0.06016549929419188
0 9 -0.07551925168411142 -0.016929671510474163 -0.0883632919889855 -0.08389482790524505 0.07045194988190635 0.04527153272993668 -0.09843788853284918 -0.05475969219675647 0.017464426132475133 0.006345583229993757
0 10 -0.052154373398675284 -0.02329253335392695 -0.004243951792445647 -0.04163601358387129 -0.09787870786404397 -0.011838487876302161 0.05462976976338907 -0.026658971082536596 -0.07733990078000676 -0.09007310794888287
0 11 -0.08066508095417826 0.044051993036625214 0.012124161610859524 0.0448115310696151 -0.0647498076515375 -0.039516088127515815 -0.040350610348674806 0.007420558827953047 -0.0018078092619306693 0.048462913269041716
0 12 -0.06789156783719301 -0.0867110016785505 0.09177814475162302 -0.0990297282058365 0.00450360198548136 0.030919994444061513 0.04914701811545341 -0.05547932670275767 0.026766761467285228 -0.008210099646470709
0 13 -0.08801068700821178 0.06482862528718451 0.046887263714295704 -0.05219073999159787 -0.04880629910781599 -0.009070767334559037 0.06943097956567174 0.06593047223944831 -0.05595973282467419 0.04580440343024791
0 14 -0.08627254001412936 -0.016457426692423532 -0.03434185569688668 0.040340757003872865 -0.09433263907889824 0.07969568909837497 0.0670669345997399 -0.05456972563735172 0.02027343217787339 -0.015590505029451487
0 15 -0.04683210964186117 -0.05899468623767385 0.0016478145728399877 -0.06277231166230274 0.059100329835526565 0.07786953766222605 0.00503350102913651 -0.042608315669455256 0.036265267767336774 -0.060104427613414176
0 16 0.058188068373509066 -0.053664442463612246 -0.03908270537693689 0.09279179965149129 0.03551205543841809 -0.019303156786855114 -0.05409745560172556 0.038677209983941196 0.06391745479631541 -0.02352187985687149
0 17 0.04394516442278529 -0.08408994337562037 -0.009670132800647728 0.033111864161195506 -0.05119210655969951 0.029663825814287163 -0.06583458469510259 0.057858934823628465 0.035686068492696094 0.04254938599988385
0 18 0.08470895008863805 -0.044652542554060905 -0.02066251650817917 -0.015961638585669097 -0.08989035263940044 -0.036444686432093885 -0.033028145294414904 0.049501065803998 -0.05862119347255013 -0.05217895374681541
0 19 0.05011107386053146 0.07200053270162303 -0.08667542236150153 0.060223689439153405 0.006523466337594983 0.07762957937228653 0.035160943036985644 0.024390368260964183 -0.07263066078950625 -0.0354756087593846
0 20 -0.011541078019288565 0.09903729849140841 -0.0891257423994628 -0.06303838951756484 0.05555776009956263 -0.03780485924920587 0.031078355599284742 -0.024826876418759088 0.08489506731679995 0.059011961923596826
0 21 -0.07905089882998458 -0.028757649389838807 0.0050614670616225535 0.08012254598282349 0.0951069464095348 0.045005805512305645 0.0033414113220005537 0.09345340833660912 -0.03701519996604229 0.06470461859837386
0 22 0.0276106072910039 -0.0058361417281552535 0.09530749422372005 0.049163499251571506 0.09739877616017102 -0.006034269636716804 0.004713145773650766 -0.09420953983226746 0.006774332254829539 -0.05546426483732001
0 23 0.06401581571201728 0.04878766591562692 0.05648196418863565 0.02013880647497713 -0.09653004161638098 0.08216988485883682 -0.09619074897862481 0.07471073329659944 0.09716979514579122 0.08988218271295217
0 24 0.06684076089675914 -0.013169268834412844 -0.041428339693674605 -0.0649092408102809 0.007700874727499258 -0.0948835250901502 0.07671325382751566 -0.03778923044599101 0.03319155470763068 -0.03966557269460114
0 25 -0.07696802510154122 -0.006842366660859951 0.09037869345383193 -0.060905246363364855 -0.017969345477735977 -0.03818996790785514 0.07970930391834119 -0.0920366073670226 0.02239927532875513 -0.013974519754786625
0 26 0.05868793624886732 0.01824519170051822 -0.031454813616296255 0.046914176447904236 -0.05111732201028411 -0.07277025524266119 -0.0828115083570514 0.059383912671963 -0.052901963684573707 0.09508769835508755
0 27 0.013578865969323986 0.04607856857227738 -0.05953166141892038 -0.07689990042693194 0.06125036394652885 6.981750334335659E-4 -0.04007215236315859 -0.041079640932128667 -0.005684832195818405 -0.08918441828314393
0 28 -0.04781434447936224 -0.008606062743903851 -0.08079236208563284 0.0946832150972376 0.0886843346154405 0.008978446887820422 -0.08588392810281376 0.04271998729934955 -0.06510979341299336 -0.08075041477277144
0 29 -0.043506731706428964 0.039010349142110975 0.07524361561049973 -0.09053017386540357 0.08314233715440726 -0.01685610519908381 0.07526802224967472 -0.07117641947028674 -0.07827090582451303 -0.09627811045022
0 30 -0.005972711621790835 -0.04290335557805088 0.028060748740698017 0.002815907534978665 0.043865865118783924 0.03461231763114191 -0.05438637008420681 -0.08037199243494109 -0.06182686606239434 -0.06701450521007896
0 31 0.0798040799325316 0.05950190845494054 -0.07454086981047142 -0.09400501774291004 -0.06296307193850068 -0.010232008652066412 3.725251028524487E-5 -0.02405462416489942 -0.09370578472108428 0.016917318684808006
0 32 -0.09025815691595714 0.06003763378615703 -0.09292907010390668 -0.06113325992551103 0.07041490759103997 -0.0015976431627233614 -0.018696920359659735 -0.0890200002340533 -0.08043029499177225 -0.05291833363736158
0 33 0.05391421464900565 -0.06848310985314457 0.029490902639327323 0.06548815023247712 0.039683219536170135 -0.013614638366072273 0.05926275969605226 0.02481449907062513 0.022456249161962413 0.06433322585811369
0 34 -0.06090938358342842 -0.05904395699762627 -0.0034034251433321338 0.06166130403622144 0.0063332170992976 -0.007235030311455732 0.014000012985278235 0.05158408906245418 -0.03508464518909478 0.03571534943684269
0 35 0.09304679913125308 0.08386638768405025 0.08495040224167083 -0.03187444084157873 -0.007335275658897882 0.04597333826258923 -0.06640955069646359 -0.03660050022286271 0.04058585660783814 0.08692096192652102
0 36 -0.05901943892240524 0.09889218211174011 -0.07349701970815659 -0.04098891094326973 0.051219262182712555 0.04916517809033394 -0.09148842096328735 -0.057052671909332275 0.054138313978910446 -0.0913940891623497
0 37 0.0861123579548354 -0.07570904415304018 -0.0947026457532619 0.00845306536857512 -0.06120446900072584 0.07345384383824542 -0.03361890212100428 0.059977604106814686 0.01515048024924583 -0.010704113949315185
0 38 0.09054379862577942 0.0018974874067796757 0.038597266043094915 0.07834189072725949 -0.07059938448233027 0.008489845041945589 -0.037464811374703096 -0.07991411905410041 0.08818485781575691 0.042752552605875474 -0.061415277421474464
1 0 -0.0599226243793958
1 1 0.027201449498534327
1 2 -0.04781631380319584
1 3 -0.07914015650749234
1 4 -0.08510825783014278
1 5 0.026118744164705526
1 6 -0.030965333804488303
1 7 0.04205194115638657
1 8 -0.09729010611772512
1 9 0.06595894694328526
