## ListNet
## Epochs = 1500
## No. of features = 38
1 2 3 4 5 6 7 8 9 10 11 12 13 14 15 16 17 18 19 20 21 22 23 24 25 26 27 28 29 30 31 32 33 34 35 36 37 38
0
0 0 -0.033650822745637514
0 1 -0.004952129883323078
0 2 0.09323738644480604
0 3 0.014519311065279135
0 4 0.09562848073661366
0 5 -0.012164507700962399
0 6 -0.009274743512879656
0 7 0.007128902991277184
0 8 0.08547406813638135
0 9 0.06035269808056754
0 10 -0.04876085064118105
0 11 -0.06041070359114428
0 12 0.007188992285762547
0 13 -0.04551853463482553
0 14 0.08485507285269633
0 15 0.05865553570380759
0 16 -0.06725349619722526
0 17 -0.001998817691287143
0 18 -0.09243886949260345
0 19 0.07229828522278804
0 20 0.03239246968136475
0 21 0.028130063401652333
0 22 0.09687107184170524
0 23 -0.08244305953351524
0 24 -0.09907047632524602
0 25 -0.09720512227209144
0 26 0.0026086954493452215
0 27 -0.02777185718424528
0 28 -0.05233107348236246
0 29 0.029223735237760062
0 30 0.032600913585486044
0 31 0.0434171383011305
0 32 -0.07634375684708795
0 33 -0.016316185280970404
0 34 -0.045960695824236016
0 35 -0.08334850519895554
0 36 -0.0076267309559790745
0 37 0.0433915577590974
0 38 -0.05968881770968437
