## RankNet
## Epochs = 100
## No. of features = 38
## No. of hidden layers = 1
## Layer 1: 10 neurons
1 2 3 4 5 6 7 8 9 10 11 12 13 14 15 16 17 18 19 20 21 22 23 24 25 26 27 28 29 30 31 32 33 34 35 36 37 38
1
10
0 0 0.06359531186802816 -0.045010468019366756 -0.048844584625786426 0.025833623966592466 -0.018263637337491524 -0.02774959312631543 0.07334409365438464 -0.02175951986430911 0.13148047675875643 0.09103200075192158
0 1 -0.03206770100583327 0.006028221032478783 0.12830817876511635 0.193293220720485 -0.08808460250377734 -0.16237479112483622 -0.08154766752892047 0.13945152298130417 0.26184339713673704 0.0818917719895394
0 2 -0.015093639720971292 -0.0873365974244341 0.048512638814553775 0.02382165489388882 -0.07633514337067389 0.037830724023910293 0.055322686382322094 -0.06127991776033067 0.12383205640079856 -0.06055422048420903
0 3 0.12614298751355324 -0.04364302073668112 0.17488488545179975 0.1891266055436286 -0.029820349508634846 -0.20696376908575367 -0.1798921450861254 0.12823736556173657 0.47025725760798753 -0.050461517742434896
0 4 -0.06220700555065689 -0.07929344126703936 0.05342920729744218 0.13690016484484663 -0.049482246293635825 -0.11716402617219118 -0.11806922286130721 -0.010895973380221302 0.1633613711830478 -0.01934952715554438
0 5 0.1514701914779447 -0.00403407860955349 0.17535646993972484 0.06255866980817909 -0.0457829318713324 -0.021442860190123522 -0.0035273774438831563 0.09486483793883811 0.2937880274635222 0.09582171523563113
0 6 -0.15969689617416433 0.09175717648941349 -0.17011573010760694 -0.1289678845224307 0.21882427071960558 0.15051374117383745 0.05112021999711438 -0.1359612966650086 -0.5621160037420133 0.03242326446786567
0 7 0.14106240675218082 0.05348987429231591 0.22055518449236383 0.0847917237615329 -0.13916932677297883 -0.12390254850547386 -0.12353428235975514 0.18076218357186088 0.35639142898196496 0.012741673997627325
0 8 -0.002452441978198673 -0.05958238863954524 0.13051405703172106 -0.01185131745299909 -0.06891679529643113 -0.0773512050681946 -0.05747179799615696 0.06695673084275343 0.1551096479574905 -0.054203012847960814
0 9 0.009858012179079135 0.09371160243784138 -0.042664731842874656 -0.09528495426214205 -0.02784515442501089 0.06967411398380088 -0.07983698917089715 -0.020423895114768265 -0.02254125535198295 0.09251108157357074
0 10 0.02648140982566874 -0.05628779380586335 -0.02759239687881947 -0.09925773600148079 0.09648266376006874 -0.05110440075139218 0.04373780040130627 0.06189510630410241 -0.018034897984507803 0.07153284227617737
0 11 -0.09094202565097924 -0.04245091640367257 0.024155399046720493 0.08722968483767843 0.006598405647915178 -0.02243788757326096 -0.08357965016072454 0.03201613698558594 -0.07499920878354911 -0.020596570055187276
0 12 0.06516599278476787 -0.028528478705293518 0.12739976758841606 0.034831383794216214 -0.030721904921542278 -0.08733790129685001 -0.09085202605554604 0.09596379143881381 0.3108879585498937 0.023100082110642284
0 13 0.09317918087599347 -0.06729552659214674 0.11452897550259761 0.12028068967660495 -0.09419716255368947 -0.13756102405166412 -0.07331775432425851 0.01871056877767693 0.10854543552721406 -0.02639132489528229
0 14 0.09949370483454183 0.04318271281761534 -0.059874665740191076 -0.07247061385932022 -0.05489225032293072 0.07943085687149203 -0.02324640569485668 -0.021003756794536248 -0.05038690823840346 -0.06972609572269649
0 15 0.008996524114011651 0.061393065126179126 0.020141015399951816 0.039259338650079495 0.04527137316637003 -0.08552353274036296 0.07435260046898849 -0.0391631425347102 0.13721327438248757 0.08379689797179808
0 16 -0.0019030828273646188 0.0212974580881793 -0.04122128934962154 -0.06498052732071585 2.8050938367907004E-4 -0.023124387998353244 -5.367724536006309E-4 -0.0400737290092148 0.16041327414829507 -0.025971082649950156
0 17 0.07189966867343832 0.01320265254093157 -0.012029856497763938 0.06933282972522292 -0.08529721107584318 0.09068137015687455 -0.0842785731749266 -0.029389361923352494 0.09497269166668501 0.010104905882049708
0 18 0.0127730259347847 0.07384839963395577 0.13574031669881184 0.1478636609027342 0.010372775063835207 -0.08184506085184114 0.05821507843067369 0.11595287971990938 0.20871359044419494 -0.040785337706544966
0 19 -0.011795901026108032 -0.06988398451235595 0.08955335157794471 0.1375500398826133 0.07168612719735758 -0.05230437551745684 0.03614192869887051 0.10540437447149467 0.08865834166616138 0.01372102608811358
0 20 0.07790290381536086 -0.0987852495486226 0.0251166069331765 0.09171850512865622 -0.07342091566077528 0.053145298739082886 0.007782960280330996 0.0852795326457488 0.0717231154219698 -0.0048100490045747965
0 21 -0.06837353917288636 -0.08770062721996857 0.07605225869985115 -0.049800493458608874 -0.04888051532588943 0.06983370035526598 0.04291991770495012 0.06881250266323533 0.14140616793805807 -0.07653617667454161
0 22 -0.0341342799401217 0.010835622260383699 0.14341988172862957 0.0774895148640571 0.03392188262899973 -0.15020572755821998 0.030391745942237567 0.0407241149263844 0.15158140517452381 -0.08730318088812303
0 23 -0.04206989702558663 0.054326569680296005 0.019984463476765947 -0.08800865082571814 0.06996232967783969 -0.056242549732649146 0.06180938617391907 -0.06660406238584651 -4.8188625519340986E-4 0.052141641993238425
0 24 -0.07287845920556224 0.10398901478120674 -0.09929394520469 -0.07318176982651921 0.10683162729642051 0.11179779470653785 0.0011849352505631128 -0.04047112138666571 -0.024562757938230085 0.04655836683531188
0 25 -0.03109492774974372 -0.06701748571344136 0.07578230153352296 -0.06052096249020357 0.005462298159800006 0.021692865551432104 0.030111206412456862 -0.023058044741914693 0.14366389701645688 0.09986657697771999
0 26 -0.09341056225130863 -0.030428460329672325 -0.0641242982555763 -0.08525183887035556 0.07473482251808626 -0.01051752600167904 0.021945220065507844 -0.0452132457644375 0.05543091365633706 -0.09272274380678175
0 27 0.10554549939847331 -0.06354872302617355 0.03310982749467154 0.10888377617106464 -0.019224157936533207 0.07022749058898216 0.06480268960596955 -0.014310655584881546 0.008454200627762209 -0.09091981141005598
0 28 0.04632891095669345 0.02512379924036903 0.03528487180009712 0.08951100402512234 -0.07486598291743628 -0.02315692735341785 -0.0896207849375147 -0.03302642977085836 -0.034716472868640984 -0.004598905708438514
0 29 0.025226333150306375 0.05938560203846804 -0.02479118091299339 -0.040860901663055185 0.0069237250106198595 0.026046275388444843 6.683985644432829E-4 0.0193362021076331 0.09100205912966748 -0.015110129732081664
0 30 0.023633617019471795 0.0010304071412473596 0.07504589811655325 0.022962110439074514 0.06573752227755679 -0.09100004899761524 0.05374351641750472 -0.02954531289967351 -0.07686999162356997 -0.02522125141016942
0 31 -0.041417484721638496 0.017539190759388094 0.0871401938206716 0.014350890757090494 0.07924548947314931 -0.01708074423763031 -0.09721738703147936 -0.0677331560106753 -0.060839854058407423 8.700669070575751E-4
0 32 -0.023622467390236827 -0.006135728604559938 0.06871598401066521 0.006100066757066116 -0.05458691959545413 -0.04544456057248349 0.005877043834091136 -0.07995987848189974 0.07113498172847776 0.09675421316575372
0 33 0.04797007693033733 0.017303029543835887 -0.06875734060541826 -0.08221470773645355 0.024813558058560385 0.06699076783480842 0.025614182201994715 -0.013016606559645942 0.0037562604632250334 0.06488494816087581
0 34 -0.05435904598555649 0.06119591055385491 0.055406390785800425 0.015972403064849882 0.012942685141767727 -0.017912027198732274 0.006402113787196536 0.09238452785550594 -0.05371948729198875 -0.0665740177873899
0 35 -0.09580396731665765 -0.013432120494634174 -0.07886911886949872 -0.08006951607319919 -0.018865433805398145 -0.08423028506541541 0.024852028942152177 -0.018150904078195477 0.05223660398223801 -0.041230968184559444
0 36 -0.09740127418480353 -0.09884934702763883 -0.046787933325758105 -0.04727821420924284 -0.015804419146314072 0.06324726952640669 -0.05825408450748986 -0.008959772088104835 0.08848955577374583 0.026128886654475252
0 37 0.08252935362113015 0.09828828263700905 -0.10874203436986415 -0.030056775385100026 -0.06493187166560456 5.368176353356278E-4 0.026887905892024985 -0.10009153810336203 -0.08276697830779786 -0.06945077865494434
0 38 0.08383961495675336 -0.06740514584149614 0.05969869378137928 -0.07733409648832844 0.05317591585911388 0.05907652751835096 0.0671722911142638 0.08691363118794093 -0.1263923979141039 0.10032391770786764 -0.045711582223478715
1 0 0.2290885330177511
1 1 -0.13651079656087758
1 2 0.4539301858242214
1 3 0.3592487542946768
1 4 -0.2942344428611944
1 5 -0.4043820581475047
1 6 -0.22522156317625083
1 7 0.3082158817071953
1 8 1.066671734235785
1 9 -0.03100811850169062
