## RankNet
## Epochs = 100
## No. of features = 38
## No. of hidden layers = 1
## Layer 1: 10 neurons
1 2 3 4 5 6 7 8 9 10 11 12 13 14 15 16 17 18 19 20 21 22 23 24 25 26 27 28 29 30 31 32 33 34 35 36 37 38
1
10
0 0 0.02028606617815162 0.030577627436385243 -0.1816025655021806 0.10631196709335194 0.003620833174220712 -0.14396228968499686 0.03218068357587021 0.022689232623826345 -0.10840028902014737 -0.07406188238567984
0 1 0.02830028591120373 -0.1364244247948721 -0.41120787963667643 0.01952205434653554 0.055507610158138626 -0.14979531781991634 0.1380453748760408 0.09414471437652042 -0.4689737621692858 -0.3369853249573996
0 2 -0.09209444733284312 -0.0045325415870566274 -0.023070672393369723 0.01579901922069293 0.08627694112184355 -0.052737357767363005 0.008491852800587405 0.03707280362507475 -0.185955081399339 -0.0370849403737916
0 3 -0.019536137612393544 -0.30966179334239086 -0.6488306707648133 -0.013592073699406924 -0.0027171981525898497 -0.27286693101385934 0.3938879449876508 0.3495362806984623 -0.6475855565862416 -0.32275608023623903
0 4 -0.051445376582229724 -0.17622051930318763 -0.22292156547877903 -0.07465405647682974 -0.03998816105800374 -0.16947466589120713 0.07227908913246346 0.0868064865130069 -0.20163892594889352 -0.1581205033134608
0 5 -0.015948750038947423 -0.24804081096131858 -0.29394113400349003 0.03862977634590712 0.02003572887010675 -0.1440059831943204 0.27838150121287786 0.09889318709896548 -0.3890968927628167 -0.3106817644521757
0 6 -0.12137258952157742 0.3582764619341682 0.708314330607095 -0.1669237850755805 -0.04333751478204535 0.2832714749207572 -0.3678127132747147 -0.3878246805472971 0.8288877490184348 0.548097282216683
0 7 -0.06061583973398795 -0.26684836399002687 -0.44520513822244356 0.051425724528502345 -0.01587542514262444 -0.21798362957875558 0.236981898605956 0.2460817237911388 -0.4114996971314453 -0.1674068500150737
0 8 0.06970001407851521 -0.1137468174257233 -0.1789164046747397 0.05888274855693518 0.0031425304955063306 -0.026783106459877914 0.1616224518835576 0.11771354696678393 -0.22808517282805396 -0.17911859690090823
0 9 0.0726364511706486 -0.07980400225771539 0.03895526551528664 0.021080737376880893 -0.038470580410982766 0.05235655991634156 0.07377151567322462 0.013321354697701735 0.05980291074431776 -0.04739368901291297
0 10 0.061748260988230365 -0.03244731568043493 0.0309903945092281 0.012141048422745906 0.05311932933305502 0.10596463933798231 -0.12239544877345929 -0.025841900798746757 0.00646736856303112 0.05898219325891311
0 11 0.0062969304123189785 0.0218370884872865 -0.046873066853249386 -0.0707065896507846 0.08383949081576161 0.08739783405239597 -0.09362298501583458 -0.10378606306244757 0.0018663913771371366 0.10373712861900092
0 12 -0.07228669879264941 -0.216643880731804 -0.350202659164573 -0.017939631092132376 -0.012897899330275726 -0.1898408268556686 0.1631671851357322 0.24880008858099933 -0.36093083717629515 -0.22883266753899217
0 13 0.06923208032039357 -0.07764916604784353 -0.19725741636225858 -0.04470160224102836 -0.10983605202103446 -0.027207940235535424 0.03647938066168361 0.05053574404417036 -0.1874252882996925 -0.05487659682284248
0 14 0.09689254430574101 0.021795848820685453 -0.1374253382503332 -0.08406825348611104 -0.020703731050476723 0.013695841256965408 0.009959638568496614 0.11687207842249053 -0.03823487028942976 -0.04722806628902237
0 15 -0.005374201858767026 -0.053665487977427914 -0.13899428666779043 -0.06976556457461205 -0.061114380044087174 0.01775914918574481 0.010403557028656852 -0.03798767021432825 -0.2235528994777106 -0.044686692131573606
0 16 -0.07385732890007995 -0.0016406397313606248 -0.12615968356584265 -0.0032941249261004882 -0.0028008439045498464 -0.016751799178184847 0.020543397741968863 0.08830789603186623 -0.14572851670860945 -0.11684144944402561
0 17 -0.02163787597267559 -0.09580224063699806 -0.04334309930206306 -0.002452726428198852 -0.09638912892012921 0.02333465094493137 -0.07223529286164 -0.06131019643399364 -0.07161985996389325 0.0292239278707173
0 18 0.041365953434035214 -0.16766933386681931 -0.12092980403810057 -0.04061850097764078 -0.011743565363461808 -0.058552629421434556 0.11849819991946492 0.15708933441039846 -0.30226862428798534 -0.13105531990852107
0 19 0.072880434943462 -0.0040851940771726575 -0.1377411042204983 0.061506758623881067 0.08883137794217859 -0.08927962608023818 0.01710573146652344 -0.005536972687786781 -0.11213382825720812 -0.16880012569728625
0 20 -0.015721833193625304 -0.013044248034328361 -0.16622161288474216 0.04403925851745992 -0.05182844309136235 -0.007246057578538914 -0.009982565669022867 0.0668967820573821 -0.1670288402953424 -0.11552988576486685
0 21 -0.07777200213356672 -0.09406070827259332 -0.16273449606053905 0.032050947012194686 0.012312026871441518 -0.08318971722825379 -0.004015783146518455 0.025953827360015936 -0.10711853760172484 0.03242605117298009
0 22 0.02938287368994542 -0.09590421248735709 -0.17708255262063 0.05091816051224529 0.03472645917361958 -0.017193945062119034 0.045255306366682235 0.14110155723633297 -0.32335485564131833 -0.07864466802034947
0 23 0.08554501762911733 0.06307057489439702 0.10232573116012977 0.05098086974386852 -0.06086023696783941 0.08441916359066598 -0.10840462758562279 0.026866153535372368 0.08488451723871616 0.0895384842970921
0 24 0.0711422087558883 0.1432769416807338 0.16957966037506464 -0.038304822554169206 0.0669204290493029 0.12158788731358822 -0.04699517694706142 -0.01285573275285491 0.12128192823105913 0.04042472178939505
0 25 0.02468128919498239 -0.0031782616465182633 -0.08174439344707683 0.030210324036576145 -0.10505880009205366 -0.04734675823338656 0.15789346848734528 0.12228765973693347 -0.19557063458103494 0.016202024963963203
0 26 0.025554225035903617 -0.05356061581098332 0.08095226113968103 0.012942016896289247 -0.07344204342135047 0.004364290368462612 -0.0646736449376783 -0.05746700616711686 0.05253791849789377 0.10669691381666677
0 27 0.08675087916854947 0.046064543502623005 -0.014264185788648276 -0.03284217083866223 0.0013451540852163545 -0.08625261946528985 0.06295472741744425 -0.016204908879593735 -0.04700631438440311 -0.1164732574253613
0 28 0.016778287875338728 0.08005560018131828 -0.019115948841979615 0.008155389032240574 0.09108095870641304 -0.09147046531049141 0.0452148602889779 -0.06406151454845689 -0.026825394742612765 -0.02481494876054936
0 29 0.10374880510169907 -0.1032246358622256 -0.02466293737379749 -0.0709094886418817 -0.006295295083273316 0.009480762797173302 0.14109987594945655 -0.0169613692763851 -0.15105236818190695 0.025308489492467397
0 30 -0.014972485134367962 0.007369904131032388 0.028928195736559904 -0.07014460493946914 -0.05161269156180203 -0.04243784711540798 9.010066532917777E-5 0.06168590138696365 -0.051860862728735906 -0.09158524916438719
0 31 0.08726416758885477 0.03887707308094309 -0.017467163493013877 -0.040527829990399236 0.08627349927515343 0.006531336272743957 -0.050373306153695424 -0.040374352256972265 0.007602104355761281 0.047140790846444076
0 32 -0.04522575489243495 0.07753712075506083 0.12150606910941908 0.04163425874117779 0.06274679309640974 0.10684676914786399 -0.06197915160751802 -0.07302612535084549 0.03607932874324716 -0.08106929037741531
0 33 0.015055110987087434 0.0684689062350519 -0.08822136989804079 -0.0072210057604408006 0.029365144588902797 0.00964819933814186 0.09849171608837436 0.0906686826411504 -0.10585159628801001 0.029190125462837817
0 34 0.07805069787871217 -0.06590591677109553 -0.06597027315680108 0.05930194767455366 -0.0191173203979169 0.0421367210281414 0.07263660978495082 0.07083393190156996 -0.04493166574816177 -0.010887153378592631
0 35 -0.07685273238574838 -0.10206509538001808 0.026573633388674956 0.08517380725908678 0.022961657036546537 0.028243271045290144 0.06888943055442671 0.04034546374607258 -0.009704993296064989 -0.04240791328066769
0 36 0.07410138875821362 -0.010148292281674147 -0.05424430632652341 0.07762659379636191 -0.07078248971023327 0.07588160178682841 -0.06885093353836474 -0.046433285660291826 -0.09724716832313413 -0.07625376001622859
0 37 -0.03172095093984689 0.00513675196873155 0.007671726787626635 0.013773880795220923 -0.09031778105417088 0.001675138994098983 -0.009266581183021712 0.03327724968546363 0.06219340945835694 -0.06186984289727575
0 38 0.021288652213770118 -0.08807255970587091 -0.11973941172154458 0.013748102754966064 -0.03587896334289733 -0.06498527957904987 -0.06007309448512968 -0.08433970714947599 0.003651735912136905 0.011946787671454209 -0.16029606916754588
1 0 0.020595199926489435
1 1 -0.717397002719054
1 2 -1.3511654608590675
1 3 0.10051001663268294
1 4 -0.02114948521655449
1 5 -0.611897102457192
1 6 0.7149715251645262
1 7 0.6639669278729399
1 8 -1.5295352019453792
1 9 -0.9233975725299942
