## LambdaRank
## Epochs = 100
## No. of features = 38
## No. of hidden layers = 1
## Layer 1: 10 neurons
1 2 3 4 5 6 7 8 9 10 11 12 13 14 15 16 17 18 19 20 21 22 23 24 25 26 27 28 29 30 31 32 33 34 35 36 37 38
1
10
0 0 0.04035846108286078 0.05116133054427949 0.07592329548944672 0.015182683832392314 0.09986422811018572 0.03471712612290206 0.0042034079961829045 0.05204480573571953 -0.05657067662146384 -0.0961187217497313
0 1 -0.04751607677043539 0.05026112183142424 -0.04443760515739607 -0.05001872022824944 0.05858549895558623 -0.01807776064292636 -0.01786335224192125 0.03653855648075379 0.07762484519909613 -0.07205734840083207
0 2 -0.049161784113844004 -0.07470986937846844 0.061728271115635544 0.058884946637383154 -0.06227932798463111 -0.038830425747569564 -0.039953787922608154 -0.033190028506591744 -0.02591504510790127 0.09574364483480019
0 3 -0.07209929853810869 -0.06652585530256303 -0.04779790475406237 -0.03695274120664963 0.09279418116987417 -0.06595741859738685 0.038540975023287946 0.07551626194388947 -0.09895693104911832 0.0753332997613034
0 4 0.05883163200825265 -0.0559728821544051 -0.08174259011596016 0.015363060019093504 0.025047090123407258 0.04105288520166565 0.005368798128991503 0.09560373454586484 -0.025030287687515494 -0.09976022063976761
0 5 -0.009538399033066173 0.09874271618723375 0.0854630008858964 0.017945534735732356 0.05001497541460898 -0.09110343492021139 -0.04267434656882659 -0.09438358046254547 0.09270005184011378 0.06323748345052072
0 6 0.08955714420626829 -0.06305548332970715 0.04624647088440419 0.04179383319635395 0.011834050284600378 0.005815256728988936 0.05231259455254377 -0.0417854571421997 0.0793292845686806 0.07767538774628882
0 7 -0.05102438048521425 -0.04906247066123923 0.029799234787438796 0.07359296020141022 0.00813051291964873 0.030253041653581284 0.06822004897630624 0.0037832215099446545 -0.014269201966664386 0.07182530424678654
0 8 0.004072545310223246 -0.029405943729773516 0.0729665281496453 -0.03561269293489699 -0.06688482105202674 0.03698886095213711 0.04708708330622849 -0.005129611041756225 -0.07626945111551045 0.0906310968504888
0 9 0.06700738707620263 0.06732811056581207 -0.08268202883308116 -0.007635399985458259 -0.09465386889947151 -0.03492265069811364 -0.06915680546250107 -0.0503899389122656 0.09849547166196086 -0.07313951092244414
0 10 -0.07427837956524334 -0.012163450586001951 -0.017111450306206533 -0.03420719329727494 0.09810149691882948 -0.0017767674470114626 -0.08083779384063376 -0.040843177412913594 0.06093783530641268 0.09988457364584782
0 11 0.0167375314478625 0.08386377698164112 -0.009968503242256118 -0.06851946435494985 -0.08290063142817373 -0.016011790299530634 0.013959629815167483 0.04389881405428549 -0.06638055919327852 -0.030491339922100964
0 12 0.04003920243606358 0.031247841048006295 0.03166133969217086 0.009624717468290371 -0.08230823168197966 0.05302552214412847 -0.023377329529975472 0.018324445848531726 6.352269674532909E-4 0.06906520926602823
0 13 0.01442766311144014 -0.09382311903997599 -0.029663808525878525 -0.0031494484048849906 -0.036964268233139044 0.05477998562316409 0.04211708204080339 0.05743087540758029 -0.05054093944359836 0.009723633948907611
0 14 -0.08374315139171418 0.09392734132055112 -0.08340915401875311 0.09815108409287597 -0.0478779049250718 -0.09115541941350108 0.028018076537067043 0.03687852596742678 -0.02666277702189401 -0.0611538329927665
0 15 -0.08477822976137253 -0.07690950432823856 0.05689188740649288 -0.024832157257741776 0.026713855318614716 0.09702296344564203 -0.0767126290019455 0.09922947890767655 -0.09763791396472767 -0.07755724439021242
0 16 -0.024415844883839105 -0.047221928824920274 0.07259078570988105 -0.0921280776692249 0.038633217697812146 -0.0738998992750496 0.07560976920077754 0.06351432703734475 0.06336688820295666 -0.03414563667588983
0 17 0.09544053417219485 -0.09907888053068503 0.026157992602111227 0.031129778170690847 -0.04545149295379688 0.009430818356949514 0.028040512953303804 0.04523729515597969 -0.08352853652891566 0.07209805422895277
0 18 0.08087038558654802 0.030814583695899428 0.04696807143797805 -0.0631069454618466 -0.03182043248181478 -0.05905717793438716 0.05772086497037263 0.023958987223944864 -0.041329413522096015 0.06221683282277494
0 19 -0.02638742726182856 -0.07193353474300729 0.012999317183213155 0.06249659370968832 -0.010335433671545527 -0.08728105739403191 -0.03963463174061108 0.01886259577339661 -0.08911753488761101 -0.034389109739018334
0 20 0.08589939474512816 -0.03921355645025951 0.0785741804231656 0.07806275281579976 -0.025794129886086335 -0.04009645581712343 0.04245485567194577 0.06333764196320724 -0.04600407648662818 0.021391970141987342
0 21 -0.049300850240882634 -0.011415301415478077 0.04830986283839612 -0.0490322151347836 -0.09280688999377056 -0.07225651343409398 -0.01394038001266696 -0.0012716971060629447 -0.01570890729392146 0.04219532547239285
0 22 -0.041687590845705814 -0.04043990574044957 -0.0732041199480323 -0.020405393834150562 0.03617228162752086 0.016788385274454726 0.030745380659536577 -0.030491492059459988 0.0994786635079635 -4.2828424320561276E-5
0 23 -0.015185414779008807 -0.07905859750688793 -0.07984031129602183 -0.05599141498277298 0.029204103168281214 -0.05521888943730816 0.03292289594062305 0.06077622472019767 -0.09477426705168385 -0.004795555465070918
0 24 0.08788953884856106 -0.046271178200507065 -0.01265590411349451 0.02433360442726938 -0.04343284831648467 -0.024107558337041042 -0.0123833338664259 -0.030641317882542398 -0.08186329656351016 0.02274605331393548
0 25 -0.020073990227558774 -0.0564488669729476 -0.060624005716963573 0.0034482854030213053 -0.08965647420592347 0.01217105097428036 -0.028845259402122413 0.09131842978237863 0.02762767712742138 0.03167037425207706
0 26 0.022584481907523653 -0.06868778148398143 -0.09044729002474178 -0.08940568810880821 -0.010653048394860665 0.03091267203773541 0.049695073011192914 -0.03610273568666157 -2.143041093767653E-4 -0.09721156199435371
0 27 -5.882027740473991E-4 -0.05102601472412873 -0.06051473757665369 -0.0011149352738192922 -0.036504311268210236 0.0486264416674772 -0.09326847536167819 0.061655251392979095 0.02363994048481545 -0.012131004708334765
0 28 0.05609954083549748 -0.04824179010450401 0.08893859750161182 -0.043907224042119025 -0.049230591754084035 0.009033591833294344 0.07612575434951807 -0.042149678065262576 -0.08363721194110528 -0.027961467923747287
0 29 -0.03617207718919289 -0.010118041263796092 -0.08280552812410005 0.011769136674444536 -0.09041265898509875 0.003832835627942564 -0.012853758032208475 0.08591455604639886 -0.04738412969720899 0.005874948227383816
0 30 -0.09696611241109346 0.09535421075892446 -0.058820532519308695 -0.0896680151636427 -0.04659357528598768 0.06495516660437552 0.07245880334397574 0.0044098612833666315 0.03359799184430521 -0.07302937818869058
0 31 -0.07646544943733033 -0.06757377433557751 -0.034954826392320754 -0.0309783350535133 -0.03291532348208328 -0.09943236043557678 0.004933608449006148 0.04234037519615063 0.06653803022241497 0.07166233300373011
0 32 0.06834010423980992 0.03525182711833673 -0.008629659069804086 0.0712041340328909 0.08297721530843503 -0.02368237536283624 -0.0961232921283703 -0.09944247540345105 0.08897655610746363 0.05543265943801029
0 33 0.09103098399196852 0.03661670591924645 -0.049045831173251016 -0.04604177635232998 0.015816817212991423 -0.002243482363492122 0.08476257290505342 0.0834604595212807 -0.0984567770118226 0.03256784733380508
0 34 0.029947522389841656 -0.009757282858380921 0.08088239764722668 -0.07956555786488183 -0.056141390393164944 0.05223905855006245 -0.07444998327953548 0.0055955859832114855 0.07304592559710182 0.08164097089462352
0 35 -0.038043437018340925 -0.014116285231660586 0.06889456976866935 -0.01916103545273912 0.014579754793821236 -0.007441786228874435 -0.03766263304111073 0.00272772360398918 0.08529332606003616 0.008822707556323677
0 36 0.033483059876485886 -0.048689540025006424 -0.09271316247382362 -0.020104732775196983 0.0031906978711012013 -0.012621767771613064 -0.03819679317457295 -0.011832652246257508 -0.07504571204861453 -0.06205080900651731
0 37 0.08199281075439024 0.05890446631693525 -0.022982957907626188 0.0222891594045464 0.06105219188293661 -0.041241114508112846 -0.08322466875435676 -0.04611082324272241 0.0920162863134805 -0.027551066555756103
0 38 -0.04821407439277116 0.06204281192490052 -0.08183379391372887 0.03701654993670284 -0.014659184770035775 -0.02504073555819084 0.016578501885888504 0.08396317139960943 0.010114627192368213 -0.05654764472915416 0.008742988109588646
1 0 0.07414235919713814
1 1 -0.08870819211006205
1 2 0.04605443403124805
1 3 -0.04571386054158237
1 4 0.05680596828460686
1 5 -0.03925604373216646
1 6 -0.06655226647853879
1 7 0.024892395362257447
1 8 -0.0814837291836729
1 9 -0.07269179821014464
