## LambdaRank
## Epochs = 100
## No. of features = 38
## No. of hidden layers = 1
## Layer 1: 10 neurons
1 2 3 4 5 6 7 8 9 10 11 12 13 14 15 16 17 18 19 20 21 22 23 24 25 26 27 28 29 30 31 32 33 34 35 36 37 38
1
10
0 0 0.03799084959926917 0.09520642299251532 -0.0635115226381667 0.05590636949348275 0.0799943503292104 0.03559520755804232 -0.023269748052733505 0.07644874721530912 0.018862380337760658 -0.05634227678179323
0 1 -0.06533130327344755 0.07215241713264292 0.05538808255865638 -0.058290390881445275 -0.025159114692626324 0.058303032216538674 -0.05045375896231625 -0.09584793020758879 -0.0803368145051417 -0.04290003981907636
0 2 -0.0313986734534278 0.045871094132947834 0.04929183298823727 0.015034512046820233 0.06184856038909212 0.08794532751796819 0.0043958468225656685 0.05489506760277935 0.042783875105358006 0.052966782741727426
0 3 -0.0729497428572362 0.04712082207721715 0.05297811707504959 0.08174327103249891 0.06019712759814435 0.09692136294020512 -0.04287840120062379 0.01085910097788358 -0.004762670905410094 0.006653162751929081
0 4 -0.06758761489299143 -0.06911448765152697 0.06888438184830882 0.06950527309932775 0.08182503925880859 -0.024665595099918336 -0.07317540787124435 -0.07644617632418653 0.022541369846802935 0.07025832293669733
0 5 -0.008988014435701283 0.012824146486166001 -0.07337292227282777 0.07201782947709483 -5.486746473499255E-5 -0.04175312446907267 0.03915135673256709 -0.03582385095777313 0.039575442877904855 0.03288177098651388
0 6 0.05842138334333617 -0.0645590832297414 -0.09890000863308822 0.09717895633461912 0.047248095410926255 0.08937466825646494 -0.08961067098634899 0.031038403192032316 0.09853695342066694 -0.05859863684735761
0 7 -0.062080560991893324 0.05634139985943547 0.05769202484433764 0.059054515312706106 0.04045762664951583 0.06696861796142144 0.05762884800054306 -0.02624318277906168 0.026584773680656527 -0.056898319396296124
0 8 0.02401009668355763 -0.07227033814596465 -0.05346960978853495 0.010123585809132873 0.05499250569822357 0.02333207072595506 0.032707262902747204 -0.07846815002719687 0.03890330910113795 0.01221801458423766
0 9 0.01965258849770437 -0.05978366043810728 -0.09793257722919801 0.015517419397526095 -0.015150576662953953 -0.016073705963917186 -0.03628255700206409 0.06008980191037543 0.033310659876249996 0.03876703485537766
0 10 -0.027148675609078556 -0.0488097054290067 0.09098302864292526 -0.0766560357361934 0.09456610697074667 0.07177871568082275 -0.016669705975644863 0.0908956069709589 -0.033119443022232714 -0.07588923940357067
0 11 0.03388395305903121 -0.09121005175292006 -0.06190115616966222 -0.06291944399836169 0.04738584284644273 0.03724751970882647 -0.026642772544470377 -0.07457193160438567 0.04919516942280649 -0.06025075715122498
0 12 -0.04912947562734813 0.0010861375815770815 -0.06597109821327325 -0.07135520916850657 -0.07175313836799534 -0.019726690234830816 0.08914572027681988 -0.07496060609758795 0.06099006817391578 0.028973817752995318
0 13 0.0649595180718877 0.09833251128498877 0.01428191860287059 0.09491993341155988 -0.07276949554468783 -0.08182243717114546 -0.06147707068519767 0.0674051491923635 -0.08691332054267492 0.048087302914900716
0 14 -0.06414368385307362 0.055215264453891744 -0.09993690862206522 0.08318628600451343 -0.09393763689918665 0.07197137262271319 -0.08311263479749863 -0.017649879375825864 0.014649164184550565 -0.077388904284102
0 15 0.07396969495603778 0.09138376163852546 -0.001629009300232927 -0.04215084822485082 -0.009944136529344661 -0.022720640423186084 0.007008373105588555 0.05890147387367943 -0.07227298840937592 -0.07897048607399326
0 16 0.019464887815089222 -0.0067257641103972395 0.0649032821686764 -0.06349934831785063 -0.07323032913094805 -0.05196377606638297 -0.029457615309065658 -0.0926679253212393 -0.03262756321318031 0.03432694801876065
0 17 0.0891911173257719 0.03488544460398615 -0.0156297647221441 -0.04401986417045992 -0.022394586964807187 -0.023587668003672763 -0.022763420553532546 -0.042935107058059384 -0.08884260783585404 0.03612056289223015
0 18 -0.006137275646228894 -0.020974388476332654 0.071656762397696 -0.051314235104521495 -0.047460732967572875 -0.007167061109233016 -0.05134537673961988 -0.05995488632092663 0.013620436343364675 0.07449222250150754
0 19 -0.09880303995093818 -0.004422144013406113 -0.023713728463051042 0.08717368724495632 -0.05970069788690377 0.06641428157247009 -0.09241168429534383 0.03970446627001001 -0.003955910336790078 0.005013743745698896
0 20 -0.0110708181505053 -0.027979190446966843 -0.030882592565997267 0.07124497575100493 0.09026162176579715 0.07463634732272686 0.053126129660933774 0.08984261937180811 0.015182234315250382 -0.0030886321550329557
0 21 0.03064169467215778 0.004117578913930701 -0.05889972681908754 -0.017701342617617015 -0.0897381781964267 0.025613336340490667 -0.05743610960943702 0.001192907447532344 -0.04161363415004662 -0.016664700464642048
0 22 -0.0754240051120585 0.08457448803997447 0.00981047476401381 0.061028764654639724 -0.08139555697503648 0.07979835529963936 -0.08668484482350178 -0.04543119335505293 -0.007711944128558519 -0.09078583848222473
0 23 -0.06523865425076238 0.08316519043600436 0.09173770727835567 0.03461026396293535 -0.03456002376245045 -0.059819480615430215 0.08206075970597294 0.011349838653608337 0.08464253733980145 0.07075168661337736
0 24 -0.046390451363605346 0.05849339843148369 0.03949783392258263 -0.0501051380656716 0.036262492469825554 -0.01377071804851927 0.026223043860695683 0.06193593843043981 -0.04759619201563061 0.08885446628183828
0 25 -0.09215593463722603 -0.03557048215010801 0.06628133613204384 -0.02574219729259374 0.0020994391743594356 0.0791051240780219 -0.002561558449149559 0.06725102673289834 -0.08351051455625443 0.097945641812506
0 26 0.09985239587562034 0.02387694130369473 -0.03852261896728702 0.07836128384982124 0.049415751516831176 0.06004920629170152 -0.008786242543654937 -0.07004296294283653 0.055005605158003235 0.05478826724349341
0 27 -0.06152349058066863 -0.016194525883244663 0.06923520694167806 -0.014024411218304502 0.06336945579961409 0.034856915419965884 0.06692046811214665 0.024856366332094964 0.022338001078291366 0.05096866212856975
0 28 0.029732116765958556 0.04563570681940829 -0.00764340920690165 0.015090071222395855 0.09119255721879417 -0.020004876982257544 -0.0021305522062814706 0.02177390215544462 0.031392723852251114 -0.08787384423313506
0 29 0.002705867249956359 -0.058226193183391145 -0.016752623996559923 -0.041816401573740204 0.06044428774559457 0.07223290224276552 0.05173817223782252 -0.04347828737706941 0.043918167365269545 0.047212149106707846
0 30 0.04664630820543304 0.07131579440802926 -0.01684092156052798 -0.011838838471421502 0.008415358115101176 0.01836999714155027 -0.04424227512402364 -0.09184440292617548 0.029859107239613637 -0.09674803992975375
0 31 -0.08017161840461869 0.03240014858662131 0.08681612823340436 0.034108376001534886 -0.044316329825620726 -0.08092099412255588 0.05240837375197186 0.06668070875712541 0.06494443483484968 -0.022173002466748484
0 32 -0.0029363097932018655 -0.04321724242039314 -0.05122302854512889 2.470000016430998E-4 -0.020894174777620855 0.05475679831037911 0.05923389547221738 -0.04525912374401143 -0.09717182346318977 -0.09619961647120542
0 33 -0.03290063103562041 -0.04657013437809282 0.09671678534297573 0.04742283439303218 -0.03358149122653831 0.07884545595639363 -0.07976006297213473 -0.03406993561015889 -0.020168541129912655 -0.09251709592537968
0 34 -0.0641593014538576 -0.09099665235802266 -0.005383224769573606 -0.02586550226665467 -0.0735472690668321 0.005239920441864525 -0.09328181398685707 -0.08261862189420119 -0.040549019284231796 -0.059290991168003675
0 35 -0.09809134900569916 0.04566330835223198 -0.024848580360412598 -0.03056352213025093 -0.0549885630607605 -0.06551902741193771 0.06168350577354431 -0.028308939188718796 0.059891510754823685 0.07022424042224884
0 36 0.07800563357160767 -0.06540642641934163 -0.0170866438679656 -0.09237904743054119 7.45468225576533E-4 -0.06914724408986678 0.0311001657450756 -0.09857619575208387 -0.034431510660267894 0.03253063634672684
0 37 -0.052342559345762 0.03664049505359639 0.0038881371939522677 -0.09556592548455854 -0.07485482073211358 0.08691304514057858 -0.041809627137443406 -0.02464376114476288 -0.08881276119659438 0.015177884228985788
0 38 -0.014360042513278349 -0.0306769638271132 -0.06833854197832913 -0.02295702100914755 0.05700799469010128 0.0620209391767819 0.0886723681299311 -0.02641358509721857 0.07649310008734313 0.062296892423004804 0.028200984001159727
1 0 0.0507084950804708
1 1 -0.02745738066732887
1 2 0.010553193278610762
1 3 -0.07703457772731766
1 4 0.08412870019674411
1 5 -4.422604979481586E-4
1 6 -0.04845469072461166
1 7 0.015923148021101938
1 8 0.07281593978405114
1 9 -0.05668677762150785
