## LambdaRank
## Epochs = 100
## No. of features = 38
## No. of hidden layers = 1
## Layer 1: 10 neurons
1 2 3 4 5 6 7 8 9 10 11 12 13 14 15 16 17 18 19 20 21 22 23 24 25 26 27 28 29 30 31 32 33 34 35 36 37 38
1
10
0 0 0.058356870905119866 -0.02529270709588683 -0.08753201598025392 0.036969420420145366 0.03547217961246478 -0.018463984558810216 0.008992969885367224 0.045923409739241014 0.0804766126172939 0.04584154874315306
0 1 -0.08927542472853915 -0.08804391978948609 -0.02955574544721845 0.008284013290113343 -0.09610508251057541 0.024873599248939487 0.08870472477236672 -0.0339384858446612 0.09551305779379733 -0.014922060637755937
0 2 0.06724636684096645 0.0027992821825949363 -0.008499344236654096 0.019042272451904214 0.09625067223347568 -0.04091878330241237 -0.05606925930936973 -0.0022692017681744435 0.09536110755853024 0.09001093850846402
0 3 -0.09307860652786537 -0.04395889459480868 -0.054333832287597 -0.005502493719412666 0.05450408750671386 -0.04823237271885647 0.06407378389087695 0.07409635994423355 -0.07652165791021087 -0.06745002269854782
0 4 0.06604871233950813 0.07046946969441309 0.009104234178334593 0.012977098020553692 0.08861272941816577 0.09209902307478272 -0.006969122045059536 -0.029506987585381332 -0.004194269227626434 -0.020903006603748296
0 5 0.07130623388342766 -0.05181239964219424 0.07215708008535235 -0.06099762031227156 -0.015938824720395248 0.046234640497978804 -0.02880515454768738 0.09293354674041415 -0.04854802858791859 -0.063033791937257
0 6 0.04817202009860292 0.06651651058244716 -0.09005862399201998 0.09032244813441774 -0.025065740436043 0.026704722246352067 0.003440896397225835 -0.005488189212276569 0.0253367493337996 0.030002522545839645
0 7 0.06695032787319077 0.06574175846601808 -0.007335512669361335 -0.06246577146299658 -0.006247461411215372 0.06599219133010613 0.043328769704141346 0.014643440346145675 0.09478975821623944 -0.01913789157071317
0 8 -0.05993974327558581 0.003558377375664721 0.04263343269597799 -0.08165271667787109 -0.0725776022583812 -0.057473817118938425 0.019961911455057074 0.055609854303478166 0.010502396668036547 -0.09518847281214184
0 9 0.003601982308495671 -0.04719468889598077 -0.016305543607055193 0.038356926898257364 0.09228951292558443 0.05135055620640268 -0.05645182456128803 0.09276394928018976 -0.009606408784743649 -0.062335683263742496
0 10 0.09796193985583128 0.02238386381648546 0.0022584980397034687 0.08080337887767126 -0.09046447822583786 0.018651783573635183 -0.045779642079643426 -0.0993345178716122 0.04233623711087547 -0.03688431725664418
0 11 0.08971909733300178 7.875829498963399E-4 0.0954350951892306 -0.03110727700036271 0.01018559569597275 0.09573567308745153 0.08335852888960103 0.06963917676845989 0.08851118545522031 0.05949222305266973
0 12 -0.004946175098010275 -0.05443949992226993 0.0022069189937022823 0.0024572403161247356 0.05724880560323019 -0.09926739330344135 -0.09644939291876417 0.0223776848479601 0.0495163027259587 -0.0438485870440546
0 13 0.002754658612920555 0.04221053196485332 0.06354906427506114 -0.09436667618817753 0.08513907420148958 0.033112031007298995 -0.03474197077133396 0.08414146125217209 0.02350863743584757 0.05844040772663322
0 14 -0.002845284670914784 -0.04267205841843659 -0.08906741899603038 -0.05179039715561327 -0.021805142279671515 0.04594422800793951 -0.027026671472922027 -0.059725792574837074 0.02405088986086019 0.09657080218755099
0 15 0.0384478692221905 -0.038095401196485586 -0.006089781165171981 -0.04829809699191011 -0.0446308541561344 -0.08988950763356081 -0.03955712774665023 -0.046230214277726896 0.02521011969844479 -0.07203205906314555
0 16 -0.01466292038291589 0.0014568470593656659 0.0441530425439562 -0.07872326365989801 -0.09143664950361205 0.05676528262844896 0.016662405907323326 -0.02973801528665861 0.06826457075051402 0.028730145885115695
0 17 -0.02436920489399374 -0.05352807854030327 0.07690960831158213 -0.030714088051214235 -0.05622591031165609 -0.05699131626996727 0.07854209897159957 0.09117507844489432 -0.03814771568171463 0.016493070769505125
0 18 0.0662680662843915 0.08216156698054436 0.015725216841949212 0.007982452283429265 0.076218332508846 -0.06399273906971724 0.07123528966104195 -0.018004427245716822 0.07146901365838534 -0.03385572891876548
0 19 0.08866450842727332 0.041934086407325134 0.09090853181339556 -0.03843193821146063 -0.028649195073479957 0.08096160495887418 -0.048596269800446866 -0.07361595968975787 -0.03896386601960014 0.09513071196869494
0 20 -0.028277806629089592 -0.048046582262442385 -0.005614503620062789 -0.05617574222902189 0.042386366269147054 0.03139024695439413 -0.04459508052935097 -0.07096021817954157 -0.015241446057413338 0.043131539384878355
0 21 -0.04501114999200046 0.013946686059855433 -0.006046373138878697 -0.06326220979106648 5.677776518617243E-4 -0.015521836316261648 -0.008939295090067351 -0.06214455580817917 -0.008271997560118934 0.0018406725173621024
0 22 0.05452176695478302 -0.05378105409655325 0.070748973722732 0.07140453848350427 -0.090118576037111 -0.07397825857689404 0.011711986375217772 -0.023855484645434803 0.03447646930310889 -0.07286214002966174
0 23 -0.002904725227505768 -0.027174501846547145 0.08673194615494997 -0.08989098955028947 -0.005185066205888286 -0.020911076487428962 0.01913368371657145 -0.04868206520895003 0.04650075418267219 -0.005194946973216307
0 24 0.09834852195877637 0.06891317214955622 -0.09510495400678806 0.05787291346597234 0.061202091048740824 0.0428410801761504 0.03764265086239721 -0.05534843446748156 0.017182190389705528 -0.06554167892456117
0 25 -0.03869541522179507 -0.04704866593218635 0.06216181425393676 0.03906383191183707 -0.040671586507186414 0.04717101182516838 -0.06624655966039487 -0.09368655371360217 0.061488057644152494 -0.0634906610403278
0 26 0.04087028130024601 -0.0820010817130282 -0.06075874304606231 -0.07810899626584564 -7.604136290018428E-4 -0.005463221739385972 -0.07499422048470646 0.03176852087218724 -0.010088593930739704 0.027072227929946693
0 27 0.06714360344728325 0.040334963177691974 -0.042894969790963584 -0.008827386853729333 -0.09649922489047044 -0.08971436593311408 0.0937435757588906 -0.08806394904724274 0.09126096327760497 0.013804185750847306
0 28 0.046123547664305584 -0.07286836120990525 -0.09794433932889171 -0.05895874130214381 -0.04336371546946244 0.09357958562513882 -0.08934074636323502 0.0780783424123808 -0.009570344201060645 0.09454623293166266
0 29 0.0358501357271542 0.07744610853207017 0.03678088112135727 -0.08872487731845809 0.08388085819255894 -0.06050883987255211 -0.08816154559935543 0.02567250796734309 -0.03921725464232395 -0.07390687402422003
0 30 -0.06740535850810163 -0.04342314475729833 -0.023492046163953152 0.06335428807348137 -0.06921762162655422 -0.08405605948184289 -0.05738193340561727 -0.08952229083111217 -0.05713275325151319 -0.05355741057120733
0 31 -0.02549078017175199 -0.03742246726851447 0.011311066610909179 0.0975703343939699 0.09476161175518646 -0.07669851062392576 0.05122400361777449 0.046398075906250114 -0.09077574079947724 0.09479303952812816
0 32 -0.06595529405042065 0.054996214063878196 0.08444891502128227 0.03014001023632635 -0.07829360074852316 -0.02655335596465195 0.005380223515684994 0.07821939906735072 0.02790536227579867 -0.06238568877027968
0 33 -0.07760488367075924 0.030162727035377316 0.08355223851401963 -0.023884694522927956 0.06823625183253236 0.029782472958131658 -0.0847252492001565 0.02903172006400189 0.05062262527660392 0.0036613301657441428
0 34 0.06875015620815905 0.02944132879874738 -0.009403816359407284 -0.02636090718908627 0.06150558582228023 -0.03150481424921366 0.056982512854681075 0.0322183707068941 0.0966116606712411 0.031216462958540036
0 35 -0.08856023848056793 -0.07450790703296661 0.08102358132600784 -0.029841315001249313 -0.07575942575931549 0.06308640539646149 -0.0433819405734539 -0.08553717285394669 -0.08783505856990814 -0.0823318213224411
0 36 0.0855454301026703 0.034667216943461636 -0.03378321657672956 -0.002655727658693764 0.007430302508232537 0.08577135420674326 -0.038692392401369305 0.0509122394299416 -0.09062620945301943 -0.04902794592954031
0 37 0.003324740652512933 -0.09768971647776416 0.007209421455183311 -0.014515294831182001 -0.0472211686834092 0.05288001306253038 0.0667435100084579 -0.03379368225368695 0.0023543541599692326 -0.03443283195830926
0 38 -0.01588916208306605 0.05213267773608475 -0.0638585404257533 -0.02011617373277274 0.048536127136582084 -0.05933228947681206 -0.08549140256516392 -0.00448659627157408 0.030763649464197393 -0.005994948098275537 -0.013655787333846139
1 0 -0.026745516806840362
1 1 0.09071461856365239
1 2 0.007242518477141846
1 3 0.09065456688404222
1 4 -0.06948559731244959
1 5 0.07044937461614569
1 6 -0.04914255067706129
1 7 -0.010378581471741338
1 8 0.09188783168792584
1 9 -0.04778461530804679
