## ListNet
## Epochs = 1500
## No. of features = 38
1 2 3 4 5 6 7 8 9 10 11 12 13 14 15 16 17 18 19 20 21 22 23 24 25 26 27 28 29 30 31 32 33 34 35 36 37 38
0
0 0 -8.529548974424034E-4
0 1 0.06476693772383436
0 2 0.01784282190883355
0 3 -0.052594425608029134
0 4 0.04824525875885881
0 5 -0.008412430153576927
0 6 -0.017589387426864493
0 7 0.01822624824054575
0 8 -0.053530297131133366
0 9 -0.037268732957179126
0 10 -1.8709220006258255E-4
0 11 0.08857597781158119
0 12 0.09301292755077825
0 13 -0.054572911082705074
0 14 0.08906082251167549
0 15 -0.0019287949153655405
0 16 -0.015542951263000187
0 17 0.0018869608342402214
0 18 -0.026755921114370446
0 19 -0.08349616991924419
0 20 -0.021283648990733938
0 21 -0.08172389962932906
0 22 -0.07589404782641926
0 23 -0.05410060089115898
0 24 0.04342701939503269
0 25 0.011252607288792005
0 26 0.07261312327424058
0 27 0.015007143751368204
0 28 0.06863658491337155
0 29 0.06376617840529
0 30 0.06080793008615116
0 31 -0.016073641762159665
0 32 -0.038985796735208286
0 33 0.05701710648888686
0 34 0.09315979439510602
0 35 0.0673992240982872
0 36 -0.02442320091811372
0 37 -0.06948594662827606
0 38 -6.922483444213867E-4
