## RankNet
## Epochs = 100
## No. of features = 38
## No. of hidden layers = 1
## Layer 1: 10 neurons
1 2 3 4 5 6 7 8 9 10 11 12 13 14 15 16 17 18 19 20 21 22 23 24 25 26 27 28 29 30 31 32 33 34 35 36 37 38
1
10
0 0 0.03301668312636262 -0.14738740357075952 -0.20388683643216535 0.013280766867594067 -0.0022312118689889 -0.03389316765169116 0.034434756558635045 0.11637394234905876 0.011922908301322572 -0.022426306987498784
0 1 0.062172346666442245 -0.4825781429579356 -0.49797373543381707 0.1604315263127218 0.16174740067955795 -0.2237121260357694 0.26933976246811503 0.09811481997115797 -0.14636693481378685 -0.2241311842469113
0 2 0.060057496772348146 -0.17072147235987425 -0.10780766466865215 -0.025822114842335722 -0.0015352768929816206 -0.10395428051178646 0.14036420299333913 -0.029012709280303653 -0.056730196957142195 0.02527872487529774
0 3 0.21480166932351807 -0.8222083603286717 -0.6903945698062359 0.2530076284032115 0.1940837425581852 -0.2687212806888619 0.385317207304728 0.23791037056585734 -0.1452520124632065 -0.3176192148527536
0 4 0.10461372196529616 -0.33778962926324396 -0.1523406958700081 0.1657659343955278 0.13688746766985196 -0.18104863572706079 0.18488137692569892 0.13757393726022032 -0.11195684588254476 -0.13662895164708255
0 5 0.0394423986231384 -0.41837041767901556 -0.40464423144055184 0.1563658611530561 0.10397988278641253 -0.24342925561182235 0.2891591784765464 0.13427784124512696 -0.19502750879590908 -0.2730132760293432
0 6 -0.32621779467711937 0.804326897436427 0.675320241640544 -0.25770198638572134 -0.23370348773053765 0.32137372487233173 -0.5185468626580146 -0.17345761894371817 0.3006255668806082 0.38139614663147003
0 7 0.1380276114199515 -0.5668936507111042 -0.4911222880946479 0.047847790569025814 0.12485557651060854 -0.11832460212333032 0.22215480446387859 0.115185919518397 -0.1444751696494208 -0.20144483319415177
0 8 0.008525232394091186 -0.22265699327503116 -0.21075295413724193 0.1333758543178522 0.051733575006091645 -0.01155961792868595 0.11102914910708253 0.028418681743281424 -0.0900075356903793 0.011284526463206846
0 9 0.06072669692655747 -0.0552665348508371 -0.026176748967540128 0.04598520524248088 0.001944261122438079 0.04400993177242731 -0.10137763925712663 -0.1028675231326037 -0.052392823968176454 0.05673634683045927
0 10 -0.020438718756407945 0.120769758603051 0.02089778664727788 0.05694655353466118 -0.12201824195906948 0.08323659399053826 0.03134814835636033 0.027676369857258052 -0.06350027506274626 0.08270865169691831
0 11 0.040738330303826974 -0.003826308009942306 0.0679732257655686 -0.014232825361897293 0.031995952336846344 0.021523629511045146 -0.11219455676243077 0.025664162092424052 0.02665207217178236 -0.03872350313466424
0 12 0.07015774195874919 -0.4580805131940431 -0.43643031816686817 0.034360479767385335 0.18188680484910266 -0.0645745249313082 0.18739104551190633 0.14212682055376985 -0.16810890232267064 -0.15901767396572597
0 13 0.008852522495524505 -0.3089621331258186 -0.3064789584718152 0.09227307030217821 0.05609782953745764 -0.17018711542008502 0.10624280902382831 0.040113534649259076 -0.014169558980455464 -0.19436029034216573
0 14 -0.0024423680933412023 -0.024996055531256854 -0.008655647136193335 0.09381684348521999 -0.018758885236900624 2.2252771116681216E-4 0.00301144679943857 -0.021776740180943215 0.008622534444816957 -0.004819151628950402
0 15 0.05989649587705422 -0.13134280579794844 -0.013785495733675147 0.027708577172644574 0.07973710029468446 -0.05008845801824367 0.05805985013559406 0.0094490557397605 0.009813897718292686 -0.03951578744360351
0 16 0.13158001994707436 -0.10877581155416101 -0.1253882084410837 0.013121523252638993 0.01132805089348572 -0.0653157675940739 0.012282608745877274 -0.035824682633636126 -0.008462202572674018 0.038958624845955254
0 17 -0.025574796026912153 -0.110367405216513 0.067956016967649 0.09724973479809552 0.06067942573848966 -0.07562251005111784 -0.07300126578048384 0.08607930703817528 -0.09576594645223006 -0.007813018027100774
0 18 0.06390868099323188 -0.2684095886641817 -0.13097386559785026 0.11023764865057799 0.04503939303336513 -0.15648833567304982 0.11127103114827161 0.01985093210356833 -0.0636131611889228 -0.052925865761158895
0 19 0.10504509608694407 -0.18322898178649524 -0.11319602484616273 0.0898982006479519 0.1312705488806217 0.0172450669694285 0.03994962993774134 0.08079427396218705 -0.10418751835801879 -0.08846334470153233
0 20 0.022135467571868534 -0.18613437526779894 -0.05226729351892651 0.01830370461403864 0.026972089437427498 -0.009359304874914858 0.027616666127516332 -0.052452049339013804 -0.052223013831049964 -0.1307302823842364
0 21 0.0574526241809516 -0.04706336660735165 -0.1408716655892087 0.06660826715494844 0.06942619633584793 0.00965902197430634 0.05007202403632691 0.06454220972240568 -0.08540991279276697 -0.03981697507374655
0 22 -0.012657187598986716 -0.2656346013269289 -0.12124823491246267 0.14843501053483626 0.12248205705979448 -0.162607585573504 0.20451633976570283 0.1354180827341425 -0.15928373888525332 -0.11687082167894194
0 23 -0.07318426272054855 0.08317225366242685 0.1005327382687352 0.06257534106550695 -0.07205108068961646 -0.06563676380546334 0.009994042562869105 0.06478940142980988 0.029751016626907063 0.041498801165273026
0 24 0.00364216584995773 0.10116274173808568 -0.009368028171474148 -0.11568701983719296 0.02622379273607738 -0.02088987615917725 -0.029566654487817545 0.009456055242104302 -0.006310013499276948 0.012574422427757167
0 25 -0.030519437013989157 -0.06526601590619559 -0.11593558083465995 0.06767514638898584 0.1183180825054193 0.029380464182768722 -0.010871984274800807 -0.020408765232055873 0.053348205383370415 -0.09038498602054795
0 26 -0.0796095336620015 0.013569427592514192 -0.10782543499195413 -0.055415453910074124 -0.02883350099093685 -0.02205486731878346 -0.09212546010972462 -0.008812723544527527 -0.08315349707034002 -0.06309288426039843
0 27 0.05363387686818583 -0.139322860835613 -0.03794275768328648 0.09162452956866157 0.10053103758654426 0.048824425388863314 0.07353949539473124 -0.057180826506833406 -0.07400995503472303 0.06602377972073044
0 28 0.012728460302181124 0.04586837296109619 -0.029257118543347956 -0.06901445542468113 -0.008029014282034714 0.01670362625828455 0.0652386922399303 0.0825561683520979 -0.026741814952614913 0.07961033373651
0 29 0.08820258959002941 -0.015041602588814295 -0.15072918027940205 0.0887962423338207 0.011003331583104929 -0.13003878617896264 0.13140472771598685 -0.03451512820241425 -0.08832675384735145 -0.0338385061993635
0 30 -0.0279582497020126 -0.010570103743533761 -0.03236541767292254 -0.05728231102547383 0.09159539021715235 -0.006002966479432395 -0.0633991292515897 0.05071620324321193 0.0021845365738802558 0.0793898542153641
0 31 -0.08284485726518195 -7.903200997853205E-5 0.09253698638567673 -0.006832638213988733 0.007294932210059507 0.10485488417860685 0.042817850053229786 -0.013743945208022593 -0.04565314977409093 -0.012857664647440823
0 32 -0.06467990082259688 0.09136130553189706 0.06524081344275741 -0.10435453335977087 3.345917357059228E-4 0.07736163272188291 -0.01627497160992595 -0.10439737484199968 -0.053652097423074065 0.11294900297228401
0 33 -0.043969267755959905 -0.1451516357692892 -0.1397378699316682 0.06918109876454595 0.06069041648371677 -0.04847149468026436 -0.06460104033987679 -0.07777918432265621 0.004780093256505305 -0.0765294595569807
0 34 -0.03567037820706795 0.03208817928090233 -0.006664332316575104 -0.020683786434161713 -0.01490113077353606 0.06327050249108562 0.008560067576042562 0.03768088265364635 -0.06115585590645762 -0.047537820770992154
0 35 0.030251766025113706 -0.10707803563295913 -0.039481048372414465 0.055848528201710455 0.04971820499769239 0.0583541043570063 -0.006931542461053825 -0.08182789240039462 -0.010650439448105713 -0.09534629013875981
0 36 2.940088383143264E-5 0.048988504577225485 0.05761106636092601 0.06266594586448866 0.054396294176192475 0.0788499362947542 0.013342149991356064 -0.06749937505910268 -0.034964803596037076 -0.07568561450768521
0 37 -0.03924130743871495 0.09051112514358424 0.019601178341908065 0.06037387604039087 0.04480022894306927 -0.034091673335154345 -0.033970532629743234 0.058596208822280116 0.07536794648652682 0.11863146380146024
0 38 -0.07477727215230398 0.01546731751672121 -0.06300783601386004 0.06239727396774872 -0.050240436147597836 0.04525130438587211 -0.03321904984574195 0.03972157395992288 -0.031670165440183175 -0.06525306339834742 -0.1299945436468122
1 0 0.3976320946190731
1 1 -1.6714576472037677
1 2 -1.4121614921178673
1 3 0.4476998862981515
1 4 0.4341637448144381
1 5 -0.6666855779913028
1 6 0.8504112283832954
1 7 0.3566028624541764
1 8 -0.5521671501602625
1 9 -0.7779611697406704
