## LambdaRank
## Epochs = 100
## No. of features = 38
## No. of hidden layers = 1
## Layer 1: 10 neurons
1 2 3 4 5 6 7 8 9 10 11 12 13 14 15 16 17 18 19 20 21 22 23 24 25 26 27 28 29 30 31 32 33 34 35 36 37 38
1
10
0 0 0.03905419769562232 -0.0347415297104064 0.01470196502999877 -0.09044870549144093 -0.03969685344721103 -0.029284537635400294 0.05918980773723947 -0.04790762125991341 -0.016117162391509142 -0.07978996979975878
0 1 0.023354476982458117 0.07443549870626995 0.06099974381030823 -0.006446650482671972 0.06733554382390745 -0.013730602235841483 -0.0980275089500681 0.08192217994307292 -0.08448160943707456 -0.07127325510263617
0 2 -0.09401020527422287 -0.03154903158495438 -0.06079505610767384 -0.004912690856077263 0.06324974058616081 0.09072268186324989 0.05288910356942108 0.01153469921273528 0.005387575393516222 0.0710717144012939
0 3 0.06953977615899279 -0.05717408642787178 0.010774913311180506 -0.0988002420169931 0.09846049902143585 -0.09539679791681663 -0.01384147100372524 -0.07950952420968083 0.09617026502896296 -0.04355746553531466
0 4 0.09814954507982222 -0.03822534596518273 0.042973203987056514 -0.06004336144936987 0.0390104995249739 0.057108135974898507 -0.07376401022652208 -0.07763617977162234 -0.018301478043606562 0.004911314015515154
0 5 0.013086222401236625 -0.09644342397588938 0.06422206932786809 -0.012803787808944166 0.07895608201095979 0.03763944202295346 0.04616010096278654 -0.09801028877397243 0.07171833927939653 -0.08670323486933511
0 6 0.006652041636939315 -0.08316283451491746 0.030008776930588836 -0.03730818139720696 0.014961885124220597 0.08573206291631065 -0.01986660574273133 0.049678692297660025 -0.01927972678009802 0.0786338649531519
0 7 0.020029992761432303 -0.0039141674246536955 -0.0024778920188779 -0.032825218587805474 0.08073957608103058 0.01795480360753444 0.06656395396526799 -0.05818146396384471 -0.06271298321684814 -0.037397383674352705
0 8 -0.040488662669666484 -0.052749897726485626 0.0077520623172232 -0.08356174145971682 -0.04753567486152567 -0.05492117760407565 0.05329161947896597 0.06065339293139616 0.07510445700731709 0.06922071253378738
0 9 -0.07975295372076008 0.08402354682456331 0.05987788943323107 0.0018512205200475857 0.07054144347992976 -0.08884850904984268 0.03989078695631679 0.09947200608766203 -0.07318949624722566 -0.018671317340204063
0 10 0.027271233385915056 0.0315791452445299 -0.07252680373935705 -0.07293388205023255 0.02358492220123225 -0.09522665708753784 -0.025580193509418765 0.014423550106940462 0.03467278099043402 0.04893103237605762
0 11 0.06293017434320601 -0.09770028163348833 0.04065192843129958 -0.002716120718901237 0.030047450705009745 -0.08270439905603914 0.04249887225667789 -0.09994646285507201 0.029594346838831383 0.03974495817664438
0 12 -0.03814524351561245 0.02823950744295801 0.024848274390760948 -0.03559374953958483 -0.07589152475923171 0.08670647057711597 0.08264676357621563 -0.014657279565277568 -0.09740782354397755 -0.019996214075686906
0 13 -0.06774233587393523 -0.053086803338775176 0.008904060089543699 5.718835595736797E-4 0.04430075485062743 0.06957382122283426 -0.012486310915022145 -0.0037164215246129053 -0.010252489223565465 0.02048682317909575
0 14 0.08979891366007133 -0.07509236517438025 0.06546639759265871 -0.09933518432283256 0.05470144444365719 0.03220363922831034 -0.008925125531170398 -0.07627537006098016 0.0790642365441754 -0.07899387503043627
0 15 0.07516069292850594 -0.0947749879810111 -0.057538409802759885 -0.03526559136287874 -0.041479982825900145 0.040452918545607626 -0.09361452878482728 0.0012520349022156782 0.08442110511381146 0.04868731075932507
0 16 0.0767063642183899 0.08262428739646696 0.014752123153481737 -0.013669272777892712 0.07943550141178049 -0.09986622830977425 -0.001802578732498158 0.07789622967874801 -0.01118373498095842 -0.09408377935460252
0 17 0.07896812180066916 0.06772056472397517 0.05975742088235215 0.015515357100032816 0.03248470915578999 0.040491877060232793 -0.0946763419182273 0.06058548649099778 -0.09014311813343488 -0.06543435392151192
0 18 0.025454148368149382 0.06984426498094491 0.06841957828076767 -0.053458183342606845 -0.08608069744181132 0.06040601134990811 0.08162454167790369 -0.08242502037536643 0.06699391779237558 -0.0024139461785354912
0 19 0.0903147044611369 -0.04007591863489526 -0.022506297946668915 -0.08231577900565445 -0.03773915617876082 -0.020112895194291297 0.06779180322876427 0.016540102245238417 -0.039056794315052656 -0.06331747621882923
0 20 -0.013826513151512307 0.09464484773406846 0.08002544539883644 -0.028912931110681033 -0.0038930202827224423 -0.03322627378509018 0.03012260278817637 0.02349370674296039 0.08947908521738238 -0.01605573825388918
0 21 -0.010003145158172768 0.08269640185642624 0.019764984162183426 0.07908328670887249 -0.013747897144675853 -0.028400142584404802 0.02966016433092928 0.08054971009900155 0.06983325034608358 0.07517173672212248
0 22 -0.07961608440455202 0.05372703517608282 0.007743210324552661 0.06244607683574721 -0.03974348005925908 0.0037095124372174383 0.010324650532568171 -0.027111075942337463 0.011330136173533715 0.05395486153084682
0 23 -0.05579792972446591 0.01191935973766257 0.050313245826876754 -0.08746589146314211 0.08351269803835908 0.024540772185080342 -0.08889149296407733 -0.052147119450396316 0.08748638243541294 -0.026427003792692298
0 24 -0.05142263584089328 0.027485265522551785 0.09432322272303714 0.029024829204497976 0.0273479359600812 -0.05051657009776707 0.08110453773122933 0.0206450465205094 0.094655969415215 -0.004259658080763717
0 25 0.08243464830346757 0.02885746034958348 0.08170425404131006 0.06411378439075398 0.05768122833252965 -0.04737172175162033 0.020877383642119718 -0.07408911061338072 0.017091186719289705 -0.02260577672766391
0 26 -0.0733482726402598 0.0037063810795397068 -0.05811927943097065 -0.09649940392548034 0.09653170868503981 -0.09392643438937828 -0.024210934110809608 -0.053417912778076164 0.08893796173183492 0.057486708257992264
0 27 -0.07883146593987735 -0.09968760743712766 0.06696658788113242 -0.04162687746789094 0.08248301467684337 -0.03595694999095686 0.021742074529510737 0.09658488390374761 -0.06986873931735524 -0.047193884441165665
0 28 0.06040671753112806 -0.01846593940630426 0.0540077717797185 -0.044588529200113344 0.0526931466036448 0.05226394816061463 -0.02059225904159317 -0.044383037527814584 -3.689424081058605E-4 0.04475950953034035
0 29 0.03911354899355241 -0.05335531744106962 0.08922365403759747 -0.03910652945259741 0.08645501588392406 0.06645262110610203 -0.009469576103600762 -0.08505061680895735 0.06890653397382718 -0.04862455017481451
0 30 0.011363581122596934 0.02293105112218797 -0.03309395023575316 -0.08765320380128483 0.012989054073947485 -0.06446337631555316 -0.0760118778536089 0.05324588657186402 0.0921517420959989 0.0566880233404836
0 31 0.09946291195955591 -0.09357125536534351 -0.07625828652594026 0.0622725514299509 -0.006865726157217224 0.03296168346342597 -0.09042198227029143 0.03455365198042973 0.006759555157400574 0.0041860885884126295
0 32 0.03287063657639454 0.09372689144577774 0.06674440463422404 -0.07471015364235362 0.03455285492929014 0.03600983470846726 0.06725867327766803 0.06318601547610804 -0.08667928653565019 0.01749364022146798
0 33 -0.009276520196239013 -0.058610574617116704 -0.047117962781097936 0.061337035702290335 0.06626392185930446 -0.07495372967134578 0.09809189008518339 0.028660746077493807 -0.012856987048435057 -0.060122251989414045
0 34 -0.07424204699464856 0.07944177676254044 -0.02263181368612189 -0.09256855103082734 -0.08464625318872741 -0.02487682885011055 0.006613896783247947 0.0564568084866159 0.02261546198751044 -0.03932747522534193
0 35 -0.05260446954351833 -0.08842998926151253 0.09713160069307815 0.05590206713242926 -0.03545090773890592 -0.024808104451572253 0.019851065195629847 -0.017595955519295742 -0.09019717346151189 -0.0607980682520293
0 36 0.05165087414402271 0.09392454398205513 -0.0794264456608072 0.0530009919650683 0.04623888456059141 -0.0013266612491713724 -0.040214432130548684 -0.05822474570748743 0.028159083143815065 0.08505465074939743
0 37 0.06632057604067289 -0.0035437127265136813 -0.007792496817430148 0.030068198612284897 -0.06633373363363075 0.02582135297470467 0.06721867201081139 0.06893704467728062 0.041718010308151816 -0.09972318644720235
0 38 -0.010093815563708733 -0.03090019554475799 -0.06313744950617962 0.048870964821425854 -0.09882004608246388 -0.0537021967461101 -0.018572049837506002 -0.08828718906046294 0.0457489393947622 -0.043073978235902324 -0.09823562949895953
1 0 0.04680987074971241
1 1 0.045738823711872906
1 2 0.04124302789568873
1 3 0.0031632124446332463
1 4 0.02441830001771422
1 5 0.07735154777765132
1 6 -0.0871360972523694
1 7 0.024667948484421172
1 8 0.009531497955322253
1 9 -0.024362618103623442
