## RankNet
## Epochs = 100
## No. of features = 38
## No. of hidden layers = 1
## Layer 1: 10 neurons
1 2 3 4 5 6 7 8 9 10 11 12 13 14 15 16 17 18 19 20 21 22 23 24 25 26 27 28 29 30 31 32 33 34 35 36 37 38
1
10
0 0 0.033485167967027676 0.08645494985145995 -0.07319348750131421 -0.025904376858398172 0.020399906429151043 -0.14865512196770295 0.004933160627683213 -0.150068332068218 0.1233061819285839 -0.12271323894794647
0 1 -0.054662912079286516 0.3325386740665822 0.04133243193949538 -0.13861833901803555 -0.09025266368328637 -0.36687243770444167 -3.4171620833014837E-4 -0.42226515478279647 0.24695001293994873 -0.12002653178685498
0 2 -0.052237922506531184 0.12878215117085326 -0.023973984097107295 0.01067030952472048 -0.06601027425999595 -0.00987443309764235 -0.071668011557773 -0.1321800707810539 0.058408159240297096 -0.09403704636019163
0 3 -0.00593343362246299 0.4747988599337575 -0.14139889108190273 -0.3046770216471503 -0.21212984687007905 -0.5479269571067726 0.04794446807179765 -0.5321364774343308 0.24400888299810464 -0.18903415218936676
0 4 0.036349598159672335 0.14864008950409943 -0.12323872365865504 -0.18874182961587077 -0.06280980601542804 -0.12827836434589673 0.039860834305853514 -0.2770282179146922 0.054180061716022354 -0.020254139847571264
0 5 0.03234884328417067 0.13540639081414413 0.05278849704825015 -0.2745428988503064 -0.23537545451106395 -0.2933619525453701 0.02684148998481751 -0.32169282471946836 0.22138900628744354 -0.15831295158748152
0 6 0.04641845877078766 -0.6157006404890467 0.002661677147462498 0.43264238758938334 0.30219562590150184 0.5156019952050295 -0.09930963161522524 0.7152016952081973 -0.3158327299286084 0.16897099209990535
0 7 -0.13304041658406515 0.1997665402214444 -0.11032506633822854 -0.251790480038773 -0.13869516934530465 -0.44080533861385 0.0709092044456795 -0.3425776180685016 0.23581473757901342 -0.010046010500151574
0 8 0.0409000969405177 0.1516938512415377 -0.10981397866896986 -0.049858537364888836 -0.07706033199897527 -0.1725288173698089 -0.01600107631553633 -0.1025120280866139 0.0813600999692707 -0.03614552188457231
0 9 0.037960395977762997 -0.037957898788435085 -0.018377390410729964 0.09604389475804904 0.05198599647768045 0.013790685465960496 -0.07222353623218976 0.007003610167426573 -0.03560439966196334 -0.04354375854986307
0 10 -0.07301268540044731 0.030015053204475936 -0.06098596146762727 0.11857321588205412 0.04704599815452785 0.07824953841885925 -0.04496348670634627 0.01163806655155779 0.07742832136182771 -0.0868829500755649
0 11 0.00832969077437981 0.023773623790846122 -0.03815664609482083 0.13143490263138985 0.051670850246280244 0.1452755252574912 0.07049724304834472 0.16424743093498462 0.06355958132930765 0.07032812307707531
0 12 0.014062911685720268 0.3072884131772411 0.02970195954547357 -0.20710805608504138 -0.22336641085235573 -0.3170602447964493 -0.02239390893459349 -0.37586384468731193 0.09152239928771036 -0.023992199130762063
0 13 -0.08221899727516305 0.09514298318584828 0.04395252064398346 -0.10313868149021642 -0.1106559685369082 -0.1652727183708498 0.06283664447205735 -0.22773878811933337 0.13629704884698898 -0.06281871031148899
0 14 0.0288404869845749 0.030161909573242735 -0.09084478719007257 0.007979876263600322 0.05350864499105268 0.045581858531356365 -0.0362057661923145 -0.077021089934139 -0.030160074936019438 0.045307722115001406
0 15 -0.054825838052193716 0.06631008294797407 -0.061442041751546855 -0.1100518051999862 -0.09721064355492144 -0.08723638087725587 0.09597147039413594 -0.17493341104881574 0.07923837810314811 -0.0679737586896905
0 16 -0.004630130028310898 0.1561045559593769 0.05278669012951081 -0.009021678684450384 0.04963868718103051 -0.1791875095789989 -0.04837883700514079 -0.08441522177919997 0.027510569624407163 0.06733522518329133
0 17 -0.07582549446627243 0.04856625811988602 -0.08019707249268052 -0.05416983594838456 0.004369029869212335 -0.10343647482199513 -0.0626118842392036 -0.025264962234858152 -0.03555394169676286 -0.03834403362264889
0 18 -0.07107503674155903 0.08575994022610751 0.03707778396747965 -0.19013304635657405 -0.12421375175118135 -0.25463637996611227 0.03476290865888125 -0.14626530960296613 0.09942924344568584 0.0043128083303376535
0 19 0.07620441344244949 0.13327018460035456 -0.07947873752022643 -0.10322714931228355 -0.08932315795022963 -0.10402277956335043 -0.053141071758794914 -0.1467129744866414 0.09548939504197866 -0.10151214478757063
0 20 -0.042441611679861206 0.16633245820488698 0.0791562414859703 0.01646398323195296 -0.038110481536788234 -0.2130234692115069 -0.07432620505516999 -0.03222671356514631 0.0017842954493823622 0.020231425177232355
0 21 -0.0016331989530758986 0.1553156734333024 0.07885090324911036 0.009860039414937202 -0.1138495505151538 -0.15212920970570293 0.02478572530893989 -0.09668354434673766 0.061127750345360304 0.02847485791088747
0 22 -0.05832049935706315 0.17656836863683933 0.015100574519632858 -0.03960956726281455 -0.13613548436855571 -0.16451522878333236 -0.037415353004995086 -0.2356216531178357 0.007647947881697298 -0.10726690626910425
0 23 0.01893625993144583 -0.05615781643522011 0.052503506825158114 0.04843931019363023 -0.03921000297739902 0.001880708547417949 0.06189443967822182 0.09072841732932387 -0.11520666273437696 0.10353390875818476
0 24 -0.06357684214262747 -0.013876316501029572 0.10711750298539449 0.041073528153706844 0.002040670048938902 0.1424533371282937 0.027803577544308268 0.004304514893312398 -0.06914791891572893 -0.010281883614730944
0 25 -0.10393743061725524 0.03865974931438388 -0.049258665839936405 -0.13692025418583353 -0.12924613125623333 0.013093545745640745 -0.08652885662131116 -0.16292376545962958 0.06807226156827254 -0.04728851793166599
0 26 0.029246268960636604 -0.048802640762045754 0.052621541006721256 -0.00841605554981191 -0.08021590925747704 0.10894082042529411 0.07209805757288758 0.08788496817215874 0.026434124553319758 -0.08974209118225385
0 27 0.019958537311579996 0.011550732951663596 0.02376209456244007 -0.016155385849317156 -0.0027028936341331453 0.03860755960645722 -0.017331597208164427 -0.08947287008768723 0.0637648131750794 -0.10002172176433574
0 28 0.06682628547161268 0.0736842493543229 0.019261996737780302 0.05539944755765148 0.029718562074212463 0.08372599646600688 -0.06415795233434043 -0.10430442644984132 -0.08773699489055793 -0.03168823267222136
0 29 -0.06643843438746791 0.09746750697417181 0.06550772449812892 -0.12322398745539118 -0.05401789422868038 -0.10493129687430629 -0.03041519170652423 -0.1259970297819162 -0.04040213169067094 -0.07149348871389656
0 30 -0.05311049853098244 0.09837589111304 -0.10097325199456929 -0.03253675694611521 0.010651908760043098 -0.060667795319784557 -0.07447232710847414 0.05672833984235627 0.04235746970557896 0.04146687260982271
0 31 -0.02630616836877256 -0.05560766575763307 -0.008893030744799975 -0.034700945149231895 0.07127091358862252 0.05675290491111696 -0.027656636475512704 -0.03617397431305973 0.053067534528995236 0.06370947681446376
0 32 0.010529977991861299 -0.1245139131960486 -0.04656708206332623 0.024037293101074608 -0.04792858779497884 -0.005657899562243807 -0.08278803654759237 -0.03726883390109151 -0.03952836607789825 -0.05143642616333481
0 33 0.010036458255780945 -0.06139340813320597 -0.039986923809348346 0.04159143558100847 -0.09632507140223047 -0.048140166681213716 -0.010491403933169142 -0.014638976357258636 -0.05594777193123053 -0.08888247675475211
0 34 -0.0446339540578705 -0.03707042161386145 -0.08762198489318158 0.08122195044031086 -0.01431747267314825 -0.01705428825354431 0.08599072803713251 0.06855503559907847 0.07592168304069837 -0.05074909844975851
0 35 0.06464608013629913 -0.08930803835391998 0.007540756370872259 0.010324513539671898 -0.0764329805970192 0.006583994720131159 -0.013574272394180298 0.0734974667429924 -0.060673169791698456 0.07292255759239197
0 36 -0.08351700440874017 -0.05745358829328746 -0.031676134023988764 -0.0485295419523737 -0.0010380855447905404 0.06346591010626723 0.06667236017840285 0.07655758642917644 0.08568540776654214 0.01420067249865438
0 37 -0.05781432385158434 0.01375540723231305 -0.011130284878564952 0.03462958604288351 -0.007253256440930771 6.636277092404464E-5 -0.019201178715059077 -0.08453970354881336 0.018365824866338903 -0.0604758647969271
0 38 0.07974370807687353 -0.04742282513343707 0.04759993106774843 0.030130588638448603 0.08794194982359832 -0.09770930198893031 0.013654095252570995 -0.051900658781528365 -0.02868641098407296 -0.016929303221495273 -0.18026002879858116
1 0 -0.13805192061209395
1 1 1.0036754978580003
1 2 -0.13460892905089497
1 3 -0.7939547433381807
1 4 -0.6038770940776749
1 5 -1.1695844076662198
1 6 0.06376937640884348
1 7 -1.2933055861786011
1 8 0.593670079002374
1 9 -0.36377995080084746
