## RankNet
## Epochs = 100
## No. of features = 38
## No. of hidden layers = 1
## Layer 1: 10 neurons
1 2 3 4 5 6 7 8 9 10 11 12 13 14 15 16 17 18 19 20 21 22 23 24 25 26 27 28 29 30 31 32 33 34 35 36 37 38
1
10
0 0 -0.012053187715308156 0.1631169857457846 -0.06062373719399075 -0.012745187460517449 0.033827948545471685 -0.13609678369620035 0.1267741171888463 -0.0018966819133990787 -0.13174429121190986 0.09325802980885907
0 1 0.035666723674788174 0.12513804009857293 -0.3309101005784238 -0.3341338925163561 0.2509254326939351 -0.4692808149878972 0.2657226194078857 0.11500940355880411 -0.25846222420709736 2.159939560161933E-4
0 2 0.08476160520782158 0.09081109165629811 -0.062338839684355926 0.023036763566755467 0.03142668304112823 -0.012434114843177566 0.0015621288474870403 0.001209710942132055 -0.021921412088590893 0.07831390810469714
0 3 -0.06835447096488204 0.30974573643828546 -0.4084449961082917 -0.3890376368030512 0.33160560722461807 -0.625019106851004 0.3005292397447192 0.12528130275137025 -0.4405208913387717 0.19810040102448084
0 4 0.0502121372560453 0.2027170680381947 -0.128367532233776 -0.15868067757124324 0.1366137939377247 -0.11315945749965332 0.17217752825935576 0.020777482799350423 -0.19338453110801287 0.1274305371601985
0 5 -0.07268079279098542 0.0890080677855362 -0.248357603918486 -0.26695475063366897 0.22782782665992676 -0.2836464698745289 0.16526128617338148 0.0934991075082774 -0.24535425113991075 0.1583481009338752
0 6 0.08363992471346961 -0.4201880441195155 0.3585131960314671 0.4786090601795159 -0.4530360040191735 0.7032216174140382 -0.5525837749353207 -0.02633144896949244 0.4304167106623428 -0.20559955254518633
0 7 -0.007264567636869123 0.21722518646909378 -0.2754864470073929 -0.3481786216295227 0.2553248658247184 -0.46936656885648875 0.34735411866343346 -0.03159503355699754 -0.3293554299321393 0.026153181028893933
0 8 0.015234823702276025 0.041357590331299245 0.007633850108986771 -0.07526774518910162 0.07967493659696984 -0.09697325279401758 0.04312165676983557 -0.028358828337749307 -0.15032564907566318 0.005197558109747062
0 9 0.06543481331185497 -0.08567483345471515 0.005433351846066544 0.02539762280029051 -0.08883064286159265 0.06957336614230085 -0.040216881429350274 0.09362823616900469 0.043425148759621106 -3.3252008423408205E-4
0 10 -0.03272107173218274 -0.10933986843911017 0.0800647506199593 0.13360934709309008 -0.07004638384768422 -8.499452516750404E-4 -0.034367033369764245 0.01960954725660699 -0.011836986617593408 -0.001055931896313987
0 11 -0.08048530194332092 -0.11479011013043715 0.09959296872255544 0.1614886947449755 -0.12675578580003352 0.07950939293743878 -0.12322492003270961 -0.07010457059708258 0.09473555661983962 -0.00914183182352384
0 12 -0.0014952789571496751 0.2558452675047965 -0.11051238311196207 -0.2907849432147716 0.1938070631031649 -0.31746126451769263 0.2832380905401579 0.05135795398731347 -0.2223100740266756 0.126528658235847
0 13 -0.048594748688746546 0.11614619971098467 -0.23907171476167077 -0.19176957699909675 0.08732798274975447 -0.2535867964450102 0.17536627408375224 0.0480995988921698 -0.1858094396140842 0.021169254195700662
0 14 -0.10091461024266607 -0.038224908615451025 0.0749315317239597 -0.010502684732178781 0.014503531249115971 -0.07647042928891386 0.11150440001557356 -0.03610691912817333 -0.11031369097299784 0.07798679699120734
0 15 -0.10770613868718466 0.15153187449215785 -0.02855203393132842 -0.11505219449763758 0.021482671530844457 -0.05393407774570124 0.12426210294956863 0.09419934357196794 -0.023606018582383058 0.012912410168303391
0 16 0.03632977766208804 6.052298777188515E-4 -0.13552737863885636 -0.05752577980791978 0.1112235116269305 -0.15294395583638928 0.10121723078629707 0.08487906634910072 -0.07738245647851881 0.10269477416829625
0 17 0.05914365697638686 0.09071834279921527 0.021967370636310667 0.030172132313352425 -0.06149574211794386 0.039493723135563284 -0.07300114974039124 0.0555076543215937 0.005513214874895669 -0.07020715718571531
0 18 -0.0854604285623813 0.10911019204518031 -0.08626615116159955 -0.15198843590061706 0.08367570518717465 -0.19513430648634505 0.21354388146631495 -0.06230937589957786 -0.12048833729380376 0.0700169321884938
0 19 -0.07089257846066568 0.07586758377060719 -0.11922185145045436 -0.20788138159838043 0.08743708152391216 -0.2319867128495555 0.022198298805426852 0.015423504422302997 -0.17157525429343673 -0.02949168793030356
0 20 -0.09065116446830844 0.08715021174857514 -0.07703760653652243 -0.08801606003136792 0.13027638476906833 -0.10414882021293635 0.09879098759292594 0.005646923170488559 -0.126067505230042 -0.07172696236644936
0 21 0.059707133124397876 -0.04873865114471943 -0.07237553016532738 -0.01927724789541318 0.10279563385137212 -0.07263620719483828 0.06931706157164357 -0.09494679660701306 -0.04995471902239041 0.02250938229804673
0 22 0.004695708499008324 0.06939490593034894 -0.12391964486715809 -0.09452314626491069 0.0284081921113923 -0.21355622869887142 0.14058777519857646 0.02713865968544815 -0.20571116232015615 0.11015066776683928
0 23 -0.0855485223229858 0.022032906250101795 0.04467292259926076 0.001961139412262087 0.009166674973896366 0.13026521472350272 -0.041918704312694205 -0.04748308375097076 0.020538650398765894 -0.10183725137326147
0 24 -0.015175381857449124 -0.10148861146311813 0.020721506658330415 0.11641303124324899 0.03644236444073053 0.09404057875761108 -0.04883826140850829 0.049203203830290455 -0.008036761058186476 0.02259796562511719
0 25 0.06663148490263121 0.0660023793935658 0.027560561036728083 0.02030648742264875 0.024014569121916792 -0.17027859662619305 0.11367340455100701 -1.104300260001135E-4 -0.09060723747791105 0.03945297042428377
0 26 0.09800976067203934 -0.09156112655198496 0.08094893940392159 -0.03177222955236432 -0.08599551144279848 0.004196211436361666 -0.015281065981176222 -0.08208784426186827 0.07379041174599615 0.019161146363656706
0 27 -0.0337433431924057 -0.050853995840657945 0.005234797964112075 0.038409554035976054 0.09015827714787059 -0.05978665231095456 0.08692700669881429 -0.0055711617946802745 -0.10033298603452838 0.08663477634409063
0 28 0.02607205144384189 -0.08260330104401538 0.031575014450110586 -0.042850350652774635 0.06714454699323698 -0.03257717243448814 0.07372045365177152 -0.001926432631292193 0.041432676266755904 0.04058188837754258
0 29 0.08266930613308321 -0.055484246068629735 -0.03736531630500663 0.0477286331241479 0.1059462718006139 -0.048298369765369144 0.01803592072955571 0.02882161157100281 -0.12099838968112266 -0.0561085245841069
0 30 0.02663700028347591 0.028323280538362302 -0.07617598447269708 -0.11156925989784901 0.10355837560932778 -0.09819630222488131 0.07215704900788339 0.09403814373898324 -0.07557348788263067 -0.03807209833429718
0 31 -0.08229584811134127 -0.047395509856785784 -0.10085744374391545 -0.09544668326987608 0.07011904745321053 -0.07448081279906432 -0.08412761972856997 0.049585262363070794 -0.08499248510662576 -0.03801631118278591
0 32 -0.009637513397233732 -0.113582440209422 -0.056766605905091104 -0.036890542378546845 -0.11427629436538465 0.041734033118180476 0.06327774310575698 0.08695328856683322 0.004680171427723073 -0.02093313368722992
0 33 0.07329801102270808 0.039261418886757354 0.051976878710342816 -0.0045461024977636365 -0.03542396315202079 -0.022688657056344277 -0.06356684118270113 0.05127151832540957 0.03267206857413409 0.05323677052625215
0 34 -0.07563131591929811 -0.0300112353574751 -0.04317666785621953 0.04782467208265919 -0.0358064965719657 0.03658672114437324 0.02250096199197676 0.08293313971427455 0.06958724161256499 -0.004585118952740077
0 35 0.054923181978923 0.001516799636466677 -0.028181190763814607 -0.09200261539630313 0.052473085265396006 0.07256119678034313 0.10058469405270531 0.037076511395132496 0.0401371424875526 0.04777447046579843
0 36 0.07434976086542783 0.08320279700258151 -0.030467023176974167 0.0762748671218284 -0.0622279151533982 -0.09602449302531134 -0.026907681180339107 -0.046868187325962866 0.024667608125188954 -0.07820489211647641
0 37 0.03459191456585475 -0.06654078218164224 -0.04346884946787215 -0.024763429494078542 -0.028902515651163814 0.031264228436552965 -0.06999173267935539 0.04074326678635699 0.12079630648941211 0.07077113917662736
0 38 0.012998598421388388 -0.12376078050544102 0.017306954577454393 0.006608143971415803 -0.006825359212658212 0.023571974638413512 -0.031506162651428506 0.04848432012625612 0.07183248114343553 -0.05188306362348622 -0.175220486750457
1 0 -0.14431131702122613
1 1 0.6916723050345878
1 2 -0.8546811516021233
1 3 -1.0051662106981627
1 4 0.7464315382394818
1 5 -1.3835563080855107
1 6 0.9018394082534407
1 7 0.10097397294731546
1 8 -0.9949087151757473
1 9 0.30749366659822724
