## RankNet
## Epochs = 100
## No. of features = 38
## No. of hidden layers = 1
## Layer 1: 10 neurons
1 2 3 4 5 6 7 8 9 10 11 12 13 14 15 16 17 18 19 20 21 22 23 24 25 26 27 28 29 30 31 32 33 34 35 36 37 38
1
10
0 0 0.021265940618753188 0.019292987692983307 0.00906509163762959 0.08952689644657988 0.0626202290506556 -0.03947665189439424 0.053253178533186576 -0.02292243359449342 -0.1000626144199302 0.012979621082090612
0 1 0.11839007542876069 0.03388030842203128 -0.2704294107063401 0.15216427362552606 0.2524834953885681 -0.12460842644807701 0.20764911497574107 0.2392297914879997 -0.46051570271759074 -0.10813498714500826
0 2 0.060275466977096286 0.062495708080497495 -0.13444286373429148 0.12416098586638812 0.11460970828467258 0.017746061267781776 0.041179601857908026 -0.03486561343630868 -0.19131662812032155 -0.022708683324994552
0 3 0.03788080126736518 0.18288954149299333 -0.23009746644342005 0.27134807287933776 0.24439681332908203 -0.21983816423741348 0.1314227186141739 0.28103890900899126 -0.5816452480214259 -0.17531434848907623
0 4 -0.009239947014856854 0.07817896612800682 -0.03977631251093421 0.17960696902873885 0.058821083832751156 -0.09599262697530639 0.03065747046894913 0.08988380063419235 -0.20078888449287402 -0.08680830292867886
0 5 0.022686441817449506 8.402120042464246E-4 -0.18543331170541158 0.2537179905167143 0.09649779093809688 -0.059229175955632735 0.054460749982443435 0.13264011692448013 -0.40193810781490247 -0.1921406205717812
0 6 -0.058248758907052875 -0.15078641111041 0.4810435640806909 -0.4269011828814998 -0.34712404016213033 0.24261004105160586 -0.12511814010507455 -0.28808108363567414 0.6634869601690836 0.36485983871440447
0 7 0.12682380939726734 0.16025829884645232 -0.27831770430987807 0.18186099523901994 0.06899289485070302 -0.17705021983770278 0.0924491573532857 0.1583719683880852 -0.39064705905179054 -0.10374041842738166
0 8 -2.0074111728250686E-4 0.04959722641084371 -0.08618466697313591 0.07228043142300832 0.025909458940348837 -0.05935163135082712 0.10426663990794173 0.010353274865825973 -0.09212600394981639 -0.0909005158146668
0 9 -0.026489741120283104 -0.06620952144801333 0.0061840631991574024 0.06384591445433782 0.019719451963528478 0.01883241125080009 0.0224192848205432 0.0319613138690154 0.02318150515447865 0.05518633754681666
0 10 0.06794555942431321 -0.05355337037301597 0.023202882746233836 -0.07470488602652232 -0.01981121684881191 0.10988380372755639 0.0657298847788492 -0.05981177305363156 0.13463890028351685 0.09320197780508445
0 11 -0.06752079211438887 0.028020243631827556 0.11619229508546441 -0.07797774337910643 0.06961595205579761 0.07705108441364013 -0.09670058641541401 -0.06920250305168031 0.06751346247030025 0.09952399150131729
0 12 0.07183393227563269 0.036288176548630015 -0.2040949873814189 0.17961920445261892 0.16050072917531977 -0.20132242551855392 0.13860842318452368 0.19602125062474854 -0.3098214923085563 -0.20344046201953975
0 13 0.0021065969988865274 0.09286930540266465 -0.12954326401209576 0.1602986271264978 0.10309994934403814 -0.028129291989233644 -0.038949968141340705 0.0739192610715313 -0.3061455505658374 -0.016257904005328446
0 14 -0.0950185627554205 -0.007926086517204384 0.032164648803297766 0.003009996712867145 -0.08839737603276368 -0.035445292639493114 0.087747085888114 0.0055925519522239744 0.03935518907854576 0.07189449086980297
0 15 -0.03442015476782546 0.030609399176125915 0.02750312791993356 0.014280757860105608 0.12058004355772269 0.013476233651004447 0.09392398017139665 0.03358309090828807 -0.03304137280960123 0.038670501645855164
0 16 0.07671283169898915 -0.04910595201826599 -0.03192368016749665 0.10371120865253229 0.12455384703925966 -0.1029114419323972 0.04128192631275503 0.044358807005299636 -0.18012222272705777 -0.007319850200918407
0 17 0.06739215243391397 -0.09440685751703433 0.0869441843771973 0.09568146983022321 0.08171176107306456 0.035755379357983515 0.06677634955106247 0.008234255260204517 0.040940970449398394 0.005057874852421502
0 18 -0.018511725941822762 -0.012319023568747818 -0.06892103989605551 0.07843978803371678 0.1363459595044592 -0.05151066561491156 0.14764973769526463 0.04726757862869903 -0.2029742211367459 -0.10140967124686374
0 19 0.10432223881771224 0.10407247239891032 -0.10778042272620475 0.0900950493725021 0.12289190953078075 -0.1301127444799794 0.0662575767707351 0.08257624539580102 -0.10709337792027532 -0.014671997454672932
0 20 -0.014235565164280126 -0.04608288054423147 -0.012732567085402297 0.00964138357040274 -0.02207542849092983 0.025834584839996982 0.09147219781629655 0.01889522537133761 -0.18847017918650538 -0.07867250445363205
0 21 -0.026338041123929328 0.031141496133867175 0.03165510747944666 0.0828973284353936 -0.06142890268020257 0.061936973696025535 -0.023065064087845734 -0.038626864463574336 -0.11405180842351424 0.024593701169088596
0 22 0.010740924214447879 -0.03810171824125818 -0.0841337463197365 0.07966044763029388 0.13457866929134085 -0.12965621616216255 -0.035138071385127624 0.10176652181977928 -0.1045210703540806 0.0032477663110101074
0 23 0.08354243582282832 -0.07572076839117386 -0.03552252800350096 -0.12128713672233535 -0.039471170293928326 -0.012720042128658767 0.04391410811448117 0.06831772775307138 0.1293179902234239 0.09029715834686441
0 24 -0.10195243908893971 -0.057145603108713756 0.15279338818093693 -0.18304860811309048 -0.0160921381588714 -0.00978399060543146 0.021281424269433268 -0.1145032847504379 0.05313845200711559 0.1356720347811339
0 25 0.005930561238089008 0.06329592370049736 -0.1324760428552201 0.13241827903151107 0.07230947590298524 -0.030161240806295907 0.12631537753617367 0.08962095707637109 -0.05394276183172396 -0.05352846525917051
0 26 -0.03316500167288246 -0.032688662969643054 0.06393788110521859 0.020212546492514295 -0.11478139604029411 -0.07564320487807596 -0.056085950843364235 -0.03537237201253572 0.07800960588379387 0.09476068770523745
0 27 0.024851638297826384 0.043911009319166666 -0.04708369811198163 0.030482017581984044 0.02432860624712276 -0.08342335820334883 0.027982685538605317 0.026593399692421752 -0.03536177461074916 0.07238911035304724
0 28 -0.004876790621863469 0.059414138028103074 -0.057326210753687976 -0.018621784384749995 -0.030628503860377115 0.05816584604054882 -0.035108956353083566 -0.08951779278061262 -0.11238012705885242 -0.004188306297174095
0 29 0.011869597899968722 0.0624682574301818 -0.011335102356469685 0.07508437932222478 0.0472212483397318 -0.0964919462809023 0.026732325207376024 -0.04047578135958744 -0.14080286999642494 -0.07808051728495007
0 30 -0.01820454400355291 0.08645345441661538 0.008103300533465403 0.04692040997300496 0.050258690698620885 -0.0243445276256427 0.0466926164323272 -0.05494312632383543 -0.09203320538687469 0.06955945419369584
0 31 -0.03889060142283114 0.057678539313291456 -0.03419309361187493 -0.05211039841630551 0.008912747460389834 0.03995202036629654 -0.08126140895917089 -0.08559887824187576 0.05838409212324754 0.09846933587130896
0 32 -0.0068080395054899165 0.04755682058885875 -0.008525402711551892 0.039266981824028144 -0.04956866278447768 0.02071223650033204 0.011985398995940765 -0.05892796697137167 0.025880067875751294 -0.02527770663346153
0 33 -0.0011538985203118628 -0.09248626135930268 0.03695613524573659 9.620690044603628E-4 -0.07460500105984344 -0.031202573337517758 -0.02306769484433558 0.019299962865304998 -0.007319551422996265 0.0241531021040816
0 34 -0.07089627591568433 -0.006593491720913392 -0.02530128925418966 0.039504357954849495 -0.08554991643332488 -0.023606938868400186 0.06713207041932003 0.001765607026604873 -0.08421727507559171 0.050976477806979
0 35 -0.07907083468147333 -0.05746932425188491 0.08249000056595539 0.02529306839288068 -0.011850836426061212 0.0629140540700197 0.006435699715770395 -0.074167885122948 -0.01892598741201226 -0.0804532553686243
0 36 -0.09464589657720719 0.011237003452798846 -0.04234187043433471 -0.030262387327503807 0.07768742821929421 -0.09559206174029299 0.009821430332594222 -0.03542269853750691 -0.003237458924226394 -0.04367926699973853
0 37 0.08006923257458991 0.0674012695562643 0.057258013544160304 -0.04840662434698042 -0.07119523402102103 0.06829277842383295 -0.027593702540794608 0.018319741373391558 0.08685202589867455 0.054935982555000214
0 38 0.07602656198050153 0.019067360389747146 -0.04821345032575155 0.050254576997346125 0.04931474328600423 -0.040620955349264555 -0.07961709055583342 -0.04015232721913022 0.017202851697209937 0.016357125144333108 -0.1599122210381517
1 0 0.13165908491657566
1 1 0.25812052708268446
1 2 -0.8023384544694468
1 3 0.7238584083924393
1 4 0.5572847058780688
1 5 -0.5228383098835868
1 6 0.3182459000643169
1 7 0.5445084217595513
1 8 -1.351445688003614
1 9 -0.5779335982271998
