## LambdaRank
## Epochs = 100
## No. of features = 38
## No. of hidden layers = 1
## Layer 1: 10 neurons
1 2 3 4 5 6 7 8 9 10 11 12 13 14 15 16 17 18 19 20 21 22 23 24 25 26 27 28 29 30 31 32 33 34 35 36 37 38
1
10
0 0 0.07180204595455439 -0.09308503134849658 0.09653567731916213 0.02212829331660521 -0.06951993663737915 -0.004369766414939743 0.07602956803500123 -0.07463012111036395 -0.015168703131661717 0.09409096418121435
0 1 0.031812521677431246 0.05360348218658157 0.017660318735259712 0.09787135875359765 -0.08841114203095027 -0.018512593938224117 -0.05593046130505848 -0.022593701518531475 0.03204757120793796 -0.04573506387369972
0 2 -0.011809936553675326 0.03822069715546735 0.07718642998555471 0.05897976180443375 0.062312861521354956 0.09452912081180423 -0.03411069874912522 0.05269079980653037 0.04103409635614956 0.08887135953828994
0 3 0.02326336285478429 5.457222790684709E-4 0.06522000535586377 0.042229068632652564 -0.012752802056879124 0.02061024557818124 -0.08587742555583638 0.084531592036596 0.006842588811219852 -0.02441611884953182
0 4 0.004153694914669273 -0.06111024852653143 -0.058834160838632035 -0.04580265521711204 0.032233019215935924 2.850423725403874E-4 0.08974480841783004 0.08475740919414647 0.06161779290892594 0.07700785693181623
0 5 -0.04887193809000238 -0.03859129327407055 0.07362046952742045 0.010846110047222576 0.09977321562098948 -0.029529172809904414 -0.06505691836148421 -0.012412600125932935 -0.00983570216700562 0.04915367662173645
0 6 0.03279865998139463 0.08828725116056013 -0.08273568850772393 0.0533097434345532 0.05233293665873014 -0.05373138740564692 0.014293317854016722 -0.041214757887092654 0.07841479187779687 0.09884876274707624
0 7 0.031090437821362706 -0.04521904649464438 0.028493489682598072 0.05419110250508913 -0.06271911970089378 -0.02927804481321984 0.015529312803639806 -0.0992901048458915 0.09162222326337205 -0.0950166605553237
0 8 0.07541866609571209 -0.024010219115760473 -0.039693084864556284 -0.007354330546289652 0.0727813890735566 0.0411496994541427 0.017273859222410787 0.06703292035573553 -0.0701059206107721 -0.08957165733749138
0 9 0.04763326368551828 0.042724877749857254 0.01612530458294086 -0.0367040348611271 0.022641888604093236 0.05530914540852025 0.041777918707594 -0.02612101528376201 -0.05330823618241495 -0.007285868135868078
0 10 -0.06769571269539273 0.04130352647994588 0.033473353261492804 -0.07262140568000977 0.06929832194447907 -0.09486721079985919 0.004569967163516504 -0.07122797104238736 0.00479066561474931 0.0557489481649811
0 11 -0.06686671838036701 0.051675813634488664 0.08751391076753982 0.03712809240269405 0.005301362629616212 -0.08254597790776494 0.062393451495554524 -0.061238226618891334 0.07496115510515151 0.049863174754429807
0 12 -0.06877191967060657 0.009439323818500675 -0.04812955133434839 -0.004529444149111675 0.07185420036596797 0.02988003159788052 0.028771671538638483 -0.08791019887202137 -0.09137056250984263 -0.0625174069976766
0 13 -0.04409612557689495 -0.09122998516475624 -0.012059300864226914 -0.07680333733689564 -0.033294711866809094 -0.06581888619154597 -0.012184157502629318 0.0908592291871189 0.0079527126724721 0.014719799282836324
0 14 -0.046456207419205565 -0.051180355248679 0.09996212562785145 -0.03450673920673688 0.0021059964602841083 0.01731904763013697 0.0783720410341971 -0.07823316615003581 -0.07341538641391744 -0.07909733379515704
0 15 -0.019146970748329904 0.018073236997764752 0.019684547670837618 0.08178978839360565 -0.0830690203401109 -0.0806589873182915 -0.023543055930834302 -0.0025695868034969825 -0.0032968288288029142 0.013685692376994338
0 16 0.023371560327145657 0.04656694723341216 0.08505985445509333 0.013494206035474642 -0.06965153836468978 -0.08284062814731491 0.09673506889736666 0.01637141270988895 -0.05099558995007478 0.04558658810844095
0 17 -0.06229784853794314 0.006080026334837815 0.03754167574462652 -0.059418661544404554 -0.0738188680901027 0.042383646058987624 0.01680836162693771 0.033318643225169246 0.00890089451669666 0.052298161973210494
0 18 -0.0342591445305943 -0.08338864282460191 0.07010289858920192 -0.05049375530712 0.004885436605783924 -0.012508040951129607 0.06529111019104393 -0.08250891900555218 0.03240962949668666 -0.06721113434272873
0 19 -0.016294828944186185 -0.08510206816376642 -0.06029050005387217 0.047870024065328656 -0.005445947292594759 -0.06548881741785263 0.07454804269956644 0.017842684453760638 0.07452302399259444 0.0896445099442888
0 20 -0.003473935245414865 0.09240776687390757 -0.0498909822567302 -0.050857064803958206 -0.085442585792827 -0.046983385803509435 0.0923024657454227 0.06373038795214947 -0.02189140292149621 0.08622195110083279
0 21 0.07490164548406485 -0.0922930913702749 -0.012475440732925044 -0.075907408211889 0.024519380684187554 -0.06546083320495906 0.014240582977780115 0.0015556750323274967 0.037153644992516326 -0.005295912384230012
0 22 -0.023452375579676565 0.07607090319717795 0.09103172900092799 0.07641630911969757 -0.09292189435241868 0.047889863758383104 -0.03852614882187368 -0.057908606332947296 -0.04330207842581728 0.0149842501775758
0 23 -0.0660107252541557 -0.08836446275729248 0.059807287049154556 -0.054423579994303625 -8.746333934174592E-4 -0.09313374341953018 0.09413566702092578 0.09792469030198116 0.02490042717790827 -0.073168038472635
0 24 -0.03084731906505519 0.0015278522534342136 0.013015573531048633 0.02370414089428947 -0.07981304904643634 0.02595802721922878 0.08212291990273993 0.04649739267102869 0.05711736756123813 0.06599381906822535
0 25 -0.08457783584782182 -0.06635119262820781 -0.033005358631421094 -0.007940879680597632 0.009100765725023267 -0.041048573275099025 -0.06820490304448391 -0.0934454865149375 0.0184517631260515 -0.09358982504128804
0 26 0.005172135898815634 -7.484410210272139E-4 -0.0068271204411679545 -0.04013132024205655 0.05236719808377618 -0.026306706678628743 0.07218719154308101 -0.019047529959151443 0.0771689013042612 0.06466450268308133
0 27 -0.07237274998222848 -0.048442754884341604 -0.0282079991813654 -0.04214023996079373 -0.08543537192835313 -0.051547091258208645 0.011694064819533705 0.052898860037840396 -0.09250266875409618 0.0951883258578651
0 28 -0.0870989244199492 -0.0819043065535828 -0.0859206524339132 0.0783405308480924 -0.08375100064118132 0.08091672352424427 -0.04232912774001981 0.09458728666881218 -0.004442441264178085 -0.07445025587041253
0 29 0.0029918049296048525 0.06583344233724592 0.05707695711982588 -0.038445465463158406 -0.08121533490869133 0.013627328701166796 -0.05045551260053833 -0.08594102643248405 -0.050038912067745626 0.08727422453373099
0 30 -0.09122650835193585 0.04012337804061677 0.06653917604399538 -0.01944524176102848 0.050062986573458465 0.05034727407726197 0.05847642135705606 0.014524856735662433 0.09766387700021009 0.03086742609423186
0 31 0.033549499745567174 -0.005595161212013205 0.06923161823826149 0.06089989567203161 -0.06961427770346068 -0.03513935561332039 0.08324362751856788 -0.0892303961954797 -0.010045441984319005 0.021942179136654593
0 32 0.030192163575832667 -0.026825639897687038 0.02074144660179075 -0.08152549328011865 -0.04349254215067445 -0.09600197331488741 -0.06046557786028184 0.054950362087384054 -0.08347676671376544 0.027060424578794994
0 33 0.07945645127176133 0.0824299991287635 0.09973997928805195 -0.060031871840276654 -0.08496239927725095 -0.03493726475635986 -0.08427511681282052 0.01274376079031517 0.015172026240550992 -0.07387710506484199
0 34 0.08814845690466995 0.02041298808213197 -0.011443439470621016 -0.06709997483839537 -0.058534629817021296 0.04405303390088495 -0.00936118018760034 0.03174458036700925 -0.04743808776863333 -0.06577029284029273
0 35 0.05973374757078305 -0.010032616554862681 0.04998039066366223 -0.060480177214090936 -0.04307135467465313 0.00921318218600528 -0.062267649603009595 0.04031850536910231 -0.06669628362650126 -0.052279354636963225
0 36 -0.08455202880600651 0.018474450896733934 0.017316513348687227 0.09491587942392234 0.058772215941782995 0.026334607841340986 -0.09735970765621503 -0.05917620216690353 0.0986222409406441 -0.05029147337512499
0 37 -0.09054913146508026 0.024028090608326065 -0.06058288165838626 0.02408258179865137 -0.08542374880689785 -0.08944905920589082 -0.009652453124438914 0.024407298989897904 -0.040134341059582856 0.005393920194593008
0 38 -0.059343277703389236 -0.02498316345944397 -0.06284208033354675 0.08881303820319975 0.011126255031312987 -0.025578945977817135 -0.028324634821302954 -0.056854302430894614 0.03370179997507186 -0.09129973542875387 0.09175668656825955
1 0 0.0502046532928944
1 1 -0.06896616518497346
1 2 -0.07521603256464074
1 3 -0.005427485797554205
1 4 -0.03234050422906875
1 5 -0.01144540868699565
1 6 -0.08256813883781436
1 7 -0.05230210348963733
1 8 0.09415009617805561
1 9 -0.05509874224662747
