## RankNet
## Epochs = 100
## No. of features = 38
## No. of hidden layers = 1
## Layer 1: 10 neurons
1 2 3 4 5 6 7 8 9 10 11 12 13 14 15 16 17 18 19 20 21 22 23 24 25 26 27 28 29 30 31 32 33 34 35 36 37 38
1
10
0 0 -0.11561807133283718 -0.021589196942735114 -0.1812428772238523 0.1392993447827776 0.0607145010403743 -0.12728515254621256 0.09975231598538191 0.04705239641388365 -0.08681876702515016 -0.15184804848252467
0 1 -0.23236338618280183 -0.21599502195840248 -0.23251371311326485 0.3477295694435298 0.3934040840675792 -0.39986635173735585 0.36284595435788103 0.06129493037779024 -0.09278992331338255 -0.21799282740043394
0 2 0.03408486743706487 -0.10447364651273393 -0.0694802241962374 0.07464007745202174 0.08289622928717581 -0.18063108869510955 0.08902449312127854 0.1287921240121687 0.048730548961611414 -0.07335087810859893
0 3 -0.31478753092922085 -0.2424842079993632 -0.3946334334581712 0.35840198025783826 0.463573886078914 -0.5576648294297497 0.39088910447070013 0.2141163113390824 -0.14241438781510915 -0.34401409393403787
0 4 -0.09135865027313146 -0.171633910784667 -0.11876795254101762 0.1077799490374428 0.27746920048679435 -0.22503911043847008 0.13424534813068234 0.10258945098713093 -0.00163077959898128 -0.009642134058514822
0 5 -0.11666226123931679 -0.08525137176216155 -0.15487082494162713 0.22484856864858 0.3177723276958444 -0.2582807856375876 0.3650077601099534 0.17285126899627065 -0.06723859946142403 -0.22046485043470926
0 6 0.38174084559697824 0.4291489375607397 0.4594297679759271 -0.4849722254460692 -0.7248045587444334 0.6832153094153933 -0.677476348735631 -0.2296910216377629 0.04281739930052484 0.41036999360832055
0 7 -0.28614991301065523 -0.30257041109908783 -0.27220593829233275 0.3603518761046479 0.29760070318854753 -0.2882543505106002 0.34782501211642564 0.13040459958984954 0.023893228577853885 -0.1651970196172606
0 8 -0.12326498920004873 0.02446715828682395 -0.10659172070179163 0.01780013779106952 0.1881114660214135 -0.20808620397514077 0.05774820869044791 -0.02234351103601376 -0.018774895583594832 -0.12906778717074452
0 9 0.03342794269506747 0.06962653352733822 0.0281391780864372 -0.04816905347437771 -0.05973183503194175 0.08494277120248075 0.06657116901376872 -0.038987971596651134 -0.08743345265566861 0.06343171498896169
0 10 0.05837095238006463 -0.06389238407557894 0.08322722630409508 -0.06328866621142157 -0.06943886693594761 0.011369512216846164 -0.009787515340227872 0.08078956722736556 0.09627751584718104 -0.07793596564288198
0 11 0.11884243795155924 0.04829750964808783 -0.03842794714378403 -0.10672250879903174 -0.03252459507943096 -0.009590704131273399 -0.09475863385988516 -0.1108962833508502 -0.0563988249800663 0.06938681037186466
0 12 -0.2177836512079062 -0.1347982438401296 -0.2536868624104276 0.1629602910731072 0.32024296776871986 -0.16861211530839187 0.3037747077638886 0.050546810882762 0.03469148169421338 -0.16491640018469525
0 13 -0.14304732356927524 -0.15141972811937365 -0.07352706037213691 0.10464023521695127 0.2302099997055689 -0.10069406836656362 0.07351771876194561 0.0803127363963315 0.038759543586638426 -0.09843051907638183
0 14 -0.1063778607243085 -0.04771487239887216 0.0010149461258285905 -0.07360847050886027 0.07814534686309202 -0.07990175507959701 0.007366955757376294 -0.04719803866572081 0.010437312834005749 0.028532770902742855
0 15 -0.09063900423011281 -0.0075296021697037 -0.14895301866574814 0.01613648046525493 0.1498469715686291 -0.10266758608102601 0.14078847755066617 0.04635838997912136 -7.591676185115246E-4 -0.11176373819556774
0 16 -0.003299813548940211 -0.0457192536255486 0.032563739744908504 0.1280214997074628 0.04417042417562428 -0.19165132603289392 0.06067151608771169 -0.03140218013061098 0.010992507786197423 -0.0743740470704494
0 17 -0.08514953059775861 0.0014472357495316072 -0.01215172453957512 -0.06504318102914211 -0.06202228574637056 -0.06994257106527653 0.07469599406462651 0.06436757817529529 -0.06128033298770686 -0.08051089882001886
0 18 -0.12728280175161275 -0.023165358033837995 -0.08644514841923999 0.035256147753692894 0.15710669471800928 -0.1724460983023493 0.032996912491499185 0.11085843674307214 -0.06712949071297072 -0.003846474175078166
0 19 -0.0710936473041153 -0.04561093147476275 -0.028991046508989503 0.18515307329302907 0.13924088152743158 -0.14783555224721218 0.09890220505243798 0.047691403305919644 0.01598850657771297 -0.09331092374413184
0 20 -0.12721970217508718 -0.018274718663115194 -0.14640663368748674 0.15551759452684827 0.19463503007231636 -0.06587167290579339 0.14367998177672023 -0.011016462043055756 -0.1011181122260446 0.027209815912432718
0 21 -0.14172359400938708 0.005784529788192675 -0.05705304444852232 0.08856852458975707 0.04082685635319166 -0.07370131499526032 0.14827725149923449 -0.0647895709008452 0.014467094671948845 -0.031458642078937664
0 22 -0.16202758482918092 -0.02731282083413005 -0.1009139345891687 0.06445720322042992 0.16592672420287694 -0.08318758863577107 0.10689876686045915 0.0860546724910589 -0.10322703045229503 -0.17178995825346682
0 23 -0.034111174512350885 0.11832792692605475 0.0816042351876706 -0.15112876672599435 -0.20125268535359414 0.16047554285358057 -0.10181228610155019 -0.1374046027295028 0.01642557460900096 0.04186776058005338
0 24 0.10761538742723796 0.035129375572603046 -0.0016154108187631715 -0.12633298515043212 -0.10607986031315139 0.050298031240723795 -0.12451657660693187 0.012663276938920432 -0.02487370010819455 -0.053148823437410016
0 25 -0.032979928442501305 -0.10517981314241306 -0.0794747272016139 0.08096297819358447 0.18943991924697717 -0.017291943811630232 0.04757782188116004 0.11224031431547292 -0.024137093672278363 -0.10102837719347593
0 26 0.06785172453953454 -0.013957107506815464 -0.02693930041801845 0.031062210587364983 0.05342810692482 -0.07345851064625844 0.09173735746278679 0.03835250944637975 -0.08511205523707137 -0.09071857381974785
0 27 -0.08562059840502513 -0.006249353471350798 -0.03213163207512314 -0.07805703123011842 -0.023012810428966916 -0.001640691558627842 0.03821326520157722 0.06845929376414261 -0.0626274146978212 0.05488948524914987
0 28 -0.01724324109800369 0.016918733736280327 0.01816467107907506 0.09507185332190062 0.031328654031821404 0.06768857017585364 -0.06346296091373319 0.09226082120958491 0.06125754266036869 -0.04796664498222996
0 29 -0.13068855068057172 -0.12319717877409209 -0.11582701349530902 0.11192051105581854 0.1510318499603124 -0.16606917040829014 0.012729773693173829 0.07077285506101037 0.016445918128087766 -0.06707460437037478
0 30 -0.06280890118294603 9.943931198468563E-4 -0.04950158137311718 -0.02414074511117786 0.07660789194939774 0.016839719749634493 -0.017890621741403795 0.029432338396654854 -0.0518225547855702 0.043613369255399666
0 31 0.09608628289639819 -0.08770674569321134 -0.057959506758707285 -0.01844379259130254 0.05223193815541735 -0.06993431524716306 0.03527206443142805 -0.10184515356272544 0.008069321837080895 -0.07657252973991649
0 32 0.022946745543885344 0.04997041700323437 -0.06066554199217509 0.011996292496674995 0.014505979444278033 0.0415729416737839 -0.09711203721380951 0.003842462696419296 0.02980177363937781 -0.028488412565646846
0 33 -0.0569624314790565 0.016441078618123207 -0.08850541739615624 0.017980169065003777 -0.12324135461318056 -0.11516811194489292 -0.10189091558322579 -0.08073515878899615 -0.03992790287264884 -0.028873562146050906
0 34 -0.10907813186045814 4.8267942781656035E-4 0.07677517466717919 0.09656929547007112 0.003610087241235535 -0.11522332967707097 0.07104341817530672 0.06247963451182798 0.09079941652940747 0.020480849674040607
0 35 0.0770473635814998 0.038557390944284134 -0.08147362797332175 0.04936934084721588 0.05196974366632236 -0.10644451876256468 0.08774861935589477 0.057148153153478924 -0.007271543740814525 -0.008025579260002422
0 36 0.054307266278678226 -0.008629002158661222 0.07070009092194722 0.03946712327849023 0.050506718514882996 0.06439219854668317 0.07499572757550894 0.07686089784760704 -0.08515712657185344 -0.06305934664549971
0 37 0.09252605857640962 0.09204448898511344 -0.005810606560923792 -0.04536794821977202 -0.15569531787172644 -0.019945238150030294 -0.12299187858904705 -0.06221945237808012 -0.007456469532292531 0.05809159635863449
0 38 0.04709064448058194 -0.0479566200214336 -0.0854838234621023 -0.02616873847708166 0.007962007521531518 -0.08455789049916992 -0.11880891278276984 -0.08541281587138962 0.004933446529133606 -0.08930360163227864 -0.16642795010803613
1 0 -0.8382068811103637
1 1 -0.7463611998778005
1 2 -0.8754177871204374
1 3 0.869322653619467
1 4 1.2075338237127529
1 5 -1.220391731763415
1 6 1.0573901733139532
1 7 0.39551486451196843
1 8 -0.21792109717986544
1 9 -0.7704839378841166
