## RankNet
## Epochs = 100
## No. of features = 31
## No. of hidden layers = 1
## Layer 1: 10 neurons
1 2 3 4 5 6 7 8 9 10 11 12 13 14 15 16 17 18 19 20 21 22 23 24 25 26 27 28 29 30 31
1
10
0 0 0.14375148401974822 0.033909465888549956 -0.11519717296960033 -0.24825974293977912 0.10490882349462008 -0.1675789071936715 0.10788992648568045 -0.16828653372094174 0.19085375291181952 0.27688750292206027
0 1 -0.11537635427528274 -0.0607451631736241 -0.0034831880113391517 0.16692512172207435 -0.11032007637371445 0.06516617970687434 -0.05771027308388884 0.06402808972320355 -0.0775774210994616 -0.300730736021489
0 2 0.23682855211467335 0.11767018294897753 -0.06297337124036045 -0.36631403926098044 0.27214992145856104 -0.2806661043236757 0.16940857111740884 -0.30067883727762357 0.2644418937806342 0.7098636225438515
0 3 0.3401760102444306 0.10128455178348972 -0.2025851531782689 -0.6311812411606864 0.5813291812156092 -0.6336469695552137 0.2793841293463876 -0.8590359217862736 0.45324898743949205 1.5808518327322112
0 4 0.16309579143955788 0.013607733370479344 -0.02377974746446764 -0.3216141193407522 0.23975631099657374 -0.19954774172759168 0.004675252019357213 -0.38657965930945243 0.15389311566931585 0.6092619841741995
0 5 0.039404688949104615 -0.052753586371266516 -0.10158056637856049 -0.1152897310772792 0.06719396584889291 -0.08619659634962708 -0.07003277030068071 -0.07931261406723189 -0.07490142596180221 0.07829623517911746
0 6 0.0323783829079402 0.06984468080019414 -0.06474227641273142 -0.12957038969845053 -0.027737282865341707 -0.14671373372015536 0.11208237289409663 -0.10379410997324273 -0.01789393934505801 0.20441318578485887
0 7 0.07240933908571458 0.08075348405553136 0.006479819436687703 -0.13400534002637154 0.0944901768900437 -0.22036165833465937 0.10901517401497948 -0.155442081288957 0.11318787827412369 0.3505380547449821
0 8 0.21365016966522593 0.09078029938680374 -0.10216967316153606 -0.24778013501625512 0.19741225915890892 -0.18295087879279393 0.1466163487748897 -0.18146959570031881 0.034733570687741334 0.4077668476228262
0 9 0.05073187929152568 0.06026054653747916 -0.09479925078865976 -0.134347248300269 0.15721095372457983 -0.032606081337514 0.026519102026035798 -0.10686028107659272 0.060254533553088095 0.2851792628543623
0 10 0.16840790110857404 0.08879746916501172 -0.13710157886915986 -0.0531080611846115 0.13430881985191684 -0.1196354207553198 0.12548785014407654 -0.12028945907774083 0.17510599644917732 0.3082513262529695
0 11 0.05556997482085115 0.056307579797645606 -0.09532665827971877 -0.18185930371660536 0.14464452589746202 -0.07055465848659621 -0.05511683216705427 -0.11980546423172898 0.15910640419056848 0.2289824707486699
0 12 -0.06127073321851257 0.04983391707333195 -0.06952872880530969 0.03790255139541056 -0.019738277528633684 0.010103669726594272 0.025940707095240483 0.07814806067708206 0.06362773530902872 -0.10872250700457245
0 13 0.04342318334880173 0.0065313500199532006 0.010285476012623201 -0.14422791139268043 0.18282004767453489 -0.20688313957887783 -0.02376167317471598 -0.25787661684849567 0.0019119536860239697 0.27944029052935215
0 14 -0.43637857193705554 -0.22040816224500104 0.2231092781754111 0.6759817314911498 -0.5419621981886826 0.4761890209493637 -0.33576366925959494 0.7520718631159252 -0.46629872133864375 -1.8101247338513526
0 15 -0.10222906139405714 -0.03899344870468664 0.08643714125655926 0.09594729290948632 -0.12141389153557852 0.04048154262109993 0.027084152449466874 0.072063332239141 -0.19735483286076239 -0.47408751561163354
0 16 2.0386347579580598E-4 -0.034285795503248215 -0.021446977832972558 0.09822707163730722 0.07218310592540611 0.014594586588807749 0.03543864754637806 0.08769897165440856 0.05000033021427682 -0.03754705191347324
0 17 0.021939941265219698 -0.026791775258793032 0.04550375550438886 -0.08909272995867261 0.08402630124851114 0.0038183901598041357 0.05810773644774793 -0.10207368576842536 0.08940618492121327 0.12251887830531244
0 18 -0.006505597020992517 0.13049155837772541 -0.052632788289920386 -0.20908958175808104 0.07658820555630755 -0.09646595717466198 -0.016776284755009835 -0.19335487354043626 0.12039898090972055 0.34772548499895334
0 19 -0.01322266267573359 -0.08382378065930329 0.037901729702217744 0.05292456388240628 -0.10355313345187293 -5.017165670468024E-4 -0.03190348789234646 -0.01317014874511762 -0.020088033001008136 -0.05857942343967913
0 20 0.1120773878673844 0.009483228726376336 -0.04773785052922391 -0.2844227834102184 0.24014008304020978 -0.17850858106788775 0.1665530081271909 -0.1829365526336886 0.23026227709558428 0.5979391001905215
0 21 0.17036186650345092 0.010255780866593964 -0.11720036879806348 -0.1864865402728488 0.11629512633863677 -0.18192432846982587 -0.04745550953342205 -0.21405290725114262 0.08654735100531608 0.3739435342295479
0 22 0.08984778171174267 -0.032168898595516165 -0.12213695398932364 -0.1510616855154667 0.13333629199559557 -0.19735205591386343 0.1722338427579219 -0.1769207522902899 0.10625699280868668 0.5487410167635811
0 23 0.1333041730556395 0.10956355882160307 -0.0029580563835314355 -0.14303929112997166 0.0530579101877321 -0.15424905963868596 0.1301963141263623 -0.04066051437617974 0.058565408645017525 0.21026599914878202
0 24 -0.018277105833193242 0.05678523757011283 0.04259550267735534 0.052491430357772345 -0.1126070404476684 -0.03497996282386084 -0.03825832087761526 0.15638577374046994 -0.13292598980611414 -0.16527869847371254
0 25 0.012108189126205121 0.07221087352046644 -0.0181966696286777 0.07651441970374015 -0.0936089152284326 0.026388083159795867 0.04809768524464984 0.041711146336981926 0.07974304501866003 -0.0015038085706506805
0 26 -0.017614752086708315 -0.08302839656286545 -0.06279528650193285 -0.06358497876898427 -0.10855752627199391 0.03919121300894231 0.04702956816961072 -0.07844466307166124 0.06528828698538904 -0.20527127780477758
0 27 -0.08338188339485415 -0.08301402476936025 -0.04688255354716866 0.06924103326342464 -0.10948418910233171 -0.035841196637788106 -0.029607575635128933 0.12503035948882907 0.05387370254414493 -0.16421559333348082
0 28 -0.0018784505093460988 -0.023953422673565976 0.09864297185703633 0.155964127422523 0.02261677780153298 0.02605587408965864 -0.11568482329851269 -0.02010106112846756 -0.026816958972021167 -0.2157718005928011
0 29 0.02823487143317105 0.02597684025949677 -0.04734770259549268 0.0749082426538698 -0.052720789152776525 -0.0543084672497214 -0.08756460240527174 -0.059349517377458846 0.012434410679069072 -0.04694244246585835
0 30 0.04216571145330643 -0.003897411817589829 -0.029423649782291422 -0.13586079649593058 0.035162337413168945 -0.06516373645185472 -0.08825525948810738 -0.012828002206036655 0.0951337201653189 -0.02447852522349163
0 31 -0.10043056324306446 0.021516875961888247 0.12755813639049607 0.15195415324467165 -0.054132681948859875 0.09597917832332906 0.030260813749237277 0.07140705611846986 -0.03586013967939148 -0.44730861852413134 -0.5476827386439376
1 0 0.5994403925713756
1 1 0.15568721699414276
1 2 -0.5555223085063961
1 3 -1.39564473996398
1 4 0.8812906605750324
1 5 -1.159003685215627
1 6 0.3922008779437132
1 7 -1.505097050263251
1 8 0.705525505270744
1 9 2.7324563465437413
