## ListNet
## Epochs = 1500
## No. of features = 31
1 2 3 4 5 6 7 8 9 10 11 12 13 14 15 16 17 18 19 20 21 22 23 24 25 26 27 28 29 30 31
0
0 0 0.02025546304928047
0 1 -0.08116519038598535
0 2 -0.03963469376139585
0 3 0.08111791242847692
0 4 -0.01814057830421951
0 5 -0.05056207889557318
0 6 -0.05021004432802291
0 7 0.014883360973003768
0 8 0.09651554480390295
0 9 0.0878310519453204
0 10 0.05648324997001693
0 11 0.03171484411946134
0 12 -0.09357950083134674
0 13 0.06319236333516072
0 14 -0.021532342948183653
0 15 0.06562104438034758
0 16 -0.08882586962628192
0 17 0.09471975748234268
0 18 0.0077224910648067396
0 19 -0.029243131059876953
0 20 0.03957905852261363
0 21 0.02913121806051557
0 22 -0.024947519056474774
0 23 0.0778544501491432
0 24 -0.09817221290376664
0 25 0.08974591461744351
0 26 0.013457675363425722
0 27 -0.0030704510448040447
0 28 0.09596390613193483
0 29 0.09888475728614252
0 30 -0.015403032588900514
0 31 -0.05318333953619003
