## RankNet
## Epochs = 100
## No. of features = 31
## No. of hidden layers = 1
## Layer 1: 10 neurons
1 2 3 4 5 6 7 8 9 10 11 12 13 14 15 16 17 18 19 20 21 22 23 24 25 26 27 28 29 30 31
1
10
0 0 -0.28069724686117375 -0.08331799823207456 0.004258556013584061 0.13344534445365336 0.03860575458532536 -0.39868105722523944 -0.47903515450606693 0.13864328615945168 -0.2918272784943382 -0.31888155881073793
0 1 0.11295868053308383 0.038305711026060174 0.08154849550801364 -0.14981422780015474 0.08065096328302762 0.21880045948817642 0.15359069850791832 -0.14036525995549382 0.15419539052996126 0.11721532172886234
0 2 -0.4697011234811306 -6.681940200648562E-4 0.06174970769025021 0.3392532533971585 -0.1338951993980257 -0.8502006889704199 -0.9050560053405774 0.46512555466595784 -0.3632109986276279 -0.49131539032888194
0 3 -1.0418665567307417 -0.15795113836223948 0.23155160342550715 0.6076052319057543 -0.31876780674195604 -1.8844882538571535 -1.963750666915842 0.907826934831351 -1.1011497195019002 -1.002030583638282
0 4 -0.28712847681945053 -0.08864954191578552 -0.012866458881716877 0.1299167753628904 -0.0016321114046080828 -0.7511142279960152 -0.808619881370612 0.33627909594996264 -0.287088098601235 -0.3244643892055817
0 5 -0.1106569018872533 -0.09913465139097252 0.035305240478214255 0.08443537353241813 0.026786998138161176 -0.1270144312761249 -0.1396699909069056 0.16358035042042388 -0.09135026588748654 -0.0203334394223164
0 6 -0.1823395130623258 0.0022057564484549933 -0.07567312809118121 0.05076562214019917 -0.029719510803673306 -0.24978924139817413 -0.20423031396988128 0.020609306918736504 -0.03163965508240206 -0.15358664316281462
0 7 -0.3017696842150467 -0.1026009440571167 0.00228334274442471 0.05080662971268921 -0.11793686188217908 -0.4227335204397833 -0.3330500482749365 0.14314037657848444 -0.16258188496379347 -0.13703368482411987
0 8 -0.341853086817332 -0.051736942833784036 0.10784193147601526 0.08518980434446137 0.007212177384407277 -0.44641784603314866 -0.5568564741280927 0.1641858024158677 -0.24669299594778313 -0.2916274816997417
0 9 -0.14159123088097159 -0.028557625808592026 -0.04756661044121169 -0.01135794913432966 0.0031757290196799998 -0.2868101594470179 -0.23261048535298512 0.12050422633948156 -0.064671350097438 -0.11267723800790018
0 10 -0.1930384635143436 0.02609078831766536 0.09281542161484134 0.02702870949293183 -0.11172333510612462 -0.35388384210139273 -0.354965721428698 0.17989489456227545 -0.23443728922842988 -0.11717702925336416
0 11 -0.19813372062162374 0.04938906330283528 0.06566550611019473 0.14672707041363856 -0.1275776413050405 -0.2153438150088108 -0.3170676469464955 0.11403129249846818 -0.1586871921764193 -0.10268363926646652
0 12 0.06985050932251222 -0.02592671622731985 -0.02537549248272473 0.0015081750703634918 -0.051038906921271845 -0.08349592070911013 0.05815870316105235 -0.0647227513801089 0.027203401813938828 0.04905669432311339
0 13 -0.27499496069900387 0.038460344501175074 -0.026469467404705807 0.19527425922931374 -0.0041059056720298024 -0.31812994959004 -0.43254300373148225 0.1702188480490307 -0.30127894251779314 -0.18850586099335145
0 14 0.8626988626101932 0.18989605595517758 -0.06771841307609747 -0.4871718444572432 0.2662414131914365 1.4647362733087392 1.563700021014508 -0.883443379433963 0.7303992745397109 0.7315720824275759
0 15 0.19737137347436987 0.05658407893748123 -0.019779773343625028 -0.03041175161056962 0.11906515842711153 0.16447550169162314 0.1552582970766011 -0.24463159214654745 0.17146521861531516 0.18953794277702685
0 16 -0.005956211922400837 -0.03408375183084241 0.036316148419169705 -0.09508582562442676 -0.04764719178958629 0.09058585163180115 0.03751390710623736 0.04252108539637595 -0.043281843118401706 0.08303373644036077
0 17 -0.05822891798451266 -0.05679682956659735 0.08162030037569858 -0.04064983714969811 0.032571974566351476 -0.07479150972737655 -0.27444256559890967 0.13352271838973864 -0.12059205350673607 0.013418351489151603
0 18 -0.2742158393679295 0.018236219850932947 0.08972725169532011 0.12760667075144597 -0.03259940136039722 -0.4904650250134718 -0.530773706727689 0.23604118649362693 -0.24928301190838367 -0.12296194713809132
0 19 0.047145276763102636 0.10767006424716849 -0.006002215628224505 -0.05525242574944759 0.012036591797847484 0.07093506095920106 0.10189080058470981 -0.0622962953093203 0.021641098838700062 0.0019686687926972098
0 20 -0.42247029006772324 -0.0041327629594275035 -0.024235469553793083 0.12446455066790357 -0.1326817137295664 -0.5761357847545567 -0.6358244362132801 0.35572046615629094 -0.3830680402356473 -0.26730356072239414
0 21 -0.12071052937452595 -0.13593350267983903 0.009818111809603222 0.19473600946868957 0.02421320120111755 -0.3476656839473044 -0.3509854818403415 0.08594843561305772 -0.1782358988671992 -0.1092538916327384
0 22 -0.3669575945305433 -0.047428619539420985 0.054045253897881264 0.19866069369711506 -0.10012750113742441 -0.6081129603518276 -0.671437050521741 0.27897962545642807 -0.4288137223648546 -0.4131799330408534
0 23 -0.12411397991354134 0.018973425586590865 -0.05172678061359601 0.02613203726264643 -0.022507140816099103 -0.31703517781264756 -0.2958579502995397 0.0630091583239937 -0.07137023840235784 -0.142955649441634
0 24 0.1612813860210397 -0.013006249085025057 0.07879012076378243 0.008450416696777069 0.07829498012657575 0.2249849762407495 0.08004080950293671 -0.12610868499888286 0.05825614949232835 0.06512767343862476
0 25 0.04026516110801115 -0.05557348798673278 0.022023746246151683 0.036674930668483374 -0.010545304316822678 -0.07354011268280466 -0.0028545050717930895 0.06470387642157081 -0.004736118033606364 -0.056234659446735016
0 26 -0.029593122928301192 0.027518725203041845 0.06135683200750586 -0.056637109367584204 0.04694950800306201 -0.2720251205072833 -0.21153299306898735 -0.098355496436419 -0.1198147040273868 -0.07052446346235541
0 27 0.11905883923299757 -0.04459982532615013 -0.08565781705312046 -0.09973026448315742 -0.04650805187164718 0.16315942131110892 -0.022995726777043573 -0.04975738306362784 0.10014556505382045 0.02752358791108108
0 28 0.034180300262228805 0.10112402151306696 0.06625703885630417 -0.028087684148743196 0.081806521431996 0.021537679770165706 0.06487359742481827 -0.027334824423773166 0.09737190592782291 0.11050988632112986
0 29 0.031884578793193355 -0.009076839933363008 -0.0515841507033796 -0.08369263569674956 0.01855121813771488 -0.022606579841742285 -0.07525178483942363 -0.039336118683976413 0.02297792086622888 -0.028879357013855946
0 30 -0.19705171286716186 -0.06266079156368036 0.05032758526145341 0.036418313423658304 -0.11522747022310843 -0.27444033414499486 -0.34279413615185367 0.07417753338840095 -0.11031113832414993 -0.18242745463673582
0 31 -0.09745042832162137 0.04948405755758132 -0.07999940015157513 -0.11592170254311536 0.07797329857804174 -0.12643120534268185 -0.08630318241786135 -0.08834806951530301 -0.08841155902050486 0.028536698808724073 -0.1432953369823186
1 0 -1.742430808884496
1 1 -0.3571055574012266
1 2 0.17453152846702322
1 3 0.9051708367899866
1 4 -0.5412477082642823
1 5 -2.676296785759169
1 6 -2.815032249451308
1 7 1.5161337706369262
1 8 -1.6313589835787228
1 9 -1.591281034706073
