## LambdaRank
## Epochs = 100
## No. of features = 31
## No. of hidden layers = 1
## Layer 1: 10 neurons
1 2 3 4 5 6 7 8 9 10 11 12 13 14 15 16 17 18 19 20 21 22 23 24 25 26 27 28 29 30 31
1
10
0 0 0.07036409558249396 0.019481788806527303 0.07752528259077218 0.043547948448274955 -0.027260232665940853 0.017768799258875784 0.03299831456915145 0.002259959373250174 0.03129682882972604 -0.01911123830666648
0 1 0.07524476474507608 0.018669410023804844 0.015180221426708341 0.00818537342855319 0.02777651433513799 -0.0052073681368779295 -0.09014678029111245 0.037601007903987474 0.06039308809265741 0.038694955388055334
0 2 -0.06656276373260878 -0.020906205370014433 0.08917218875012728 -0.028209267864193806 -0.06051818643926249 0.09872521263261919 -0.07944087218688356 0.02806385536451426 -0.03086317322814026 0.034223780198736384
0 3 0.0034531136296937874 0.0410120297385441 -0.059591919502596374 0.03207983813070155 -0.04326549444876984 -0.07758253414709845 0.02256662999369876 0.003759246882042123 -0.08370171570100417 -0.09887651465304852
0 4 -0.09726533802834224 -0.02111020514607053 -0.01031386426584913 0.07222756536833025 0.019594669727344957 0.010206137587345551 -0.01288440145564793 -0.011756390759605351 0.03274379641380526 -0.03777908900402646
0 5 -0.09630873829700293 -0.05921795168833591 0.06764385636210901 -0.03377187774793136 0.017555613020511354 -0.08439959485420456 -0.05681101462216212 -0.07522892358931157 -0.0999526996565343 0.04892401577315951
0 6 -0.011175247796069515 -0.029128353134267263 -0.024174432192084892 0.08246650742736655 -0.08295793039970745 -0.01474104253069525 -0.05908256222737104 0.06620247577598609 0.09674212602664749 0.09971676331224447
0 7 0.07496344118581454 -0.004725513061483608 -0.05558675708717154 -0.08833541319022868 -0.07672719565045005 -0.09472862232556864 0.019368354073062144 0.0952245575236295 0.005276309880959192 0.06641483912863003
0 8 -0.00848955133372395 0.02333346563762644 -0.08152220268058774 -0.08190635067710138 -0.007677941956683857 -0.08106600111874825 0.009423198176730109 -0.023845650100873608 -0.03180379541918347 0.08021372486585564
0 9 -0.011934339376136164 0.09693364189411735 -0.06847813852209948 0.05369411561597865 0.046907806985932554 0.09532484744054902 -0.030649935370239387 0.020086928982238215 0.038748831145625356 -0.0596018036043375
0 10 0.03650129903440133 5.723543152411966E-4 -0.06602811111961475 -0.05847509245234933 0.08365162513669328 0.06312028035856876 0.06527246557584988 0.08240648437467533 -5.5057424981620445E-6 -0.02863257975257646
0 11 -0.046795682763771745 0.029030707033377803 -0.03454474410928589 0.024238523051671103 -0.06970711018414955 -0.09354787250910995 0.09794095682800967 0.010050634911882482 -0.09012498164751404 0.05118829216639353
0 12 -0.07507516412750431 0.03742884421348949 -0.0791436039860538 0.033400376903057555 0.009381616539013753 0.019164024777601693 0.005247114656035076 -0.05458834614569791 -0.0023907464420165965 -0.004979393793249698
0 13 -0.08963273348884976 0.042027091547399864 -0.08092761722291016 0.059362552145918804 0.0723001586312993 -0.0580079295233738 -0.05912985818340174 -0.032978648140582385 0.07178395218332563 -0.08031911407713545
0 14 0.06278060923872346 -0.003778533653548631 -0.08204964819880735 0.024840888235290213 0.08940923043209892 -0.03940385105569068 0.026345883047139407 -0.05233711430421404 -0.04919481080991738 0.09860524571015412
0 15 0.07969372667221535 -4.464653975866301E-4 0.06891536511487094 0.04612550562808203 0.07922257946243459 -0.021434452650617428 0.04400908462753921 -0.0028708844582643936 0.06470101679372965 0.0864383203689574
0 16 0.0922986886791261 0.09116226306802266 -0.030375252953929538 -0.037735034261493064 -0.09695936949402478 -0.06350118224289009 -0.023641293668892813 0.03200025099314402 0.02608432537117222 0.02249871702146297
0 17 -0.09606806185145983 -0.019555460721774873 -0.0814766136249433 0.049485809842329476 0.0979606956304036 0.04730399313560721 -0.060285240578070526 0.059818022134298425 -0.00890666223921962 0.05633326270886713
0 18 -0.009676678747953704 0.09399508022687639 0.013645384334942107 -0.06909896342039881 0.016937280729555068 -0.03545392118463891 0.06512346491308395 -0.025654648092288887 -0.005238388951508215 0.018259664377584972
0 19 0.024741363261404747 -0.033566442109772124 0.09875173108061483 0.05090507597923433 0.03356456261457477 -0.04195090010939518 -0.0798789220477425 -0.036048159621765746 0.047673080781970946 0.03650532502384026
0 20 0.08608441114574589 0.010238241169740094 -0.06582923619637175 0.07944230906295345 0.08412365001753991 0.06257330247407387 0.08831514409163102 -0.08593007659455407 -0.015440807208580522 0.01669448874787769
0 21 0.07201727504084682 -0.03691545169121063 0.028085185054073772 0.07664292130743308 0.08878054473806624 -0.07716733295672196 -0.09769459925054269 -0.043852536665028946 0.05153452383555208 -0.036897769513250245
0 22 0.09293638962496231 -0.00990277048669895 -0.04585798496778731 0.04551041901258283 -0.0592472738737882 -0.017651976686952064 0.09341297826600575 -0.07682241264141215 0.07879851308834873 0.061981226544671725
0 23 0.07807371038810895 -0.07653155953404744 -0.01431841739593677 -0.07061828806072135 0.08559595051439894 0.07475175649285837 -0.05973686734632544 -0.06537438092805592 -0.04331656058109234 -0.07911531509979784
0 24 0.0015731452551636077 -0.0546146256488968 -0.09764272813817698 -0.07724155388513831 0.041570812441766164 0.04889639137480167 0.03398468406705607 0.051297008335709576 0.0432901076067263 0.023447995150010933
0 25 0.026305544969620148 0.021923076617182832 -0.043200475306645905 -0.07352360227118676 -0.00160605311526837 0.09398311424967803 0.010272866808598064 0.021658289423701668 -0.018431981112954868 -0.07238132602163083
0 26 -0.047153396779011265 -0.03946079636381206 0.08788673802030031 -0.05263266820190328 -7.077402021945936E-4 0.04081806031440939 0.01064541020245439 -0.06790706196070649 0.09005556240088881 0.08825708312257724
0 27 0.06413501832618188 0.09197221834161966 0.06617223387402765 0.029672612940065162 0.05026015160156307 -0.05570470483699377 -0.08872362254580413 0.0487991241066272 0.006029723362715206 -0.03383903124657194
0 28 0.04299147008393983 -0.0694468684226639 -0.08687389965271192 -0.09812070838526543 -0.02259540565413412 0.0010140016523415801 -0.05565799930892701 -0.013205155242714138 -0.072162049900726 0.05064283767734001
0 29 -0.049108214695621016 0.0724964589195426 0.018185710400066824 0.05610370649866406 -0.047811292115029436 -0.032478820470572434 0.016019767238419996 0.012670904302852885 0.04593240085319791 -0.006192916658075268
0 30 0.00627816178262962 -0.07714055971510497 -0.0024579509721828732 -0.019163156133534965 -0.004880887701981366 0.03262316548950506 0.05703468572230387 0.014388685082343559 -0.04755924831537128 -0.08885745161242074
0 31 0.05896141885537535 -0.035428787535867166 -5.785910436137295E-4 0.0658318410403544 0.005434166646406919 0.0902515123743481 0.009513061094106932 -0.047449207013014943 -0.0029804367420217114 -0.049554739642441614 -0.07000984251499122
1 0 0.010371553711593267
1 1 -0.016935473307966693
1 2 0.07184402644634258
1 3 -0.07453080266713945
1 4 0.001690173172391939
1 5 -0.033218402415513215
1 6 -0.047391809523105705
1 7 0.05045424774289113
1 8 0.06385442614555374
1 9 0.06523738801479258
