## ListNet
## Epochs = 1500
## No. of features = 31
1 2 3 4 5 6 7 8 9 10 11 12 13 14 15 16 17 18 19 20 21 22 23 24 25 26 27 28 29 30 31
0
0 0 0.030757969880244464
0 1 0.033382270307671075
0 2 -0.04618614563768906
0 3 -0.06284053545413329
0 4 -0.030922569000954643
0 5 -0.028275512639364363
0 6 -0.09648386155774374
0 7 0.011747063566161803
0 8 0.057940839241789735
0 9 0.08978721082651585
0 10 -0.033966381935428044
0 11 0.07217896917175999
0 12 -0.03981401658622271
0 13 -0.013597676027248177
0 14 -0.08427619049413917
0 15 0.008737589841911884
0 16 -0.0923097153507496
0 17 0.06306058670876791
0 18 -0.0817113134911617
0 19 -0.05486607982117019
0 20 0.011815116801506318
0 21 0.03597598123747947
0 22 0.10054876082476343
0 23 -0.02416827275306582
0 24 0.049673364559775925
0 25 0.047957975509312696
0 26 0.09106901179501095
0 27 0.029898611526858965
0 28 -0.053244075699188605
0 29 -0.05503223450284221
0 30 -0.06765094852410086
0 31 -0.009374427609145641
