## RankNet
## Epochs = 100
## No. of features = 31
## No. of hidden layers = 1
## Layer 1: 10 neurons
1 2 3 4 5 6 7 8 9 10 11 12 13 14 15 16 17 18 19 20 21 22 23 24 25 26 27 28 29 30 31
1
10
0 0 -0.129871096945623 0.3513400105609528 -0.1529435610692661 -0.018300374469451944 -0.43379618949961946 -0.26894253828954384 0.00640355498267833 0.21662822177762908 -0.09480655703703882 -0.28199248583759173
0 1 -0.007357709674798527 -0.3597594906148609 0.005428900090414302 0.0573941895544624 0.2655962536663937 0.1176698494680678 0.07185851578132449 -0.10524695652693324 0.1030663053820249 0.0475424867390182
0 2 -0.18626921928966395 0.8703403114074304 -0.38547013514187567 -0.03201566942273384 -0.7200688959108072 -0.45284006079100114 -0.15026759603345624 0.233751445474468 -0.30417436175418416 -0.3404030590822614
0 3 -0.3957265820596477 1.8517598949453036 -0.7875407356208269 -0.023438166241372346 -1.6493697158852252 -1.1537348269023706 -0.07438832883513856 0.6733824350945874 -0.7446776686516711 -0.8122280790862586
0 4 -0.09113253890602711 0.7378065465344261 -0.21013609956948037 -0.011858332142068233 -0.4880736120191414 -0.3134366212066266 -0.14103341160781468 0.24964787414417972 -0.3953934844886088 -0.35791164974738765
0 5 -0.079672552469319 0.047404459026279544 -0.14382826138458912 0.08006088572812861 -0.20439266618822843 -0.17157699627889147 -0.09693067200146874 0.10490595345359859 0.0027703366970897145 0.025140046720738076
0 6 -0.1203191983561829 0.25683725210345665 -0.1290281502526207 -0.06340732957611514 -0.12803172122885925 -0.1945475924085921 -0.09294006396586835 0.11549302117104988 -0.13465611389587673 -0.15896898079713895
0 7 0.0016314140085905012 0.3380471453685779 -0.24210123760135854 0.030306679314967774 -0.37707193024405106 -0.21396922364117282 0.044163798315432004 0.08934038514513754 -0.2417079591240995 -0.2613728135169368
0 8 -0.08151019896530524 0.5456718031572049 -0.20939389089214971 0.08858717762319536 -0.40085966444594645 -0.3666195791331556 -0.1074492332412069 0.09336560984012798 -0.28943588755603467 -0.23826440365223384
0 9 -0.01738869234560198 0.24157141074833752 -0.05678385105497293 0.03202780624420345 -0.22946797206831454 -0.12363571911633592 -0.021311660012552885 0.05074038582112554 -0.11568708336581776 -0.011551424692818488
0 10 -0.16173225924774853 0.3201159304967763 -0.2354000693656119 0.03356753554440853 -0.27693653776752497 -0.11329506327624556 -0.04396567744561223 0.0070621969517447305 -0.11924563433559202 -0.15727644968995239
0 11 -0.14184699197928222 0.14361968668988498 -0.054872581519074946 0.07150762111864616 -0.28078435483588976 -0.17669136746134045 -0.02282216465051774 0.14362474509338957 -0.035571955880314476 -0.03849070758147497
0 12 -0.07057213913154281 -0.007674174917327376 0.05536333304363823 -0.023042528327589566 -0.06042139794739867 -0.052998261227141644 0.05501577602541525 -0.09311519737502107 0.014458492913420452 -0.06914757630115757
0 13 -0.03352615423946702 0.2714099383425996 -0.2661210591982278 0.005392110984934498 -0.2882778138881237 -0.23445661719107053 -0.11594855350502054 0.09843138207983049 -0.2513569519115002 -0.2564387140129685
0 14 0.29967595543405184 -1.9483594791508336 0.7039857838588209 0.014982243126895568 1.2689524251987314 0.8787883912756522 0.1185873815500256 -0.5227383726779884 0.783650167640508 0.8088570543337423
0 15 0.10619310590884067 -0.399638532615461 -0.0022494606356790424 -0.019216539667036094 0.12673093597127502 0.10031159997301489 0.08508373713539315 -0.19346649460363297 0.03447111151463751 0.006041786622226381
0 16 0.09028660177972976 -0.05318082245961574 0.07381275442689025 0.050001312380764364 -0.06172713545659201 0.047764316676150775 -0.07111802395471674 0.04651456906806131 -0.012785774257894766 -0.019065269481078718
0 17 0.03981353779563368 0.03477993116605543 0.03836515058565582 0.03487906726090946 -0.08962719305279518 -0.04325953303452615 -0.09523512792392937 0.12005961299749869 -0.09813050186919767 -0.12495247151083848
0 18 -0.14148528878440222 0.4706370974502086 -0.24250912126078672 0.07368325993569934 -0.3980080379038486 -0.21680440911659013 0.053890676530166874 0.10315301600706779 -0.10159869206513926 -0.2687680475155464
0 19 0.027613798086512025 -0.1156929420780892 0.09380344465880532 -0.061315368784636476 0.008146231636765216 -0.031021545089236057 -0.029909706570954472 -0.07407756125919325 -0.07016532505271893 -0.0027068805690208856
0 20 -0.06848898687849529 0.6225764579068916 -0.2157386294443834 -0.024863929406078674 -0.47953560980326776 -0.42910551137176306 -0.02936425093673161 0.14946745289647892 -0.28218525838577435 -0.4056142752858669
0 21 -0.1331530793545924 0.41218746357633 -0.06043633017731516 0.04209655341945061 -0.33703622730190136 -0.28694022149907855 -0.08387243629517542 0.07601593569154395 -0.15961911689462963 -0.2512596771471143
0 22 -0.18128756562815804 0.6677923943905236 -0.27023488865756773 -0.09849262100905701 -0.41690399934209715 -0.4397259699398169 -0.061864568555052936 0.14790083306328342 -0.2382100520281537 -0.3418668966695171
0 23 -0.12251508720356442 0.27913816683501325 -0.012664435173501456 0.02975180694511539 -0.2670339761782777 -0.06301269377497865 -0.11495373395987526 0.1024738508134402 -0.14959889992199515 -0.07950761496483537
0 24 -0.015354251098295541 -0.27779562505713734 0.18669830418668534 -0.018381793502212855 0.13917503351622532 0.10832793862359434 -0.045733893848534525 -0.1695299943544177 0.039141860063878084 0.055821824177012806
0 25 -0.01731343523069936 -0.23299307978935363 0.02692052350077146 0.008029632993724112 0.003908924773620615 0.11457050503338416 -0.06696003473778286 -0.11073688526978656 0.025075788667735733 0.057764643638751716
0 26 -0.07104378325291008 -0.07076832994741215 -0.07125944458007533 0.07396951400860716 -0.22317771569289777 -0.08371226636845829 -0.10108723769370452 0.026744590101185885 -0.12172223545901215 -0.0725561750559465
0 27 -0.0070390949282628425 -0.14783714398508316 0.052712903243927176 0.03370516606673168 0.1507457471986206 0.06274291105335024 0.038548058944321825 -0.1284332416233818 0.06378220082814692 -0.005303580884191415
0 28 0.06027206229858607 -0.0653483688210133 0.04346593474635395 -0.09134154905629488 0.14827968777084416 0.16408340330099647 0.019780547878767995 -0.06865362944620651 0.029700774094730684 0.13665020925848026
0 29 0.0472202307438592 -0.12067024316201454 0.006004217410792087 0.07184471852227196 0.013961063968516724 0.09556966542158327 0.009397275819746512 -0.01560090081504309 0.08009987611173634 0.0032838695457722113
0 30 0.011924448713334207 -0.08679208991447258 -0.16985716866981748 0.06751337374968143 -0.11093799273670503 -0.1608270007395286 -0.0709152642444612 0.09012911426723004 -0.10608562307997581 -0.044647459508183586
0 31 0.07450261291247375 -0.48220226522501397 0.09326251566525097 -0.07862396427870705 -0.05944993455425462 6.563252558589635E-4 -0.009320973808280631 -0.04760491249812954 -0.018566918876993684 -0.05988148619101214 -0.3370239309319158
1 0 -0.7653156757607865
1 1 3.097251259195545
1 2 -1.4159818533597353
1 3 -0.1114623772770136
1 4 -2.463429063159407
1 5 -1.8574933489542838
1 6 -0.3785056141796098
1 7 0.9494300715669335
1 8 -1.441784488566608
1 9 -1.566139235505757
