## ListNet
## Epochs = 1500
## No. of features = 31
1 2 3 4 5 6 7 8 9 10 11 12 13 14 15 16 17 18 19 20 21 22 23 24 25 26 27 28 29 30 31
0
0 0 -0.06536564694836397
0 1 0.043301935908247983
0 2 0.05364218834502728
0 3 0.04679700292599668
0 4 0.08070083843828585
0 5 0.0863711718276441
0 6 -0.06900154574299898
0 7 0.03584837768144685
0 8 0.002111374565017634
0 9 -0.06673974807355287
0 10 0.01235633667021952
0 11 -0.08094125700817378
0 12 -0.05068584267442147
0 13 -0.05025915248979598
0 14 -0.0827083436640261
0 15 -0.07510562056561704
0 16 -0.08824063823096015
0 17 0.05905970321486036
0 18 -0.09737326915438124
0 19 -0.01852376785395555
0 20 0.06309718538994255
0 21 -0.09837370207991614
0 22 0.09997724598442885
0 23 0.0724850835416523
0 24 -0.040378545258900264
0 25 0.0929578100249239
0 26 0.023684408837511
0 27 -0.0046478987332102045
0 28 -0.024476820570501105
0 29 0.050780414001039935
0 30 0.04546593304323334
0 31 -0.005955010652542114
