## RankNet
## Epochs = 100
## No. of features = 31
## No. of hidden layers = 1
## Layer 1: 10 neurons
1 2 3 4 5 6 7 8 9 10 11 12 13 14 15 16 17 18 19 20 21 22 23 24 25 26 27 28 29 30 31
1
10
0 0 -0.16037589581408643 -0.04750382607248668 0.1895360795356836 0.009719821184159939 0.272171672879116 0.010098357669586281 0.16139407049431617 -0.22533736818188843 0.10023069417019766 -0.15665156217826312
0 1 0.16905465986321694 0.09904816888123662 -0.07054535342757703 0.0263070491997147 -0.09680158541230302 0.025934499549725192 -9.250893817129338E-4 0.017373123145390672 -0.17932280021446684 0.017378561610523677
0 2 -0.4030161430290115 -0.07304750380956736 0.2551775924079203 -0.13515923387655665 0.5460363475366006 -0.08827012609883966 0.18941743904198577 -0.3461478226404427 0.21768672341545472 -0.1934650273917182
0 3 -0.7461422936282737 -0.09070542767994134 0.7854451548493562 -0.01840636240873756 1.0550342014459897 -0.23708862719621068 0.37039787881183356 -0.6073221974463432 0.7830884373718962 -0.38075531290734016
0 4 -0.19481055689031132 0.0393073700357085 0.3384780389865963 -0.11888463615331392 0.39588450743203457 0.011482151932821802 0.17435165167470393 -0.350002262901517 0.24624791411214988 -0.0989945417062447
0 5 -0.015256674294634877 -0.03621006404502101 -0.004576615868857002 0.04954768182919563 0.142036713364329 -0.05214964091403696 0.04862757174448619 -0.026216613208743644 0.11784486431720449 -0.005619097280919966
0 6 -0.07643391181822345 0.035853419440864495 0.01592958598551175 0.05158901261716757 0.13652586705173478 0.01656988448238633 0.12597142906957035 0.02733151855295878 -0.02228479427477595 -0.041238826011802475
0 7 -0.2609897711979512 0.009219500935738834 0.12018248326317213 -0.12308773888085316 0.2878460396154452 0.029726999220641995 -0.012393534081270651 -0.09410892245467352 0.08199917332020733 -0.17290946990188177
0 8 -0.25145760015713514 -0.11694894207287675 0.24475634217883083 -0.03848609431940997 0.30341696055471745 0.036852787807535974 0.07277924195261977 -0.12140711486657862 0.21711973381184857 -0.19299984195662614
0 9 -0.15668237320533646 0.004740146873168929 0.09027093735039737 -0.015134537783934723 0.16292695098221482 -0.08653612458834035 0.01260333092612352 -0.10325992897390449 0.08509925531984429 -0.05508314894235576
0 10 -0.05259334661842378 -0.10886696242155211 0.23551185724559343 -0.009124242870100848 0.2597159884554104 0.011325066961247604 0.09565480355597565 -0.11252440851142333 0.15785636732819178 -0.13060743528574897
0 11 -0.12008068582691778 0.060148254860835665 0.05737014976729254 -0.03489770238549296 0.2139798314982667 -0.07485459884631317 0.04324532643881106 -0.16703193939059843 0.05418071810553868 -0.1350107179985676
0 12 -0.08531200364026646 -0.047710363379982 -0.06673919588344496 -0.08281391160806792 -0.06825141332385365 0.0716367693258916 -0.01692061044423653 0.03626944757997465 -0.11286364809590589 0.004993646693161859
0 13 -0.1817308381769833 -0.03374507878960181 0.18041904063447944 0.019632314241792244 0.29004056667097594 -0.03923541944130158 0.0060564598935301875 -0.03917292332716745 0.19137596298651324 -0.1218582567265147
0 14 0.5802386549625748 0.1960585653214951 -0.7915259152668371 0.131877190603725 -1.192461459635823 0.2668609199861212 -0.35565696053686335 0.4694348568494835 -0.7081682893692389 0.37888783105066487
0 15 0.13261070190283952 -0.07294956484460052 -0.22927164491354604 0.0124761453012194 -0.28418924539086476 -0.02444767779478368 -0.14412728274417133 -1.1097447410665485E-4 -0.1468777252046685 -0.006944087529413738
0 16 -0.01792712855451412 -0.017303185710848015 -0.029389723268752204 -0.06424180293846896 -0.14756020869321484 0.030642928478200507 0.016118877163519348 -0.04129986938260351 -0.01684925875209086 0.09997672627305772
0 17 -0.0310981644489779 0.021752808055113003 0.07974032924236751 0.05433921095237468 0.18000054990892683 -0.051603278325484794 0.07908105820786732 -0.06612245064340351 0.151670744673948 -0.09693860160219173
0 18 -0.17474011722729738 0.06647876903685168 0.12523272407054892 0.07297273551062711 0.1747009970109175 0.005423164138958939 0.05962837723176309 -0.2003660960066202 0.1103396519852663 -0.16609303222436672
0 19 0.04119632276710616 -0.05167988954994983 -0.16265624310333784 0.026911264661360505 -0.0833761981985254 -9.926605023813484E-4 0.03626167710089723 0.13754001865147802 -0.02735015027258036 -0.028382862568648155
0 20 -0.19945025936307462 -0.078482743412291 0.22452455525864934 -0.08016263954495448 0.4545194962581652 -0.06029455271404135 0.11944082217712336 -0.3198978759483402 0.23123422849214273 -0.21016421351606415
0 21 -0.10087101753068574 -0.08497956486144129 0.06488546462060374 0.07260678669160892 0.22726812329989893 0.030382172733423526 0.13275598126567825 -0.2207110736767706 0.11315923472938953 -0.07958214737950947
0 22 -0.31675243543885734 0.023056102484332684 0.3373445467216759 0.03527409121576292 0.3826718908280972 -0.1611878418621012 0.18128557415409033 -0.1277299655439839 0.2384987667489612 -0.05099300999927355
0 23 -0.03627189948310063 -0.030531560574191447 0.030225564674142537 -0.011087427451035182 0.08423989341390667 0.03356995667871547 0.08231847859647438 -0.04827821761460658 0.039670719472879874 -0.08124666762997641
0 24 0.16477919669796223 0.09101535169520866 -0.03350532735969217 -0.06282130160219647 -0.1651373118414608 -0.060390824382955906 -0.1299669994980672 0.15143082511062836 -0.01473223460352902 0.027910908903130673
0 25 -0.020097293488618568 -0.02562037085070073 -0.035479822920341283 -0.04317936755053148 -0.046555333634850815 -0.04180094479712354 0.048402995547297434 -0.0726293088817883 0.03991800333699988 -0.04289010374096139
0 26 -0.03939405071722386 -0.0810033176013048 -0.03425952831483619 -0.0757282669336563 -0.07881826372938466 -0.028058880382129746 -0.0023402779697497805 -0.12669568079439467 0.04995019079087092 0.06582384182014353
0 27 0.01714450116205351 4.3637515947279046E-4 -0.1351977469883492 0.038716178578335425 -0.07151058580540133 0.02816033534590915 0.018332418229971045 0.0919338846389121 0.04290102262972088 -0.032205095616288516
0 28 0.14201582798624346 0.009972949610896445 -0.07738144879132959 -0.0818099701378646 -0.04957910123787882 0.09360431185842746 0.06305027996968397 0.12481260111650862 -0.024064532610140646 -0.00434948515743506
0 29 -0.06013061393015098 -0.03491241090702642 -0.06812241886602931 -0.08672422030247354 -0.08632762522377407 0.036826489752564806 0.035258317174871615 0.07143594467998363 -0.0814800534973926 -0.01526773158236913
0 30 -0.13328624355476498 -0.08995708644096155 -0.08933117373690141 -0.08789902782273758 -0.023206231500598612 -0.1072346742306338 0.03957217437009945 -0.07030672591183267 0.09982171686197096 0.05715558322570657
0 31 0.014411126058486903 0.034763781373530575 -0.17558322580321645 -0.02893623645135474 -0.19544606147559704 -0.059074556490509605 -0.022961039758053112 0.05679071916306854 -0.1752291822548423 0.104664780191542 -0.3078279696157077
1 0 -1.3272057734603506
1 1 -0.3388085949938778
1 2 1.258428293247339
1 3 -0.26627545933980795
1 4 1.9038069127829669
1 5 -0.46620201365530545
1 6 0.5543287298297537
1 7 -1.1596473001546954
1 8 1.1404242115466767
1 9 -0.8488615643802544
