## ListNet
## Epochs = 1500
## No. of features = 31
1 2 3 4 5 6 7 8 9 10 11 12 13 14 15 16 17 18 19 20 21 22 23 24 25 26 27 28 29 30 31
0
0 0 -0.06226609834925006
0 1 0.08565805979747554
0 2 -0.05055149995681907
0 3 0.05832370287069125
0 4 0.09604490105334676
0 5 0.029879911646523
0 6 0.09487736535398457
0 7 0.09244702152361703
0 8 -0.09032362460067006
0 9 -0.004036709754288872
0 10 -0.023073392851171524
0 11 -0.043630068076454136
0 12 0.03374944537251208
0 13 -0.07735904973092561
0 14 0.032676655043999185
0 15 0.04043543572311647
0 16 0.07337223422745806
0 17 0.09216878533901068
0 18 0.024467636039650256
0 19 -0.013262616758877908
0 20 0.08631255069589475
0 21 -0.08426991901958845
0 22 -0.014503756561291182
0 23 -0.046467575961510195
0 24 -0.05745999588687651
0 25 3.028538403726567E-4
0 26 0.05986418608752089
0 27 -0.06649866830051383
0 28 -0.0664657483910597
0 29 -0.008050429386752695
0 30 -0.07139596898181307
0 31 -0.0725439265370369
