## ListNet
## Epochs = 1500
## No. of features = 31
1 2 3 4 5 6 7 8 9 10 11 12 13 14 15 16 17 18 19 20 21 22 23 24 25 26 27 28 29 30 31
0
0 0 -0.09200748171906345
0 1 -0.014132249808466127
0 2 0.019177535676727905
0 3 -0.012662973502623024
0 4 -0.03793236130336069
0 5 -0.02848834204174732
0 6 -0.04903893150429605
0 7 0.07127566408802136
0 8 -0.049529433168439004
0 9 -0.024976507215066297
0 10 0.06295946549919275
0 11 0.0025601126512051287
0 12 -0.04939053938563967
0 13 0.039581066600295485
0 14 0.07334828244841934
0 15 0.004265305145795783
0 16 0.06451238120289647
0 17 0.03833879450364297
0 18 -0.03438349859151917
0 19 -0.04578018402180673
0 20 0.05291552612876841
0 21 0.08648655193306956
0 22 -0.0021325565581177637
0 23 0.0027172408024904336
0 24 -0.04023311390592174
0 25 -0.08998304115675679
0 26 -0.07484629019045477
0 27 -0.04817281826090672
0 28 0.06313806809644089
0 29 -0.07955110557018598
0 30 -0.025987529623204938
0 31 0.07630328834056854
