## RankNet
## Epochs = 100
## No. of features = 31
## No. of hidden layers = 1
## Layer 1: 10 neurons
1 2 3 4 5 6 7 8 9 10 11 12 13 14 15 16 17 18 19 20 21 22 23 24 25 26 27 28 29 30 31
1
10
0 0 0.18878822236447534 0.19311755692323493 0.16029401030686094 -0.03528726303590355 -0.016736425990271697 -0.3381042896479888 0.018655563718456485 -0.22414642906872537 0.08483995639297796 0.21583631706482032
0 1 -0.26385197812228883 -0.17908569871338362 -0.05905621489253128 0.09992761153124313 -0.061729390922990054 0.06865036052429387 -0.01538343281096652 0.1922230719581418 -0.01730988043781966 -0.21062232299167336
0 2 0.5221793639368871 0.5405834134351596 0.22766739552811524 -0.1732143502737417 0.06694988096012609 -0.4129705421689095 0.018584951946424646 -0.352643512264559 0.2646066775846564 0.2704175899617449
0 3 1.155702133754909 1.1528278383809922 0.42865097977159466 -0.42826906763073236 0.07075523631298784 -1.1380415899637102 -0.060822112080760826 -1.0316859370493776 0.4508679283653512 0.8076560129375246
0 4 0.35428943668018625 0.49608517132224556 0.18164938973471553 -0.20453745174276564 -0.056539754875607 -0.46097148949970973 0.05182427990882258 -0.41708652446458416 0.12335532494415881 0.23871671408214148
0 5 0.03262467176009094 0.16087570938753581 0.009100653417402977 -0.08277539833362822 -0.04515531185429707 -0.10768591965292872 0.028797762537232353 -0.12881200411712193 0.05629957696384716 0.15206184501148112
0 6 0.1440534355639601 0.169509501783901 0.08590454014209702 -0.05044029709541635 0.08765512113901842 -0.08859389112552565 -0.021826160297377238 -0.166185478263499 0.11888045266607235 0.031078280254460924
0 7 0.30705702277412983 0.3269649178600812 0.15234412417256082 -0.03187419491005426 -0.00642406383115824 -0.3082082020663565 -0.020304951264141557 -0.17150147061513205 0.09376593180349883 0.21155160295231973
0 8 0.3015802827816303 0.37532371407515486 0.07348914962896873 -0.09287690096645167 -0.04991932552558027 -0.3440309922141359 -0.015017365727119527 -0.17399585195202333 0.008687989168345258 0.24767714680255584
0 9 0.2356058228651515 0.230166577589859 0.054718000866198234 -0.10672255286104516 0.10706452424763215 -0.08603401301222605 -0.010274878492306376 -0.08205506363388465 0.12308568838791951 0.14404264768251865
0 10 0.29302234356789714 0.1942626473096302 0.09129847130343768 0.01825811169558945 0.025413632768432892 -0.3046987840791525 0.061024612917090416 -0.15042186183197023 0.16839736577774833 0.1552998082731266
0 11 0.05038732777402084 0.030200406190819772 0.10723807778021409 -0.14840110395639475 0.059831725612219507 -0.27369686964260803 -0.016461110232239718 -0.14436124374277778 -0.026152042775338953 0.12293596214658276
0 12 -0.023535003554026757 -0.04176345113262168 0.036206442434043355 -0.0904334798917913 0.056320166935986044 -0.03764251385033129 -0.09437090297693256 -0.04609284112109777 0.05626186770140555 0.04249370932781983
0 13 0.29637574798840954 0.14686979334333242 0.14036319070386186 -0.18041482969945308 -0.05425436732841765 -0.2919815582541646 -0.0534637328716519 -0.18298372710879518 0.09731684557749883 0.2394258614178743
0 14 -1.203653837539366 -1.2867921055009788 -0.39516824210597157 0.3434529118804133 0.009336349202246777 1.0802985175838773 0.024336647779848595 0.9826595675453025 -0.5335284064621904 -1.0007410191956458
0 15 -0.3010259880289384 -0.21224359676358928 -0.08192594057144574 0.07278134017987191 -0.09553723659184103 0.18686471804181384 0.07702663907765035 0.1698570026885296 -0.07612102133643439 -0.10136732204997463
0 16 -0.13576300863084903 -0.08331024223873185 0.0717870017073038 0.04371211350320448 0.09178874358295605 0.031444400225530765 0.04255738771365923 -0.023236228638687795 0.010138130457143648 -0.12034345060485513
0 17 0.15833961368469354 -0.021654365136362364 0.03272176093829746 -0.07666187792047305 0.04693949856582044 -0.15745719776674674 0.056928158168052585 -0.062199683197681384 0.08215794563577139 0.014316863315313514
0 18 0.3273045218360142 0.27518953262816864 0.020375857712340937 -0.11167240121495563 -0.046695621349836645 -0.184571751831407 0.07028441431274764 -0.3077869950933851 0.14927396925391329 0.11088687383246722
0 19 -0.20430243186225144 -0.15706002206805614 0.032966229733615855 0.10702460500247388 -0.0777895884692238 0.044913995136637914 0.06696066352280489 0.12536111218577828 -0.09470552776649423 -0.1547341683378715
0 20 0.3030461090642037 0.40017422219178145 0.14240966458128893 -0.16866188665705142 0.04527388002959216 -0.40009006517886914 0.021218237975766604 -0.34408421102197234 0.06408599625989565 0.27936611130014694
0 21 0.114749160543605 0.12803775791952446 -0.016104101933474703 -0.0050780787397841955 0.008171875366680945 -0.14486502968033813 -0.06842878368850519 -0.12066505037654805 0.1105013145938597 0.16488588292509565
0 22 0.41485933773223815 0.36057706660006655 0.0962499501652067 -0.2235700259291715 0.07390985628033732 -0.4404234120927367 -0.033095507980831655 -0.364899394710125 0.19059657113368558 0.33009975183183043
0 23 0.08342754261695422 0.18946228049526526 0.12125231562298495 -0.1280631094819029 0.016344028678016605 -0.209666006001865 -0.10106426788723939 -0.167471035435632 0.07905125643411923 0.12261473607463792
0 24 -0.07806773614836159 -0.22119934287519954 -0.14385189801929052 0.07201283592750095 -0.05635832666633409 0.21588959201782346 0.001864861874065593 0.10824695800623471 -0.003723579173314729 -0.15688641696714833
0 25 -0.1282511776744651 -0.05541645110617887 -0.07628388178877202 0.021374088317313276 -0.08520158849418914 0.07183696741616166 0.08275665133584416 -0.003850897633069754 0.022185927958684418 -0.17416264304727821
0 26 -0.049347801950217776 -0.08053990423706783 -0.0030568861749148105 0.022288382832134263 0.049913527851411094 -0.11777862833466819 0.035985667984954756 -0.19685553145455528 0.010573844562937454 0.0023105625812202438
0 27 -0.15156273703055753 -0.20221362318209504 -0.024802679002122238 -0.040118411151929545 0.0769170820713595 0.027855147006084643 0.03942204115593498 0.16782173254794489 0.01936946313199458 -0.031861817586117135
0 28 -0.13256959780226754 -0.1489412051779848 0.02973446330801071 0.11408960998491825 0.06553344371353653 0.18848340957273582 -0.02437062349379946 0.009839120339252756 0.010390915210211871 -0.12438621680329556
0 29 2.217803507890704E-4 -0.09389562821153713 -0.04243340825274441 0.027544391982436345 0.07841339775543658 -0.03292448956551285 -0.06329393198512291 0.09576278054445017 0.04577556518852252 -0.07343386367550729
0 30 -0.09022955292169535 0.006620768601235881 -0.05952737962484823 0.04645532701720627 0.030125318849191306 -0.13367800911750963 0.014839084397239754 -0.12515187031646383 0.10032828471025498 0.007157348389793334
0 31 -0.20961563042852882 -0.3033055752581625 -0.14709901555998736 0.08000696935929527 -0.05728579971221791 0.15673260718919774 0.10228121394633455 0.04071927943731864 -0.025976269312363815 -0.2839600703240846 -0.5540935115306956
1 0 1.8815026214032202
1 1 1.9448726743652247
1 2 0.5915645116559017
1 3 -0.9179710272194742
1 4 -0.08679698336571424
1 5 -2.1074583974009853
1 6 -0.24289622382770715
1 7 -1.8610876317828065
1 8 0.6607558943741987
1 9 1.3976029955509472
