## ListNet
## Epochs = 1500
## No. of features = 31
1 2 3 4 5 6 7 8 9 10 11 12 13 14 15 16 17 18 19 20 21 22 23 24 25 26 27 28 29 30 31
0
0 0 -0.034649459243393924
0 1 0.020227681418969936
0 2 -0.05324471743355306
0 3 -0.07689515887085119
0 4 -0.04409308586322319
0 5 0.051476676124911434
0 6 0.0657744618672506
0 7 0.09656290539137757
0 8 -0.07738542392898264
0 9 -0.09766978512463088
0 10 0.01244205270787021
0 11 -0.07965602031295245
0 12 -0.0076859844292321575
0 13 -0.013499705270060584
0 14 -0.08219703881860284
0 15 0.005870358597748155
0 16 0.06117664475196668
0 17 -0.049334896535763874
0 18 0.08520542512292938
0 19 -0.028223191494670632
0 20 -0.05941726201759037
0 21 -0.030646944069120538
0 22 -0.08217094367029576
0 23 -0.09781268083717327
0 24 0.04939128676951207
0 25 -0.040660126270292495
0 26 -0.03291279468691787
0 27 -0.0975257402300825
0 28 0.021266958103699628
0 29 0.023645801786153768
0 30 -0.08999121424127904
0 31 -0.03342197462916374
