## LambdaRank
## Epochs = 100
## No. of features = 31
## No. of hidden layers = 1
## Layer 1: 10 neurons
1 2 3 4 5 6 7 8 9 10 11 12 13 14 15 16 17 18 19 20 21 22 23 24 25 26 27 28 29 30 31
1
10
0 0 -0.05196190072696306 -0.029916497938078532 2.140118133744671E-4 -0.0944252595534703 -0.026671204275593063 -0.017337530772707086 -0.022172639362073965 -0.041364555158524455 -0.08141982909936424 0.008492436137724857
0 1 0.03039726343033942 -0.018590655982494545 -0.09761358997838891 -0.04552542055181042 -0.03132369707829577 -0.0393956289160596 0.014182841627639008 0.050056327397986905 -0.0550985926522167 0.04991017106712571
0 2 0.061929490003813474 0.03704753034187446 -0.08081000993213887 -0.04517068037826823 0.06034981940932194 0.03822389235353519 0.08978934340277182 0.09850781729330875 -0.017582160493573345 -0.031832454416986504
0 3 0.07411749922958516 -0.07504422797448597 0.06311292297233528 0.046186270735594795 -0.01102258498581951 -0.07860475548135983 0.04732861742420101 0.015657614912595125 0.06495197301153458 -0.05102492528888703
0 4 0.06143856588067311 -0.02066736971663263 -0.09136683304435311 0.0010810018011948761 -0.0678418364705403 0.03457921908703676 0.0020146693486052087 -0.09410839949941005 -0.0818728506062121 0.03474525389958437
0 5 -0.09289810859160552 -0.07013517546188068 -0.012121378701502365 -0.00876530954596242 0.052174184734548726 0.09378310271420645 0.05022608488455939 9.741622148445918E-4 0.04118555626142155 0.05956007356666379
0 6 -0.09829611849163097 0.09998438831394635 0.08578081535324221 0.08975797670090731 -0.03624208153437364 0.06355862276293424 0.02417586836007951 0.06574714874865344 0.06061066695708434 -0.013648603751400671
0 7 0.032249910947618886 -0.02765713457721942 -0.07156246396201191 0.011460416775855934 0.08750007925561289 -0.06229108112722013 -0.04523003327773416 0.040023657017855 -0.0389240711924155 -0.07470733039134998
0 8 -0.005068829694543036 0.08020438029774557 0.021567032344071677 -0.0047135398387529925 -0.0975724455422271 0.06479954652416148 -0.09166692492213462 0.006856486510546094 -0.0852780408381484 -0.035050497098100715
0 9 0.061356781089112154 0.05903247283768312 -0.09327970716486075 0.0041600964578197884 0.08010649380306377 0.0036609630354669663 0.08396497887642278 -0.05289581601230462 -0.0442917755956917 0.05325143554126884
0 10 0.08949212101965445 0.0442843568422262 0.015993855341155532 0.012183573616586873 8.018358997882084E-4 -0.04573968697926547 -0.09736196324283394 -0.07537448046442356 -0.09875118718417338 -0.09058798884111498
0 11 0.03785014247373503 0.06637682825658077 0.013056617470579212 -0.09310195013058455 -0.04861587911294036 -0.06689671513789891 -0.012254090653401531 -0.05644707286802239 -0.059724881829298776 -0.07317864596639456
0 12 0.060403554007588484 -0.07598824590646003 -0.08443148573400552 0.08554389981704974 0.024298094945339476 0.046919054109209254 -0.04799494279047236 0.0015620090559152495 -0.07848347571933977 -0.03013135541846355
0 13 0.09745623284879827 0.03608250507804964 0.03527838914006769 -0.01703570842192402 0.033605811910024874 -0.03611584220508869 0.021518065678209672 -0.060921444692038564 -0.09671681997422427 0.09317523741662509
0 14 -0.03477579888268365 -0.010273517808447343 0.09360325781180004 0.08126678353594852 0.03776512477745196 -0.08767550007877255 -0.07499431317588225 0.0648279473200171 -0.091857062067188 -0.006797545456142349
0 15 -0.05972121688007848 -0.02754511367746695 0.08769206209251687 -0.009768567307043128 -0.054526445098265146 -0.07054598449019409 0.004636889222692799 -0.03691222946668917 -0.037503289760165336 -0.016209670345871105
0 16 0.019022407962706628 -0.012335786736563582 0.05649463810636611 0.03277778095781359 0.08583323761157664 -0.03956298152856867 0.044014623275482966 -0.06362639172150837 0.03841494622957152 -0.05398023909633764
0 17 0.06532727891156756 0.005757758923460286 0.08648939589972794 0.07120047608383769 -0.09741333832508774 -0.031615615594315236 -0.04391773839056762 0.004098972541881171 -0.08306207042246605 -0.09026913123429109
0 18 -0.08466076472063305 -0.0947539583044379 0.016501264661756578 -0.05516660209454677 -0.007862462346299264 -0.022488167528906148 -0.09493265966812714 -0.008355153689120385 0.09108834956397449 0.004169167686804507
0 19 0.013654918381188498 -0.06388151424720977 -0.024611876751026145 0.0987421557740332 0.09158799073891391 -0.03673232534383463 -0.04882005818556693 0.06433264479209773 0.08893604386656247 -0.05833980140762984
0 20 -0.062360115309703715 -0.09381435788506846 -0.01861190288949432 0.022964634447432308 0.028566163507245636 -0.07140151015116218 -0.05927885152145411 -0.02786939116138117 0.08421411145049258 0.05205963030779089
0 21 -0.04958078728420657 0.03240545050082363 0.04729299911407039 0.06415219700884464 0.08009877906298796 0.021049143511450902 -0.02672145602063307 -0.07514020064770971 0.0023946004398551716 -0.0012128356741876512
0 22 -0.06105050909946856 0.04046194307862353 0.04318088520084402 -0.004991662708272703 -0.05161508405401919 -0.07650108306659091 -0.04553543827689115 -0.09270295692476335 -0.009942396082839741 0.06002643152572224
0 23 -0.058807712198051414 0.07519664947782266 -0.00940392662261439 0.05839678708433055 -0.06441711305614949 0.08189063112656832 0.016630121533523723 -0.0377033928387648 0.05529525111244777 0.0018789366827844768
0 24 0.07951707712691525 0.0791308683108941 0.08372400998665339 0.016610783555642463 0.06552292137264445 -0.057839944645535595 -0.05425125517101543 0.024380441334137 -0.07651977239787044 0.0032327767915142085
0 25 -0.06632659846970217 0.0292282347293882 0.014557761217625961 0.06460343794738775 0.0046678799368088525 -0.02983931455249394 0.03670680120512986 0.05198306811256643 0.034601292903102605 -0.09762986365959586
0 26 -0.01649147975742485 0.008411495287180416 0.08406822849110618 -0.07747000521385593 -0.024612589277010377 0.09701214482435712 0.08475689981485436 0.07945946574766201 -0.05186055364107333 -0.053515099566432
0 27 8.135984101499956E-5 0.05499402556187658 -0.024041198560989147 0.0642622669937348 0.09005053431844125 0.06822710434402537 -9.872752864015234E-5 0.07675760529618708 0.05008338282058952 -0.07795758233596906
0 28 0.002433585991623825 0.04155293061545027 0.013048077769533754 -0.045453705301448315 0.0013090606715489138 0.01280835112928367 0.023124865343608775 0.0691383071699337 0.06420502613899452 -0.006382645414523917
0 29 -0.07369127202445797 0.027326832794670117 -0.08544563506471839 0.02567000358328097 0.05123837848268334 -0.07863536724557933 0.031166071576239237 -0.01730894821035255 0.04263349266485263 0.029823057096941923
0 30 -0.07053760311710804 0.011651219912914384 -0.044064024559573006 0.03125880828117692 0.015462963736730444 0.036203379299670206 -0.0564628649101814 0.0012605426029239713 -0.05746868529171261 -0.0639922293807947
0 31 -0.05893664522317055 -0.07686926309233158 -0.02699052609566175 0.08757519873584466 -0.03670022168906981 0.009103877130503181 -0.043880889004680707 0.009104998415619354 -0.004000238694469019 -0.09783743168601979 -0.013552176766097358
1 0 0.06466339528560569
1 1 -0.012531518936157345
1 2 -0.07397288829088325
1 3 0.07385806739330328
1 4 0.07503714412450618
1 5 0.0958835035562515
1 6 -0.07276786863803941
1 7 0.05400958657264721
1 8 0.029995793476700987
1 9 -0.029749553650617395
