## ListNet
## Epochs = 1500
## No. of features = 31
1 2 3 4 5 6 7 8 9 10 11 12 13 14 15 16 17 18 19 20 21 22 23 24 25 26 27 28 29 30 31
0
0 0 -0.0544901903686864
0 1 0.04260576666695765
0 2 -0.02059943900734614
0 3 0.08522040497183005
0 4 -0.02176639821564291
0 5 0.0661259626893355
0 6 -0.04145308225439448
0 7 0.007396360396164867
0 8 0.0525287912488699
0 9 -0.09819985564791428
0 10 -0.03488740904668472
0 11 -0.01862120388098116
0 12 0.06522965969674414
0 13 0.09913486281217078
0 14 0.034996254734320706
0 15 -0.018638633627122144
0 16 0.035153950904924604
0 17 0.06982732259324774
0 18 0.08426568791073157
0 19 0.04612531954624446
0 20 0.013152528491056433
0 21 0.02751659103681049
0 22 0.030569869786241547
0 23 0.09911342977664811
0 24 -0.043520829946653496
0 25 0.028473487771283546
0 26 -0.07789779767977614
0 27 -0.06635072668825544
0 28 0.02571765852863783
0 29 -0.08764861195107
0 30 -0.037315162655120186
0 31 -0.016216516494750977
