## RankNet
## Epochs = 100
## No. of features = 31
## No. of hidden layers = 1
## Layer 1: 10 neurons
1 2 3 4 5 6 7 8 9 10 11 12 13 14 15 16 17 18 19 20 21 22 23 24 25 26 27 28 29 30 31
1
10
0 0 -0.4077452052094607 0.1426831194978066 -0.21886440944036784 -0.3620909819883325 0.33774084254007597 0.22717009233496085 -0.11580325744869546 -0.22120107519821497 -0.015955378377331842 -0.2605515100030737
0 1 0.1570191570102662 -0.14588396709932974 -0.0037366042164041972 0.1957499441431327 -0.2374686334349116 -0.1491500504928313 5.857573442499368E-4 0.18933937964833378 -0.02260699609515024 0.19846411967519528
0 2 -0.6347814358627281 0.2934077368524006 -0.29475995538748156 -0.5621197879163714 0.5035597305390195 0.35597945526887775 -0.3825707148511129 -0.6373448427090892 -0.08450417199734751 -0.5385486753039106
0 3 -1.462698009292726 0.6067308045609716 -0.851807386866314 -1.469954117904428 1.1764563001917832 0.7877918629278693 -0.873651064195264 -1.4439596009730096 0.02667268878434892 -1.1850718447652782
0 4 -0.4589471833135553 0.2208744593013796 -0.2617742909209392 -0.5208739803110997 0.5625822649918756 0.3137536664713289 -0.2404901385276267 -0.5110162403831098 0.05113060238481616 -0.5299022160150298
0 5 -0.10994347387064053 0.06063742950478652 -0.04509797484045809 -0.11264606990416841 0.02297426581104536 0.11192447601426202 -0.1153414501667265 -0.057709705830791005 -0.020905948247377577 -0.1124690208470662
0 6 -0.13801610220756666 0.06546233863917972 -0.026905290283957165 -0.12808611798801098 0.19209735933814126 0.1688790754489355 -0.08156403510360558 -0.15244824178213298 0.029244348685817455 -0.12683385039178272
0 7 -0.3520114349985413 0.05179596214768954 -0.19488554461836238 -0.2265909394955716 0.3509959724503633 0.05792469973001888 -0.19337763760143142 -0.34618459176138805 0.009959746409554347 -0.29006421208473404
0 8 -0.3675312253343429 0.2156070429572735 -0.30242286322488715 -0.45013789102506874 0.33015132470832226 0.11869808616796347 -0.31530175622556894 -0.3638240220215613 0.006615413745994497 -0.2664044639103087
0 9 -0.10554451861033359 0.12850528131509986 -0.08969356150984187 -0.1888141600525114 0.23338120171967028 0.11599790577741723 -0.11089807284779651 -0.2519908352242852 0.006736077131416783 -0.1763777784626059
0 10 -0.25691172094310666 0.03613230223272029 -0.07859403466425186 -0.3194953760518746 0.2499681106658983 0.1519272059452426 -0.16777281572150438 -0.1797606689771179 0.0562664156747823 -0.30813098952686485
0 11 -0.20246200755957983 0.1257694793187381 -0.05022331232079016 -0.27457041635372276 0.09887832013239023 3.1047402081687555E-5 -0.18629632752069872 -0.1886822419622027 0.040745406453191586 -0.10655562915235221
0 12 -0.0713185772126206 0.030918548706582654 -0.10956067024799933 -0.08104926605757276 0.07620491340999061 -0.0581880526598662 0.010696858806978866 0.0087263571772474 -0.07820238592597589 0.015949967005983633
0 13 -0.2953102583341443 0.12904318473508206 -0.07914702617396431 -0.22981509568708247 0.26931639826226866 0.06711801809282998 -0.21282357185620426 -0.23411287057900007 -0.08670211541935863 -0.15550486506616942
0 14 1.2775667591615252 -0.7565656085312483 0.773980832252255 1.1895508952600804 -1.2950276015650437 -0.7034089840481115 0.7281205149098349 1.0575143245278222 -0.009804075308603681 0.8995785715938509
0 15 0.15992489304393276 -0.04569293652051742 0.0452896148137986 0.11244585802675854 -0.35465875706110583 -0.2279737861633259 0.14759852126068707 0.16281327773633952 0.057121439700291765 0.2211728163293174
0 16 0.11638138506480188 0.0049610053652503995 -0.07257066468426902 0.0963077403728653 -0.05857026035364868 0.04235606015897408 -0.02657710155136472 0.11089184976058075 -0.027755668788790645 -0.009275584558307461
0 17 -0.1700646499456243 -0.020610757952609787 -0.07604295932682827 -0.12478837867028304 0.07889499617782245 -0.028862816585384227 -0.06578189566036262 -0.01704648347762662 0.04825016687629883 -0.0035179720971606015
0 18 -0.23199710283076916 0.11963312669122396 -0.11360607348755591 -0.2913023004488874 0.30364987988480724 0.08270664684538742 -0.28866650569125174 -0.3708859110534678 -0.10823854579949044 -0.23159681883012875
0 19 0.07317897439398688 -0.07278709030772218 0.04515506892020283 0.015377496171884567 -0.11164722498523709 -0.015877583621062 0.09993490400750447 -0.04028361830828273 0.0022343603726205927 -0.024442289779000242
0 20 -0.49645912952058857 0.28212822283454997 -0.33058756883940704 -0.5483062345431036 0.5314499793202893 0.30058777859808994 -0.2757958103942871 -0.4886120121249715 0.054272463163517026 -0.4925221853524912
0 21 -0.21570821633251447 0.15908726281810967 -0.10428842478042215 -0.31455262673473705 0.14503950592763692 0.1988390907211586 -0.06138975577679212 -0.2363713368529909 -0.10700805550767908 -0.20203457020940657
0 22 -0.3760266232236225 0.2929377934703058 -0.27372683810037063 -0.5238498540492231 0.38210075066766425 0.28362014979897565 -0.35481590715367617 -0.4831262297802546 -0.08584306590264955 -0.28412103214348106
0 23 -0.10819650381863431 0.18541592001518534 -0.18114734992480008 -0.11623116428846267 0.19246982504661442 0.13297413586933188 -0.17877652848331252 -0.18583666049343622 -0.07651288994548247 -0.2193054792489674
0 24 0.02858035544140755 -0.15510382657926047 0.07803081937419487 0.07166337305703287 -0.1704109237940374 -0.13712323764498696 0.027747622802059557 0.013440124732318452 -0.04549188348915934 0.15986600534151757
0 25 0.046196680299236015 -0.14353937848311846 0.056824086320605434 0.10366810312881107 -0.13420893189989325 -0.049650632090410436 0.05860742369002316 0.006031407113306621 0.09796070765290812 0.10381617930659227
0 26 -0.24096363035658058 -0.055934360256335615 -0.05941590155131056 -0.16182740816032234 -0.0361396696558441 0.01962432617399751 -0.08761883302938366 -0.1965030246277416 -0.006921265988665835 -0.24847489479100945
0 27 0.10829254667794884 0.02822417696654927 0.007289821592365434 0.021432261867984453 -0.10796927689147393 -0.14001284452195795 -0.014662953073789531 0.03818613276356757 -0.02222885302260352 0.022525458062721965
0 28 0.13379854951990655 -0.03926783091936359 0.030790524308261125 0.1917955445103514 -0.19905285835527722 -0.03635223734375624 -0.019965668033034165 0.04956169088924161 -0.02403823076540758 0.07287465273164434
0 29 -0.06740895523335488 -0.003798001783444634 -0.04303742359089194 -0.05299275557984338 -0.04669374329272742 -0.10436084927961149 -0.06000424562058231 -0.03029294777239484 0.08291548670743562 -0.012589027429981855
0 30 -0.23663001683234539 0.0963498123610714 -0.007306521245623416 -0.20274130169298737 0.04788907628394969 -0.028423633363380548 -0.19129547433133753 -0.17513554002237022 0.08294457075770081 -0.10984520665353992
0 31 -0.05091900120234642 -0.07191427213586551 0.04242070849032512 -0.019228007986076177 -0.2548645812034971 -0.14644529790094632 0.07502841347669427 0.005361853199718013 0.07352370740255255 0.10263059581561057 -0.3403340276123577
1 0 -2.2933414101187024
1 1 1.1054044136986458
1 2 -1.4688081445555368
1 3 -2.2921882818104575
1 4 2.123318584308586
1 5 1.2335166823570887
1 6 -1.5153797114889405
1 7 -2.1810012066152478
1 8 -0.1412331099926747
1 9 -1.9574684530326425
