## ListNet
## Epochs = 1500
## No. of features = 31
1 2 3 4 5 6 7 8 9 10 11 12 13 14 15 16 17 18 19 20 21 22 23 24 25 26 27 28 29 30 31
0
0 0 -0.02050602223219006
0 1 0.0988852324067844
0 2 -0.07624475630971318
0 3 0.005334616816625544
0 4 -0.04253584720144727
0 5 0.07073171369273634
0 6 0.08885554311776686
0 7 -0.07978644752113044
0 8 0.016394902910049247
0 9 -0.08260616475581377
0 10 -0.08550387365443378
0 11 -0.051595994651461474
0 12 0.014553498853863686
0 13 0.0051309298350496
0 14 0.08429534195809715
0 15 0.0399937318885507
0 16 0.061923371250705905
0 17 -0.02985953638216538
0 18 -0.008891142216107806
0 19 -0.016443028014413157
0 20 0.09350152779473903
0 21 -0.07463513023446319
0 22 -0.09576929929351621
0 23 0.0496045834106557
0 24 0.09826608371244437
0 25 0.04446460474781711
0 26 0.05837879910310989
0 27 0.08742782379125863
0 28 0.015956979038792042
0 29 0.09343497890082732
0 30 0.08407876879442992
0 31 0.02517734095454216
