## RankNet
## Epochs = 100
## No. of features = 31
## No. of hidden layers = 1
## Layer 1: 10 neurons
1 2 3 4 5 6 7 8 9 10 11 12 13 14 15 16 17 18 19 20 21 22 23 24 25 26 27 28 29 30 31
1
10
0 0 0.09551277750828788 -0.08660455935447708 -0.009509577324546003 0.2580461654339688 -0.2639232004333903 0.0484237844209422 0.3760952485219483 -0.2349564564879433 -0.19374252904738065 0.039553663702075706
0 1 -0.04707228588045044 0.15065060150819243 0.042244346507404704 -0.024986822209667074 0.023689982989459304 0.05426959158507725 -0.3021605766684032 0.022465505153835743 0.15144130391840405 -0.10549272292747239
0 2 0.058530369293858346 -0.2896112188195487 0.051501614975280635 0.2948994208752358 -0.3569431314101631 0.0066400661198084574 0.631284556010193 -0.31213760357822695 -0.2700382688372552 0.020284555077723934
0 3 -0.09041032034394102 -0.4779608320418293 -0.00675238067782459 0.935320279436813 -0.894937499731651 0.17554937553360023 1.322800046712489 -0.8095866903293997 -0.48917850767209115 0.019984842054872384
0 4 -0.05907280279992939 -0.24386285057161808 -0.04321108708325292 0.4289665710736132 -0.25455308540856025 0.05927602415873667 0.4783448479145249 -0.2938195997609416 -0.2578833165333699 0.06600891795966572
0 5 -0.08465606616354589 -0.025316245097090594 0.08801021484449 0.10036900860014024 0.021976087679070576 -0.010303595530954997 0.1751748006058421 -0.013925526753230711 0.05468238405753161 -0.08744916652691014
0 6 -0.04756751257667133 -0.07198262166452656 0.00432444966267116 0.09757977939224585 -0.08198152949357804 -0.041969251986829784 0.2051796856647695 0.028257818285056024 0.02125733738643279 0.06322821292582748
0 7 -0.01037246822101289 -0.13152727486318339 -0.07141495927303455 0.10002062961082067 -0.23934424740261598 -0.05010053463053032 0.3436181376486473 -0.06866322132820553 -0.10920067192886092 0.11266457811399114
0 8 0.05672697188940019 -0.11046400354785091 -0.0224763189587966 0.3307320167755555 -0.2970389934791928 0.13493933883592968 0.28306957871971694 -0.29819109350020473 -0.06420026248998266 0.08023379339230535
0 9 0.035214313327246186 -0.14898798436302715 0.08461930389707138 0.1763782494446421 -0.16135599250074525 0.0024493054961280754 0.23897769948137804 -0.09371156931337865 -0.0464810600946769 -0.012712423411802579
0 10 -0.020724351523120705 -0.10213356685079407 0.0580455357495258 0.14931515529780962 -0.16831997904493587 0.010571180049168686 0.19954022982016942 -0.07960256783075643 -0.1358749191196957 0.10496953165689309
0 11 -0.03582422433459038 -0.0686546390882808 0.056441634155064244 -0.0030710243022425083 -0.03059113876287533 0.11043210240757595 0.15926920210485934 -0.15837550506636294 -0.12651999216995796 -0.05533994566321859
0 12 0.062110403993976944 0.08954737073184188 -0.09457592102844273 -0.04575751880962877 -0.04442883718821254 0.04689495961789799 -0.06278170625878948 0.025674410939063162 -0.04036273430074933 -0.051453935813313194
0 13 0.0712425351735024 -0.022571364678383127 -0.09164836987975648 0.20748842898669376 -0.16305943670914902 0.02173048487270854 0.3352537178158414 -0.07477490479593368 -0.18990990636304136 0.10528686047312628
0 14 0.05301402946709575 0.46164719257028064 -0.05581565721533478 -0.8695407349986619 0.64386048352908 -0.16260430672357531 -1.3532548832019804 0.5804518998625747 0.45218705887673394 -0.11852393201075613
0 15 0.0032685544661922947 0.1491039744172198 0.0870155930608358 -0.2861716902147115 0.23067702800609124 -0.022348467657128494 -0.4215387078382528 0.20652308822387522 0.015903498132942444 0.05112586166787306
0 16 0.050257969383801004 0.04921406498817976 -0.09092658003397085 -0.10914702596982086 0.07244588864237231 0.02263444341838481 -0.14902587505980192 -0.06607490406156982 -0.052916405776919494 0.0011792241875227543
0 17 0.06615056176406435 -0.024162786308536285 -0.07479944150043584 0.0294727542801662 -0.037775170885397856 7.693824691121164E-4 0.1814647204461711 0.0024473583673923567 -0.11165998638134886 -0.049946828882455954
0 18 -0.08872648053055769 -0.1820015475242359 0.08513311135490997 0.16014588613392566 -0.19738843125687822 0.016842746876589064 0.3945186832641442 -0.20103075894754427 -0.14064736758346982 -0.0731434659379628
0 19 -0.07670193158228837 -0.03949140099125464 0.08375704172878722 0.053880833500287176 0.01577973441209523 -0.09567617551507697 -0.04818114250155745 0.015182883638308596 -0.006484573644165933 -0.05118422635623042
0 20 -0.08134678954173614 -0.15356865203149442 0.015787785518365776 0.32341607891575824 -0.242969524344166 0.12100947956669028 0.5001818753615195 -0.2925404950332124 -0.07558338205919732 -0.03103276989954985
0 21 0.07242741718720788 -0.16799134733791019 0.011861570995788837 0.06218236729520335 -0.20442174090063253 -0.017333262623432117 0.3529754218795966 -0.16503213593305852 -0.09945696574251027 -0.04491924005751714
0 22 0.09098454278219352 -0.26292219788574495 -0.05592139162022372 0.1941023292388508 -0.37586601237396494 0.0629402427474467 0.5161208745103756 -0.2628506533596921 -0.08668123648689757 0.042252587119168974
0 23 -0.06100333221506437 -0.07926325038707388 0.07583774621308369 0.03499423413211311 -0.17808643511621927 -0.06659807958348683 0.15484251512488734 -0.0813512258270484 -0.12151803618271226 -0.027186398567796238
0 24 0.05321065114102787 0.13768961836736546 -0.07527532846719501 -0.1348849513042978 0.09375070087113944 0.08903111244634325 -0.14697243460577414 -0.028937658567270513 -0.040370264590931064 -0.023185003992428815
0 25 0.08342481689403722 0.049351694752176774 0.05159997318819242 -0.12605813265289303 0.1011144777058588 0.002519896206795968 -0.08305391769303971 0.044616347912239396 0.07015355146230169 0.02390216348699725
0 26 0.030841766550458338 0.01825996355036255 8.306846393901176E-4 0.05790467638868528 -0.14637439509107827 0.07203545255822981 -0.03903896186681527 -0.15382838520475978 -0.12913298448036584 7.397945265720025E-4
0 27 -0.05511780981569973 -0.07025711073580848 0.024252978723637256 -0.050861999026335446 0.03471500523862307 0.050109648883417776 -0.1458299996099956 0.13266377481909453 0.08866534267927406 0.07141223293090823
0 28 -0.08734279219528916 0.12911167186544908 -0.07953572271338129 -0.09346937885871162 0.15836520506041707 0.007542391475734921 -0.18694900487228525 0.0031453210384581585 0.036002431402969166 -0.023758999507663827
0 29 0.022156843317105126 -0.016050848962510692 -0.09274449248282086 -0.043294703857840386 -0.03868129702842614 -0.02112131212908591 -0.0820340426442599 0.08155922693980255 -0.012504888534366208 -0.06220708654346973
0 30 -0.013021017763425837 -0.08202736237573806 0.051348226326959824 -0.03768757529936693 -0.10322081339680152 -0.08084098298009638 -0.05514676949632028 -0.030136721737488003 0.016931369586092385 -0.03900421619072354
0 31 -0.0410920350418092 0.02903694720573001 0.07371924752718327 -0.1421295628740096 -0.012830612894742093 -0.05638563796617091 -0.37250502519992607 -0.009566950767802023 0.07758667550559109 -0.012280580617353562 -0.3851089123296711
1 0 -0.16679235101083964
1 1 -1.0374842306705823
1 2 -0.0964840329679495
1 3 1.450823362032394
1 4 -1.5006523735311854
1 5 0.15460373870979205
1 6 2.3173270416951017
1 7 -1.3400407887828176
1 8 -0.9685167973505802
1 9 0.016610498101143407
