## ListNet
## Epochs = 1500
## No. of features = 31
1 2 3 4 5 6 7 8 9 10 11 12 13 14 15 16 17 18 19 20 21 22 23 24 25 26 27 28 29 30 31
0
0 0 -0.0792360941411263
0 1 -0.023687939549057863
0 2 -0.05129606196817273
0 3 -0.061994170633976595
0 4 0.026778221117854283
0 5 0.0629296224608708
0 6 -0.08677134370118476
0 7 0.03154447640283987
0 8 0.06948259302613166
0 9 0.07223884331327501
0 10 0.054887106675621175
0 11 -0.02890295780634511
0 12 -0.001702783113148938
0 13 0.035756315140762975
0 14 0.04705623903372887
0 15 -0.024707120808336445
0 16 -0.03576734873435944
0 17 -0.02806471451050369
0 18 0.05640310586560182
0 19 -0.09604453774202316
0 20 -0.032867223284745464
0 21 0.006772466711512946
0 22 0.09412078146215931
0 23 -0.04306171772696805
0 24 0.06152982410926867
0 25 -0.05252979744259405
0 26 -0.03293450646952174
0 27 5.137954534698139E-4
0 28 0.026045713875811588
0 29 0.08272934028511274
0 30 -0.08385705567460604
0 31 -0.07276442646980286
