## LambdaRank
## Epochs = 100
## No. of features = 31
## No. of hidden layers = 1
## Layer 1: 10 neurons
1 2 3 4 5 6 7 8 9 10 11 12 13 14 15 16 17 18 19 20 21 22 23 24 25 26 27 28 29 30 31
1
10
0 0 -0.07825953093444485 0.08027462998565725 -0.0702771376319483 -0.04613787707506922 -0.0702344730005798 0.08514824328064469 -0.0933337901200504 0.027155016564392346 -0.02907273743877222 -0.08028569236464886
0 1 -0.03802054471970074 -0.04363284806398181 0.017603483024189227 -0.062248480998243184 0.0799755985738308 0.07891419791580048 0.0036928503387629544 0.08089059980518414 -0.08889497161404222 0.02409259780657018
0 2 -0.07053095760019938 -0.03416240537655914 0.0822980187128308 -0.011397361222631063 0.02120019241308682 -0.05882698924267455 0.06166023169180483 0.06901358881435786 -0.059577506161874745 0.025292028415572633
0 3 -0.025169186160779636 -0.07290486800606842 -0.07789707453667342 -0.006000416272164108 -0.036907264970378335 -0.038255220658223725 0.09909015442268676 0.08382190352696887 -0.048224231906171096 0.050083918897490275
0 4 -0.015044249523677953 0.0012754526686934904 -0.09064782267404348 -0.07980472944243755 -0.08351693731975442 -0.041143870458629155 0.010630876746338403 0.0737681860509122 0.09613797795518403 0.04529737800680247
0 5 0.06828520715058507 -0.02431942131721928 -0.07394318228279743 -0.033059844746808155 0.0035118646868057637 -0.05889358052418307 0.023526938934632216 -0.0993921947774473 0.05172508671392351 -0.08869387273815665
0 6 0.06669805109309747 0.09562468170723568 -0.017825087319310363 0.05923383296175462 -0.06532435450425883 -0.0954451230692367 0.01168612514769245 -0.03790983242450537 0.07226344380107823 0.06322432738684089
0 7 0.01401555608777671 -0.05350698885624784 -0.07738755489215753 -0.009317266146517724 0.06874427854289598 0.07847971789225192 -0.06019757150551079 0.023047912847354076 0.0869431516088304 0.09785954016430101
0 8 -0.03759333252841256 -0.017224006182557938 0.010341508515017615 0.08169253399003827 -0.04582441103458671 0.007941176155320313 -0.019885168395888546 -0.0995304392923437 -0.03374928346286802 0.07586548999122569
0 9 0.02591918061408703 0.06359825017754993 -0.014141373797331503 -0.029616649963574947 0.08507611773763231 0.013558904579085014 0.06471440314927812 0.09263411924288074 -0.06917875190341967 -0.06489573627790575
0 10 0.021945277133392792 -0.0876761999999739 -0.018189686683715695 -0.054458246268868055 0.044277350856923296 0.08452275934325484 -0.0569191273145276 0.011452591172290787 0.014388275625629441 -0.0027856449261348354
0 11 0.07555715955858669 0.07436266065710924 -0.0306897131983121 -0.03401400851010829 0.05464067945624829 0.04726325249954956 -0.043428760383105725 0.05977147166975385 -0.06948639218011377 -0.061722269202051996
0 12 0.010254982663409644 0.09278857852602422 0.020319746232060995 0.07028200157517449 -0.08589539814597376 -0.062413927076036296 -0.018133368353371895 0.047714907735330374 0.005161831120186571 -0.0967739049836751
0 13 6.447849189094219E-4 0.01462299694757497 0.09035236945560433 -0.03140111434993795 -0.06817841494177036 0.03471532946624859 0.09649877069460151 -0.0850752669476252 -5.542226166709459E-4 -0.055842902769437264
0 14 -0.0015637734748394476 -2.824119945588246E-4 -0.07199692755748516 -0.07850343979134063 -0.07093732329461418 -0.042623075672203796 -0.07181271874528918 0.038677361469044366 -0.042991555815394544 0.08831410617576464
0 15 0.031782000876843325 0.08968532677871524 0.038641397091205315 0.006383401770436137 0.0912966819725739 0.046895299566263524 -0.055747733702403025 0.05892845817901115 -0.03631790593956066 -0.03835924757606574
0 16 0.07718478372466532 0.005086814644378343 0.026688637253836803 0.07044463990044839 0.026249687282157288 -0.08754133500482228 0.05748501279021872 -0.0733441958359776 -0.001137215554563509 0.02313186081144314
0 17 -0.006140878464003425 0.03771973596788909 0.047126075175423 -0.001061460390084861 0.08309670094092962 0.09443182575995138 -0.06349228525669995 -0.007572878346058078 0.04144176287200338 -0.015680031815130197
0 18 -0.09563657421903622 0.06394055182015651 -0.09643702622446607 -0.035754231303009136 0.03301262449656981 0.06020129862843215 -0.07308351653679836 -0.10002857228626245 -0.0249425114498223 -0.016741147941584465
0 19 -0.03563899370353619 -0.04973529892817515 0.011351440725692745 -0.08211145810778211 0.03526772713737402 0.04412633395283147 -0.004399198463008323 -0.001904488266442118 -0.09419593444925636 -9.349018873640219E-5
0 20 -0.07522612646819192 -0.06434479414462206 -0.05703996748837532 -0.0020862517178187163 0.045495111226291914 0.022202778261932208 0.03716892435086275 -0.003286593011981896 0.06627081572794549 -0.041194477931922706
0 21 -0.051537286568155746 -0.08218514079477873 -0.011632962326260779 0.022600451584661528 0.051973173828426165 0.0766637807483615 0.060190928663502126 -0.04786460974705372 0.06007046783829974 -0.037164305449867256
0 22 -0.08990834565750645 0.09487457136793112 -0.06156774356801373 0.08203110872775281 0.08403545001371376 0.05234939746894408 0.045325241596814204 0.038377769215230485 0.0731641390766729 0.03288566910518175
0 23 -0.05276567836981883 0.07419717290261575 0.07023676520776966 -0.053141568100630636 -0.05809134421492439 0.00882070456283892 0.09031714645578338 0.001177614710849257 0.018888927871933258 -0.09262323944424489
0 24 0.056757142496788655 0.0603638441561147 -0.023413389180312688 -0.012330171302457007 -0.06906411778507696 0.09002919648369188 -0.004731430319709716 0.055568797295226166 -0.08569058394378662 8.531486307360526E-4
0 25 0.011177251385723072 -0.02522693503948009 -0.026445843764031026 -0.06345480883222453 -0.003312717597370666 0.04449351505719817 -0.04991397467952989 0.018669353798477104 0.09347583196942688 0.036285142764213386
0 26 0.022521895000458113 -0.03357530320210996 -0.05463342851599435 0.08972906030891993 -0.08628309688243724 -0.06059357013031313 0.006940085973727289 0.051738583086228536 -0.022357153683358735 0.012962511539875187
0 27 -0.03058940576702244 -0.09306620925470073 -0.027388899808635094 0.06558404697222875 0.06354641832179332 -0.0012679022181443806 -0.04663186630738303 -0.026276860349631413 -0.016931629277034135 -0.04944807092930792
0 28 0.05100345915348783 5.7001713689643095E-5 -0.08423882736466055 -0.07156932708562852 0.01127227986685708 0.0862548789426013 0.021317319629193646 -0.05383274248081325 0.09175361821973593 0.006966147810864278
0 29 -0.049417328090398026 -0.014543978973647705 0.08422255758800154 0.06403065034288273 -0.07059631896834763 0.004330987991701138 -0.005745082108443064 0.061239093284702936 0.08575207720225773 -0.004259753398123147
0 30 -0.010253436211455438 0.00898692184114385 0.07547238456691159 -0.037864198558659884 3.6508932226453095E-4 -0.04896700436281957 0.03752832971621843 0.04201458364667095 -0.08158362212558992 0.09807767057960938
0 31 -0.006008327363551727 -0.03331151643485628 -0.05089689130991488 0.08261156834688563 -0.04814507399295506 0.02238068277476863 0.04981293783992954 0.0938720520026268 0.05600424431257284 -0.03176421029297404 -0.08168375492095889
1 0 -0.07467734813690201
1 1 0.06030346825718913
1 2 -0.07071299105882602
1 3 0.013122153468430027
1 4 -0.09141022711992304
1 5 0.03286521509289754
1 6 0.05577727407216989
1 7 -0.01972752250731013
1 8 0.08985266834497578
1 9 0.056799370795488184
