## RankNet
## Epochs = 100
## No. of features = 31
## No. of hidden layers = 1
## Layer 1: 10 neurons
1 2 3 4 5 6 7 8 9 10 11 12 13 14 15 16 17 18 19 20 21 22 23 24 25 26 27 28 29 30 31
1
10
0 0 0.3339222325923674 0.33421822433399995 -0.032612393123398885 -0.21825287380015163 -0.16531540780374476 -0.3659647861759792 0.05619120924654475 -0.060938667272111155 -0.24484753888306343 -0.32411364919321345
0 1 -0.4289522321406928 -0.1292484315835075 0.0720446831602863 0.060550656876397685 0.063877573659184 0.2764520532596962 0.09299955490224342 -4.984879913876259E-4 0.08487766091128365 0.17816197703472494
0 2 0.8181317809955339 0.34197787773256116 -0.1880287053846308 -0.3754973029339036 -0.3991952556246512 -0.8586203233609667 -0.013142371395974975 -0.16809268852914588 -0.31091514724772484 -0.7412872808034051
0 3 1.8556998214320546 1.0404159008101208 -0.31889009584706174 -0.6985720699063819 -0.795019566663387 -1.9674060743917405 -0.13315373851156925 -0.367684109719254 -0.828860276658983 -1.7192447315195984
0 4 0.7867240581710983 0.3811208755136579 -0.06273585309697954 -0.2272703844363232 -0.22907761343431385 -0.7589797268723062 -0.12451771031473355 -0.09269218141161344 -0.378432316818078 -0.6788590738607113
0 5 0.06564382316335714 -0.03743595681590158 0.05067639877817895 -0.0629686710082957 -0.12537796135348012 -0.06627005703538674 -0.09523742116916295 0.017333216214068588 -0.03354450435792757 -0.1700934372824135
0 6 0.15537184070723353 0.024338619012625757 -0.021133373276602103 -0.014525601699992499 -0.16067042172620002 -0.17632614751733658 -0.001720372068351911 -0.11532020830566025 -0.07299987399263139 -0.21971495234362196
0 7 0.4512811628252614 0.1990792529645885 -0.1703614798833944 -0.09398186543617759 -0.14040905206578116 -0.4756916297954941 -0.03491182605036553 -0.05114344301521344 -0.102210565228254 -0.32282833897485785
0 8 0.45826923759524457 0.2633003324893853 -0.16409766061907713 -0.22365436499613198 -0.21460691054520553 -0.5926229153005629 -0.10246709760742238 -0.07781362316440997 -0.20334415560242286 -0.5091296376914256
0 9 0.18492648276618157 0.14587272405482962 0.027652470533302675 -0.12966097953886999 -0.02650813837002759 -0.25595346832169147 -0.03356849170832908 -0.023160918725550768 -0.06837460876896254 -0.25857079873697364
0 10 0.3807700623439337 0.18894039927091807 -0.022484745742021656 -0.12741506618754497 -0.08612148033919219 -0.4320130140325738 0.01139061424090329 -0.035779473997950215 -0.1728850040145403 -0.33245715200377235
0 11 0.10350244311690059 0.0308636721720325 -0.14393185662699115 -0.19388398786885797 -0.08447552861930108 -0.3422766081379059 -0.05325795462724765 -0.02065504214176639 -0.08132187170921773 -0.2417827448891881
0 12 -0.05530359031299366 -6.922744003910479E-4 -0.08983218527141063 -0.07503102855570228 -0.007465278469247106 -0.06329273078657184 0.03345431147763814 -0.053566190438344666 0.025298868008207336 0.05234954313844565
0 13 0.38333307251355353 0.1664302203683802 -0.15916667049972374 -0.1451462652086635 -0.21190682996123186 -0.4017582504920957 -0.08895484009514913 -0.09079813024285288 -0.05442777524589742 -0.33236299082774884
0 14 -1.97302628369822 -1.0186374293245044 0.2728942571516357 0.6323439106317129 0.5619777259944094 1.6430118894030699 0.06775556761069369 0.3120097012639245 0.653801261299635 1.352461552564155
0 15 -0.4970492762774535 -0.22232574994095733 -0.026175171558388874 0.1572727027266251 0.18950258851363552 0.20905301062741624 -0.022225856910526493 -0.039728404054709544 0.09745493011677663 0.2423512872514724
0 16 -0.03862463215475431 0.04136250369148962 -0.014273623660437695 0.08439453996362116 0.05609266442839124 -0.04329607908071572 -0.07880903597598787 0.01619130892543168 -0.010489632232090072 -0.059994434016300974
0 17 0.13518027184033102 0.13915175983351086 -0.11957228526197602 -0.12488170326128298 0.023523834286036268 -0.09846042010991443 -0.05649926569404553 -0.11560908319058451 -0.12576904170278144 -0.02668572274645838
0 18 0.4037141904929061 0.22833775209554785 0.012580119877863444 -0.14842522760172774 -0.16058493629858434 -0.4160570311089627 0.011661175030057317 -0.16801019269081202 -0.1721499329851352 -0.4221052550339614
0 19 -0.1849230688758869 -0.14095439254833417 -8.293305721122561E-4 0.1262163707471628 0.07322545725807982 0.06614719747742343 0.0625003947659002 0.07318394585798275 0.14972180912132538 0.04884284543917109
0 20 0.6264531513145227 0.355540855127574 -0.03013624306760562 -0.18127721889330747 -0.17945305258672478 -0.6888884695346024 -0.11943076056660973 -0.2178540227716203 -0.22984922935118504 -0.5243722986341738
0 21 0.38411408699689453 0.14696377530808324 -0.010696322974367912 -0.08070600466137272 -0.058116925229912124 -0.34804326683581926 -0.027536402209377933 0.018616547281157587 -0.21806970747525045 -0.31271672625212216
0 22 0.6381122162880355 0.3238489050524211 -0.03327774792581958 -0.2522265946008888 -0.24978373164241302 -0.612876764219819 -0.05082941846305343 -0.05890370495618104 -0.294500810898767 -0.49622808833234333
0 23 0.11276355887498299 0.14049968731308674 -0.038800799891666994 -0.18114588616547586 -0.07888534014606217 -0.3123003915035873 -0.05412328289445408 -0.04433659890321632 -0.17265237799458433 -0.18834794318256137
0 24 -0.16265500045366943 -0.06217027805128752 0.042590105039279076 0.11551179354481551 0.1631003678503517 0.12836298439595298 0.022901328336982524 -0.02981487770499709 0.1067565461302705 0.2496848818239088
0 25 -0.11872937709324057 -0.12381549658567259 0.08265489938579894 -0.049612543017027416 0.07894844130209633 0.036804541928039426 0.07851725030019802 0.09203148246130306 -0.025330698178099905 0.11289679227927281
0 26 -0.06204587184290592 -0.08159458348613728 -0.11091511320739374 -0.007490265548591077 -0.13401305844196185 -0.30771282487208085 0.007646044907368836 0.03803074315333795 -0.08719963816504903 -0.3020230364063015
0 27 -0.10196403511001967 0.004045216868168941 -0.07304190652530577 0.04859925221932563 -0.01755188534504891 0.12897532401264883 -0.08917068024827506 -0.04316774449908289 0.08747787037079936 0.057409033241920406
0 28 -0.11514785935204226 -0.028436994061073754 -0.07115286245594679 0.11041850874486886 -0.016015675164317754 0.19079557346271045 -0.085809253473081 0.12142671685238131 0.06620066736435938 0.15220685655402463
0 29 -0.018243789533172537 0.059530628853302736 0.028967979977506098 0.04950371140423446 -0.06103186973492082 0.03431910384316245 0.008690635921425036 -0.04179417405843382 -0.05803488632888883 0.10091813172557675
0 30 -0.2447431781094375 -0.0068854209713354085 -0.010940863161959333 0.017698852331854125 -0.06736641767905453 -0.15218631619732859 -0.006574669620044045 -0.09095390591514933 0.008472666377612443 -0.2217154829604271
0 31 -0.5373389389334212 -0.08924443814686256 0.04790940557960172 -0.0012404582746759118 -0.016784440702680013 -0.065649331422196 0.05797505315262614 0.04613355379147874 0.11884154283015969 0.0867842343632167 -0.4986909763076699
1 0 3.0813994283768933
1 1 1.6466826149814482
1 2 -0.6292285214773897
1 3 -1.3232626033678982
1 4 -1.3077361344785443
1 5 -2.966633104252026
1 6 -0.3472586406621453
1 7 -0.7101441903458084
1 8 -1.4459839867321387
1 9 -2.623526215356077
