## ListNet
## Epochs = 1500
## No. of features = 31
1 2 3 4 5 6 7 8 9 10 11 12 13 14 15 16 17 18 19 20 21 22 23 24 25 26 27 28 29 30 31
0
0 0 0.043405111753832167
0 1 -0.09190237447596725
0 2 0.012068879165816974
0 3 -0.0738079342474243
0 4 0.009101186931421179
0 5 -0.007519718355630728
0 6 -0.03229500714853839
0 7 0.087878466615336
0 8 -1.322937860711388E-5
0 9 -0.0015197358402589784
0 10 -0.07861188732337837
0 11 -0.03386386184989838
0 12 -0.036921348978301294
0 13 0.009105242588017537
0 14 0.04766940510213818
0 15 0.03239024325975275
0 16 -0.03591782706680175
0 17 0.10011220253764223
0 18 -0.009727950800229819
0 19 0.06935966314850488
0 20 0.02791005112005907
0 21 -0.06495981273286754
0 22 -0.01548722158403334
0 23 -0.06742152341597908
0 24 -0.01977755640324325
0 25 -0.061151936071642723
0 26 -0.05819652894010955
0 27 -0.09248058110689342
0 28 -0.0026350944759338225
0 29 -0.06731839185548569
0 30 -0.06433029114179932
0 31 -0.01044243574142456
