## RankNet
## Epochs = 100
## No. of features = 31
## No. of hidden layers = 1
## Layer 1: 10 neurons
1 2 3 4 5 6 7 8 9 10 11 12 13 14 15 16 17 18 19 20 21 22 23 24 25 26 27 28 29 30 31
1
10
0 0 -0.15724325846673862 -0.3559473284016461 0.19775387083043086 -0.033675822341705575 -0.08645435943551462 -0.35653429593292574 -0.13443924651200884 -0.14269882423935137 -0.23948884156700162 0.31175216331103633
0 1 0.041488092899085456 0.1890623031710347 0.034478667094224556 0.007233597820390823 0.10920917844909182 0.18721992694123316 0.028367924692342828 0.1299115482792015 0.05994576120871212 -0.13607687642699473
0 2 -0.24618969032481686 -0.624768720437114 0.24159441392501171 -0.17619149934948483 -0.0677329275369734 -0.6561174527209429 -0.41811381227041167 -0.15591510639325895 -0.42719448550265815 0.333128641754692
0 3 -0.36124911875445187 -1.551008472148144 0.3762014269720334 -0.5932291946511428 -0.1902993618270753 -1.5808949623496604 -0.9529145180893676 -0.5522848523231659 -0.7880805176721409 1.029514912243758
0 4 -0.23328857022487826 -0.6037367084558564 0.10798579958089381 -0.22393727648218675 -0.1462800400704579 -0.6373341209725775 -0.3091609942507068 -0.09098891018346615 -0.2856481297925003 0.44753236750006004
0 5 -0.07692322017598868 -0.09374564606220634 0.12222705430369558 -0.10366655820710946 -0.07333011981515944 -0.01674419583482211 -0.13674228545705502 0.012410082707638818 -0.1244834456172144 0.1210492915560377
0 6 -0.11818998946305564 -0.06715979356673389 0.11530785116558706 -0.02654014239110342 -0.08748933182057558 -0.2122099878295727 -0.0971297527801179 0.009425447301296118 -0.030354026377282753 0.13398208599198624
0 7 -0.026329494109844833 -0.34068649034023685 0.08570247429475457 -0.12413007534007593 -0.12764256482805394 -0.27790249682870316 -0.16094413069813798 -0.04743256780681075 -0.11492243205604868 0.3135983145513399
0 8 -0.06670994689218794 -0.3853274269992363 0.19185969949419307 -0.23906578797933647 0.01884452140627378 -0.4607374480496459 -0.26182358571941156 -0.033409078173789485 -0.24140477863452264 0.24286568546897955
0 9 -0.04833563787685404 -0.24914927807471474 0.14805858949157377 -0.05528254925344954 0.049680792130844226 -0.23581010103156305 -0.1639210987329487 -0.153894724173928 -0.03240167403183871 0.13581577291399402
0 10 -0.17526507403350683 -0.2906798247401503 -0.00400962287397319 -0.048930336781597146 0.03162801501600779 -0.3179024287079069 -0.23782961077721695 -0.08120694183412251 -0.08162999759752237 0.11787909051911412
0 11 -0.016467544336462622 -0.32213085799903524 0.0671263117481859 -0.0430086968221212 -0.03231408060727573 -0.31646976827074214 -0.10915465643270032 -0.10783656500510916 -0.22934314382607834 0.08563536639045514
0 12 0.015439628203955412 -0.01860089004252823 -0.05722502386270637 -0.10157229111636332 -0.05377109982059876 -0.08361845422609192 0.037506093722910486 0.0701722770589279 0.02366580289708072 0.102730445381473
0 13 -0.0957008904055621 -0.3616726072151178 0.03813589089266352 -0.00835925672257876 -0.08387302589456859 -0.4017281374765022 -0.11191215727338737 -0.011152430562847765 -0.18371904269566608 0.2133971910735968
0 14 0.2749314303337986 1.2633872044271273 -0.46117102745217653 0.48064977236810646 0.1848295308174082 1.0914957083334278 0.7878132036391771 0.4702485717831455 0.5471338285319748 -1.0031975922493996
0 15 -0.021870072576985457 0.060750503173753106 -0.012604547853635215 0.0560748313788123 0.004406610240064081 0.21865299697885715 0.18276032934449077 -0.016276971835374243 0.13398032789969 -0.27686235053238706
0 16 -0.03313186502273617 0.06413994130658852 0.03711068753133099 0.009719268383643639 -0.00990474761521799 0.012486156420604973 -0.029391016674601998 -0.0148876929226235 0.0746359731651961 -0.0717180875399899
0 17 -0.04377132779842932 -0.09564540185074477 -0.0012855871511399713 -0.09205702731763303 -0.08250750505304728 -0.02453255622342787 0.011158163165974731 -0.024073356035966047 -0.06881869970263148 0.013522607322413421
0 18 -0.014278936871286922 -0.2862880449258359 0.0847796198106921 -0.18733421309364848 0.04955049694533488 -0.3571208989138667 -0.28268383642293515 -0.2003398141232772 -0.21959192563152383 0.23346898620628392
0 19 0.11058569279794372 0.004319761578496477 0.034391077362495866 0.06545259459740599 -0.08264518603837934 0.041665543680274086 -0.021315876811137554 -0.05736999986937725 0.01757182563457274 -0.15563857412580398
0 20 -0.04935276886185974 -0.4740705836201434 0.23307798031762622 -0.1562049538484151 -0.03787166973788169 -0.47209973489245655 -0.38723656844453175 -0.19844697168844755 -0.24655788826510389 0.40608142669226066
0 21 -0.07480604619260274 -0.3258261944667339 -0.015698158378184744 -0.056823733613231286 -0.07718940465746854 -0.3613204666341905 -0.09242802106534119 -0.04716378767682655 -0.08684827762180825 0.11898217651836061
0 22 -0.18261104230377084 -0.555280329986418 0.12043851534983725 -0.23958657628941255 -0.019525268737746997 -0.5733742604744718 -0.20588220794400316 -0.25149612886506983 -0.31258402271452074 0.4027469459779488
0 23 -0.01191842050588844 -0.16507067025684355 0.010216753774877045 -0.10808006683776557 -0.1203091006196375 -0.11732775752201897 -0.15973720917822343 -0.10004240506186356 -0.10361883456673959 0.20553558354426302
0 24 0.13259632977470412 0.04883820641854742 -0.09747411406226457 0.07668496938403196 0.04399227822243595 0.05163736864589648 0.16533321136254311 0.11036674306201431 -0.025261894826760573 -0.1652654480836167
0 25 0.11997259164763745 0.06701658798248772 -0.0784744434527166 0.012071545383789803 0.025617760585616597 0.1231220346864732 0.021837989208243664 0.08951830607968933 0.12914415231830878 -0.09457912815511893
0 26 -0.04365007529868021 -0.22757567572211457 -0.01734768883926247 0.025362355279805075 0.011037535855034626 -0.19139966541157688 -0.22628426851247754 -0.11737924036867307 -0.1285646989843474 0.10421110149497372
0 27 0.057911512477292475 0.18191699985822782 -0.10655777754464273 0.1036900971943652 -0.07380182594828141 0.02204416489136398 0.03384342060864789 0.03876799460024874 -0.00427929946741478 -0.18151005876611281
0 28 -0.06024818833338638 0.11047655047995494 -0.045531075355389736 0.05419124235380147 -0.05695572892074632 0.16819236602058288 0.07401876012467289 0.05172500992260671 -0.0010641103776762872 -0.08166066272516281
0 29 0.006387829222969839 0.05643875582067755 0.08743407606946597 0.004424214631793746 -0.07015576566165824 0.04156668048573601 0.04640769473851812 -0.08535952468974943 0.06470075150743668 0.07813690008403688
0 30 0.011100959125294763 -0.22201466986325097 0.07818410440497779 -0.06337572109211548 -0.07633486094657946 -0.3204717695452042 -0.16009960278527274 -0.04389275414582246 -0.09097793889564494 0.02022260879415519
0 31 -0.0472584153480868 -0.08517015714997771 0.01182819518003737 -0.020620752426089708 0.051731821075006665 0.013695518153936543 0.018473302094313238 -0.04221875443817285 0.06503362790751256 -0.23508518845478693 -0.14402304357308895
1 0 -0.674550808831842
1 1 -2.3278138179952306
1 2 0.7213960988330498
1 3 -0.968440340383008
1 4 -0.3824277102048162
1 5 -2.3109318114742456
1 6 -1.5268146317255709
1 7 -0.889257944387655
1 8 -1.2938694645481104
1 9 1.7870880088919014
