## ListNet
## Epochs = 1500
## No. of features = 31
1 2 3 4 5 6 7 8 9 10 11 12 13 14 15 16 17 18 19 20 21 22 23 24 25 26 27 28 29 30 31
0
0 0 0.02100367517147303
0 1 0.05961774361998774
0 2 -0.060496779726410925
0 3 -0.08901650600706851
0 4 0.009593282742969509
0 5 0.012743655572480108
0 6 0.053916904543972334
0 7 -0.044233352664872945
0 8 0.03149115125281616
0 9 -0.029729512003207736
0 10 -0.019150064465778983
0 11 -0.01840207524035931
0 12 0.0444178743640491
0 13 -0.08107913946513612
0 14 -0.005440324325235049
0 15 0.06905354367815475
0 16 -0.026810088631918014
0 17 -0.06070189339824433
0 18 0.012948406551828282
0 19 0.02553706546745681
0 20 -0.017446479125805936
0 21 -0.08826741182707219
0 22 -0.0965074028695663
0 23 0.06647499315847837
0 24 0.06271822418678445
0 25 -0.09953002175901995
0 26 0.02554237532422947
0 27 -0.035466632925087005
0 28 0.0826317937320227
0 29 0.06301186367076464
0 30 -0.08658290209768237
0 31 0.003642690135166049
