## RankNet
## Epochs = 100
## No. of features = 31
## No. of hidden layers = 1
## Layer 1: 10 neurons
1 2 3 4 5 6 7 8 9 10 11 12 13 14 15 16 17 18 19 20 21 22 23 24 25 26 27 28 29 30 31
1
10
0 0 -0.24028527431749377 -0.2591872620526808 -0.050471668938610895 0.009129794842007186 -0.3723183796058708 -0.18594026939898908 -0.3957465333880992 -0.21286763015838656 8.316553022311466E-5 0.14414711696733187
0 1 0.06589446339266342 0.04363317046938296 -0.042205038724973394 -0.045096249460815155 0.10674669321582302 0.09984175081905965 0.1421660281736854 0.17674119874107497 -0.02473065983257292 3.602093895782523E-4
0 2 -0.4427135304768901 -0.30593108541504455 -0.26037772368460815 0.04133047168930614 -0.6226365936750803 -0.14629284795625747 -0.5942435478768997 -0.6087926245654607 0.15277555147223848 0.2945438333845887
0 3 -1.2112416355744278 -0.8262969418975422 -0.5241121772019973 0.01785361592760372 -1.4639508143131976 -0.4930507475146796 -1.5785530073054743 -1.3260141264268255 0.060198780562575833 0.8432661355570564
0 4 -0.4061974574668335 -0.3520307078272915 -0.2619723516791448 -0.04690212750522874 -0.5379842741377718 -0.22426890898364252 -0.5325252018152032 -0.41065282758516075 -0.024345571847579246 0.34607327148525235
0 5 -0.044885879994427835 -0.07245713942125714 -0.08519639959925694 0.008538149245948146 -0.15970521675359903 -0.11446015095736897 -0.12161534994930195 -0.1111966890153055 0.040552921228772514 0.004700796290825845
0 6 -0.032589662549798885 -0.062356258186043796 -0.016713962992917004 0.08858697501338751 -0.16019952075480973 -0.007386856369751817 -0.07799202312471294 -0.09169286069731694 -0.03419735645365754 0.0409562897415043
0 7 -0.2979096665555048 -0.21256926796224035 -0.06960792867005713 0.04223680741894814 -0.2661991630865088 -0.16718540897774914 -0.31594914219052284 -0.26791657473256203 -0.03496775135995647 0.12197017098414163
0 8 -0.33143797474784004 -0.18519208281812932 -0.13332655093132886 -0.05673259668834607 -0.28795110121269313 -0.17984202356600215 -0.39734264718275963 -0.32286574481864394 0.12036922116692726 0.07932822224660106
0 9 -0.1171892330225221 -0.051591460847184294 -0.020061188652694194 0.09679381455696233 -0.21231712266616065 -0.04464732258978872 -0.26239207242713103 -0.11516027044998438 0.09607292862721967 0.09272784706362086
0 10 -0.26005101277520365 -0.22412735486397334 -0.0022333869999977807 0.09317954220196874 -0.2145825403714569 -0.10488918825512286 -0.3276639136980667 -0.1707454653522107 -0.05496942847710165 0.14499699204328426
0 11 -0.2140109765821246 -0.0692540634260082 -0.13856712485853787 0.06407315241772923 -0.34236497315346803 2.5503904932739545E-4 -0.1774844146670272 -0.1925659883537602 0.11797112071407466 0.059649249121701005
0 12 -0.03328681560734 -0.06283975893973746 0.04974612111836979 -0.02379847933759129 -0.021759943342203134 -0.03194681484535141 -0.06490715866762391 -0.13179215737437605 -0.06469515002016997 0.07156335679144023
0 13 -0.32740670914304476 -0.10210072718504708 -0.10060688816100402 0.030600558527713005 -0.23545515542489237 -0.18032908043881413 -0.35968175132899766 -0.3025896244093479 0.06794866947590919 0.22530411244413376
0 14 0.9921484874917064 0.739130152865837 0.3387796381410054 -0.04610604389057612 1.1721250782415964 0.2807973575315184 1.1724983192215668 0.9299675618327006 -0.1490773566958555 -0.6049773502675232
0 15 0.1519039251779749 0.08601347914868372 0.03311652636364766 -0.05461899028424771 0.19189090026659186 0.013369699025695653 0.19484027960029232 0.05308546023409462 -0.06383652517968029 -0.05412720070130972
0 16 0.12838976672796934 0.03306703921402284 0.11373840733406543 0.08364144914709994 0.027630020231759093 0.09538011608478342 0.014046853210887241 0.12602396841119812 -0.009767326189345229 -0.07622801793243862
0 17 -0.01941190981151084 -0.13812738665384006 -0.11502907312863396 -0.03724593125256346 -0.17335041355987504 -0.10717043884377117 -0.12634601171377272 0.008807741215203878 0.02453968184575938 0.06509456159496749
0 18 -0.331318436837764 -0.2326848882358973 -0.06296655722977904 -0.08830535023712513 -0.30311160072461607 -0.0047438100790746325 -0.2776152918343738 -0.2976392094727854 -0.006520841632820483 0.21437059694045132
0 19 0.03906360754459611 0.0728804304082558 -0.05926595112837215 -0.09392568164995829 0.0597887409337447 -0.0710855494156176 0.018515517752692126 -0.01926861990408452 -0.08308938613798834 -0.05729574455471407
0 20 -0.41471740435401716 -0.2922573239066178 -0.10639928399906931 0.012767708736067172 -0.5485129489769054 -0.04623563982988323 -0.4863874429695213 -0.5063761596058496 0.07754551268392366 0.20856624875115712
0 21 -0.1108294702524452 -0.16061261624846826 -0.0069096888813206525 -0.026503517310096137 -0.16427966898822136 -0.02330769460658662 -0.2847423019626595 -0.18363627175718802 0.08075884686338315 0.05252377762698929
0 22 -0.30304890709055626 -0.18527907937099725 -0.17420302130361048 -0.029950418912506147 -0.4269219571808635 -0.16536207587264282 -0.3757186668516968 -0.463480942671748 0.08905100177683804 0.14297758555549012
0 23 -0.12372734338033697 -0.10943185260906277 -0.03960619923941926 0.08179132485720174 -0.2326638836473334 -0.05993984467266168 -0.11871532843923185 -0.15515454025427042 0.08764674796024141 0.10862995230011745
0 24 0.09622721103865511 0.005592608717507427 -0.03940566851682301 0.0027946721388720543 0.1789919204763265 0.013286309789062041 0.17836469410360323 0.04922342229317516 -0.02784518666538758 0.04392568453881535
0 25 0.11852889379690273 -0.03717720858755221 0.029757913755535225 0.08757422318326272 0.006396880114302762 0.07391626877714086 0.050387006800500844 0.11566532071515455 -0.003403965144347624 -0.11744848611720002
0 26 -0.13855485028162137 -0.16420358410020058 0.0187437422536511 0.06502887643690324 -0.19788467662568587 -0.12748122012300864 -0.2695218484579433 -0.16721562776299506 0.02564938274381644 0.08787121460646914
0 27 0.007999649373384154 -0.022921913814892215 0.02390353239643379 0.05098671937755358 0.14818427441819038 0.10472959548761732 -0.02876030415459542 0.11329643630798913 -0.0843559982086741 0.021449818350283242
0 28 0.015464689558075022 0.13080019668401385 -0.0016468783743530694 0.027478739067672262 0.03262241468567831 0.035446762916140524 0.023753163723109032 0.14044187891433182 -0.07018553486815764 -0.05349368455615628
0 29 -0.027443112987121 -0.0713733606257919 0.08320999844610294 -0.003050717595092125 -0.06955813697353477 0.0038099287279922864 -0.016961793866981923 -0.01526076747467216 0.08992313562506407 -0.09999773911158348
0 30 -0.29749798572841957 -0.16869165335632144 -0.07323757185569654 0.022829004560760542 -0.31451321580274716 -0.11435649026351127 -0.2154336625377042 -0.2516280101447562 -0.01590931863244657 0.1439405030698849
0 31 -0.10812856065497509 0.025283297734465575 0.09064313601807793 0.052348647633646654 -0.05590689808722633 -0.08816523389280481 -0.043937408690535064 -0.030484981351265764 0.01151744578888802 -0.137914416216053 -0.16836059970979314
1 0 -1.840293046062417
1 1 -1.3741869573902068
1 2 -0.7976427626649948
1 3 0.032921398966193824
1 4 -2.192240588675586
1 5 -0.7382910633496172
1 6 -2.249760410040802
1 7 -1.9332211983867877
1 8 0.22265103986922927
1 9 1.2261072536064266
