## RankNet
## Epochs = 100
## No. of features = 31
## No. of hidden layers = 1
## Layer 1: 10 neurons
1 2 3 4 5 6 7 8 9 10 11 12 13 14 15 16 17 18 19 20 21 22 23 24 25 26 27 28 29 30 31
1
10
0 0 -0.36785588861938495 0.18401701097894435 -0.33984837890570163 -0.2730109221205784 0.21203498305836055 0.04184998170044459 0.11397927259640062 0.19916818304622516 -0.12170451258036938 -0.08501967493814813
0 1 0.13666919179436376 -0.027947126932886587 0.09342404290036493 0.050297583980109396 -0.08103700413818331 0.026186172824188766 -0.13594019481743652 -0.16284731404668273 0.11914030119556884 -0.0016933843687633346
0 2 -0.6416057988973916 0.439653859967704 -0.4576463429845307 -0.46646231223207313 0.32863555579608394 0.032552280109869804 0.2703303929049747 0.5763097935573074 -0.3318256357607793 -0.041501600168265415
0 3 -1.5482781859663932 0.8930104059484918 -1.2011704738164215 -1.4231584641405968 0.7644408415738397 0.12547709335104743 0.3619788126263858 1.22755506607334 -0.8404616672504233 -0.1692400549386817
0 4 -0.5886192156623675 0.3640897553070624 -0.32206572381196374 -0.46011428834870743 0.29492935930104713 -0.029817953210409746 0.09120684597294601 0.4548033419936853 -0.396510522268761 -0.14924751141682624
0 5 -0.09789726478341838 -0.013285475118439282 -0.10005124307246277 -0.09323982245040081 0.10316189471970379 0.0846664957457198 0.06286375312002702 0.14498614851727726 -0.13203314228499896 0.06591035823226322
0 6 -0.15699334803113818 0.07339052732497998 -0.04310469512341431 -0.07465446547942742 0.16224385688231666 0.061664073338414206 -0.043972767971234145 0.08155110948966686 -0.15811418734747754 -0.08396102365065573
0 7 -0.2970541499735911 0.21344889300310568 -0.19332312585279132 -0.36552795944963584 0.19603508451296967 0.04885068898249983 0.11863198078281198 0.27991278104365863 -0.14384492865496476 -0.042399847272247985
0 8 -0.3778185171055501 0.14268991430127062 -0.25838859375307616 -0.36733308248549335 0.17971049733946923 -0.05706783394494308 0.1976745617967437 0.32408434389125096 -0.25706281669236164 0.01949263465343834
0 9 -0.19378789095811977 0.13529277113027016 -0.1395842281530596 -0.2527138530488829 0.08021831737347017 0.09903118222904754 0.1342837889232223 0.25088976125104717 -0.012691943430001046 0.032699354269792175
0 10 -0.22014170491298396 0.21796043507148447 -0.19850602552210406 -0.29999285310793555 0.07436852740557694 0.02788707265312563 0.004854700606253305 0.3192495735956025 -0.23112697769423715 -0.05456481464311865
0 11 -0.33115365377649386 0.20153000995419298 -0.14245020401145422 -0.2698728416967161 0.0730555839040016 0.06309722189191475 0.15301460869386216 0.14087532665664454 -0.06236922948560484 -0.12444085167691944
0 12 0.04147492034256741 0.043808124945383595 0.0365289004203609 -0.10185994470271838 -0.047540136748975996 0.08951396119971543 0.06153401959318466 -0.07846487162047819 0.0781229387047551 -0.025678659975012733
0 13 -0.3726799786223947 0.2674727163205833 -0.21441011244637545 -0.17773758832965017 0.14326003846440868 0.05676068809829469 -0.0056048644029017165 0.3097838108721875 -0.09091999737220605 0.018257743881674632
0 14 1.2423032776577816 -0.9351129825060737 0.8351814276768911 1.1595026362656389 -0.7406851730209327 -0.049461134824024554 -0.4348668290897989 -1.3033012225441576 0.7545939364598321 0.2777563763491598
0 15 0.23044672795245724 -0.1143656468706243 0.13995009123654495 0.2586334620073948 -0.08211693945074257 -0.034779893786375075 -0.0730728913219723 -0.2991463812115449 0.08289836426775866 -0.012132000423563839
0 16 0.07550941373193082 0.0207472058516327 0.06892200046862801 -0.055666201243598584 -0.02093675323434761 -0.08443428328183274 0.03615386584970053 -0.1250602160482237 -0.048164997201911544 0.04693617611264869
0 17 -0.14933984356862331 0.06860020916756396 -0.15496796576459518 -0.13779666411334274 0.07878429957642527 0.049410865372696684 0.04547361640701043 0.06029069696469857 -0.04244426305366621 0.06801390960830066
0 18 -0.2450807840280187 0.1774901003429135 -0.2650755849281977 -0.24257684311814598 0.09830597534131376 0.044810449571604356 0.09479610523690334 0.2064476899573486 -0.1738681211709359 -0.1477713832695464
0 19 0.13196937643783482 -0.14401267121376696 0.009374749717865607 0.001958213024556581 0.016376979395874437 -0.0483044037383164 0.015411130544235685 -0.17906922816044452 -0.043727963689210524 -0.03306046316183643
0 20 -0.441774045501734 0.3241862756679706 -0.42514358795828316 -0.3532673213682758 0.14904797665913516 -0.05310066221501943 0.18034420359685985 0.43571361171725376 -0.3542939595801901 -0.15170184702984038
0 21 -0.33746974428881427 0.06334319005521359 -0.09207085117809109 -0.30978423775471464 0.14893248381543484 -0.07885930984960779 0.09229399178723428 0.14323904760279987 -0.06818710306198192 -0.010926451850347352
0 22 -0.5165042432481107 0.23483481861900982 -0.37396613459988387 -0.5109386687235169 0.273483606844163 -0.009289700743564624 0.10104512546935296 0.30062929429447416 -0.36380317816622626 -0.009363764199041976
0 23 -0.17231425617657034 0.041082608909972056 -0.08324121433972007 -0.10272420239852184 0.0845475112956348 -0.056764581012142226 0.13844368214512665 0.15515582611742643 -0.10541353190726628 -0.07114801531009583
0 24 0.14090896465420047 -0.0023875758708226517 0.021070780929168274 0.21063002285098772 -0.030766457708333774 0.04551755849213747 -0.04447556079779588 -0.13743999187371347 0.061885607125510896 -0.027308709894927372
0 25 0.07248663521708384 0.01619290998112479 0.030147386314711224 0.13663139072712346 0.006026348932248816 -0.0850154938285078 0.04826156293432213 -0.13430028513673078 0.07514451202471331 0.039304376963567186
0 26 -0.19340260420517913 -0.12093206153923354 -0.18577433320577674 -0.0836104065792343 -0.10316816128496971 -0.07456386411020831 0.060513798879183525 -0.026964200612925912 0.00578270799829209 -0.057273251434672226
0 27 -0.04552707524723795 -0.12077928534582597 0.13978627608895297 0.12469504900627142 -0.08083091450659491 -0.0638598633348271 -0.07604344098824574 -0.05479405652836559 0.05416569173362559 0.034736142728729644
0 28 0.12742634355545768 -0.08388467312508456 0.08271492063685361 0.19318760725753356 -0.08846983214195188 -0.028518328479111187 -0.0474539709715038 -0.10262526861309183 -0.020320609388465447 0.09257046590569004
0 29 -0.06128705506074493 0.06859730308357974 -0.027579872184623058 0.07280601760677606 0.01900447488300082 -0.05149545146751876 -0.04832566503689453 0.05542809774668772 -0.036906790811037087 0.09372024219684234
0 30 -0.11359429994157726 0.01644927452549509 -0.022969484440724202 -0.17851642532602358 -0.0042775610593172595 0.00884460694023052 -0.04829847593781134 -0.16887125056742316 0.037151986682555684 -0.01061933486539065
0 31 0.12420278706936794 -0.10137521448423296 0.05010660358669695 0.06442022244857054 -0.2051954969764139 0.05538972412562837 -0.014339838875042699 -0.24042838685241083 -0.04602537163249576 -0.03242414819402356 -0.5688765555895587
1 0 -2.481746276701331
1 1 1.432568944926246
1 2 -1.859717499796822
1 3 -2.27644411505372
1 4 1.1581834922425667
1 5 -0.017734624285350706
1 6 0.6085658936404303
1 7 2.0283119375299097
1 8 -1.5391841900083747
1 9 -0.5309288138263273
