## RankNet
## Epochs = 100
## No. of features = 31
## No. of hidden layers = 1
## Layer 1: 10 neurons
1 2 3 4 5 6 7 8 9 10 11 12 13 14 15 16 17 18 19 20 21 22 23 24 25 26 27 28 29 30 31
1
10
0 0 0.1507614633199714 0.14568953261525355 -0.17047155795581542 -0.5366139971549022 -0.14135167863427445 -0.04483886388997773 -0.07676607169239445 -0.5215634037618665 0.052851141869800916 0.041612101897845616
0 1 -0.11424835058684199 -0.14169970298117676 0.008305830891668345 0.20036278817503286 -0.0047053527099953085 -0.01871815705222757 0.007635534000781065 0.21066715024525173 -0.014468342351138579 -0.11119915082683089
0 2 0.2594655223548862 0.35175793877363937 -0.2804614185744666 -1.136958038058777 -0.3219100699983706 -0.31851232000413154 -0.2749224399452223 -1.070897947897714 0.02558356196883354 0.06679220360546526
0 3 0.8185173446045428 0.809362298735979 -0.9595554900462429 -2.5748291220446395 -0.6808555286857558 -0.6245263549800509 -0.4437845785269426 -2.4537822826226403 -0.054312026919014225 0.24847160771250856
0 4 0.2730586033675835 0.2600185001717531 -0.4070618851225882 -1.0324318701160702 -0.3459023066422264 -0.17546307847231365 -0.20782894373442048 -0.8100046990601102 -0.030753162039997745 0.08059517818851199
0 5 -0.023336129293115536 0.061933884122916394 -0.1062390382548543 -0.2698596639274754 0.002696350097814535 0.04420884472286145 -0.12880655475465438 -0.1355888291074775 0.018533038581156916 0.025134586116899005
0 6 0.14434974222737987 0.1542921507274047 -0.13731356127017116 -0.1780578702418592 -0.004658750507594655 -0.11893071422033792 -0.021960413900943717 -0.30436924052158104 0.04232377113466741 0.11995113574447763
0 7 0.1389262984410863 0.20109510439725597 -0.1581080154972843 -0.5249010970117038 -0.1886569097610102 -0.18924012279449726 -0.049351514260967934 -0.38879618285758266 -0.015119913986233025 0.1152343355243723
0 8 0.22577590321746496 0.13763660151267137 -0.21420858934015213 -0.5626965182559152 -0.16084970495462655 -0.06414611066414756 -0.22206354137292647 -0.5852115995276495 0.0989671455099616 0.02974836500833969
0 9 0.146851395428669 0.07572109733607044 -0.06013059130452496 -0.20711015964751073 -0.0309041651958391 -0.15798140059776217 0.016060033587018577 -0.3627155322085663 0.07661289881850872 0.03969825507881811
0 10 0.04183188134557043 0.2099948746800242 -0.12438450399129379 -0.4733205947505373 -0.11603674128780594 -0.07115291591686902 -0.07555934689979628 -0.46457573602864866 0.028809093963317527 0.01084645761250578
0 11 0.15292632460238845 0.1686918310946597 -0.07846689054454294 -0.4129661456964501 -0.18608771934891477 -0.02936495245463153 -0.023176946127473126 -0.2525717827119488 -0.009603886201906966 0.05575914952228712
0 12 -0.001226133607985918 0.030603753721821177 -0.07689870954986253 -0.10244846998692358 0.04776063920676069 0.08213809622722507 -0.09806246311469063 -0.04678340193003497 0.02522285216051364 0.06005817176953188
0 13 0.09043263176598956 0.17472466977434042 -0.2408604274386098 -0.44158239819350664 -0.13665635759584904 -0.0645821748525269 -0.07643236204348798 -0.5407886392616816 0.028149368556866644 0.12598832773740545
0 14 -0.7026095186988668 -0.8445786128831824 0.6979365195785353 1.8932309627423336 0.540968354043196 0.46408723523895984 0.4268764954188836 1.8253315879271288 -0.07711396284129571 -0.3413208260140212
0 15 -0.16631147821262174 -0.1596007373346468 0.0047700883016551145 0.25824030237766116 0.0726481902139373 -0.025573609085741588 0.03512609457130293 0.2566497113604797 -0.024686508617055163 -0.1456842160057203
0 16 0.02796741942271763 -0.1211176914099874 0.03784360278723195 -0.0029267052717532587 -0.04541289403138121 0.0988284127080797 -0.013731697133654982 0.08890669158719153 -0.06461274656580707 -0.019515370835844183
0 17 0.07410960912148372 0.08992222917215777 -0.10673054207111614 -0.20417085926019787 -0.026850056759932576 -0.04080993537570395 -0.12773247510915728 -0.12021782601327481 0.07919933032429433 -0.04281449299053861
0 18 0.1558365295238242 0.2363561367098967 -0.18967180121406746 -0.6387290502187423 -0.12625484004131404 -0.115260443763091 -0.12399456513160703 -0.5659529945746969 -0.03615369721010898 0.11309299417607334
0 19 -0.06708783821530105 -0.0644907448106874 0.006735784494416908 0.05455068306950964 -0.003285390463303224 0.07781099174398308 0.08650613509745511 0.1286681523041796 0.03993092250990222 -0.05703575259980035
0 20 0.19742164064685488 0.2594174058075537 -0.3063812393586391 -0.8501838264835261 -0.27382931116926434 -0.30528416609189524 -0.23574951066063493 -0.8277982101044891 -0.024316627424234603 0.09627341123372825
0 21 0.17792073971645633 0.14467099597605265 -0.12654172537649208 -0.4907641004115824 -0.08945871430162321 -0.12848999461995814 -0.00223076833073338 -0.4214990182274321 0.009903157979244303 0.07842729735591322
0 22 0.29019123129429447 0.35224033902786395 -0.29719933483394234 -0.7756060617093017 -0.22497033573024758 -0.25415511331330776 -0.15455982689644723 -0.8228371804876429 0.027645459575151715 0.11493569426046132
0 23 0.04348944794550667 0.1957384109325999 -0.12238349920752269 -0.3545917294417842 -0.03961420732678364 -0.1195072246769808 -0.039656263590890015 -0.3260561586641324 0.026538868970481997 0.08815264462316903
0 24 -0.10514678513677292 -0.15107826858359324 0.10618483734711402 0.10508370500039708 0.008413600854605355 0.02404096427604185 -0.05091720379017783 0.21370796232020486 -0.02177755460934683 -0.10579033629669407
0 25 -0.14536624784211943 -0.1442208992138464 0.020413944829259373 0.17937798903279292 0.06217984748396435 0.003938351557723082 -0.011418325438290222 0.06751810469731558 0.08469794947298352 0.06570308693843503
0 26 0.028392343804666126 -0.012015196244062377 -0.1556772419133807 -0.2460093269631822 -0.1089574032908008 -0.05994889653412585 0.04973355989266687 -0.25121482709040727 0.04824159880459078 0.029398279311259972
0 27 -0.015431191482936684 -0.08239100495717988 0.08348401973248344 0.1957429362416995 0.003776903606741086 0.05187782554025865 -0.0330910040564535 0.2090410781372888 0.08402991144549944 -0.0029339995844085334
0 28 -0.043151492573255484 -0.1396277969545702 0.07136423802361985 0.23530220107329597 -0.02857500667282763 0.08812044302154018 0.03990231827867591 0.06798573586378265 -0.029816348450369498 0.002736366854501359
0 29 0.08339616362846328 0.07281065937848143 -0.06722782829527953 -0.039340346677729565 -0.03982954239251643 0.050914903409365 0.007361332691160419 -0.033319332303023745 0.05272076538048901 0.07677792180455176
0 30 0.03604155708310359 0.10646518630162034 -0.10799000740149164 -0.40445937180288866 -0.16075816289588424 -0.11626409775732398 -0.013476107072364244 -0.4266162779378373 0.028380799146878088 0.11888953720368126
0 31 -0.056608619114450594 -0.21385666056286787 0.0374128535416696 -0.0650193423453086 0.0505429683567379 0.058961245330310434 0.04247545866238374 -0.09332123445361626 -0.09155125930830936 -0.054761836486818476 -0.3066686500152553
1 0 1.2283500592988186
1 1 1.4045546055666962
1 2 -1.478533185081604
1 3 -3.4151988668767537
1 4 -1.1763760094447926
1 5 -1.0629407253546055
1 6 -0.8903616993742346
1 7 -3.281770191991405
1 8 -0.03555100763807648
1 9 0.45412141593769434
