## ListNet
## Epochs = 1500
## No. of features = 31
1 2 3 4 5 6 7 8 9 10 11 12 13 14 15 16 17 18 19 20 21 22 23 24 25 26 27 28 29 30 31
0
0 0 -0.061996284101102965
0 1 0.032821046690353066
0 2 0.07562603971451157
0 3 -0.09423211220727425
0 4 -0.0334630260359397
0 5 -0.0018969626270819403
0 6 -0.07715797041364138
0 7 0.06453789440309542
0 8 -0.08230456979991557
0 9 -0.01865056286035585
0 10 0.08104422956336797
0 11 0.01412999378707092
0 12 0.08090696826355406
0 13 0.08349345993065871
0 14 0.02013371640199186
0 15 0.03758251854263984
0 16 -0.09583921757281343
0 17 -0.08900164119169143
0 18 0.09157582542070086
0 19 0.011094471361607475
0 20 -0.06759054077903044
0 21 -0.07661116085865241
0 22 -0.018124910597859933
0 23 0.032293992900331414
0 24 0.04625950450573529
0 25 0.0019847873525202057
0 26 0.05811432638441076
0 27 -0.06252924120589948
0 28 -0.014580818500580855
0 29 0.09697622377351034
0 30 0.09337945539391006
0 31 0.09018857032060623
