## ListNet
## Epochs = 1500
## No. of features = 31
1 2 3 4 5 6 7 8 9 10 11 12 13 14 15 16 17 18 19 20 21 22 23 24 25 26 27 28 29 30 31
0
0 0 0.06028231396403692
0 1 0.0832970524714995
0 2 -0.03615753498407554
0 3 -0.019601251151620234
0 4 -0.07745566274634551
0 5 -0.08490353212883438
0 6 0.03129105278570549
0 7 -0.007747977017905937
0 8 -0.00812537130732568
0 9 -0.07345712561743326
0 10 -0.046283599243008296
0 11 -0.045534815084123076
0 12 -0.07790504925347298
0 13 0.05993846005212225
0 14 0.08570009887779143
0 15 0.04092913744280031
0 16 -0.025555917183148553
0 17 0.019771163229374337
0 18 0.08631306712591602
0 19 0.05127030071959176
0 20 0.005727258611730983
0 21 0.047573245661977626
0 22 0.0014830751181207648
0 23 0.035292031588117834
0 24 -0.058118600137830996
0 25 -0.0662129255194341
0 26 -0.037052900400073224
0 27 0.04682811086005287
0 28 0.010983301724718824
0 29 -0.0588558019144424
0 30 0.08405407658201337
0 31 0.05501074343919754
