## RankNet
## Epochs = 100
## No. of features = 31
## No. of hidden layers = 1
## Layer 1: 10 neurons
1 2 3 4 5 6 7 8 9 10 11 12 13 14 15 16 17 18 19 20 21 22 23 24 25 26 27 28 29 30 31
1
10
0 0 0.02883525450898504 -0.02497229524442971 0.1153160728012952 -0.35763208765132265 -0.0535876597919439 -0.3576798370462115 0.1565007841291485 0.05807719837323144 0.03483731183410462 0.04208634130414484
0 1 -0.0945853974933871 -0.04710777495022324 -0.009912375893271898 0.21639090866459168 -0.005587616035667685 0.14844664792644732 -0.02019571978969096 0.002542059860934763 0.05978191895348711 0.015561957672887164
0 2 -0.007081245809521944 -0.216837324418581 0.3780970088712451 -0.8245086641659128 -0.1058700476941338 -0.7300014681854329 0.23284804006467033 0.13535164386698606 -0.14709828967897598 0.11983910232199523
0 3 0.1822549710729671 -0.48740347100485154 0.6729097214598111 -1.7479443186913814 -0.059255427521169614 -1.673088206837936 0.6317229892110279 0.10072567480470375 -0.16501346048114227 0.2628463079543905
0 4 0.15694215300594264 -0.21859592063489638 0.19896523957747958 -0.6981979473425709 -0.0925624941787397 -0.5966402408433624 0.3103077437489846 0.03437409400437224 -0.17823182212773855 0.20027661466726063
0 5 -0.07808311439848223 -0.031004029144572218 0.021464526395448286 -0.1316179615845845 0.0144012947298382 -0.15340022866233613 0.026738562031116558 0.021683524610570624 -0.08676406635521118 -0.0458376062213786
0 6 -0.019934303242033324 -0.1023834074106866 0.058987538724979464 -0.2429836174052274 -0.10674239374568736 -0.2015874639497463 0.10859458665152652 0.02785249047820759 0.05697214691778763 -0.01575135301559011
0 7 0.035608482506744546 -0.11533704226334543 0.10144857824358725 -0.2656725615882883 0.06698147534887201 -0.2801591922889983 0.10732800668816926 -0.007934141916040766 -0.11627322797194928 0.03077104697845642
0 8 -0.044414595335715346 -0.20732700085099717 0.17324716888940228 -0.4799454124661998 -0.1183683899332089 -0.4583041729927206 0.14527440391555918 -0.04808167397860287 -0.15294846671856827 0.1446540805728617
0 9 0.04248798540632951 -0.03953565843180026 0.09227233062914693 -0.17936039157261408 0.0468545606585405 -0.3112654650215056 -6.516173883722554E-4 -0.023352257700039236 -0.007268829988037905 0.10360173896467273
0 10 -0.04045775071587791 -0.043933885671440985 0.21228979392286632 -0.27658724166222365 0.054263247898186845 -0.25557048388473436 0.15825759229314848 -0.06564732202973057 -0.0016602792939970855 0.14278614394777112
0 11 -0.05270296203568456 -0.016212874359874795 0.06517161490145316 -0.3542631711629602 0.015758332968281986 -0.2565701072654905 -0.027092120150161613 -0.009641580076861448 -0.0895931003479598 -0.025292183796352567
0 12 -0.06774354538603237 -0.08256747080032927 -0.0706097483556309 -0.025607740295345578 -0.023209545505929855 0.05026805589954813 -0.07161385539350548 0.07247347762254902 -0.06817658882034146 -0.08631976151981392
0 13 -0.019798552520245125 -0.12826108478603782 0.22105419080586453 -0.41455581607419184 -0.029165311230983842 -0.3910744413141542 0.20738100129649065 0.07108649753222272 0.002998088812277525 0.023830501855356942
0 14 -0.08655113291638171 0.4648047827858637 -0.6360267518258985 1.3312791848635641 0.048976343372486145 1.2268799429033643 -0.5968473620750974 0.003263218354037343 0.30803129174152033 -0.30793489577576943
0 15 0.07621820807979612 0.11560188342840169 -0.16614868234981361 0.1762662967377518 -0.0669165318805531 0.10315375692819345 -0.14597477651690455 0.023524002256946938 -0.047661783807322854 0.034920527559949004
0 16 -0.049322870953451704 0.0025103366805744962 0.019065867513049894 -0.037310952622388364 0.0772635469453052 0.044631718386204784 -0.04689274368002157 -0.061973821135693524 -0.0818131213298393 0.013654121870354438
0 17 0.025502720698806228 8.79240909049138E-5 0.06176215348773495 -0.1195422894084879 0.050229452113033396 -0.10217080827398749 0.13139885139269686 -0.027914606175428573 -0.06548559672279465 0.040517996326654704
0 18 -0.0022119329304202415 -0.08176003627599604 0.11242647578439298 -0.29757353845751605 -0.08549725216857164 -0.37199666228982126 0.17055191224891653 0.04004567566169429 -0.04331142938816588 0.04515492073649396
0 19 0.0693378623275471 -0.050422407694827705 -0.11293146515534726 0.10790313206674348 0.015750498256073858 0.07503508129327698 -0.06517503512809776 0.04085690276818328 0.054186572283011464 0.0276273741472662
0 20 0.0886929012900166 -0.18584660477200335 0.2539401103923252 -0.5391891955738742 -0.10102334725596919 -0.5424072940206722 0.2815489244958523 0.06505350773530788 -0.17630717056531467 0.09222995071113145
0 21 -0.004959730341783395 -0.07547889524143113 0.17969176856862437 -0.2935633754038313 -0.10543308396566031 -0.31029874084205633 0.1494034976979085 -0.05633556188914991 -0.12248727003120638 0.15000688013214994
0 22 0.0839152140670194 -0.13708757598305446 0.2385691477657413 -0.6222430360361086 -0.14094092880168888 -0.4891321098054091 0.2859719261981161 0.03835903079271333 -0.02024775689339996 0.007789776028739697
0 23 0.08517087785526474 -0.04073152124457247 0.08536651981004496 -0.1449533297936441 -0.0072171427936424575 -0.2529398255204208 0.10894537403695113 -0.011747441480792846 -0.09415768838108311 0.043234750033939756
0 24 -0.07423336758447723 0.10488680434979843 -0.05277264627996478 0.2299030269408152 -0.05629580536816786 0.1099780032658392 0.028792342575835687 0.05191955157214468 -0.009963823876790588 -0.008022342047596607
0 25 0.061986622468538234 0.006001925204275223 -0.10532794837061332 0.11551992108921513 -0.06529071500551357 0.1315261896251852 0.06856113193951122 0.006912286014146677 -0.016850574585807545 0.04403635744762099
0 26 -0.03850824990564902 -0.05875287114240714 0.048091744011268374 -0.11742259417754804 -0.03708602465517972 -0.20097281504971304 -0.09632646118656601 0.0444741907489064 -0.03240326645028034 0.06363262070156295
0 27 -0.07811763293074597 0.08127808992939783 0.04630413783745031 0.12784735476201053 0.054502223185218246 0.01899437781118408 -0.01685339851481355 -0.090220766427914 -0.05217513960366386 -0.0658597632320065
0 28 0.03362186505460948 0.051090202651615624 -0.05515660143255648 0.20634996863804617 0.02311701244290456 0.128614273344834 -0.01733149866935682 0.062393125131975195 0.07503683926810262 -0.09445781003338649
0 29 0.08635801016694826 -0.0242576154789862 0.005096671549959788 0.03480557893113227 0.04349518183012585 -0.07604676595843948 0.007191482819242337 -0.03698103419177246 -0.04404998730367741 -0.10323075163396703
0 30 0.08643903832355744 0.04764799222475076 -0.0477954102125722 -0.2471317910516385 -0.05898756387860331 -0.23780704738419983 0.033588216771467866 0.0042445349730829175 -0.11297682572098663 0.08097885166552551
0 31 0.0762039898600513 -0.010997389716330816 -0.13323315367251154 0.03964534012434115 -0.005626289097602273 -0.07396060640684989 -0.022107169809827805 0.038240236504777106 0.02182898154801259 -0.04913439526857545 -0.26968388219510464
1 0 0.13989553577130673
1 1 -0.9177554964337298
1 2 1.1101121303249366
1 3 -2.6468956345408694
1 4 -0.2817083079353864
1 5 -2.399390045088237
1 6 1.0434139517366476
1 7 0.03327564070265219
1 8 -0.5434007743885878
1 9 0.43532754292704295
