## ListNet
## Epochs = 1500
## No. of features = 31
1 2 3 4 5 6 7 8 9 10 11 12 13 14 15 16 17 18 19 20 21 22 23 24 25 26 27 28 29 30 31
0
0 0 -0.027608962726287142
0 1 -0.021469068635652025
0 2 0.10133002076010571
0 3 -0.03446437394565339
0 4 -0.06886275315245281
0 5 -0.06229177296582563
0 6 -0.06158954754783196
0 7 -0.08650802469819995
0 8 -0.08258555703385832
0 9 0.07807494743123061
0 10 -0.04929228476893769
0 11 -0.08014383797580395
0 12 0.04503997058087531
0 13 -0.09884899978417173
0 14 -0.0938658147465484
0 15 0.08360725633667422
0 16 0.053350825078902354
0 17 0.06880146688328918
0 18 0.03575241316977744
0 19 0.037823430656454646
0 20 -0.027995360320294045
0 21 0.049064797697282475
0 22 0.08931802784554371
0 23 -0.037773702500247884
0 24 -0.05508185953803492
0 25 -0.014023345773582977
0 26 -0.033892110735931354
0 27 -0.0011638563604822732
0 28 0.03549181617781871
0 29 0.09156837916659374
0 30 -0.06823380428182622
0 31 -0.06276426464319229
