## RankNet
## Epochs = 100
## No. of features = 31
## No. of hidden layers = 1
## Layer 1: 10 neurons
1 2 3 4 5 6 7 8 9 10 11 12 13 14 15 16 17 18 19 20 21 22 23 24 25 26 27 28 29 30 31
1
10
0 0 -0.0742786176900416 0.27772611400772657 0.35462224823650107 -0.1992032736921516 -0.4299469191941025 -0.3990085772616428 -0.18556005576659013 0.017403673977250168 -0.12726188810093098 -0.4016993158300366
0 1 0.12862596751506664 -0.18461457585320867 -0.22304022678413093 0.0637521198300246 0.30457483739343494 0.26084544657862246 0.09592906498722595 -0.06742331331657385 -0.0640228525706794 0.09321839605946196
0 2 -0.10594486492271886 0.39643885409301144 0.4375891080730004 -0.27629587413300727 -0.8859300937287927 -0.68969295872947 -0.24795440007985858 0.26801962516003414 -0.037063972802938626 -0.7196936537373736
0 3 -0.4718817103119115 0.8531279746622017 1.098657051639862 -0.7784240125138212 -1.8617895653475947 -1.6035579638356101 -0.7614666879896738 0.47217680214000113 -0.32295309297945024 -1.3885620268999654
0 4 -0.18601367504596925 0.4323213049815077 0.4206808020871924 -0.3170503004519098 -0.7768332545585099 -0.5546928278250465 -0.2642776199768552 0.07879407097262606 -0.0620878525585154 -0.6031539333023798
0 5 -0.09223274638406878 0.050760391925362976 0.10597624017001134 -0.1285442550657297 -0.10758384498749474 0.03209145816118769 -0.025331003556748513 0.07929227797221108 0.03160123394013557 -0.021913746083658436
0 6 0.02898604307401035 0.08253274204048758 0.0543672077121687 -0.11062052050772403 -0.10135197263966189 -0.06688797433594644 -0.07335587911790868 0.09706158069501598 -0.10909963343996949 -0.19577519143998112
0 7 -0.14571274585868246 0.27866652023299415 0.3132128732589271 -0.24780039544319504 -0.4389260845402923 -0.30115266862537315 -0.23863209536230362 0.1993215649839993 -0.04928951990333206 -0.34176663002521274
0 8 -0.07949131983643959 0.31224949127932233 0.21605218447202157 -0.26801248550870915 -0.5434843376411409 -0.48483139863009955 -0.16859143847639496 0.05926749956526174 0.013075962834435323 -0.399407223276676
0 9 0.02375869147331426 0.09406092197353783 0.0964773420628855 -0.15645682606067934 -0.19441576244083536 -0.20691774831055898 0.0043969381737091725 0.10967901475141381 0.04084408964018904 -0.22968555856821532
0 10 -0.04747778083881409 0.09403137241609309 0.2931082232532529 -0.2503399585350518 -0.4349937505872881 -0.35181241907246724 -0.22786193603515334 0.16777315811654292 -0.0066757649915656124 -0.3396188617139911
0 11 -0.10146865827230984 0.010697140621870714 0.03436942750262842 -0.1362092591797101 -0.2873395939843857 -0.19298870349747513 -0.011568779660957778 -0.011194638607356434 -0.07554528182375103 -0.1677136491932496
0 12 0.04146759162714364 -0.04543226434242874 -0.03217436190825008 0.04971268388135942 -0.034087938125372315 0.012396339522933989 0.016856728265879868 0.03784506701233883 -0.06292767828965094 -0.10413860128182185
0 13 -0.007726734984436616 0.24346252009055772 0.23055386042224493 -0.1588109566124487 -0.3884130809076686 -0.3538411373547928 -0.2194955142314967 0.1164464718965786 -0.11748153493337277 -0.3366667758830666
0 14 0.393961655746041 -0.9531395566409526 -1.1735321612849685 0.7589274214137722 1.5006618684598783 1.1891299060209588 0.5810626909874459 -0.45293426232815015 0.3012603516841235 1.087409845418148
0 15 0.07346939233470817 -0.12259629670900606 -0.26981576222363235 0.021120087864410168 0.07628335820446121 0.18856716700909548 0.022115944342452946 -0.04928657021588006 0.08946744354079236 0.1451436874632198
0 16 0.031674763365300236 -0.1282481795646682 0.03256257951288185 -0.0046103719264863445 0.02518599935070747 0.06031725984590499 -0.007374120212879902 -0.08888944318562705 0.10218615246303486 0.0872199827667276
0 17 -0.030335457122476726 0.14555094642516347 0.14549280651705587 0.025856001401835728 -0.18423282722244122 -0.2006564739298476 -0.09973565200142154 0.09534181604399915 0.04631939530117645 -0.02945085177807851
0 18 -0.17761117227214449 0.20561440878228304 0.3233149724762639 -0.11127872228147288 -0.4794754564324609 -0.38551401888157283 -0.25090656909824083 0.024384042833747354 0.005731250963623538 -0.2916880171214219
0 19 0.0397911664206902 -0.1490516177670247 -0.21980567635743334 0.015853972272470637 0.04310958703267955 0.10894750655779815 -0.024495831907786033 -0.044289464801895446 0.08142353885902268 0.1812136146845167
0 20 -0.14470783173349783 0.3314830885538453 0.3850307122304341 -0.24103347923439272 -0.5896457115280493 -0.5526130636333669 -0.2036975822882667 0.18580516946000622 -0.05107311829331187 -0.48468650752000564
0 21 -0.1103468271238396 0.1440000558368097 0.27885974286833615 -0.16724328636444694 -0.28139732983773635 -0.19808785276683127 -0.1656517928466411 0.1388460851216857 -0.10601628046518362 -0.29482164332066557
0 22 -0.1595974078418213 0.2155833010263263 0.4037685030893924 -0.2004504119915994 -0.6723971707450496 -0.4059757778950278 -0.26773098715203897 0.07223184293015278 -0.14007563491962463 -0.48365550303074417
0 23 -0.15538314101660836 0.19293313414751304 0.17201925585851463 -0.10500882457202868 -0.18010735262277133 -0.1732045740921158 -0.09839332781940002 -0.01489053701366631 -0.01908056690285699 -0.11883739413715003
0 24 0.11266443779005461 -0.09381505632391203 -0.14279028036759553 0.16638323533508848 0.19300416048918714 0.14943130405413588 5.277484088594683E-4 -0.0062419738396963355 0.06474282875298167 0.2297805240325508
0 25 0.11162204860371683 -0.040552956429275165 -0.07570372180400275 -0.003807997299812975 0.0696597767586227 0.06799449586280981 -0.01843538421618044 0.019709929886796092 -0.01589953362261943 0.09002107257535046
0 26 -0.019954825188480494 -0.0895180618316201 -0.058137455064960514 -0.17079259434969316 -0.200663545405248 -0.15315962652353107 -0.09300569585334842 0.06513654105197082 0.05742409681706368 -0.2455766172556908
0 27 -0.03793156025191587 -0.14726916468499796 -0.09937020809391443 0.1362107685346599 0.11526731137793815 0.02864079021715376 -0.05572075924755801 0.012123314648859617 -0.05738158943988353 0.04715969856734592
0 28 -0.03996340701003722 -0.002405710442954136 -0.17908172172997575 0.09965371806798196 0.17089419205242168 0.02550538685752931 0.09905399267595627 0.010079405481344998 0.07532940508441052 0.1436433906597815
0 29 -0.05317986266850148 -0.043681550919080867 0.0271618471458263 0.06497213851840108 -0.007699449394854737 -0.05708172361967957 -0.0891572452460843 -0.10421647243997179 0.08775937959605802 0.06679458272624982
0 30 -0.10505433606585957 0.028671996661434607 -0.08645958708702502 -0.15934049872771963 -0.28394925779581315 -0.2994163028499023 -0.030393542732224974 0.09176307179772497 0.021069625982829916 -0.1734107429397914
0 31 -0.0034772133421915 -0.06264067030781029 -0.2870419830726099 0.008902339118066222 -0.07787034863070945 -0.016836140546066806 0.10629632319952924 -0.14888051516398934 -0.01386451976247942 0.06211033530161351 -0.32773129144717766
1 0 -0.8498046361138012
1 1 1.5321307063818668
1 2 1.910279966163301
1 3 -1.416656199702515
1 4 -2.768829117716921
1 5 -2.3828743885467834
1 6 -1.2893704143246476
1 7 0.7163050305837068
1 8 -0.5803613141221965
1 9 -2.2687757608131323
