## LambdaRank
## Epochs = 100
## No. of features = 31
## No. of hidden layers = 1
## Layer 1: 10 neurons
1 2 3 4 5 6 7 8 9 10 11 12 13 14 15 16 17 18 19 20 21 22 23 24 25 26 27 28 29 30 31
1
10
0 0 0.03704400733113289 -0.03624173253774643 -0.03075430914759636 -0.06851647794246674 -0.013958198018372059 -0.022443121299147606 0.0482657328248024 -0.051717229187488556 -0.08507572114467621 -0.03911483287811279
0 1 -0.012104970403015614 0.09831766784191132 0.061173755675554276 0.09542228281497955 0.020568257197737694 0.08999868482351303 0.043431974947452545 -0.06515789777040482 -0.012161046266555786 0.029951322823762894
0 2 -0.06365036964416504 -0.06104446202516556 -0.027727752923965454 0.012285709381103516 0.0028039454482495785 -0.07663995027542114 -0.03055235743522644 -0.08390262722969055 0.022519707679748535 0.06639130413532257
0 3 -0.09347835928201675 -0.012978714890778065 0.02189372107386589 0.056748002767562866 -0.06024114415049553 0.03339210897684097 -0.07552273571491241 -0.09423435479402542 0.0019751726649701595 -0.030215997248888016
0 4 -0.017707109451293945 -0.03999296948313713 -0.01925317570567131 -0.06783361732959747 -0.012488728389143944 -0.014549946412444115 0.08503381907939911 -0.03927857428789139 0.08951959758996964 0.08141563087701797
0 5 -0.0845390260219574 0.03308062627911568 -0.031713925302028656 0.033623240888118744 -0.08435165137052536 -0.07219745963811874 0.07221847772598267 -0.013420713134109974 0.05491853877902031 -0.07853899896144867
0 6 0.09544295072555542 0.05206948518753052 0.07816385477781296 0.05614146590232849 0.039724357426166534 0.06406736373901367 -0.0950617641210556 0.06622427701950073 -0.06765614449977875 -0.06810061633586884
0 7 -0.08678741008043289 0.08816355466842651 -0.004195117857307196 0.035643965005874634 -0.03745930641889572 -0.021841764450073242 -0.04236597567796707 -0.08736536651849747 -0.09650616347789764 -0.08888408541679382
0 8 -0.08171550929546356 -0.06735555827617645 -0.04433535784482956 -0.03296735882759094 -0.09562552720308304 -0.02569102682173252 0.06625007838010788 0.002688860986381769 -0.020175378769636154 0.030951887369155884
0 9 -0.05645645782351494 0.024407386779785156 -0.019452357664704323 -0.01605483889579773 0.006521785166114569 -0.0370202474296093 -0.010039865970611572 -0.03312429040670395 0.08078913390636444 0.06581549346446991
0 10 -0.02087070420384407 0.0561133548617363 -0.0450236015021801 -0.05833936855196953 -0.023714441806077957 0.02349947765469551 -0.09395954757928848 -0.09164479374885559 0.09427522867918015 -0.057617731392383575
0 11 -0.018438076600432396 -0.0873376727104187 -0.05420814827084541 0.03205837681889534 -0.06346826255321503 -0.03851323574781418 3.194689634256065E-4 0.08404311537742615 -0.05481528490781784 -0.06097576767206192
0 12 -0.04879800230264664 0.08480817079544067 -0.013613271526992321 -0.030060548335313797 0.009531992487609386 0.08776034414768219 0.036019861698150635 0.053927890956401825 0.05839775875210762 0.07153557986021042
0 13 -0.08807440847158432 0.06437470018863678 0.09386356174945831 -0.08307789266109467 -0.05469101667404175 0.07700993865728378 0.04833413287997246 -0.06446962058544159 -0.08611221611499786 -0.08406606316566467
0 14 0.07436820864677429 0.01648244820535183 -0.005168640520423651 0.09516929090023041 0.041233647614717484 -0.011681878939270973 -0.0743345245718956 -0.03406742960214615 -0.058221589773893356 0.020405948162078857
0 15 0.07283852994441986 -0.032614558935165405 -0.08772318065166473 0.05405249446630478 9.836733806878328E-4 -0.0372379794716835 0.02327953651547432 -0.06184745952486992 -0.011349981650710106 -0.057663269340991974
0 16 -0.08564735949039459 -0.03962990641593933 -0.06469772756099701 -0.04284930229187012 0.03338005393743515 0.02217789925634861 -0.02215883694589138 0.06488579511642456 0.09350588917732239 0.03421252220869064
0 17 0.014698589220643044 -0.02803167700767517 0.09259185940027237 0.06945568323135376 -0.0758490189909935 -0.09712348133325577 -0.008814102038741112 -0.05198048800230026 0.08436032384634018 -0.05725861340761185
0 18 0.07161253690719604 0.009581571444869041 0.03968582674860954 -0.0749591737985611 -0.007089549209922552 -0.05500556901097298 -0.08511067926883698 0.029947901144623756 0.06451952457427979 -0.027620691806077957
0 19 8.540392154827714E-4 0.02621830627322197 0.06216808408498764 0.09546733647584915 -0.012618988752365112 0.07125723361968994 0.05907697230577469 -0.055619943886995316 -0.0998338982462883 0.033078551292419434
0 20 -0.09355234354734421 0.09940385818481445 0.042223621159791946 -0.0461525097489357 -0.028801655396819115 0.028248881921172142 0.013368254527449608 -0.03936632722616196 0.011495846323668957 0.015824805945158005
0 21 0.015551989898085594 0.001826977706514299 0.07999105751514435 0.012592220678925514 -0.05147378891706467 0.08561816811561584 0.055525798350572586 0.08001537621021271 -0.0452863983809948 0.06854934990406036
0 22 -0.011916679330170155 -0.02342207357287407 0.05794966220855713 -0.06448503583669662 -0.04710777476429939 0.06485886871814728 0.09002864360809326 -0.07401897013187408 0.0733858197927475 -0.06027804687619209
0 23 0.028836499899625778 -0.014057922177016735 -0.0021553337574005127 -0.019006330519914627 -0.07621676474809647 -0.051306236535310745 0.023874878883361816 0.0276833176612854 -0.08827903866767883 0.09169256687164307
0 24 -0.07408775389194489 0.015721118077635765 -0.06904678791761398 0.04545627906918526 -0.032437264919281006 -0.024824827909469604 -0.08624535799026489 0.09591168910264969 0.023138975724577904 0.06122675538063049
0 25 -0.019352829083800316 -0.04883413761854172 0.07258915901184082 0.016025740653276443 -0.007556044962257147 -0.02896263636648655 0.032620906829833984 0.036385972052812576 0.03839847445487976 0.020289551466703415
0 26 0.09637615084648132 0.018338192254304886 -0.006676179356873035 0.017608780413866043 -0.017844175919890404 -0.07053926587104797 0.07753275334835052 0.0682193711400032 0.09582389146089554 0.06758459657430649
0 27 -0.007723486516624689 -0.03473256155848503 -0.09839949756860733 -0.0713309496641159 0.014663701876997948 -0.0026058615185320377 -0.08497593551874161 0.049175553023815155 -0.034145601093769073 -0.08932855725288391
0 28 0.0295027494430542 -0.05935089662671089 -0.07450263202190399 0.0861089751124382 -0.06072186306118965 -0.0050324141047894955 0.057519685477018356 -0.07746443152427673 0.01310691237449646 0.08142009377479553
0 29 0.034532349556684494 -0.03929062932729721 0.025618785992264748 -0.05294284224510193 0.0799274891614914 -0.011788147501647472 -0.034483958035707474 0.0013481021160259843 0.0936523824930191 0.08004926145076752
0 30 0.08090941607952118 0.07967723160982132 0.08935894817113876 0.07215936481952667 -0.09497983753681183 0.09199055284261703 -0.005454200319945812 0.0023426890838891268 -0.0229397714138031 0.09419431537389755
0 31 -0.07944846898317337 0.09914221614599228 -0.06761705875396729 -0.060642488300800323 -0.02104913629591465 0.08883551508188248 -0.06190577149391174 0.028882259503006935 0.016763830557465553 0.004873943515121937 0.016983240842819214
1 0 0.05259750038385391
1 1 -0.04498327895998955
1 2 0.03664569929242134
1 3 0.07743487507104874
1 4 -0.0030798972584307194
1 5 -0.02427740767598152
1 6 -0.0011796712642535567
1 7 0.05226399749517441
1 8 -0.035040199756622314
1 9 0.0438249409198761
