## LambdaRank
## Epochs = 100
## No. of features = 31
## No. of hidden layers = 1
## Layer 1: 10 neurons
1 2 3 4 5 6 7 8 9 10 11 12 13 14 15 16 17 18 19 20 21 22 23 24 25 26 27 28 29 30 31
1
10
0 0 0.08288724080633181 -0.0767973803221306 0.0030052162538213214 -0.09404761631519937 -0.06952862811444749 -0.02501967362328188 -0.06629967774487704 0.09113365592286478 0.06586161749195897 0.054844742467928906
0 1 -0.08961814778009132 0.04973966058514357 -0.020070190996737392 -0.09086255372489753 -0.09378541672381852 0.023384181471846583 -0.05006650290528704 -0.06519013204816057 0.03248639672474742 -0.0448081464034601
0 2 0.03431008720387516 -0.06009809896480084 -0.05132492770976207 0.04624940106859155 -0.04706976029877742 -0.006275787485245216 0.015521838519837888 -0.09760699309020585 -0.07788525363148503 0.04876331256452874
0 3 0.09352968891337063 -0.014658694546890014 -0.012783110556704521 -0.03002729266963692 -0.017963035047289678 -0.010802575561479094 0.030342942401109716 0.08421636289096902 -0.009568449713384837 0.03765966960897552
0 4 0.02837868249201169 0.029388337921306743 0.006279296349270009 -0.042294568611640396 -0.08259929185689598 -0.08019703153287754 -0.03712364050191826 -0.02929780914279197 0.06950650418860337 0.08734669882429555
0 5 0.07492935019700729 0.09281338679064594 -0.06520401182614327 -0.0066013429268724656 -0.023422530684110782 -0.09995429994646607 0.020826705208298178 -0.08712578822716781 -0.019518452123575607 0.09020901188611571
0 6 -0.017604189877968576 0.027914926614343485 -0.09050925649539775 -0.038861137619445506 0.014284389293307645 0.02977586396798787 -0.059136756252757744 -0.09405544326943789 -0.05186156703587584 -0.011966608404095202
0 7 0.07571504448601908 0.0769115696367724 0.006996443439641478 0.013082938199283588 -0.04838894269599786 0.06223554874680451 -0.0759605199536734 -0.028553857581161902 0.054514675915539004 0.02505816894330217
0 8 -0.02597412880061413 -0.0627433818205047 -0.041711144975482416 -0.04704524223336822 -0.07521024479508477 0.08985405001253408 -0.07001704480116518 0.024902912920016465 -0.042524538714429856 0.025018318350735244
0 9 8.685845939003257E-4 -0.012347497446435518 -0.07296328357258773 0.004142909025664297 0.020521893658778587 -0.06204030782938156 0.05230107851240835 -0.058036370237090205 0.05875940995105488 -0.091707311330788
0 10 0.012291796526819183 0.04571916183136273 0.0862610029946575 -0.029283522097163627 -0.08003640430455941 0.08308024479082025 0.08025094082013057 0.026677900434243125 -0.036267528429199565 -0.058420353995451695
0 11 0.09001800858700526 0.03401141495011493 0.03185056426904171 -0.08098124501355493 0.08382690619552623 -0.05643457790530156 0.05530308652916043 -0.047804333827955084 -0.02583404445741009 -0.09020022088685913
0 12 -0.05906809228350402 -0.04646029824572387 -0.013367368918486193 -0.04856972298572126 -0.027292373713466923 -0.032581565749963626 -0.003909633642673456 0.04421193770362551 -0.015012534352770645 -0.03644872684808376
0 13 -0.07498992740845967 0.09003942714247828 -0.09335136048064192 -0.05396724786125817 -0.08886007312416322 -0.016305156582899844 -0.013796157456947938 0.07277547906081983 0.07852893267137165 0.08074993205538147
0 14 -0.04236070372953419 0.06888590227287282 0.03458781671134043 0.06276540092362745 0.022467140685922243 0.0861433921441088 0.04625916167742444 -0.09637101209662315 0.09644271845115499 -0.07356991919649959
0 15 0.04119095530321259 0.08800278545055237 -0.04827210867933158 -0.014542455489406785 0.08159674747477728 0.014135382620712638 0.04353760711598233 -0.032677467268058195 0.0878214821655031 0.063660144029494
0 16 0.09875495464470911 -0.08724637994624936 -0.010188285043999401 0.019836575105268078 0.05571494796598189 0.012480997168077828 -0.015782303038599236 0.03229411445758833 0.02964605151997128 -0.06258805303600144
0 17 -0.03126390813277873 -0.03468159739864621 -0.07099144037215743 -0.04232824276225406 0.06702360657627902 -0.0023965313515790098 -0.0072461769308981945 2.794218982237663E-4 -0.04839627851015396 -0.03525902049151831
0 18 -0.028570351210186116 -0.051452294571128696 0.00135186092032598 -0.0643249133788153 -0.04803656891013191 0.08242156571001892 -0.06337806479697264 -0.05498022493904681 0.0835489996687475 -0.0577567563694218
0 19 -0.04834880180951291 -0.08171765458222074 -0.017997163935296726 0.018792524139333314 -0.05238062536967737 0.08676463977053571 0.03975401873151977 -0.0061812764969100984 0.06671796171081232 0.040557203153392465
0 20 -0.09530647376247188 0.09805389823699086 0.06227958275928686 0.026450727775364332 0.08045453106284692 0.0774037368598428 0.017142383389466376 0.05762796381614505 -0.039187562463509844 -0.07012165214129845
0 21 0.09004116930096598 -0.030565186285331256 0.08426722630433646 0.02236444001968514 0.07268176545872358 0.08004506618818134 -0.010668719141808482 0.0730386875890945 0.03475862488439097 0.07358537308032766
0 22 -0.052130543548314985 0.0910197760076142 0.017191747463082798 -0.03357446905959992 -0.03932272144712263 0.03611337911276662 -0.04412691592507898 -0.02788152303184235 -0.09036946202295361 0.05425608911539004
0 23 -0.017295356430948483 0.09519631952323195 -0.04147129294232319 -0.031080632862928077 -0.07875223073956843 0.009023266649716389 -0.014932377013407994 0.045839198396529356 0.057291303163929504 -0.09722529592778519
0 24 0.014160559427461281 -0.0428296347397744 0.07859769185307325 -0.04439498818645148 -0.08391543777328644 0.07270344420957062 -0.07295684986811969 0.0936251765280953 -0.07862874332831823 -0.08267300951496036
0 25 -0.00353488810211064 0.07544446369521446 0.06772185981789206 -0.06426260812882241 -0.03452157681645872 -0.04299621756453721 0.04324273630676207 -0.07611617000996675 -0.07409975394160118 -0.09335156667150933
0 26 -0.008679206244650791 -0.06240001133867205 0.0528284015267635 -0.08761302283297688 -9.553000999907148E-4 -0.08648235110381994 0.04701935432177359 0.06153310927118792 -0.038432530769328364 -0.07598109963620744
0 27 -0.01453575873364343 0.03550464426081596 -0.09225632608056195 0.06145164597124436 0.08918745909676351 0.08943921419426303 0.05194361138297994 -0.04689948893755437 -0.06926581950331481 0.07254259852955766
0 28 -0.09257408406410568 0.01336568721779592 -0.0435878943863256 0.048131641477641485 -0.053452507866744735 0.0035465452012809176 -0.025242990438444655 -0.06350020378322675 -0.006213669485367308 -0.06951542918840123
0 29 -0.09639195059856032 -0.049517334935667685 -0.02590390568914828 0.09933634011404412 -0.02576219415801824 -0.01825567069250564 -0.07669857171180877 -0.05437980359722352 0.08961762648718441 -0.028400058406418037
0 30 0.09015072630227419 -0.059456690576143056 -0.011781527176722886 -0.031679591695473956 0.045139042553176564 0.089589295726374 -0.040317787200247514 0.09586551274613733 -0.05274590381438152 0.08688547850483011
0 31 -0.013438292344936154 -0.025248471703701068 -0.07140530411862232 0.01341958101666215 -0.005741268625984863 -0.09701245808434267 -0.03947337644281948 -0.09316297100816132 0.03253948416134607 -0.0074031981790381295 -0.010813939385116171
1 0 0.09610708802938406
1 1 -0.024759251624345804
1 2 0.016230154782533375
1 3 -0.023525888100267005
1 4 0.057792268693446516
1 5 0.057874329388141695
1 6 -0.0595630630850793
1 7 0.0993550419807435
1 8 0.0015555620193481489
1 9 0.043044306337833446
