## ListNet
## Epochs = 1500
## No. of features = 31
1 2 3 4 5 6 7 8 9 10 11 12 13 14 15 16 17 18 19 20 21 22 23 24 25 26 27 28 29 30 31
0
0 0 0.09975512927149
0 1 -0.06917294947455592
0 2 -0.04051919997742541
0 3 -0.048363465266921424
0 4 0.06804808400234416
0 5 -0.07483606424177373
0 6 0.03558282149848201
0 7 -0.06907507247165517
0 8 -0.006816238990216202
0 9 0.08797305153176403
0 10 0.016712417572391048
0 11 -0.07410206354196326
0 12 -0.015200399457429185
0 13 0.02865598811596585
0 14 0.061051661453489434
0 15 -0.012893479691015433
0 16 0.07419049888451132
0 17 0.011721118278149957
0 18 -0.019267501128345417
0 19 0.04383344080263265
0 20 -0.03147191301861571
0 21 -0.035391551253450414
0 22 -0.061155219586183404
0 23 -0.08084684991110855
0 24 0.035689529650272785
0 25 -0.050777539992967136
0 26 0.05687085515437198
0 27 -0.04476892519673012
0 28 0.026302588013744493
0 29 -0.02811086847459274
0 30 0.034787406921006
0 31 0.04506818577647209
