## ListNet
## Epochs = 1500
## No. of features = 31
1 2 3 4 5 6 7 8 9 10 11 12 13 14 15 16 17 18 19 20 21 22 23 24 25 26 27 28 29 30 31
0
0 0 -0.09572048857352473
0 1 0.0632039221471774
0 2 0.024969790858371314
0 3 0.04724347342707029
0 4 0.00942860530183976
0 5 0.07442282909600138
0 6 -0.07584452039245967
0 7 0.055499586543320295
0 8 0.06216790177063666
0 9 -0.029797195014723395
0 10 -0.028283398848650124
0 11 0.002489115197280222
0 12 0.024663020157656704
0 13 -0.003061046237633004
0 14 0.0246024755950026
0 15 0.02945202086473268
0 16 0.04932770904979972
0 17 -0.008291260144309186
0 18 0.07596006654241455
0 19 -0.08468795983140893
0 20 0.02098497795544219
0 21 -0.06145425930405886
0 22 8.58199884478817E-4
0 23 0.014678195719792854
0 24 -0.004138222701400543
0 25 0.07422225300424855
0 26 0.06580020996681313
0 27 -0.06844263222901215
0 28 0.08887015701091477
0 29 -0.07709999256172032
0 30 0.09345646102398868
0 31 0.07555125653743744
