## RankNet
## Epochs = 100
## No. of features = 31
## No. of hidden layers = 1
## Layer 1: 10 neurons
1 2 3 4 5 6 7 8 9 10 11 12 13 14 15 16 17 18 19 20 21 22 23 24 25 26 27 28 29 30 31
1
10
0 0 0.2829238275998551 -0.1915260097622906 -0.11396246124602742 -0.08393119098571358 0.15417283296888593 -0.1955124986047182 0.12494190749023308 -0.2575791113977969 0.08467606246507088 -0.2769094723837949
0 1 -0.26131655303101464 0.12892131343121643 0.13407936306822782 0.08692430173043754 -0.20445212208288294 0.04055687304721947 -0.12007263353019333 0.15034853013968377 -0.228111635250048 0.17319027692500602
0 2 0.4243072408337626 -0.4267415240854374 -0.12244316298688232 -0.2512477399991704 0.40542722715922497 -0.4289135286979648 0.2352603215267421 -0.46590398563795943 0.23646834167966177 -0.4705643102763148
0 3 1.3510365140878084 -1.153418113311985 -0.5292971235028314 -0.578507398149088 1.1497050921797467 -0.9333445887255334 0.3405955294154771 -1.042491392357605 0.9372111263491861 -1.2465680344815426
0 4 0.5385856507848923 -0.3732723503737716 -0.16669694616459718 -0.28534519921993273 0.4540337614100773 -0.4054622589994606 0.07282745515345627 -0.44498323993681993 0.23506993158396083 -0.41815818501412355
0 5 0.09629887976018134 -0.10296730313529182 -0.01957180104529296 -0.10050765882730994 -0.01091759271865974 -0.05900367648441261 0.031327991708523226 -0.09873353197045837 0.1205823726367295 -0.022928131691282827
0 6 0.19454655222313902 -0.004594130046062873 -0.12835481554360295 -0.14204604270046728 0.053993304971718975 -0.04411366843229504 0.014825261245579636 -0.06001435012732001 0.07935339969782676 -0.047783211649579174
0 7 0.2463453053745122 -0.3419517688156701 -0.12989543882451077 -0.08663329619579532 0.13780712765918046 -0.16057132583981287 0.15655631876562207 -0.25763247038675363 0.1848508834733203 -0.1880832343204445
0 8 0.21512697480532977 -0.1991893121535415 -0.17723896972574735 -0.20543694652464048 0.27820340109687713 -0.286837535534988 0.1287388237977659 -0.3506248185937598 0.18575387120415982 -0.3150661551023246
0 9 0.11622010363108655 -0.2205128507713775 -0.020601679477909425 -0.12828882452998405 0.12663937954026425 -0.1906787227429458 -0.027423447963826026 -0.05200548955334885 0.0626471389106418 -0.1770303565474608
0 10 0.24352702396593304 -0.2515408294168354 -0.14404347666391074 -0.024755890587814283 0.19955720459251242 -0.2455497697662547 0.07954111840780245 -0.27770958987893396 0.07553060137636951 -0.14526554874963443
0 11 0.022965738691160042 -0.13039386821580995 -0.13515255379952298 -0.13366347824903285 0.06298027407477273 -0.09619087914761884 -0.01538667329708598 -0.23068057477004159 0.027724439651386473 -0.16891685021102454
0 12 0.06109068344129054 0.04096480821188697 -0.01190494491243624 0.03592583745116275 0.02743454131850682 -0.08282987887542827 0.09616350380757095 0.0689127414870222 -0.03570792978924901 -0.07076906010864197
0 13 0.23177750940343023 -0.2904030314456679 -0.024003057983691508 -0.07031911859688617 0.2426308201899034 -0.1508968239298734 0.09939513818018635 -0.1599350836596705 0.13805358650891658 -0.24864083168141643
0 14 -1.1555570147453764 0.9758862016034606 0.4742377705585794 0.4437021353111947 -0.9605356875460341 0.6215641219803301 -0.4038628189806805 0.8377130322148926 -0.8737051591532835 1.0411643695683368
0 15 -0.37963592123295786 0.13912156634768783 0.027376813204851833 0.0825986780468349 -0.2951625345829101 0.18054200682968574 -0.1650276871562145 0.18002251916316797 -0.15296345696459057 0.20599812862849254
0 16 -0.09095105649174576 0.04819701892658852 0.013182614061194451 -0.045560842969973904 0.024251450177253928 0.03446160365446565 -0.0897557735375107 0.022771509893068018 -0.0424040462243205 -0.0508066753019351
0 17 -0.0035543705213202325 -0.026230340203654605 0.06990623631738886 -0.09119062107613901 -0.01686029807705057 0.04861335443679848 0.10715182691873458 -0.07083046662941302 0.05455652297685054 -0.13046867404652904
0 18 0.25484574412132416 -0.2476053717114833 -0.17381432179746528 -0.12814199642736587 0.14286772444841123 -0.29390478041647194 0.04965085239465614 -0.3311209655587243 0.21362691013758955 -0.24489217588277967
0 19 -0.04531715506778704 -0.0024924562925478814 0.07768468040432118 0.02881891323384304 -0.17834248890731766 0.017595049755778417 0.05814953957977069 0.06874139121724904 0.010611391180985254 0.12397660838344775
0 20 0.42559892949437245 -0.3190097599802666 -0.1980050524849821 -0.21572222851772319 0.24497890363657668 -0.2778505062011917 0.161055926248499 -0.3302330180656954 0.2633020602068939 -0.3548374570684385
0 21 0.17146643203094622 -0.17309628472891891 -0.042428281144131955 -0.009607767222333589 0.15743221095924048 -0.17812209846088645 0.06436744075406202 -0.15843993058370642 0.07448421414245447 -0.14006820762713193
0 22 0.476643535084219 -0.3373947733665496 -0.1225025598582953 -0.14830212396636994 0.294733667130813 -0.3215995777798337 0.11700153028486401 -0.40094532257375826 0.22371666038379823 -0.3739940111722558
0 23 0.22999432579356224 -0.10265157833067415 0.03824080845046356 -0.13548091193106904 0.14109911475225764 -0.180878835331935 0.0015900789942218888 -0.20113629338204347 0.09786296570780269 -0.056299817964016535
0 24 -0.20159230403441375 0.05735483197534828 0.06847771986203591 -0.03171423328574525 -0.16815654972690952 0.10262188328301498 0.006386660630736249 0.13096736943204523 -0.06988852541187203 0.03127717027526175
0 25 -0.09534969609110625 0.1343558228727008 -0.052258492846506244 -0.04787390710378968 -0.023131758063209752 0.06834830989650637 0.06812123765572127 0.07991801853494905 -0.02502497555042981 0.019781149482519567
0 26 -0.07433040634305627 -0.025956239601374706 -0.005594469796636064 0.03584635230605376 -0.0355332201723881 0.039042765284842865 -0.03361737769719885 -0.09266656315047803 -0.029815747991743368 -0.15849390168375155
0 27 -0.16351216222582593 0.06021262951877616 0.08017192278153237 0.11041211396950718 -0.14335343797578015 -0.05266508982768207 -0.036457930422740516 0.10753889179089793 -0.01714342050260784 0.002606872756826267
0 28 -0.08994256760015154 0.09286242916337006 0.09762954257246598 0.11306849196196196 -0.11268885159190098 -0.005153425939429634 -0.09779417502681877 0.12042005082856914 -0.04051057022550448 0.1892614932702658
0 29 0.05227703398372358 -0.06987444518211133 0.07376265571071187 0.024461592553628193 0.021121466850718345 0.05440599425893705 0.050107050559673495 -0.08528700777766825 0.06529918086938502 -0.00964476323410959
0 30 -0.011487911306937717 -0.0319952463236914 0.05704723483956919 -0.020703378850349983 0.05906848565001208 -0.1565436589030663 0.02494108758854438 -0.20231297608560037 -0.02126508409640039 -0.1717826941408969
0 31 -0.20818195764202505 0.10546827517730836 0.022615486938294647 0.058044639116359 -0.2824619739846594 -0.016701449560783083 0.027984732912686727 0.12741078025626199 -0.05460207516147485 0.09751424407614956 -0.5420522147294463
1 0 2.042208378769215
1 1 -1.9382269827969485
1 2 -0.9901947865691969
1 3 -1.0753202347061448
1 4 1.679576263258457
1 5 -1.549983777254021
1 6 0.5551481576323978
1 7 -1.8478607086718812
1 8 1.3197400782815207
1 9 -2.0251013038626327
