## RankNet
## Epochs = 100
## No. of features = 31
## No. of hidden layers = 1
## Layer 1: 10 neurons
1 2 3 4 5 6 7 8 9 10 11 12 13 14 15 16 17 18 19 20 21 22 23 24 25 26 27 28 29 30 31
1
10
0 0 -0.3481216796559796 -0.16803019939056124 0.10893301540739263 0.14387010898099628 0.2299024055859471 0.18336503505122845 -0.25057917684308023 0.15349550188151936 -0.06654752167492015 -0.22774211573573072
0 1 0.20273551410440308 0.10127198615508835 -0.10485333928911691 -0.03377581146800779 -0.1733072821748848 -0.023423494079513052 0.016802085878170506 -0.03603268939246591 0.062020896193416164 0.17267079176326033
0 2 -0.4564748067741842 -0.27245246224647096 0.332059544624833 0.005430334927142642 0.3697019453210291 0.2516032697640442 -0.3633010346435612 0.20543659489399724 -0.11431444989584716 -0.465454477158194
0 3 -1.3596155888802974 -0.5322814137242484 0.7123298516161058 0.23035360260254795 0.8096997106701737 0.4222023156412061 -0.7413417944625097 0.6681889205615081 -0.33552475572586526 -1.1760905902873158
0 4 -0.562933877359115 -0.17273419208816512 0.22030286754915337 0.1956736727643909 0.3246139671768694 0.2336949588099743 -0.27463809248863913 0.13796641874779342 -0.05819154344346299 -0.3452880853361154
0 5 -0.025671058278847518 -0.07991420293817733 0.11227296752522749 0.05437445634994265 -0.062721356070599 -0.060245508599175684 0.018062950295213688 0.0023931098916062017 -0.04145029650353918 0.052359569285014174
0 6 -0.07242118941248345 -0.014627870213272871 0.16504339104734564 -0.05044871317236875 0.026749452737239228 0.08902729252406978 -0.006881149964433529 0.13433846351878162 -0.06598419360599035 -0.20383089325701764
0 7 -0.267845997577817 -0.11823382132414954 0.18004189243679294 0.05251450985350092 0.2510791657358097 0.025253694832749925 -0.0988361840859094 0.18096080737207046 -0.009528111407895052 -0.2845096444046668
0 8 -0.3569597567458443 -0.03618850530686404 0.22693963234318687 0.008790440490175811 0.22304731587058413 0.16891243838083436 -0.25125314409814226 0.08464331210723114 0.02953167863698771 -0.2533737817182561
0 9 -0.11975065857712008 -0.014748369284057348 0.055050083571382774 0.03546301314272277 0.051255207153180715 -0.033658252754841876 -0.15876004443125336 0.16205652424889583 -0.09343913359430865 -0.10837716603290037
0 10 -0.16941786524584715 -0.17653194145518555 0.16855532058321238 0.11081928406307247 0.15782193441852294 -0.0019145584058488621 -0.13190487193637543 0.1795714440187492 -0.024156516006243477 -0.28221844680312713
0 11 -0.15748956587051954 -0.12519648242312528 0.12230264437839372 0.1145057907973684 0.08781171175692562 0.11670464886741434 -0.01830740064040157 -0.011831502203149083 -0.05173327263661403 -0.11062897261444207
0 12 0.011627457784703803 0.043307005057791885 -0.015301843220069843 -0.047680621751813514 0.04016364341691402 0.08686709138906763 0.10951490373017633 0.08201822934780019 -0.06757847518404007 -0.017053326567602757
0 13 -0.18308578859896388 -0.0023620451210441874 0.03929636250678054 0.06989250851864277 0.12394643031927592 0.19123809477919343 -0.2319814656402067 0.1539924034003457 -0.053825124583664855 -0.2148404601181186
0 14 1.1195501597919995 0.4259055903199736 -0.5925654890219239 -0.23906047149150905 -0.5994480042031822 -0.3637301283420536 0.5611521130879004 -0.6518174873601804 0.18076670491508423 0.8158290499672186
0 15 0.20926072202682341 0.11935936404006489 -0.16278976574595774 -0.061222560701190705 -0.2392336301818523 -0.06521549943425972 0.017219755198107548 -0.19311728522627847 -0.033444648143212664 0.17810098308078193
0 16 -0.08027823811649955 -0.08999075283127446 0.005919856076276024 0.0759886437720848 -0.07150227734732194 -0.06174836336372597 -0.07094829162552131 0.0023679142058545613 -6.912332852711064E-4 -0.06401284621590109
0 17 -0.15015805169658464 -0.03537520211121459 -0.02943644126861042 0.048441411017472846 0.008691441922870868 -0.016243137309583173 -0.14740413011805392 0.06842758524904062 -0.11016173664424374 -0.11119869201391029
0 18 -0.24300254247449934 -0.010559574864363075 0.17119130948622666 0.02130160917489442 0.11916758749423893 0.16379030737838832 -0.18551453746161853 0.11980536991751581 -0.021951791878629938 -0.2760944386696714
0 19 0.08019525000084017 0.009247911162995366 -0.06353950536951128 0.07311071862197825 0.01451240640168455 -0.11351775185841906 0.09670426872886723 0.03903066656837157 0.031012236911315817 0.12410767049871693
0 20 -0.5022398176650651 -0.1404244027731384 0.31659296767912143 0.13507758011495438 0.16436549274212225 0.18498032190525435 -0.3555521484160521 0.2624674381397542 -0.05035921260454554 -0.47370421993702294
0 21 -0.28514992934181915 -0.057154145865220274 0.02094532302451548 -0.01352541779569206 0.15741904614407143 -0.011769212634344321 -0.05649761156388616 0.13327650352329912 0.037027223616492744 -0.20991466218584506
0 22 -0.45200021256621464 -0.06534901778367953 0.21432609143657622 0.14747744201784957 0.2513732602406392 0.1966688193542854 -0.1995095274285974 0.20644441759143198 -0.14801785218240696 -0.44018449230212114
0 23 -0.13656217694414874 0.034855963080679064 -0.0025422197551370432 0.0035617394804275536 0.11422599160623398 0.14644140329056698 -0.17469836206569397 0.11014300992314943 -0.12840225488947554 -0.1543235161173562
0 24 0.04438948051795747 0.1358628724616274 0.03559478885091517 -0.037839737911879744 -0.028196420730838143 0.003941556568792623 0.1594214823056083 0.013176801827294277 -0.019103170397775985 0.11920653641218748
0 25 0.06499944351690456 0.1345817649752267 -0.02604275457953534 0.06771561463141858 -0.15831416070025978 -0.04348756706310159 0.12676554097352927 -0.08390830730741167 0.0029424538492263614 0.022691262153238027
0 26 -0.24792596253488688 -0.1000427503201407 -0.055585283292658924 0.10554463186612573 0.022308139421301554 -0.014615392519419708 -0.18578518417992232 -0.026723361149859386 0.02748779215975963 -0.13606731880114567
0 27 0.06787449348500717 0.05429647131452556 -0.10531531067474109 -0.025262957414870505 -0.10797623462458471 -0.04391053800777006 0.12704606616872624 -0.12863417119838239 -0.018069562075395718 0.0036489997569265215
0 28 0.04621039798392373 0.12482274755231369 0.03796396838313881 -0.0601585612044833 -0.08252385586198639 -0.027984642557389482 0.11896051591125671 -0.12002736820841384 0.029436727345380363 0.11989270132833704
0 29 -0.020129853400904382 -0.05811998884165522 -0.032192487371079076 0.06347734892330624 -0.1004510297476207 0.04947898789421834 0.09660478790791473 0.029333393128817064 0.04839419599022816 0.02835361367082551
0 30 -0.06821583873567 0.050029345914633684 0.022368103695287096 0.09687036433385886 0.04368940828950279 -0.05998666624699502 -0.050880659824794505 0.06007383911508175 -0.06319120919042989 -0.029924573699351552
0 31 0.04421278796105063 0.12485938620357098 -0.14526565817068787 0.060698169186506216 -0.2161266147986532 0.024264604167677943 0.07525559314279347 -0.0307987837614006 0.11285913253889 0.042939569779572036 -0.3718325113861601
1 0 -2.183431432461248
1 1 -0.9421180146787221
1 2 1.0683034484454725
1 3 0.33785676634224227
1 4 1.213071221182719
1 5 0.6752926478229266
1 6 -1.328117870892763
1 7 1.0217471205783561
1 8 -0.5447062354656995
1 9 -1.874135054036487
