## RankNet
## Epochs = 100
## No. of features = 31
## No. of hidden layers = 1
## Layer 1: 10 neurons
1 2 3 4 5 6 7 8 9 10 11 12 13 14 15 16 17 18 19 20 21 22 23 24 25 26 27 28 29 30 31
1
10
0 0 -0.5773978286647218 0.24952272510942194 -0.5397602824927924 0.14968860454364297 -0.3015351298487746 -0.01280405611054876 -0.012845492914045251 -0.017382175735949072 -0.016347774436097195 -0.05689388766321132
0 1 0.16015816285501766 -0.1518088111795178 0.17056237725101056 -0.15463564932637944 0.14463296023073421 0.057647229801012397 -0.046313047027215545 0.08342957523418466 -0.09831159570414594 0.03685422701338847
0 2 -1.0439108645255604 0.4979459286899634 -0.8103553384660569 0.35757153672478964 -0.613600132418321 -0.09701153160013898 -0.020451072469088588 -0.2116954328784881 0.19413210363260275 -0.1697181954154414
0 3 -2.3180793505230364 1.0711279363477626 -1.996679716602916 0.7170527934904427 -1.707243014718918 -0.3355514287376257 -0.17247081429787509 -0.22243378771333602 0.17931921534074818 -0.5058799475590255
0 4 -0.854964280001258 0.477000491451051 -0.7915980455241278 0.15976973333441946 -0.5696206670758334 -0.0791684528110361 0.013578023939073501 -0.18661499211788146 0.0015233366868156483 -0.17053947840666236
0 5 -0.1674547457053671 0.07406769891694033 -0.09463765150566528 0.039559661093604426 -0.17066264467624728 -0.1177640295175913 0.008907024332004668 -0.026822396962890783 0.03130608391203451 0.060727511892590576
0 6 -0.24637140813209038 0.11689003168117813 -0.29269431205914076 -0.03093295228821685 -0.15234308509516784 -0.01585476405538704 0.018855357006986498 -0.07512902944591052 0.06852870038570735 -0.14224484831857928
0 7 -0.4166590532429045 0.25672155532947455 -0.41248420029001326 0.1345366368742336 -0.288077236454418 -0.17921939462313044 0.02385323352508592 -0.06596635536440586 0.053778117673445106 -0.12617903404205597
0 8 -0.6446401861033356 0.3213985393764474 -0.41711138921949475 0.20319210555986617 -0.4159039214194467 -0.024871439287145747 -0.09626361574209169 -0.030077396892418853 0.11487835795708633 -0.1560947522603374
0 9 -0.14951191077247727 0.055331839303540784 -0.19350258432176473 0.100715541123267 -0.2702733622067365 0.048033551312211625 0.09082013219765286 -0.1284743272970762 -0.04684060485454752 0.022396557427272
0 10 -0.34416621152335086 0.13347266675613584 -0.2904427627420335 0.09565705303497937 -0.28522848347553675 -0.119305479255116 8.588042959238577E-4 -0.02012812826126019 0.008635964353616677 -0.12796259546990477
0 11 -0.2815321890712804 0.09036835500135242 -0.3181099479631625 0.10935744566490478 -0.20395022049319286 -0.023824337524233737 -0.04393241030882008 0.05146798559788495 0.008327006003358013 0.015085800867505123
0 12 -0.05669543925332955 0.04101622416032534 -0.07809320915774173 0.07897138455787535 -0.017984699421537267 -0.01656390412204883 -0.07884244652829292 -0.020529106595124236 0.01685039800201191 -0.007118969023294193
0 13 -0.4096399697438142 0.2783596706586712 -0.3964128322731388 0.053212179623739315 -0.38791729223557325 -0.08245406677786585 0.06904168371787131 -0.08070941936507714 0.06850409425325797 -0.029760368762589758
0 14 1.8749909617676583 -1.0541473759715265 1.5449206418216643 -0.5622290632919682 1.3702896444733712 0.4128209846221346 0.048698757008245185 0.339656589852623 -0.23358001032753628 0.41953079537075977
0 15 0.2598482436745005 -0.24570637512256654 0.26043904186268707 -0.0983567050110443 0.15314315877467097 0.14335039347505787 0.02103049349200457 0.0963794912646678 -0.03869421263108817 0.004047977969577893
0 16 -0.021036210152210112 -0.04727682796013893 0.015992913821444736 -0.055248483180878105 -0.0875728273224891 0.0292020428342454 0.06534470559881408 -0.043727538338708856 -0.033669723398551316 0.042484473959508294
0 17 -0.06698569334970225 -0.03932059043023224 -0.12376492869438462 0.033332159093530316 -0.039830066073754625 -0.07808763139868435 -0.04818336293914806 0.05511329504768597 0.024171005448728303 -0.018328833416057476
0 18 -0.5681588583923504 0.27627925619107413 -0.4883249492021955 0.10062288609194667 -0.44050973457393877 -0.022562059751256365 -0.02204354161962528 -0.014947149401598267 0.04034441485686069 -0.15398262623214531
0 19 0.050481419870978435 -0.14807949261381126 0.08615442257564465 0.012155913539927642 0.006768092599486994 0.03982292225151638 0.10163280211089756 -0.08184491707429982 0.08253279470926034 -0.05671006706020509
0 20 -0.8451574516248798 0.33677500512835723 -0.7435524153131364 0.2623433488202248 -0.5542921722660095 -0.19215089403920083 -0.125090068688887 -0.1375110007259598 0.14352585695683992 -0.23141991294367234
0 21 -0.43021043108863516 0.19652555094305807 -0.4322542257206306 0.19839637929280504 -0.28691548277873485 -0.016652459642063723 0.059396110249309686 -0.005572854189879342 -0.030827364107854124 -0.07733081624473791
0 22 -0.660641708108158 0.33837908431707286 -0.4871613756421455 0.23966634197525952 -0.40978655634311295 -0.18699923200832436 -0.02185526788464461 -0.1048600633903815 0.04890867104159066 -0.10738019958574833
0 23 -0.3112325764408696 0.13895164009169753 -0.24869877644666527 0.13399915985358435 -0.27661731714496046 -0.09498345924737236 0.08984409782986069 -0.12543211348833824 -0.023739548632694833 -0.15006464962597899
0 24 0.16194687278177003 -0.008209345342083136 0.022333975866479387 -0.04289734433349765 0.08933836874040472 0.02388591278059231 0.08727111067133764 0.026491951888561672 0.013383730116628688 0.019400851216068174
0 25 -0.05264407555762377 -0.028626574549763268 0.11824726619689883 0.04871916208001397 -0.039598004844745745 0.010936696549826529 -0.07225489702708066 -0.0605670174305967 -0.05764325961102863 0.10690410145028248
0 26 -0.2123120754348452 -0.11832007863822809 -0.2696081350663412 0.01155518596531794 -0.20449046954380523 -0.08339719372032837 0.07646023839892865 -0.06227930509379936 0.1012613702165314 -0.10691263328558022
0 27 0.18638665475672256 -0.1729526650704431 0.0886633318562133 -0.064866773848939 0.20011570653847965 0.007195741636959634 -0.013520384799634034 0.09165876326779664 -0.08425959515631828 0.07757602745389795
0 28 0.054826542373330046 -0.12111332725171925 0.12208503216531713 -0.11391660555094256 0.087875374722367 0.11774979645517823 -0.05118950333092397 0.10044514320929707 -0.017488288160099064 0.05454257691554545
0 29 0.10568867548876537 -0.07597889083415825 0.02621762913247124 -0.03109793034242082 0.016313344427467423 0.05475121967578324 -0.08128910991652721 -0.03467648598113943 -0.09456499289808067 -0.011506573750090733
0 30 -0.4579970112346349 -0.052630436666392076 -0.31383171086498207 0.0929514500381491 -0.3296293343116303 -0.05032323537904537 0.07606034440467889 -0.03139576996474953 0.12273321617122687 -0.09820085425867418
0 31 0.030589164910019364 -0.10941601625292015 2.940060216421431E-4 -0.11579653093479676 0.024416385960919794 0.06755911969313141 0.012697988627384004 0.03206778999707369 -0.014021946649681571 0.11001545505924137 -0.25097898595211876
1 0 -3.2803920431202878
1 1 1.7918991217705746
1 2 -2.857084070054106
1 3 1.061814995620738
1 4 -2.490025762967425
1 5 -0.7490200260021209
1 6 -0.24672991296323987
1 7 -0.6352118598367109
1 8 0.29756411831734797
1 9 -0.9029463156228034
