## RankNet
## Epochs = 100
## No. of features = 31
## No. of hidden layers = 1
## Layer 1: 10 neurons
1 2 3 4 5 6 7 8 9 10 11 12 13 14 15 16 17 18 19 20 21 22 23 24 25 26 27 28 29 30 31
1
10
0 0 -0.23274186719347043 0.10549267384329812 -0.21700397168608987 -0.2848595594812313 0.0462013629682549 -0.2740963947238289 0.10405657441597738 -0.005186090794733533 0.23074513583992298 -0.1387440627098292
0 1 0.09312610761707138 0.08718973138213405 0.07877529757325562 0.04543888816906521 -0.10349775688428854 0.13419185147068613 -0.012096583899400751 0.05584143219212778 -0.07176728177804564 0.03872857556665225
0 2 -0.44874575830994073 0.042606101150711055 -0.2914761688677601 -0.4360207295518568 0.08896199958364288 -0.466439194103157 0.27509412537532973 -0.2623067476078025 0.27296353496980824 -0.12352267185145119
0 3 -1.0361115475415896 0.13327873433187593 -0.9156215124236528 -0.9180939986485147 0.46119158305947344 -1.027460775407113 0.6563181100357499 -0.40760681581391517 0.7084475257004471 -0.2937328870976933
0 4 -0.4988995019452483 0.09395849681039296 -0.2204472510495711 -0.33129023652870154 0.15099976061946765 -0.40662336205753813 0.24157845233104827 -0.08607949335729365 0.3289186603843067 -0.12417835623932182
0 5 -0.014509011314557589 0.10532923558348885 -0.08821274034379384 -0.14709563670980022 0.054758543597338 -0.0033558334108224497 0.14972881530213863 -0.07416578227752457 -2.4454007154648837E-4 -0.030343303757807884
0 6 -0.036375051675626026 0.1073927413386488 -0.1510083871655962 -0.17454778666373336 0.09857788366586377 -0.18421312514493657 0.11196535004858081 -0.131194416000658 0.050008691365044426 -0.10898237323731212
0 7 -0.14524532974267682 -0.0013001078415793696 -0.1879765333728677 -0.15970560878422047 0.14622029637306086 -0.29283940104020256 0.11034081734168959 -0.03502597794496339 0.07463306578399016 -0.07759866973384916
0 8 -0.2933484877396762 0.07886292143577632 -0.2596200386798627 -0.3086608168241593 0.16798631667566138 -0.21749129828444147 0.2643035259475752 -0.11385317104829948 0.26145593159325964 -0.09284521550086701
0 9 -0.1264911992217595 0.02576692900139423 -0.1436903338863042 -0.0358825831215914 -0.02908789029961653 -0.1734788917544012 0.13664840103158368 -0.0017058651612640412 0.14309538296197893 0.0629092934455634
0 10 -0.283631026731646 -0.05215225119276721 -0.10412231761653339 -0.09341080757409395 0.16266063787193352 -0.198423355192745 0.16484860782151942 -0.1692962794053297 0.07048898967033493 -0.06795824309714378
0 11 -0.20606710602367267 -0.08219142697363237 -0.1496105090730617 -0.16386421261496703 0.12725124319405065 -0.13135298059202238 0.07652803873916803 -0.08206988366090573 0.01728540115289474 -0.018205887387061838
0 12 2.170287209766279E-4 -0.01729105722764516 0.059706588824606256 0.07389177674568302 -0.008685371865136104 0.06306153704487771 0.05272219014624134 0.04740630838747751 0.07350480632969134 0.09969138968625604
0 13 -0.31577005421279536 0.04537238002903555 -0.25048449653795857 -0.2713352329417702 0.17085178889108976 -0.2150846390566605 0.1462185064590596 -0.15305749193475165 0.16151225868695873 -0.007263636429491128
0 14 0.9249878604860419 0.007087359861575217 0.6815575935474162 0.7638508180332533 -0.34835285395395577 0.8213293491254707 -0.5661492743954225 0.2753407040968261 -0.6275893969501507 0.13187949498528756
0 15 0.12744505373488635 0.08472146379899068 0.12919874498598483 0.14834403509139435 -0.07309151038197693 0.2152327893949773 -0.045786384404574984 0.057119998028166384 -0.20419588819436835 0.13497283268431898
0 16 0.05976811641733179 0.01701138213237706 0.011880381043249774 -0.013158918498984743 0.006571752336950672 -0.043223457277368836 -0.07229811749045864 -0.05426163453658891 -0.12299543646130164 -0.0663265542471328
0 17 -0.08626599827431487 -0.09060577832361263 -0.14463205567778142 -0.0023212167541977104 -0.017522810431494854 -0.14745954161783362 0.09752917846354688 -0.04468599706187532 0.11775764699434846 0.06399866685434845
0 18 -0.3035303392993422 0.07794497167354783 -0.15387820557424264 -0.17729269176846052 0.08565878559145566 -0.26052101448738296 0.2311863350871262 -0.04974549633833836 0.1747802515677637 -0.007509012767196616
0 19 0.10304720556028654 -0.1031431922477901 0.073119505729681 0.036656856327814305 -0.005010912982097187 0.004290085699993181 -0.005422929908479536 0.04358993007641438 -0.08808096169090432 -0.059849257045464704
0 20 -0.31903482755074475 0.05552710095217929 -0.27285888919376144 -0.24043127726205418 0.05734853250689949 -0.31099252667556787 0.1899985527194955 -0.19794852500890034 0.3465834847055844 -0.11509367656202461
0 21 -0.1992278633461328 0.0012825288350291244 -0.23174519823151052 -0.23937492767377672 0.06772514970108647 -0.11067166804194935 0.1776143956792225 0.018317371390101717 0.14882400854807226 -0.011163588813689531
0 22 -0.40595260782335035 0.0081602831914859 -0.2481490826237865 -0.25265956078094554 0.10564351861532507 -0.29624567777082506 0.17787121819704688 -0.23014782242520904 0.14065500794807675 -0.032072019630402356
0 23 -0.05833694038243516 -0.07904068053513642 -0.009482755910774961 -0.11981860343946653 -5.572629924615432E-5 -0.07763892670949969 0.16774602666161256 0.0016950217922197608 0.0933432631266269 0.0529696849824507
0 24 -0.02855017283744223 -0.014988215135086377 0.027566447338930038 0.10769640450949454 -0.08320263021558424 0.08684264266342433 9.254834061680413E-4 0.07523410119820255 -0.017523498611678155 -0.07958497335600055
0 25 0.1253919641235149 -0.035360103188490484 -0.014661744370493859 0.020881649042642936 -0.11800528284526612 -0.03521679110726764 0.03271980007271121 0.0391944992982125 0.029513269641441315 0.10540553034395522
0 26 -0.1636719872988918 0.0483013185880784 -0.1418727371725193 -0.009446418384146575 0.025991854200130463 -0.12517608371606698 0.01089119848833843 -0.08123455043835762 -0.08392239330888232 0.03543115667533796
0 27 -0.06560574072489914 0.027965644126024303 0.002896919463543326 0.023584154831692704 0.06022871544664747 0.05740458691314707 -0.11270217791708757 0.0022158312639262976 0.006915991295020332 0.06636722344259112
0 28 0.13276763862183613 0.01788126195944073 0.16357361506755275 0.13749676207991085 -0.08760455945508898 0.046020149059665116 0.02964325584116768 0.06401097721088195 -0.15445630836438 0.061263061084848115
0 29 0.00694967139056215 0.08099055703123681 2.992429876170462E-4 -0.05370890237344303 -0.004699534993649878 -0.067561100794994 -0.09453944041812175 -0.08281371727416616 0.01611161406676519 0.0529210884526574
0 30 -0.09578619306100992 0.08614871257154033 -0.00621893385891407 -0.05113724461558937 0.033348443110004546 -0.19571554054143392 -0.029851727126362432 -0.07969623658430817 0.0975424742669567 -0.09342050719764489
0 31 -0.0047736117291103065 -0.04880978095319223 0.028740014616411402 -0.08303354192396532 0.04881237946897701 -0.02876528951805603 -0.021481645869069102 0.07515756213598401 -0.04253514208931874 -0.08029377204184607 -0.12769487535739218
1 0 -1.7832450346884299
1 1 0.09049214545058677
1 2 -1.4372197671554654
1 3 -1.5403618933656797
1 4 0.6449170156536103
1 5 -1.6657843639984484
1 6 1.0570708939996858
1 7 -0.7409153147441946
1 8 1.1732469720488248
1 9 -0.47610371626599785
