## RankNet
## Epochs = 100
## No. of features = 31
## No. of hidden layers = 1
## Layer 1: 10 neurons
1 2 3 4 5 6 7 8 9 10 11 12 13 14 15 16 17 18 19 20 21 22 23 24 25 26 27 28 29 30 31
1
10
0 0 -0.016023921434781346 0.14840272673865093 -0.12457240116384233 0.06297085857061802 -0.48427075395872315 -0.40672883923624864 0.008870205419331062 0.0011579712291996452 -0.055574428336609326 -0.2824221163449822
0 1 0.010161302749993537 -0.12258611719360724 0.09297981482790287 0.05904992673795386 0.2763442809124413 0.22328532182400232 -0.08501753713078758 -0.07766908376780535 0.040932850549614076 0.08842969720579277
0 2 -0.06659684318186662 0.39972446183945487 -0.2758207733721946 -0.046985995218033816 -1.0398324318547547 -0.9056770324853614 0.11375422752158577 0.12362227935249519 -0.17806450035071777 -0.4309107969171742
0 3 0.029147597706311756 0.735822092920545 -0.6423313609309103 -0.21395823259580699 -2.3878337815059143 -2.0159827832357538 0.34035622088356565 0.3595923285524466 -0.547375118756484 -0.9120270677444118
0 4 0.07357282257073194 0.3695142205269879 -0.24939304213055274 -0.0233477775303195 -0.9979906482922489 -0.708600612695404 0.053729876583925425 0.20615165743443617 -0.2693593023810832 -0.28028350029135773
0 5 -0.03244711779613774 0.14230090594584313 0.03146179317250406 0.017794907745830982 -0.23428956474419282 -0.10344049525696143 0.10526007113822407 -0.046631039990057126 0.015332343211565637 -0.008147727153284837
0 6 -8.004253163747327E-4 0.05335861463549879 -0.05903318199264504 -0.09070507247693312 -0.2939688647204356 -0.11644703229687209 -0.026148646348041094 -7.631592232041657E-4 -0.04538895062427683 -0.15847178835008008
0 7 -0.06560159936945587 0.1408064443184522 -0.10327729414000135 -0.06407032850619879 -0.5575734354511295 -0.4499888861944121 -0.021674356358993813 0.06746564201672425 -0.035660075586294124 -0.2289615060822025
0 8 0.04096492204874281 0.2521179062340677 -0.2546374760596582 -0.061341056294869196 -0.5854640924064286 -0.6148063866334608 0.09667221271934162 0.1403270353557373 -0.153725940821639 -0.1365835090300343
0 9 0.07552028903428351 0.01077932271941058 -0.1190219626089864 -0.06252361365657325 -0.42085408670467706 -0.3307026964662602 0.04427463110521858 0.13479164024601364 -0.008315098029676747 -0.06069157549985493
0 10 -0.0298933120784594 0.22337919953764487 -0.12153195959831012 -0.11955511245897142 -0.37150570820712253 -0.2961618839520855 0.03826514330081196 0.15526971882589627 0.0030617837097869204 -0.24690421919576694
0 11 0.081702552843848 0.059839821973136365 -0.009468424662433597 -0.06383663890535846 -0.34206069645693016 -0.43349439293631903 0.11618835350323485 -0.02028828783938625 -0.02548009621846059 -0.12820910764789548
0 12 -0.03191526930286034 -0.06297468513525188 0.08513397713047678 -0.09072680803802724 0.03610447335802405 -0.03395341946492686 -0.03746657832626321 -0.011043076302859918 0.014066285630412866 0.07420482232028185
0 13 0.03357238284050729 0.15333945147063138 -0.1207203164260167 0.03499122094146715 -0.5246993007657417 -0.4218223687853787 0.03379779650516365 0.17085485304832626 -0.17572653101528665 -0.14418931220888842
0 14 -0.06660855696976516 -0.731316981796974 0.5408192779077851 0.17927210018569636 1.861276491594527 1.540245820443712 -0.29441365999383606 -0.3995244386888953 0.46528986415340945 0.6363961268894337
0 15 -0.07480882929476258 -0.12675559543832401 0.031015152419465113 0.028690271054823576 0.22981413283371938 0.1414665549525151 -0.003924138832472356 -0.054279071982515165 0.13943249807123784 0.0925937484758139
0 16 -0.02329966307727131 -0.08840099158121674 0.0464926752682543 -0.08900017655833069 0.10309267235666318 0.1697258117491444 0.045063555675329346 -0.11916529769197663 0.1180266777951799 0.030225968108429285
0 17 0.005497528674884706 -0.02315623484651461 -0.026749695040737518 0.041413697468608554 -0.10958385293007059 -0.18992687441281952 -0.0324547006927083 0.10957026220473383 -0.060450885291467825 -0.1158117431251721
0 18 0.021745993318796907 0.2580727704427688 -0.11207342269664547 -0.07589772967169553 -0.581673734495034 -0.5089934021351695 0.029432319276384396 0.0850945944579182 -0.07010453507279396 -0.09009678176614483
0 19 0.029339068478379478 -0.04253583538616563 -0.062468109846357096 -0.08458033904063794 0.17124103445020242 0.02495815788793367 -0.09045455076988718 -0.09032529258634235 0.11450632408510968 0.03180663106902799
0 20 -0.014440057520468763 0.35453726875835345 -0.2707585161084996 -0.028272682128390604 -0.9139699373030947 -0.7106560943527725 0.16566557622642017 0.20631782127311435 -0.11716977131330919 -0.3440811061142127
0 21 0.025962461051356488 0.142188733532583 -0.0801950018637927 0.00890225069848155 -0.34893654035834354 -0.23497216189716494 0.034132316321664 0.09087055181049768 -0.14149960027250963 -0.15315974943017605
0 22 -0.011849039388297181 0.2847915000871695 -0.11347440099557853 -0.14488571014438104 -0.7673973726463056 -0.7294477394902894 0.12395137438149442 0.04012854231452427 -0.12925351323725762 -0.323034821993406
0 23 0.07357848361326699 0.11270237769254562 -0.10156478055179945 0.07735353160187802 -0.40995409214784506 -0.3328760360599225 0.10240866632758522 0.0842837974196816 -0.04591326552547441 -0.12720917554548455
0 24 -0.0959444749951533 0.04091995729623923 0.06825637390549721 0.030731715476880233 0.14330769532037213 0.013129677116718502 -0.04948703941882044 -0.10249106345295013 -0.013271206752917687 0.0015375770600175782
0 25 0.08011439697290619 -0.08872101615793776 0.09700465596376533 0.07577544088450465 0.13369574388709804 0.18940039461010155 -0.014764682308421524 0.055342314968603146 0.12228863152761182 -0.021504907085217007
0 26 0.08210796961871729 0.0034607722160152274 0.024582475626072034 0.047170758441269084 -0.3430666824964746 -0.3658576522357949 0.08418156016286074 -0.06564756807764344 -0.021546044514965574 -0.015434965293124383
0 27 -0.0044314869262932965 0.0012937067987433737 -0.011183727811320635 -0.024165397827361084 0.2193872057396252 0.03027137225485227 -0.018165196910760253 -0.10765791662448793 -0.00858330183706742 0.1231500139895688
0 28 -0.059458705436403886 -0.09069680888724725 0.08078001223914393 0.041392505567084285 0.12732801746466912 0.11198522725463794 -0.11287853000748953 0.0513631185277608 0.01612288957507516 0.017685965388243893
0 29 0.03824782732889052 -0.04251666806129728 0.07719572347518483 0.024499942503300086 -0.012823143374519614 0.06298224441510658 -0.0451091890284838 0.06891090693549774 -0.05134808813486443 -0.05152104979616398
0 30 0.03371058033475715 0.050143852236391354 -0.11346345995486047 0.0709436494024781 -0.4324891252108536 -0.38331215906558785 0.07164622130380276 -0.0021130986531058193 -0.04947646287204171 -0.15823648921057248
0 31 -0.06359065304168814 -0.03378191055694359 0.03983611600949815 0.060982600365503056 -0.12210413287253309 -0.10589446705320293 -0.08293431897285526 -0.08644411963015129 0.029615606542564576 -0.0978954221577241 -0.32499072290919157
1 0 0.025453762308004692
1 1 1.3244594290048268
1 2 -1.0979399417853566
1 3 -0.37437943698722925
1 4 -3.292522554664114
1 5 -2.7491358925716476
1 6 0.4930261447040219
1 7 0.6311251350591205
1 8 -0.9207443321735714
1 9 -1.422067092030312
