## RankNet
## Epochs = 100
## No. of features = 31
## No. of hidden layers = 1
## Layer 1: 10 neurons
1 2 3 4 5 6 7 8 9 10 11 12 13 14 15 16 17 18 19 20 21 22 23 24 25 26 27 28 29 30 31
1
10
0 0 -0.37972757054825396 0.2779545073456642 0.1572224174889936 -0.15764535332907498 -0.12956429972912123 0.023045520263608822 -0.1089309443426232 -0.05924844865706281 0.14359429859709627 -0.19747503316548692
0 1 0.24608787673809543 -0.13741667720649461 0.014788901459808062 0.1629287135557048 0.1507376204896752 -0.08861708301400448 0.009763558698125424 -0.03686835253193335 -0.08028279122151136 -0.015915633683074387
0 2 -0.7203376886205947 0.41810783395543655 0.2170645373606763 -0.2663873846874218 -0.3765263381912921 0.10484082829795557 -0.3115639725807159 -0.2726568467307369 0.34659445247919585 -0.24687578697714907
0 3 -1.5988306545245783 0.997787027217378 0.3326655955875326 -0.6453984073241092 -0.8355497110852537 0.2350994904288189 -0.9084691922114176 -0.38601828662180715 0.9302897500039872 -0.5570673013567973
0 4 -0.5778211111748899 0.297297150320683 0.1807155092721405 -0.2515832564056808 -0.3631300020274162 0.08767106672714385 -0.23667532309134698 -0.20599184860347786 0.42789086228343653 -0.30441296238035637
0 5 -0.16899514145408054 0.04885978947103539 0.033054263005604365 -0.08111976800653581 -0.07593573208691896 -0.045815075384446485 -0.03790364506211118 -0.10283956860373518 0.053129755217889096 -0.011142249533362389
0 6 -0.06015885223156968 0.005168297811072993 0.04884288540497587 -0.07813364787411489 -0.036213643834676915 0.1014061964798461 -0.0646447498842351 -0.10653030402182923 0.11864680294991538 -0.06476542244050425
0 7 -0.3334920981297792 0.18470603947198638 0.08376089469635475 -0.24640514649907969 -0.28374581391908565 0.07734996141129406 -0.23089758181437295 -0.15863612793491552 0.1937817971388723 -0.2263377115903063
0 8 -0.4626426570775157 0.1841255927554506 0.11228460034284748 -0.20997450508955368 -0.3147648980259515 -0.007241799299311395 -0.15127612687907993 -0.20276614785431965 0.3331294430255139 -0.19213307460611617
0 9 -0.21422666902046703 0.10404418966653706 0.08394107120438546 -0.14504744031355815 -0.06740539414396983 -0.010586900710626235 -0.06618133646403014 -0.1455582171600022 0.14732046910773866 -0.13301425932788719
0 10 -0.3662931247284988 0.25490036656947096 0.09761528465279508 -0.18324972313468155 -0.10670260913289081 0.07776292572333347 -0.05467626638688354 -0.12784188224283294 0.22154247339672964 -0.13646247410263623
0 11 -0.2608382645837766 0.1768613415304433 0.014079826233109612 -0.06351848353911141 -0.15061123600666265 -0.003656959577690371 -0.18922926099307863 -0.10226336469408634 0.148496225609346 -0.13898693197450038
0 12 0.051488699284360055 -0.10537632312442172 0.0363109865512362 0.060229499608028834 0.04599934171963504 0.058243868546998465 -0.002893463764477586 0.045404063429651836 0.02889850193658893 0.07932050367275992
0 13 -0.3446704191881385 0.09549320757306785 0.017441880189394 -0.08684291014133182 -0.1358703567205649 0.016258893573860008 -0.1947296221934456 -0.047642098315509286 0.20947687991440592 -0.03812212532255439
0 14 1.152730919146819 -0.8776610530407605 -0.3130299965240043 0.6625556025336233 0.754958959624664 -0.26520947479733054 0.6933226001975777 0.3883291581942906 -0.987265735333703 0.4938635113087693
0 15 0.18942983341092398 -0.32960900843302643 -0.0878836277269037 0.14540182840551397 0.11475956092156263 -0.09012427927978302 0.15886900256930278 0.10505884450935317 -0.30924924233381024 0.13503114956242293
0 16 -0.04983907618943922 0.013074126538480998 -0.0594238455069507 -0.07795690043954137 0.07855078770268868 0.05247846864409947 0.04976711225052996 0.10417625872843378 -0.01493978619909289 -0.07514085574588505
0 17 -0.08596677099707707 0.1321140781997763 0.07052570380743482 0.026097384061770496 -0.02701572944521346 -0.006725839909706533 -0.08040459351925403 0.035108324958559485 0.01941246727539025 0.014297917445754394
0 18 -0.4091405511528401 0.2606672848327368 0.11041156519820343 -0.14034849038828656 -0.1995683090866978 0.1475318466946681 -0.1672712214947116 -0.1474878443927566 0.2801436352902368 -0.17591249936352063
0 19 0.12275726402855183 -0.06709376052330783 -0.05417213290366962 0.09890173407801799 0.13279805451968282 -0.09923310882519502 0.11434048571109452 0.01929762784358491 -0.08239347157236329 -0.032119239108320305
0 20 -0.5234970251705757 0.2739122877388756 0.1568370425366286 -0.30322504079991697 -0.3689688256696687 0.03101002519529347 -0.2553037591666301 -0.07094703075205869 0.33001283484248495 -0.27955819987323693
0 21 -0.30441572057113003 0.1870072661500036 0.11726255052050245 -0.03356927485420443 -0.20165470847683073 -0.04133078383123078 -0.189095745471952 -0.013532611492178956 0.17970863894920755 -0.03648788236913138
0 22 -0.47761876591321284 0.41317013602825 0.17557717273610202 -0.33754483997526236 -0.2748380151984362 0.16585757689469596 -0.30563860143527066 -0.08637567633530245 0.2825907413496663 -0.2681966383744091
0 23 -0.25239894924010686 0.0852121404107189 0.07530372516241274 -0.030296586201553614 -0.10812665552652344 0.04582820366047685 -0.10581988218428119 0.006957000324023846 0.06840379943975812 -0.16956081119671437
0 24 0.20415574497733507 -0.15957650131990064 0.030508770108460464 0.02673583973628021 0.10997005723289105 0.07077296147879983 0.024767098757354142 0.05744385492827205 -0.15812019152309112 0.04939159453614989
0 25 0.14779719534802577 -0.05548103923315834 -0.08020965895484433 0.13520912765547513 0.05316084833571225 0.025660517354131638 0.11697987225621528 0.07799823084961129 -0.14724186941624678 -0.016403767205015084
0 26 -0.1623770673672315 0.05258272864503953 0.09468260782344559 -0.05068907866932123 -0.08799906965672594 0.09645289930607097 -0.009036918743691991 0.00253512011693429 -0.05104828176951109 -0.011610548841235893
0 27 0.18196700783650435 -0.13010007878809285 -0.014669113584847543 0.024293734110817044 0.06349389220368692 0.024100725797600548 0.08686411930719634 -0.012576320224040913 -0.09961457761744863 -0.021155250891036995
0 28 0.08993518252867039 0.016386333961590113 -0.023292134058373364 0.1047853518183119 0.002135707075908606 0.03081839822959279 0.0421125457138111 0.1078304388599179 0.01987121722342046 0.006165403146116071
0 29 0.036977028878346974 -0.036703826770182454 -0.1006347583563018 0.013728204182188187 0.05234163617308922 -0.10284442370813571 -0.030585124006801287 -0.02073014050623464 -0.022869246173903436 0.0607067904052755
0 30 -0.1617593559434455 0.009781959742030494 0.04045470246312059 -0.07942532727220711 -0.17709524464049592 -0.06130928342892808 -0.08073651755915058 -0.12242313984849956 -0.06294905476366976 0.007982454819668248
0 31 0.033805369973606766 -0.1729429838174708 -0.12069827971878844 0.055895593843951076 0.1038505495828454 -0.069727629900234 -0.08706551269870762 0.023227012928505063 -0.16222268386992084 0.028069907797407707 -0.3387037235094594
1 0 -2.4466949207774826
1 1 1.5960431332335971
1 2 0.5974113718322296
1 3 -1.2904794292325956
1 4 -1.537518902404465
1 5 0.3535744397501894
1 6 -1.4240323384719367
1 7 -0.8258669489348477
1 8 1.6155184880278617
1 9 -1.1051719349101699
