## RankNet
## Epochs = 100
## No. of features = 31
## No. of hidden layers = 1
## Layer 1: 10 neurons
1 2 3 4 5 6 7 8 9 10 11 12 13 14 15 16 17 18 19 20 21 22 23 24 25 26 27 28 29 30 31
1
10
0 0 -0.30025246125694777 -0.00924575510021119 -0.08482015528481672 0.06460609387426025 0.2474281749465709 0.24678430492150125 0.3275519233250424 -0.11018372649882074 -0.19842019193986282 -0.030290645301689293
0 1 0.065722034371004 0.06586943052935021 0.14849174989879152 -0.010670316562691002 -0.16825479587323966 -0.13226938901673088 -0.17874343400034282 0.045259698330841834 0.1106132770267265 -0.096433072684427
0 2 -0.35798779767117583 -0.11946900665548701 -0.2033456468828773 0.09369978157721452 0.35877734833393915 0.2887028260252599 0.552080746836851 -0.0346032323915907 -0.09915248872694404 -0.011241140541540084
0 3 -0.9874830804934978 -0.3768656089822281 -0.41850740465372654 0.1759342362135951 0.8909875007798511 0.598851229755531 1.3594388889122666 -0.246789136059196 -0.36486752605745815 0.07383861690624298
0 4 -0.45463776134974526 -0.044578422448483916 -0.12382899000421799 -0.019542550970099035 0.256843969816996 0.26641486560149735 0.4902593999192212 -0.20524433885399296 -0.21006593049431854 0.10825533048027873
0 5 -0.05374585105422327 -0.011835621277161978 -0.03701968261790534 0.08519742350706387 0.040695209399673284 0.08099307142002228 0.07224606544069004 0.06887449792497026 -0.010159368460197795 0.0520166259273791
0 6 -0.04026336163085965 -0.08106197641097629 -0.133250653050558 0.022631710389116273 1.2904760226071683E-4 6.86804576165677E-4 0.12837297529375102 -0.1150639654453493 0.018651744353868016 0.10215963091314945
0 7 -0.243359250319727 -0.042819498140766354 -0.18385670039312177 -0.05061218753688276 0.13287902677708807 0.08512498685593216 0.20100451852513254 0.02599033987181214 -0.1651705617281868 0.10621448533927391
0 8 -0.17395526055045857 -0.15235464376559937 -0.046726657513317206 -0.03170891044115717 0.2727970111054848 0.18327472941322648 0.23877670106986015 -0.10848483675435759 -0.1819597091878006 0.06702987032653288
0 9 -0.10273013200471576 0.05430111349865629 -0.11213377109339116 0.05172238681935631 0.03754529726369801 0.08852199682615969 0.15471013770217237 -0.06879822658683751 -0.05222150642701628 0.0850976598878764
0 10 -0.25005529481245115 -0.10112880827179409 -5.496334718442873E-4 0.10287634130151066 0.08725672186279106 0.04651644241923187 0.15740109162200097 0.032594613511346224 -0.15420382563795468 0.08925570850524876
0 11 -0.12075622888469292 0.015553698065773362 -0.04949781836063894 0.07081136143562884 0.1349037165764804 0.1042284924467407 0.0635092820717542 -0.09974817483266958 -0.04490041650234833 -0.07129824311716394
0 12 -0.009023046975403319 0.009989902111166769 -0.07904312795464206 -0.03418702921721763 -0.00953426885918368 0.004141972255522612 0.07979031091731384 -0.0888248137814576 0.07679179568214498 -0.04999529143815625
0 13 -0.11650322469810372 -0.16022858610918353 -0.09457757562074846 0.07499434484992351 0.17439174720897013 0.1932174888115879 0.2954947632716734 -0.14042527289374176 -0.13836685905973162 0.06235722972058493
0 14 0.8537845755537643 0.312913161490844 0.3642258315671067 -0.06584217200186819 -0.9219122068998432 -0.7226757015039431 -1.3517200299981422 0.30800423761871576 0.4352520065920395 0.04563275997318007
0 15 0.12416392723517661 -0.020622419487071688 0.017420142860854436 0.06060963323260047 -0.14850259317606618 -0.23905658144710162 -0.3795411723302818 0.11353688125742387 0.032954838508269496 -0.05090582603352711
0 16 0.08461492883665475 -0.02806350614945644 0.002561413132529274 -0.06421658422779934 0.018522429548204974 0.010233693186196022 -0.10213738138444119 0.10368836162914652 0.09086431550974595 -0.08702477564959428
0 17 -0.12962544263498513 -0.10697354237170154 -0.10630397987011266 -0.03156141648884396 0.09516133680020272 -0.046159018175672265 0.15046152275977087 -0.05408312083530748 0.031131597027533844 -0.09375766488515874
0 18 -0.1781779398365174 -0.09873672698591866 -0.16540244809129698 0.10187850181339216 0.29310804863892237 0.10370456519218814 0.3024228604294732 0.005488280853851522 -0.01840246331186224 0.057946845380204705
0 19 0.04028372868516521 -0.07194895027299118 0.0036093603208725406 0.03246006297500034 -0.0966634446886679 -0.11472926933494285 -0.12372251865283217 0.04326649877279435 0.0969523743797802 0.07335644174162252
0 20 -0.3168900712823343 -0.03692130413251068 -0.23027010521549413 0.08388192275366259 0.4007975827298609 0.15617159719539864 0.46155165284662275 -0.06410445737739784 -0.09697233860785068 0.03374152830956153
0 21 -0.21585605651662176 -0.10073001043287527 -0.0558068531769525 -0.01507174504189597 0.11010824662206199 0.21987317248210012 0.28105207841647717 -0.09630776900735934 -0.08614699139730327 0.06049242527044122
0 22 -0.4173111758918013 -0.09134800600339081 -0.189971090789988 0.015624531563337346 0.31163008015358074 0.3022238678548879 0.3973779146684835 -0.008464087291395563 -0.14191758445690078 0.057444925714425846
0 23 -0.04964150081272565 0.03772061664865397 -0.004109255564585562 -0.04750343371745994 0.18922712655167642 0.07439348498190526 0.17277322918139995 -0.0967614424471157 0.035658340955446774 0.01448332140923925
0 24 0.0421294131283752 -0.058390414333115495 -0.018627232987088887 0.021378943505841904 -0.04122885759084736 -0.11327671491475744 -0.09000368051027803 0.0841975792466021 0.018115291398115095 -0.0741135786115428
0 25 -0.05658599626681788 -0.005935336740263979 0.04272530876602761 -0.08833467414746436 0.04042422185825462 0.02889568466485633 0.032910842173822605 0.10802183451306671 -0.0037714844451021247 -0.0149687831315002
0 26 -0.10671722117010363 -0.10415870914062587 -0.122096100273732 -0.07979775950421482 -0.07462257224350306 -0.026030894871676202 -0.15352883167006126 0.03588153865740553 -0.017348724548066564 0.03330796875951139
0 27 0.11295259748220501 0.08919163690235656 0.083964447581248 -0.04657849092617232 -0.037161797887653863 -0.14962853763756412 -0.20375247652900128 0.12821483293175756 0.05655260826561445 -0.08290798364999115
0 28 0.08095799828993992 0.046234167764112814 0.11737520061589293 0.006075812274518736 -0.17767780323107463 -0.10926248443641828 -0.18024883849123574 -0.028336594351533736 -0.03336884531897672 -0.09365276133420634
0 29 0.039975560230533135 0.06761218812519444 -0.09910144675749225 -0.04247216013247519 -0.005679405765602524 -0.04674908433712174 0.07961215354142714 -0.01647822787809375 0.009736171204486508 -0.07359483689887476
0 30 -0.12325123037578548 -0.019096721287127617 -0.08246539762776534 -0.08942875866347977 0.03192957845252997 0.05851539315098716 -0.029106813179921785 0.027772815983297523 -0.04634632411493952 0.0060411114900207116
0 31 0.008768549506296026 0.08866380189932783 0.1277582537667497 -0.001544113445614755 -0.23822966951083258 -0.06411628459710093 -0.20244611066460957 0.09440699657839403 -0.062258089147025526 -0.0899695395069483 -0.3663387079418373
1 0 -1.707925803851489
1 1 -0.6854076588678679
1 2 -0.8872047957764695
1 3 0.0817619423374688
1 4 1.4658840744492783
1 5 1.084412619702268
1 6 2.1753502780566656
1 7 -0.6374658244504753
1 8 -0.8503109251475898
1 9 0.018231394697773136
