## ListNet
## Epochs = 1500
## No. of features = 31
1 2 3 4 5 6 7 8 9 10 11 12 13 14 15 16 17 18 19 20 21 22 23 24 25 26 27 28 29 30 31
0
0 0 6.2313945224977E-4
0 1 0.0501302703601238
0 2 -0.08410520391912982
0 3 -0.060345416617007284
0 4 2.4844662707821757E-4
0 5 -0.009221242281519508
0 6 -0.06688861786681362
0 7 0.07386735238855875
0 8 -0.0025734796729569185
0 9 0.004945469041197425
0 10 0.08352472617564766
0 11 -0.08385800849020032
0 12 -0.04854433143837172
0 13 -0.05207176943228413
0 14 0.0782613876628424
0 15 0.03142782156493605
0 16 0.030018922974664262
0 17 0.05180686764575796
0 18 -0.05797161011487499
0 19 0.008062015816310327
0 20 -0.0793928181963844
0 21 0.07179278744836703
0 22 -0.003569096823754937
0 23 -0.09351500687207011
0 24 -0.001180962421026919
0 25 -5.187517246157291E-4
0 26 0.08585926574144609
0 27 -0.010186199459893658
0 28 -0.035240534054963864
0 29 -0.09580476779375172
0 30 -0.0621797937700858
0 31 0.01870449259877205
