## RankNet
## Epochs = 100
## No. of features = 31
## No. of hidden layers = 1
## Layer 1: 10 neurons
1 2 3 4 5 6 7 8 9 10 11 12 13 14 15 16 17 18 19 20 21 22 23 24 25 26 27 28 29 30 31
1
10
0 0 0.25771747192998595 0.10823022752905602 -0.10761550111977639 -0.2679074416086475 -0.07556059013246054 0.20760217723931962 0.0314303715752231 0.18993983924124275 0.1353564748521725 -0.35958503396875807
0 1 -0.15076380074772333 0.02477179997884605 0.0424311825800705 0.13731635866743397 0.07151549407263462 -0.24433491153191841 0.12069626470582889 -0.010748760523147992 -0.14122168278197178 0.2343941034503627
0 2 0.3087747782973579 0.11059782441111642 -0.16317603917539267 -0.4241758373247422 -0.044637469249377185 0.41328213356121096 -0.1344455517403727 0.26097781373642326 0.1995098462643784 -0.8067284507624813
0 3 0.655574470228299 0.29043943417739937 -0.20299176920902812 -1.20225008089335 -0.2749298825024056 1.045551152105448 -0.26675401774916657 0.780902595666589 0.3916416597369335 -1.6054427574150851
0 4 0.3133589845127714 0.14419013412206005 -0.09567182100836118 -0.4417634736115149 -0.08560784403381011 0.3120443578267737 -0.1448659142696282 0.3013121452939623 0.20216617639064305 -0.5924698910229178
0 5 0.08046140755243815 0.11649863790815866 -0.1111738270576604 -0.11705017759379938 -0.04698349381665306 0.04563753051907719 0.02896013132447015 -0.01576200177828007 0.06779378082913189 -0.15322060626950937
0 6 0.024319579504501962 -0.065656187547784 -0.05702641934990272 -0.14990697224052613 -0.11231385189305024 0.10242017522516057 0.07115354154720478 0.020211079793369488 0.024461533985593725 -0.22722160592606439
0 7 0.17278866647863345 0.03708147768017189 0.0038147282390400303 -0.34223129057602425 -0.001183754279157281 0.24136230592603222 0.024656163969935457 0.09718175126878961 0.10447082841884273 -0.4164648362100101
0 8 0.23803574280434278 0.1294540562874573 -0.08324646674359246 -0.3995121371425961 -0.05066181674283905 0.3436647269782824 -0.03621062652923713 0.11602590329330377 0.12386669329321193 -0.49856233918611237
0 9 0.10000329823673752 0.10584219614178082 -0.10296367454357085 -0.22100555226297916 -0.07659601561970325 0.08497877469535565 -0.05817167705718032 0.1939945383877047 0.06476624435628558 -0.24970561910660385
0 10 0.21119517152877132 -0.04674919336323997 0.002134430115942047 -0.25438689343684656 0.04782404061402569 0.13637702419899927 -0.013886883810624886 0.039086273811066684 -0.03618457158752728 -0.30184699288785466
0 11 0.01701166126010058 0.10852703783897905 -0.11701776173235619 -0.1783836217586727 0.027088613653082676 0.0680929810566206 0.03424439733545968 0.04035788421854141 0.12878231936618248 -0.3257768989917541
0 12 -0.10057901198750037 -0.05753128481264391 0.008410105070691343 -0.03974761946317298 0.031010751509583767 -0.020987860072501245 0.04772739939705106 0.05694693567660023 -0.09415662978917674 0.03428705662720693
0 13 0.18310387129646705 0.03243803999966844 -0.01203797072162865 -0.19981620972526476 0.051399090509813096 0.15114877465348778 -0.10171316158326896 0.18533417785185993 0.06677884551809429 -0.4397421951581199
0 14 -0.6129334411493527 -0.30952998402461573 0.09891966136908951 0.9876865686585155 0.06752681246379791 -1.0553763307314534 0.09518445726341555 -0.7484749830295743 -0.23810942140022892 1.3779065564429254
0 15 -0.1415876579178951 -0.02231953105595807 -0.04175200428497141 0.15602202351371486 0.06838937926675243 -0.273907833592867 -0.06100119442616791 -0.21686866911731653 -0.0723614793780345 0.2654840243358942
0 16 -0.04740359729959208 -0.0394311910453182 0.06115720423756499 0.058473052931351396 0.05147906033785499 -0.13771935213405342 0.027907051054542654 -0.0855065521859281 -1.6972554309875696E-4 0.14549278808629615
0 17 -0.016302592237883 -0.011208028555922631 0.011684494757834781 -0.11737794962163173 0.026628038241447025 0.02295756578547778 0.012762027284829598 0.07338587248964532 0.05527412691282901 -0.165527937688684
0 18 0.11696952023222801 -0.03569265545674457 0.034402546534277344 -0.33315724170254846 -0.018371693803511512 0.2746970041784778 -0.0701395466074577 0.10264036881373402 0.11980432230971368 -0.33988553750059747
0 19 -0.053382070567137195 0.010578502522830309 0.08784018989474555 0.1429447522045842 -0.0563824727317735 -0.19895647569331257 -0.0036368632538827856 -0.014792328458239487 0.017581704313159932 0.16151758256102625
0 20 0.192093363618435 0.16031301289489555 -0.06370443546521268 -0.4399081048343575 -0.07511108597959759 0.376314750175214 -0.0733402029271202 0.3391831241828221 0.16120552263753524 -0.602356638336077
0 21 0.06760771565029017 0.08145817464159592 -0.056865912646153705 -0.15265637109961858 0.024183659786781542 0.17972495796514631 -0.0061327851304444235 0.222854862372676 -0.020879332610390215 -0.2855455507849785
0 22 0.285366486364559 0.10846773532697424 0.008059908225976157 -0.4361751016148031 0.00651268201623888 0.2789615103800092 0.005952695293195607 0.29645606670010927 0.06215018656248462 -0.5709617815839083
0 23 0.03191295521354473 0.05824925193644004 -0.02857243552338989 -0.18596440314528284 -0.05850613102269989 0.09353488074095265 0.042492819624835365 0.01983246305340231 0.10085461776918997 -0.19740835209971788
0 24 -0.05016654611134567 -8.895149918505783E-4 0.07242830036444749 0.1817676491555166 -0.07344102548809071 -0.17472783877643142 0.03498718392305289 -0.10466310611694735 0.019388681453130854 0.09596419124858796
0 25 -0.0969448431295457 -0.019271454857313377 0.10371175099189063 0.09669188222730077 -0.002650845965118608 -0.033419952297863285 -0.0797419613205513 -0.1356133391110904 0.035594902851330476 0.12096651401318148
0 26 -0.09452077041108192 -0.08400299405783097 -0.06215796286116516 -0.09426237600208127 0.06804979177981076 0.038524265103896595 -0.0021234338560558305 -0.090047393307805 0.0037972732405129055 -0.10971805168017132
0 27 -0.1249301757985176 -0.015667544977858366 0.09146915720907542 -0.024418032191752675 -0.07225739003155092 -0.03836517757749303 -0.040430319213150025 -0.0922456946205015 0.010503429165180656 0.05380507085972554
0 28 -0.06470827698087062 -0.04014749645974129 0.01867874084198837 0.09899044371611802 0.09998271163318045 -0.03137322746257143 0.02341932510416236 -0.09844313337532802 -0.05614617746458082 0.22774571059218035
0 29 -0.056231891281280165 -0.02268587401027386 -0.08646733308688259 0.06037281286540451 -0.038903192498356894 -0.08523519137151715 -0.02715573667765833 -0.02746340107793777 0.056099042962808716 0.08755020850904813
0 30 0.08990056947915764 -0.06543878951286762 -0.05155794919827531 -0.08884426325767975 0.0864003898462473 -0.05766964525539084 -0.035865552241240696 0.0767741477630803 0.09646233803821418 -0.22434663585228473
0 31 -0.1370581219361805 -0.003713581571883435 0.06681496240583815 0.010968410963306786 0.029872297963809528 -0.181965524487911 -0.03931951388460312 -0.19098695451408446 -0.0905811081671853 0.014194516663052971 -0.4559017343326134
1 0 1.067884885817963
1 1 0.3791683327783327
1 2 -0.477169897434698
1 3 -2.038918644307286
1 4 -0.42645050324169365
1 5 1.6635977479777813
1 6 -0.4543246886875395
1 7 1.1982072660423653
1 8 0.490181281137101
1 9 -2.682204961374175
