## ListNet
## Epochs = 1500
## No. of features = 31
1 2 3 4 5 6 7 8 9 10 11 12 13 14 15 16 17 18 19 20 21 22 23 24 25 26 27 28 29 30 31
0
0 0 0.002584489904839558
0 1 0.021122056999302325
0 2 -0.05341641761774233
0 3 -0.08381290385866431
0 4 0.10084789961784037
0 5 -0.08869732854592903
0 6 -0.08993006540732362
0 7 -0.06117508450808294
0 8 -0.061417924282577
0 9 -0.08289005526585583
0 10 -0.05696220115387628
0 11 0.059048512083868875
0 12 0.03489866508260736
0 13 0.05279207339441137
0 14 -0.08421303169548855
0 15 -0.002127309097938819
0 16 0.038378059422614526
0 17 0.02989085023523139
0 18 0.04414555808618037
0 19 0.03453896799955343
0 20 0.033330719815614925
0 21 0.0928595985406646
0 22 -0.09349279249860613
0 23 -0.07776402148937563
0 24 0.005955472368384183
0 25 -0.06094620976831086
0 26 -0.0829950695122572
0 27 0.03754808232099878
0 28 0.028360255826653705
0 29 -0.0017132949548471336
0 30 0.035449766419267496
0 31 0.026981491595506668
