## RankNet
## Epochs = 100
## No. of features = 31
## No. of hidden layers = 1
## Layer 1: 10 neurons
1 2 3 4 5 6 7 8 9 10 11 12 13 14 15 16 17 18 19 20 21 22 23 24 25 26 27 28 29 30 31
1
10
0 0 -0.06127955999915599 0.17396949950167032 0.19009709064511332 0.10156359564858142 0.1889332045864736 0.18703414968401708 -0.3027715641147094 -0.3165641509559912 -0.2187931472568813 0.13754234767774604
0 1 -0.055104597847932556 -0.08224439023569376 -0.16710851287662212 0.011879406312565694 -0.14710993441987744 -0.04378189598941281 0.10592851116966717 0.17667889651703989 0.15357802311888108 0.01259942677731723
0 2 -0.03414654696343058 0.22202243682504866 0.16101643377194574 0.18483971809556585 0.21845947753965375 0.39088662692673865 -0.4817025830481777 -0.5202649310833168 -0.2179567054391306 0.08857167924855233
0 3 -0.3327808658649184 0.41457170858617054 0.6094446603099923 0.46090539851694695 0.6574704562370666 0.7751579256924251 -1.447645335403276 -1.3739986678989713 -0.740090480112949 0.3574485265680002
0 4 -0.02268350826877632 0.1733569697038786 0.13172681556190585 0.23054791839455008 0.19837030441011677 0.29021136467350944 -0.5674075829219714 -0.384245029793219 -0.20764342600181068 0.1397465936259954
0 5 0.049163700866219656 0.11072174152820545 0.012677939139904658 -0.06771098456213959 0.145824201730052 0.1382939133930247 -0.026966123763495203 -0.19686498778912678 -0.004704842855333137 0.06393053403059143
0 6 -0.05252834131736769 0.10595096534663298 0.010492664571251854 0.1389298246964498 0.030546461368733024 0.1524447404575766 -0.2258598889692791 -0.20203381521959649 -0.09678989749506005 -0.010439052172879297
0 7 -0.05262964655410132 0.1618101342722936 0.04367237331953471 0.027265012211161427 0.07438700680011423 0.09331250762638882 -0.3032550398685889 -0.3391451976923186 -0.10311616891697907 0.06873610147777634
0 8 -0.08003403786852058 0.15295996766352185 0.21302354582087976 0.1136049988704123 0.22464410911622942 0.2582250319662657 -0.3781671986057829 -0.44118038311988483 -0.29278341478184833 0.16292097964881802
0 9 -0.08253299672949832 0.10041086349735198 0.030767303292026232 0.023774154595597553 0.06376230786979106 -0.0031646510115450658 -0.21955760048008754 -0.17849817095276 -0.15348520127346987 -0.008872853971017742
0 10 -0.045013039442044635 0.16329455694925415 0.05989112267513947 0.06604124055083259 0.04022828145581252 0.16475265303990824 -0.19309960445527527 -0.269225105300773 -0.06807766033705206 0.10033373710182082
0 11 -0.004005728918545751 0.053463594647357414 0.13788073015725372 0.10063397134360992 -0.006810062901756176 0.1773731790492185 -0.16787838930417612 -0.2696119515908862 -0.1237544795255251 0.021623050517951596
0 12 0.0038298475903859965 0.06647162160367373 0.02482714681744501 -0.039868262283058564 -0.04561117652783755 0.04206290430758062 -0.06224127170200425 -0.08574874313709865 -0.06888575885055838 0.023478342341564915
0 13 -0.06308324245699302 0.13559294964207252 0.14375789884331128 0.0034129634364572147 0.21252757697900027 0.12629345922928067 -0.22478799625818105 -0.3022780932293768 -0.15343856095332395 0.15441296576599767
0 14 0.2250433491823633 -0.3744949670602026 -0.6233372698348781 -0.45964553511039685 -0.5017119663804994 -0.6592567034661786 1.0713871784384132 1.2203229865640743 0.6971584107683032 -0.39445708233326904
0 15 0.04366178233788013 -0.08096634627080372 -0.2350869880251268 -0.03159454003919446 -0.20692648459917218 -0.10472311846795236 0.25874958988027996 0.2829047023023278 0.07266161260254718 -0.07884354478205968
0 16 0.04606102970893182 0.010937395461028935 -0.0022180488494013204 -0.09167085646623312 -0.10086814869722918 -0.10575681363818895 0.15047718017345704 0.11113959736145543 0.09983711929462517 -0.06645679205735162
0 17 0.03219181205172551 0.0760332164491101 0.13705638634200637 0.07249639790891296 0.011734364343824973 0.10996692443794283 -0.17962474102305453 -0.007683967537338997 -0.02669231664192199 -0.06610450406132476
0 18 -0.12306556855015259 0.06842343682893272 0.19358223331648852 0.10177821461967307 0.1797297546515241 0.08727338933440665 -0.3132971512940218 -0.2928715212503318 -0.22194987978282552 0.04632155207073104
0 19 -0.06536903211203583 0.00562391477653619 0.03530400308247803 -0.010757722879958563 -0.06371039507089106 -0.03649008038220443 0.023454912028098022 0.17191964417971134 -0.014948234371428214 -0.0024863090024781105
0 20 -0.12237880846029896 0.09841489157807974 0.17319204548147865 0.07725929359293532 0.17891875026577758 0.15486398514152902 -0.5198550690873713 -0.46299314220787835 -0.31093136821932665 0.07945356355283381
0 21 0.03685300569705854 0.14377244391771893 0.1888783510469459 0.10766858074104288 0.02855493926007045 0.13954427863411115 -0.21026249300263578 -0.2531777614851493 -0.03939556177031572 0.11398502905928443
0 22 -0.14606358984499315 0.09879230330177366 0.2591989999255833 0.03251166491360743 0.2465034357867661 0.2607683828852755 -0.4411434171927067 -0.42699708236242484 -0.34042174922583707 0.09807476324958095
0 23 0.03465141872556648 0.09842739063100733 0.03615358699654427 0.06212568585072797 0.07563289818743112 0.07815305232345908 -0.1374913344783562 -0.1113780529283256 -0.07799903640834914 0.10772175933461568
0 24 0.08882624720063373 -0.022152515886301682 0.031532023201519314 -0.010106033047465457 -0.1383762359885725 0.015692170620039574 0.14302327407130008 0.06663057791827771 0.11342929899330788 -0.12889436335640184
0 25 -0.06576885685596585 -0.04378744789309095 0.02272503082064696 -0.02510287394532654 -0.06751924932379014 -0.027044394761974604 0.054303666777586544 0.052374719664677 0.12155852721604105 0.027133456464011114
0 26 -0.10771988462099213 -0.057730568381100196 -0.08018181703235826 -0.009756903698773411 -0.029311209813578876 0.033443522088429066 -0.13989244771813897 -0.1687431360021136 -0.02064280124707063 -0.030675084913221896
0 27 0.060356318612779236 0.013802723982454463 -0.04946051005928362 0.015237908249846261 -0.05405009243112026 -0.16202278767166955 0.05396267005321542 0.049306455719433255 -0.005820257579295216 -0.05869206310124821
0 28 0.011345172328850954 -0.0958082740401785 -0.07239261642409445 0.04689559308600421 -0.0026793631572194676 -0.06965828099885926 0.12372098062045482 0.0736554829677382 0.08693954567246599 -0.1162476410195043
0 29 0.02180593083950379 -0.09712369749548416 -0.09679344600546481 0.02267182944084165 -0.08106717176372773 -0.04679446363682777 -0.05963896773412059 -0.06348937026729434 -0.08368158455041026 0.019532629687196316
0 30 -0.016680991881956698 0.09039484543956106 -0.010684234803367897 0.046739176714151405 0.05074579725276333 -0.001209369347740811 -0.20592675149281342 -0.09134990035242128 -0.08126048539770188 0.04365645922737641
0 31 -0.006631632362165416 0.0346084919040468 -0.08530344471459349 -0.1397700780905789 -0.1661019230648327 -0.21573992208429196 0.11058479306727872 -0.06141397034144507 -0.004124930064824965 0.02849375512022032 -0.5060447025272616
1 0 -0.5849319793341463
1 1 0.6391276753383207
1 2 0.9398716664862464
1 3 0.6255694700842639
1 4 0.9390621231634365
1 5 1.1642815745283155
1 6 -2.250228495017079
1 7 -2.2865478282804608
1 8 -1.3853716999635506
1 9 0.5254291812275703
