## RankNet
## Epochs = 100
## No. of features = 31
## No. of hidden layers = 1
## Layer 1: 10 neurons
1 2 3 4 5 6 7 8 9 10 11 12 13 14 15 16 17 18 19 20 21 22 23 24 25 26 27 28 29 30 31
1
10
0 0 -0.5432191117801719 -0.18198041970417309 -0.2016630325838625 -0.37293907815860694 0.011484892144188958 0.1539753610529051 0.3138010071158085 0.05415094930592131 0.2349105977290326 0.08662819574796914
0 1 0.2488075852344907 0.03807847039751877 0.18241384677165037 0.27061926445374823 0.08096804673995572 -0.15540922668675985 -0.12470470905202333 -0.1180579661528452 -0.10892195709970073 0.05067490515827125
0 2 -0.919251907182816 -0.4890553809161474 -0.459177758469349 -0.6687819969178144 -0.04199786583166298 0.342121803995159 0.5023801125401086 -0.01002886175807535 0.24628794443411536 0.17147953955024806
0 3 -2.06431083405979 -1.006060444376098 -0.8529831500167514 -1.5155858100470863 -0.05262501917518632 0.6536100473635603 0.9207999930248819 0.2550807550077264 0.774200993909748 0.40820364989505037
0 4 -0.8249366394856725 -0.3153198620229057 -0.2823880561300103 -0.5036153834160922 -0.008547043446039218 0.29878371628789496 0.38966118316677106 0.04500260635995185 0.3746088042827867 0.0710666622638739
0 5 -0.1915421371828021 -0.14173734419324321 -0.014401962181840993 -0.18877620025410316 -0.09010627350288031 -0.023989960778477277 0.06558593421865637 0.0434782742520022 0.01920227392562407 0.12006593767727369
0 6 -0.10373213832446264 -0.07720538010685381 -0.02460707041628165 -0.05243582687827392 -6.863978579378296E-4 0.10497076513939133 0.1326140349747324 -0.0345571968809282 0.007062134384872498 0.0677787567567633
0 7 -0.44567346782043893 -0.31540739589500855 -0.2694225043692415 -0.37766610064238776 -0.09969187041409762 0.1591674021455963 0.29828333103143134 0.030983545705781122 0.17663029959292828 0.03197405005906968
0 8 -0.47693069251854564 -0.16045656987197526 -0.13039525076898326 -0.3833903652146848 0.01268792724210058 0.13509846111693527 0.3397021345702853 0.12143146914102619 0.22479362469590664 0.08091926706799843
0 9 -0.3399902548638048 -0.08867336035771463 -0.13564145967495198 -0.3098498369012972 -0.006996086581078354 0.11051254069794486 0.07052991644796575 0.023674724157381997 0.20350025032446412 0.015949744878088642
0 10 -0.4738789874994529 -0.131421954367885 -0.23768393831955464 -0.34938561642215427 0.049580804593115375 0.10116662705199239 0.14653277162877887 0.07037553567953991 0.18573919184383553 0.053456865861693605
0 11 -0.2885261892101336 -0.13308486631037783 -0.18698206276471804 -0.29731134526362846 -0.06549004473040226 0.1148399749475125 0.07981994009632565 -0.034985101620734864 0.04545821109032724 -0.04140637318512535
0 12 -0.07511171729064026 0.005767119677929904 -0.03615140178288647 0.058221556497824435 0.02555614880600295 -0.02625917577422688 -0.004776281872730194 0.08755382082599644 -0.023980766670849668 0.024159485019531517
0 13 -0.42493685172319473 -0.2541649318910869 -0.22253472039138156 -0.3971246489638394 -0.07782630979895391 0.05568671879836293 0.2070169012150391 0.1371992431448688 0.14554890362105155 -0.011887277009638009
0 14 1.6190070221021342 0.7635247906309515 0.6529815563231114 1.2107164925875826 -0.04434663354240904 -0.5182016304027615 -1.0870778930920906 -0.13651885780672998 -0.6878432931617234 -0.2706984312342331
0 15 0.21302336549771383 0.20167219500758135 0.16905137298130837 0.12173193480576505 -0.06456422756085539 -0.06945277607659793 -0.32280350742722885 -0.030276364620738835 -0.22036956722848594 -0.03517488735953589
0 16 -0.013584874454361054 -0.05198816123321506 0.0614436459621335 0.010884116097512064 -0.07848799720959565 -0.051376296472667955 -0.0728953507868681 -0.07727864351378272 -0.12136928335534178 0.01574212840342215
0 17 -0.12844786271801376 -0.13725208533464905 -0.04260077160621589 -0.18656273298201875 0.05076781547274663 -0.039356430243781486 -0.012042810774600949 0.09153581654657869 0.0628801126672329 -0.056277883605641225
0 18 -0.42482207031377395 -0.11099512059438289 -0.2526864311208195 -0.25502319291026526 0.06952217216124645 0.16319339695595114 0.1827856137759892 0.115696353897274 0.254004700287967 0.08438781854235894
0 19 -0.02091159807536127 -0.06363113914882489 -0.0721602733401632 0.017808871516329677 0.016679895439274263 -0.05346596147887362 -0.023212729424241085 -0.04154567449673213 -0.05048574131830117 0.021848410600044086
0 20 -0.7008947039541567 -0.26121167186415706 -0.29278603778268725 -0.5686706040842221 -0.05468103124798589 0.29172903967267616 0.39002664555633415 0.06288924754817427 0.22788078483773805 0.019316607885942923
0 21 -0.3009664789084717 -0.23960795761633516 -0.0873158185776909 -0.21252206973993235 -0.10120456157706839 0.20264806219651946 0.18485990994383686 0.09796659822129321 0.17581277126175374 -0.02760527193155514
0 22 -0.7502257828795033 -0.37312480825977196 -0.27853345069476915 -0.5793178728025737 -0.014052503316425317 0.20736730408402967 0.43441042753921705 0.1497243330721158 0.3208090866650385 0.1741143042304035
0 23 -0.22141426726697586 -0.11968407150015535 -0.07715444816668784 -0.2142951618867571 0.03875826484674411 0.023029026146654655 0.18518978125366098 0.0068801575370143475 0.011896510910364406 0.012514705523939752
0 24 0.2235072725513218 0.1587672757027345 0.013666567676122735 0.1465379966451101 0.06031584650446893 -0.07414090894055772 -0.10194524956400136 0.028032403968705193 -0.12278878474533719 -0.06392796750468334
0 25 0.08689645019570941 0.13267425282469766 -0.005535289644252154 0.05493883969197771 -0.020562439409546638 -0.05708614824101739 -0.019607195803036465 0.008359107825348787 -0.02617202153718102 0.025341636354852773
0 26 -0.24676350528616275 -0.06160286174809143 -0.051716680189657596 -0.1317336472220256 -0.005962798527570237 0.05546493331694585 -0.014153814814593555 -0.08027145174314815 -0.009370602134818424 -0.05355074133200151
0 27 0.1697330789043542 0.1414978221278132 0.13439688355458174 0.07102061386509444 -0.05241442490734076 -0.11417828577149629 -0.11053910142155562 -0.11227907053083251 0.02716414880868939 -0.06192616329297253
0 28 0.15626072556630866 0.12444462504444989 0.012607311570245186 0.013060408958288212 -0.08017469120574149 -0.12329338443741843 -0.16536122541092732 -0.032547252480155636 -0.051640971436158103 -0.02160868492489788
0 29 0.11082345123705921 0.04025923202658328 0.027604543364131217 7.603495568239857E-4 -0.025399523094607433 0.0814808154831374 -0.0878460276031999 0.0721967514250855 -0.04426509248686911 -0.06918266543072756
0 30 -0.22937858358220548 -0.08370042521642095 -0.09951399272694111 -0.1978159650119047 0.06677355832543391 -0.03683037700871627 -0.10477635380860617 -0.06627342671804569 0.015104983746634751 0.07748335508827948
0 31 0.041347239330585886 0.11077021555358195 0.1476877269217039 0.08590864841079608 5.340936381171162E-4 -0.04295745405230958 -0.20866382525827995 -0.03837762471097594 -0.13871404740076412 -0.12138930732818373 -0.46269224437161593
1 0 -3.0284465624516383
1 1 -1.7120898646404394
1 2 -1.54585470203439
1 3 -2.4341556456204354
1 4 -0.1954936451642364
1 5 0.9715490694965188
1 6 1.6985680248353232
1 7 0.23725264641711846
1 8 1.2136884010512117
1 9 0.41169759335600076
