## ListNet
## Epochs = 1500
## No. of features = 31
1 2 3 4 5 6 7 8 9 10 11 12 13 14 15 16 17 18 19 20 21 22 23 24 25 26 27 28 29 30 31
0
0 0 0.07324354454315588
0 1 0.07901090356114619
0 2 -0.06464289562098814
0 3 -0.004498503187745514
0 4 -0.08198154107938094
0 5 -0.07505607550871198
0 6 -0.08531999901684169
0 7 -0.05012366662948194
0 8 -0.020145736326332313
0 9 -0.08278549918404876
0 10 0.006964468253304058
0 11 0.04240482332998477
0 12 0.06523099470400805
0 13 -0.05797580935334389
0 14 -0.07511238679503479
0 15 0.082370677820396
0 16 0.06367582399864052
0 17 0.08887400425185803
0 18 0.10031989133058769
0 19 -0.04628076957434118
0 20 0.05306316568438797
0 21 -0.03810578491381547
0 22 -0.023867904714540974
0 23 0.018312670855318184
0 24 0.04521659101452646
0 25 0.029123938637281247
0 26 0.01534166102720603
0 27 -0.00762188628797951
0 28 0.028361126259448668
0 29 0.05310300685608912
0 30 -0.059413119961396414
0 31 -0.05289535969495773
