## ListNet
## Epochs = 1500
## No. of features = 31
1 2 3 4 5 6 7 8 9 10 11 12 13 14 15 16 17 18 19 20 21 22 23 24 25 26 27 28 29 30 31
0
0 0 0.09964772259286274
0 1 -0.02346307702547012
0 2 -0.029349237261699194
0 3 -0.06695357431716606
0 4 -0.04031748047137964
0 5 -3.751180753662623E-4
0 6 0.055217201719079845
0 7 0.057890411740157785
0 8 -0.01692980881067425
0 9 0.01618293884911884
0 10 -0.0028744481857945147
0 11 0.09820482696882847
0 12 0.07564248158951643
0 13 0.03635236639305516
0 14 -0.028162544863963697
0 15 -0.08154403088197883
0 16 -0.05578908302698333
0 17 -0.029306536534879253
0 18 0.07266616795948294
0 19 -0.0882481800058623
0 20 0.07751337403860466
0 21 0.08632251564380085
0 22 0.04532458368888494
0 23 0.058654081663671545
0 24 -0.08405091996924496
0 25 0.03230466941860692
0 26 -0.02680028094779433
0 27 -0.0765610379018506
0 28 0.05627103300855694
0 29 0.09440761505506169
0 30 -0.0552813912980424
0 31 0.03848104923963547
