## RankNet
## Epochs = 100
## No. of features = 31
## No. of hidden layers = 1
## Layer 1: 10 neurons
1 2 3 4 5 6 7 8 9 10 11 12 13 14 15 16 17 18 19 20 21 22 23 24 25 26 27 28 29 30 31
1
10
0 0 -0.4595777454287312 0.048498005467554096 -0.27254926322731876 0.039234615973972604 -0.4355518931291157 -0.6106737846023227 0.14340731542954194 -0.21750460953742906 0.27555174542534916 0.1170140131104365
0 1 0.19273471151260121 0.005014460284575686 0.1364153190836652 0.04103301077113133 0.22183111797339639 0.26466554351999216 -0.1711173285284095 0.15990501480936298 -0.16690675468768648 0.07335167563966781
0 2 -0.7839209019898562 0.09443934468867485 -0.5605540295629788 0.022802276299433596 -0.9924067187940061 -1.0511744927052018 0.2740602959133663 -0.5419109631515733 0.7389676614136632 -0.03529942073338411
0 3 -1.7503651417447295 0.08081483819980124 -1.181981067901553 0.16799522669526082 -2.192291860365118 -2.3389273383323017 0.7992407630171265 -1.3153302194411998 1.6082172285080218 0.061911849801590854
0 4 -0.5884078674977251 0.01806445952292938 -0.51655380568783 0.11681239136853065 -0.8523802210321949 -0.7886647819542807 0.22498048058962875 -0.5362814336944105 0.5461110531619761 0.13615119147807642
0 5 -0.07270618810545258 0.0870812224769694 -0.1260703811466264 0.0676261668052339 -0.16641905097576462 -0.17034795951569373 0.07054435551606238 -0.10359945714248252 0.10691423105586785 -0.06897486654321995
0 6 -0.1973594035784303 0.04959446880500117 -0.017784566473859103 -0.010809811691279977 -0.26816328748121915 -0.27775500714552537 0.13673282733659073 -0.09127786186513899 0.241310702586624 0.0014978720628264115
0 7 -0.3070149307596429 0.09752880782138963 -0.344519548132949 0.004945886500585101 -0.4592103012816769 -0.5773562019441137 0.164556110378486 -0.23274093378382005 0.3918161439875066 0.017569082473838288
0 8 -0.40601739695607253 0.09316595461428598 -0.20953943563038402 0.12323890096959282 -0.506855791196556 -0.6602943149695605 0.1513469951574072 -0.23632019212763689 0.4585421074024117 -0.028730541018712735
0 9 -0.14426803377042974 0.04866138626662039 -0.17158316197263193 -0.027598848859675472 -0.2838575087127688 -0.3140623811855514 0.04207181435695433 -0.1218006705145131 0.197224041499713 -0.05890832342320099
0 10 -0.33037225388174896 0.06190587577796662 -0.13812346640377557 0.039005322127730606 -0.3018858748741284 -0.42806442637420994 0.07261928454074862 -0.2350694811159385 0.1435165030929803 -0.07612688250328725
0 11 -0.2707327358865797 -0.04267867240763066 -0.13712866261276588 0.05816003469324395 -0.21783067625491337 -0.33521798421258997 0.03839904583057555 -0.07758762990889918 0.05328274856705004 0.03261762313180544
0 12 -0.04274838117276116 0.06478982607460158 0.047290631696254144 0.07811779917407677 -0.05480729788177559 0.028586136534779632 -0.021782314078893573 0.03463643836150826 0.05376161888623821 -0.02805622773492032
0 13 -0.383837995798221 0.0783518010154037 -0.3356850722049064 -0.06681840491106843 -0.38291334553515993 -0.4000555062650573 0.20612970955762225 -0.29434387655123095 0.39515554182193774 0.055849949096645
0 14 1.4348383096597066 -0.06864535501962805 0.9729525412145011 -0.02198526135351117 1.7304335354524172 1.8244254248711251 -0.5916705326712777 0.9458713000083108 -1.6580685055641802 -0.11279558812701584
0 15 0.27497730810794957 -0.06346859673761224 0.061356911368652 0.01440791418466998 0.27596670837281245 0.2408193248878436 -0.15707596343385 0.1726428845185302 -0.4340987179648098 -0.04649306624297147
0 16 -0.03912778693315332 0.04229029523687993 0.10248530327331203 -0.09034533622797819 0.07552388650430536 0.10726748361173331 0.03524938604126922 0.04831774701737187 -0.12288872391349247 -0.048991484339476345
0 17 -0.10982223103426952 -0.044137870628395484 -0.14478647895974445 0.05329604077271009 -0.2100555248994883 -0.17357682753710885 0.09808994574779395 -0.09694000864791291 0.12796395482205378 5.08819446357525E-4
0 18 -0.4205522292901116 -0.012739050631789005 -0.24989494671613421 0.00779705696951741 -0.5510631396542531 -0.5170767629600549 0.101190518018517 -0.29502077719438224 0.33266241715873546 0.04084594590575607
0 19 0.06667009787257354 -0.09729662560371218 0.10732721593382843 0.025378951670312858 0.043878916196521386 0.0019747367747775016 0.030887542759225502 -0.04213534664963769 -0.16224066028235812 -0.04232819022905803
0 20 -0.6463711186368939 0.03344707182618911 -0.46171916950275976 -0.011829096094018597 -0.632420282681353 -0.8063961893390429 0.26671932664694836 -0.49426397083656004 0.5629229659867545 0.13285508397731402
0 21 -0.24430033130890075 0.0779480750695413 -0.30092608678239235 -0.06570496200398838 -0.3568590330017912 -0.34634319000149666 0.13933388950338277 -0.13644393223178544 0.20479439798380225 -0.05409061924430527
0 22 -0.5849219329711737 0.044038043293395425 -0.34681510201783916 0.05586849956687523 -0.6965139015625511 -0.7560047575513484 0.25203262425498024 -0.4328411325213257 0.48654487270437213 0.03426891348803721
0 23 -0.2624007849181938 -0.016255209498750235 -0.2400080351975494 -0.07871133204556646 -0.3462590544271954 -0.23755023907930806 0.08326144424258965 -0.10584235714392365 0.09195684630239644 0.048353045724263945
0 24 0.0857148231257622 0.04401789133901214 0.10087003164105625 -0.004737328061914963 0.22842924296033226 0.1304955660057216 -0.060984709978117745 0.004709490448555454 -0.025698510415177775 -0.06542065542989343
0 25 0.1864069256560896 0.08502812426551665 0.08249381740335067 0.0835832113121432 0.19844833313349106 0.10020106057555488 -0.08481701722568137 0.09183209316866142 -0.22486503611995007 0.0335117998427436
0 26 -0.23551609251142028 -0.05278745876765074 -0.12699862308331464 0.07944612684112508 -0.31090825359563223 -0.3051292699128183 -0.07454706638293325 -0.1377621592077246 -0.10726323951954043 0.05756632787890149
0 27 0.032047387529035125 0.014212347004762722 0.1563133700539738 0.08845503020099936 0.10741608187518678 0.07704581598051076 -0.1372114696692473 0.15797969305886383 -0.22157452644241024 0.06100951615970938
0 28 0.18542872115022235 0.07291327587290394 0.17305052081915323 0.03619880046916787 0.21294460086391595 0.19916747985324576 -0.0068686053539452445 0.1690894613074422 -0.05847553852260585 -0.028733999027824416
0 29 0.05971730067219167 0.05452305334801535 -0.03325524081082557 0.08532679187404656 0.07671353236109638 0.04801668794384873 -0.05183608424024217 -0.051368002854932676 -0.04145251475934947 -0.08019674426002539
0 30 -0.27145164164273916 0.10201538161923004 -0.19903482495475291 0.06812211334224202 -0.2114738972092131 -0.3464447729222589 -0.010630141332208227 -0.22969636875074992 -0.01045419979882644 0.03343109127382033
0 31 0.09475523245756566 -0.05676781952973712 -0.019887136264112378 0.012841320494297996 0.018109485383377956 -0.03497651798273615 -0.09432733016276565 0.07519128858495251 -0.3195264450594764 -0.09866821291132317 -0.46260027372720147
1 0 -2.753579833659504
1 1 0.05718247191554237
1 2 -1.9934694965713446
1 3 0.02980638563995566
1 4 -3.220804572846249
1 5 -3.265358245130148
1 6 1.103170454827628
1 7 -2.0611433307835614
1 8 2.5951690505700715
1 9 0.04954383053414817
