## RankNet
## Epochs = 100
## No. of features = 31
## No. of hidden layers = 1
## Layer 1: 10 neurons
1 2 3 4 5 6 7 8 9 10 11 12 13 14 15 16 17 18 19 20 21 22 23 24 25 26 27 28 29 30 31
1
10
0 0 0.20269402462096073 0.39378821049781004 -0.12227564763255727 0.11854303508180682 -0.22784353763017373 0.05833238040214765 0.0015971189759891164 -0.2145238408487713 -0.17022165995242292 -0.019445204399498855
0 1 -0.19186221965899586 -0.27055260573637363 -0.030177794083274756 -0.10773970361299061 0.15551037485373184 0.013310205641474396 -0.06518003024855705 0.15068287746147227 -0.03770257087448167 0.050142843799504073
0 2 0.34009221442830867 0.5109430369382525 -0.03212212694817984 0.3489405666043146 -0.1598931808971112 -0.11694966840089768 0.0649936338696474 -0.3564855245953098 -0.18251979565485088 0.04973372183954724
0 3 0.9359687755133622 1.4210947725004177 -0.21198635455669546 0.6307850693146267 -0.5186687391014632 -0.113511506955493 0.008587965937629071 -0.634898309296727 -0.33147002442403706 0.10083497350879539
0 4 0.33083448331793225 0.48767408200488466 -0.13802447587627695 0.25214169303246686 -0.14957934486768526 0.05329051794326067 -0.018741845296978213 -0.28651068517980816 -0.2540023139448511 0.09854483316626274
0 5 0.0635517158321518 0.18196048870248388 0.0399782508223294 0.01843317075799957 0.019645440866255474 -0.012414971611219279 0.04705275771826031 -0.1438001270626641 0.06408363380078892 0.026514747914244585
0 6 0.1383520531103665 0.14325834015773584 -0.09721189985845607 0.024858447719414752 -0.12099269248705229 0.010503987279839023 -0.05326990846081394 -0.056107717880836794 -0.10243380005393782 0.03680820372796597
0 7 0.23041539510836692 0.3082966340002326 -0.052684512176138905 0.05014273204514604 -0.044902717654329904 0.03225559145762205 0.08123162355831595 -0.08873704105583578 -0.13826879251957916 -0.05676782245333233
0 8 0.3310939469745127 0.42886857350254937 -0.13109978022115745 0.23847870494628412 -0.24733663912166196 0.06239939411699157 0.019175284268904913 -0.22176211366505502 -0.10127082022515221 -0.05776090094888979
0 9 0.01813859935224211 0.18299608210627386 -0.09773367394008547 0.13708414180081188 -0.14243089661963304 -0.02551197437780864 0.08692831751914941 0.019596733449709098 0.02935180469569061 -0.007937356978069545
0 10 0.10083486581070744 0.31175574465156525 -0.08555037478835012 0.06659816456432517 -0.16950889162690036 0.02013847990232694 0.05689861268210123 -0.18767726091748338 -0.08941455806605718 -0.05877540435522757
0 11 0.21140620291680054 0.23750017012651523 -0.08488986856353446 0.0997511237698382 -0.1677996638069089 -0.050952373447279035 0.06449763135317933 -0.1499142739796416 -0.01742216631936131 -0.02696710556357843
0 12 0.08210594596275192 -0.05225071611740737 0.025918082044886853 -0.057620629034508195 0.04436578764931446 -0.046031194170579076 -0.030414552742436943 -0.09949425925982656 -0.009179939445856006 0.026926040088746998
0 13 0.1900112488476971 0.3276610154815793 -0.09358794904334156 0.1352674537724919 -0.06025538107599598 0.01966730901673567 -0.003643486075930919 -0.12300633326377872 -0.0716211111821698 -0.08644650317203266
0 14 -0.9439676687678791 -1.393259706177526 0.281581780965114 -0.6173031697674116 0.3973137394667371 0.1227181511034182 -0.0741870295094672 0.4465654929818844 0.3970992346079104 -0.04848617217527901
0 15 -0.23157895382318033 -0.4227427161334892 0.053068135038001736 -0.09259978013055516 0.07961591342336384 -0.014199753393150888 -0.028307364622152862 0.17877059666792045 0.10217291471237415 -0.07118524486481421
0 16 -0.07664719052593458 -0.06286431756178121 0.08191536809698105 -0.08292720739131434 0.08310437576273877 -0.025822880251304536 -0.08881389940596576 0.11433473410127028 0.09366303612726146 -0.05655731271924851
0 17 -0.02021625453492639 0.013188911826972866 -0.10601098473130899 0.12956292298690303 -0.005859933049203147 0.08517091144514302 -0.08828675157655738 -0.08251355153143576 -0.07996305834647258 0.02574348277627184
0 18 0.23307835168574303 0.39127940840002595 0.02235380865645097 0.07878766831247852 -0.16792232957898978 0.07718862069545894 0.07063589524671318 -0.19375335356417572 -0.08895335937999305 0.017437161134574268
0 19 -0.1112509937754298 -0.22940243752160513 -0.037509997441777396 -0.08993679890840617 -0.013411744849358236 -0.05187380064229958 0.023676637781970718 -0.01959248019651645 -0.059305003945001336 -0.03534367230048516
0 20 0.34203891329549835 0.5124123459122003 -0.03343507709123699 0.2950818595355834 -0.18958384852525992 0.019041432460819133 0.059028978415282346 -0.20611170959206157 -0.06423375038607598 -0.0017271606618571688
0 21 0.23027381338152678 0.1582152472803423 -0.03303032963688324 0.10137264596161386 -0.16147073654490507 -0.04928099003955579 0.06260843950064297 -0.04641909073097697 -0.05172835578248173 -0.08510742879819169
0 22 0.3653482792343922 0.3980548383363007 -0.0294063628574467 0.22201378468420485 -0.1888227659635047 -0.049581329237786305 0.07837788589549965 -0.22709588372707895 -0.22495720901121283 -0.06206173541804752
0 23 0.1976471134732443 0.19021439619637268 -0.10021680846740408 0.06075178623417897 -0.09011864675018895 0.09016126911682663 0.08584483076078503 -0.029969215429816065 -0.05870001654469999 0.0983916466675255
0 24 -0.09670861847684083 -0.08575207834400131 -0.0602119197785105 -0.12659018366800534 0.08685603286510615 -0.018493542215220336 0.07442159399794612 0.0027980275844416845 0.030251382627194713 -0.050996106927501145
0 25 -0.006955596588196199 -0.10734188933787844 -0.03458634764394022 0.043486103261748024 -0.06252987685172413 0.08750093306334816 -0.08077179188623287 0.07738967862312358 -0.028400120860846555 0.04340588614403909
0 26 -0.04741489958615396 -0.054004170485063584 -0.06572104604948611 -0.07057357183140354 -0.03183965596989894 0.02848280739249574 -0.043295598395816356 0.05394361120790222 -0.008379075341484946 0.027012814888181403
0 27 -0.11875016454077754 -0.047378188590239054 -0.03379113140235806 -0.06265286295203847 0.009129679253103042 0.08996057613016308 0.09323078033254303 0.023892143386561638 0.09677936407147905 0.020165718416336586
0 28 -0.16494980204828366 -0.20752243776877308 -0.027780732229059326 -0.09230300175220332 -0.018311225269195004 0.026769386319281687 -0.07073148586886567 -0.01761962973071053 -0.046454113479352674 -0.0631292594767727
0 29 -0.014625195579568788 0.04427550852697763 0.08330814989045318 -0.0802053277703215 -0.028831560706825025 -0.04604814907357531 0.01331684839123337 0.05184415175013149 0.08852293568157847 0.03993744103563103
0 30 0.06006973948158669 -0.16140082420892493 0.03426475069546301 -0.08444524638359692 -0.0689227246673431 -0.013465862662369169 0.010970529249215813 -0.09242676096093674 0.05206429702833422 0.09770069809728738
0 31 -0.20429340203653587 -0.289773800952712 0.08572163764891626 -0.12995185760940045 0.010621727772118563 -0.004738608113482135 -0.023916706308746517 -0.037059752813347134 -0.039893561932164416 0.025084821154189606 -0.5031683280659214
1 0 1.559552472445865
1 1 2.3260345700360587
1 2 -0.5596894478245392
1 3 1.0200265350772981
1 4 -1.0005427270847598
1 5 -0.2452242924961791
1 6 0.016542470444267092
1 7 -1.1716650442038512
1 8 -0.8165162151364586
1 9 -0.03898540747921205
