## ListNet
## Epochs = 1500
## No. of features = 31
1 2 3 4 5 6 7 8 9 10 11 12 13 14 15 16 17 18 19 20 21 22 23 24 25 26 27 28 29 30 31
0
0 0 0.02614826126146135
0 1 -0.08555246375625353
0 2 0.09410728544789801
0 3 0.03520219710945402
0 4 -0.05425311831266477
0 5 0.014048912687704623
0 6 -0.04689890385779564
0 7 -0.07045949631888582
0 8 0.02824887633006036
0 9 -0.08044224569394108
0 10 -0.07461326954148426
0 11 -0.08079684600789283
0 12 -0.037887806340147254
0 13 0.06726770034383377
0 14 0.033524397029973535
0 15 -0.06900824028173114
0 16 -0.09126885745448594
0 17 -0.08140260322834231
0 18 -0.06781487011858625
0 19 -0.05174220233356425
0 20 0.04948334500924124
0 21 -0.06243939644550914
0 22 0.09999348529612576
0 23 -0.08587355886556784
0 24 0.004000098139109114
0 25 -0.09678637968398995
0 26 0.03006045956926221
0 27 0.08249558391687019
0 28 -0.020977386779814235
0 29 -0.05942980378953221
0 30 -0.05153738640453636
0 31 0.04730895906686783
