## ListNet
## Epochs = 1500
## No. of features = 31
1 2 3 4 5 6 7 8 9 10 11 12 13 14 15 16 17 18 19 20 21 22 23 24 25 26 27 28 29 30 31
0
0 0 -0.08112338625490502
0 1 -0.06072136843982607
0 2 -0.004713921363253134
0 3 0.007483682671872168
0 4 0.0768195861440577
0 5 0.06976533044040802
0 6 0.02801685528214226
0 7 0.05394170476839928
0 8 0.009138374666739764
0 9 -0.09393428524729497
0 10 0.001980401150869217
0 11 -0.025086900304861427
0 12 -0.07760892883914268
0 13 0.010379559947300523
0 14 0.02968013016684656
0 15 -0.07064448273414484
0 16 -0.070605647377036
0 17 0.051834875705917265
0 18 0.021033561500092664
0 19 0.06813559284045541
0 20 -0.044803644079019773
0 21 -0.04476968860497929
0 22 -0.04767516449695052
0 23 -0.06142926215061561
0 24 0.012054468451034108
0 25 0.0906934555382243
0 26 -0.05173214461322887
0 27 0.01132861151094997
0 28 0.09814315681512098
0 29 -0.05632995597367322
0 30 0.0427474495713328
0 31 -0.035251833498477936
