## ListNet
## Epochs = 1500
## No. of features = 31
1 2 3 4 5 6 7 8 9 10 11 12 13 14 15 16 17 18 19 20 21 22 23 24 25 26 27 28 29 30 31
0
0 0 0.055351840761840944
0 1 0.04033617758391155
0 2 -0.0650804154105244
0 3 -0.08187394478260468
0 4 -0.07361326922584412
0 5 0.048169611801550494
0 6 -0.033575103691563614
0 7 -0.0806409083160535
0 8 -0.005591640002386066
0 9 -0.0890948592837143
0 10 -0.024500618640204745
0 11 0.008744669046787766
0 12 0.0805197148281118
0 13 -0.0032822611451754323
0 14 -0.08255335550269984
0 15 -0.0022470530971163438
0 16 0.018446455355606413
0 17 -0.08637901392105485
0 18 0.08354886649392197
0 19 -0.056253293835510976
0 20 -0.021369212062202853
0 21 0.08893276190801121
0 22 -0.07861457202094894
0 23 0.09117314584922616
0 24 -0.056789848208655194
0 25 0.0992861835704366
0 26 0.034467327739414994
0 27 0.04651567146530166
0 28 0.037250030071693765
0 29 0.09979102722705205
0 30 0.07692919601632142
0 31 -0.04799346253275871
