## RankNet
## Epochs = 100
## No. of features = 31
## No. of hidden layers = 1
## Layer 1: 10 neurons
1 2 3 4 5 6 7 8 9 10 11 12 13 14 15 16 17 18 19 20 21 22 23 24 25 26 27 28 29 30 31
1
10
0 0 0.2506093245757985 -0.09513908493746398 -0.13298380598291373 0.0972665530749083 -0.19506592289967203 -0.2675619043792984 0.15828007969833707 0.03372524843900942 -0.0625201514707399 -0.34687872479334614
0 1 -0.05110283614572368 -0.0794204925557434 0.17331968741953097 0.04164574922470718 0.13800841791081522 0.07304233499778898 -0.16633045869829327 0.10845464708939186 0.10441156675350403 0.14343359108202808
0 2 0.44931619807077033 -0.07312631890648225 -0.4890296480817307 0.19116646519907707 -0.4643196099536806 -0.6567850408635585 0.40846712253250494 -0.11894033824144266 -0.3213337001453407 -0.6701858320885883
0 3 1.0241596885204691 0.006154351984608206 -0.9461575028763582 0.26644225615879075 -1.163893923264557 -1.2995701278519844 0.7647125306324342 -0.16279512563449824 -0.5347727092886735 -1.660218071466219
0 4 0.4750986878050774 -0.058247068007739294 -0.3697180724204214 0.03312051192682879 -0.46791010448223913 -0.5475655728841413 0.3465133206831276 0.05113018956306374 -0.2034327347643976 -0.5438659680248618
0 5 0.09153290377122913 -0.08086333576442119 -0.0315768528962704 0.08682068909257652 -0.02178585234314487 -0.07507871703192605 -0.005567103017952382 0.0897302986922869 0.031026562134376545 -0.05919117235546819
0 6 0.0513551740678818 -0.06819862787403333 -0.1629352606487589 -0.009010093104549081 -5.241748409815868E-4 -0.21267650904386964 0.16155654972376768 0.09277631217844577 0.012836613164403292 -0.060187811430143276
0 7 0.3108218319656225 0.05843064558760186 -0.22053374949321128 0.10000797268439779 -0.2147367535348668 -0.37443716134190286 0.1309035907866089 0.06899004295968524 -0.1911161305191349 -0.4356965125186655
0 8 0.20040238732501459 -0.11066216425976347 -0.2115360638678913 0.08607951669640417 -0.2946276842542273 -0.3754406776601219 0.15391862365766334 0.0414294293753599 -0.16230101884771678 -0.47277049584122877
0 9 0.18640209937695346 0.03385247570902534 -0.10214454282782896 0.02623981145851983 -0.07750442583300615 -0.13337345980561416 0.014634404935445105 0.08866673822951632 0.0058368843907714366 -0.1382989143599372
0 10 0.20287674335847242 -0.04338613917354534 -0.08069942075298023 0.10058460549506956 -0.18792416046250335 -0.20621491371734418 0.13910671621414641 0.08615976283358887 -0.014767370403444129 -0.3749838828054096
0 11 0.14308428800645273 -0.08790477017878492 -0.1146448955956372 0.12587163170844515 -0.11080533392406618 -0.21862659273829466 0.14480055302826808 0.02847474750267632 -0.020735225724262306 -0.19592943811342037
0 12 0.07623292796502033 -0.08752117877624993 0.023100517892604092 -0.08797892741233809 -0.04092291785733888 0.005564119770719453 0.05994768466713741 0.04031428565860112 0.0017610213929094547 0.04556371494602982
0 13 0.12137156255597743 0.057537720104490514 -0.09190232730927198 0.023687140093255007 -0.15499361107222892 -0.2457205738187627 0.1758354473125967 -0.021336657531139402 -0.12957030237605272 -0.3272251227005841
0 14 -0.9624255789163408 0.08165686872390758 0.6618094494882215 -0.3247928908844612 0.9225027096939111 1.0919958630345454 -0.8150789245949841 0.1067604807592382 0.5072739548408723 1.1777368434479987
0 15 -0.2518973170232029 0.09521254698226464 0.07893056229972426 -0.1266710642671783 0.1580644748007119 0.11980533596934967 -0.14139558639422448 0.0711276987986073 0.11014323233537723 0.2576902549834384
0 16 -0.17705965663097847 0.0418713354124725 0.12775597857305585 -0.08672268684949588 0.12136360590114723 0.03246253419162383 -0.1568333330625805 -0.022959651572394265 -0.058744798888147334 0.07465655433347794
0 17 0.022193297111161518 0.07850833814565279 -0.15996845520507402 0.0838812342060721 -0.0814156452769698 -0.011046149210153667 0.10727214062578551 0.008858450200018473 -0.042692811167969046 -0.15267769343701457
0 18 0.30069982478196877 0.07084528111710248 -0.2275278419200036 -0.0021355587513900436 -0.24505012294256318 -0.3219035965799609 0.08366134602014415 -0.008549178669529197 -0.10540122087453355 -0.26495867206257073
0 19 -0.04147587740526755 -0.02954978447134223 0.08662793825802645 0.03516668546939928 0.12637145120850027 -9.25180037819187E-4 -0.15160547982557573 -0.014237192531332274 -0.05123213259874548 0.14243691717045584
0 20 0.3546510774339423 0.05183560845457812 -0.24612044198796423 0.14113375239770262 -0.30445562222036193 -0.5467994593137048 0.29476267398586015 0.021807598787883277 -0.2448326397335599 -0.6038712501351395
0 21 0.2193293415795223 -0.023798960519307015 -0.12743590690724116 -0.047943425716897324 -0.2324362689531411 -0.12829704463580327 0.2281085216648516 -0.009489131683438472 -0.027779063461397652 -0.31413610215419624
0 22 0.3855567525312832 -0.01705952616182523 -0.2603572459971625 0.07204363647156198 -0.3352457778365498 -0.49097888035813414 0.26697212064067144 -0.1019971986534724 -0.09183399119202278 -0.5606156706273473
0 23 0.07608192267696522 0.08149753167659428 -0.1129828809873938 -0.0471861477902618 -0.23694630909595532 -0.225843548134164 0.03352210209076852 -0.058408322248923485 -0.11881720911043299 -0.13572567643779193
0 24 -0.01965520744664804 -0.033503934110573674 0.07402195380247795 0.07218253041335891 0.04418445687671054 0.17429697482692388 -0.14861559464613605 -0.07882288642719272 0.09168651546803565 0.2148171398307392
0 25 -0.11847033816530833 -0.026740443066562394 -0.04530915371560348 0.07493510655993077 -0.02936373978571771 0.12750791769593145 -0.15025333620023285 0.0022682711207103225 -0.06164691698155921 0.06745622272699502
0 26 -0.09242592936873414 0.08414796273982873 -0.023477321254029078 0.02010642316839631 -0.14338017755241653 -0.10144225978499156 0.025314131999330365 0.027753535684286516 0.033442952785192236 -0.23139888669658962
0 27 -0.05607760394967865 0.08916086392376639 0.08188747498132293 -0.06603835754998172 0.12069252105066212 0.0186084547714827 -0.06179859948922673 0.058259675288371594 0.09334828458540569 0.058428280006755484
0 28 -0.10210690089228724 0.0014402600064016855 0.03777889481237692 -0.06690516725315052 0.18502362520971882 0.038601199482470226 -0.043045659982884905 -0.09355222980476617 0.0039239313633029115 0.041123761174607004
0 29 -0.08371905875132647 0.0734571862600011 -0.046623429201865574 -0.08599920337210701 -0.01873136062735918 -0.04598793897967792 -0.0462754053345821 0.02849442406137554 -0.032932346572360244 0.06327778588229875
0 30 0.06909556717900955 -0.009223998676728238 -0.09619427534742978 -0.021389724076131003 -0.2259658302684808 -0.27000349973292276 0.024015069337410388 -0.062141840231737015 -0.1661254934086179 -0.33130638581397925
0 31 -0.2015651811581637 -0.02320286113561512 -0.07241048329370726 0.0619807153504526 -0.08074988198308831 -0.05319075776506473 -0.1571791457738458 -0.0806861239221931 -0.05224353969598635 0.08395364182646256 -0.30727052450081355
1 0 1.7173400702623045
1 1 -0.17315715122382577
1 2 -1.494681738007302
1 3 0.423372168175871
1 4 -1.815652448072834
1 5 -2.1193468501270183
1 6 1.3370017988630938
1 7 -0.24386096736819582
1 8 -1.0012902754307047
1 9 -2.438018506021445
