## LambdaRank
## Epochs = 100
## No. of features = 31
## No. of hidden layers = 1
## Layer 1: 10 neurons
1 2 3 4 5 6 7 8 9 10 11 12 13 14 15 16 17 18 19 20 21 22 23 24 25 26 27 28 29 30 31
1
10
0 0 0.004543283007386934 0.0927562921516231 0.005569018409599583 0.050131806140029926 -0.035912384387018145 -0.05207739924989235 -0.04398631314168384 -0.06754973245888073 -0.06436946446647189 -0.0863134137140571
0 1 0.04453168186837815 0.09332795707585154 -0.076375970494777 0.09755315949818183 0.038324932071042477 -0.023697830402135585 -0.050708526735974035 -0.021417374865435435 0.012279014473006302 -0.029239282395486434
0 2 0.035764417831541995 -0.0722799030477718 0.07970164729957557 -0.019232448557150852 -0.06863223097497956 -0.08269947635439413 0.06253183433138382 -0.008809774498869154 -0.029925064312511896 -0.06052189983470187
0 3 -0.07401150714595747 -0.0898603623115238 0.07156118788787623 -0.0013202866326665248 0.003378449520031768 0.0015193980239614298 0.06313276278766182 -0.0965599663657961 -0.03490797598992591 -0.03333373163103873
0 4 0.07903469449757751 0.07301225476390308 -0.07758666332152026 -0.0709996519419185 0.08578106509400733 -0.08216242943135754 0.04220848907459036 0.012490283899995507 0.09846955243626529 0.03657853794591484
0 5 0.08062560799770047 -0.039346856464150926 0.04402674139241663 0.053339461960187816 -0.09137519018754588 -0.02917113844720758 0.007818594588273615 0.023279404636124174 -0.0053378036238427165 0.03283527553173138
0 6 -0.04206410652452637 -0.07176692864266423 -0.08728526500900481 0.021158857902711565 0.08365701011009127 0.014194042479089484 0.028248791888922053 -0.02628310840441071 0.06255548975219549 -0.03860524774523996
0 7 0.0579486593152265 -0.06445923792579754 -0.08188346850812457 -0.06678045133158343 0.07657674663546972 -0.029014581467154854 -0.016130719518494346 -0.055057950405469826 -0.0908574025136228 -0.08493153474407912
0 8 -0.004817192428152473 -0.09665188022180579 -0.040580297264952575 0.07977206332555498 -0.015552038468164208 -0.07834982994620615 -0.018711434134415846 -0.009621871537876739 -0.012649708852006072 0.026163904536564853
0 9 -0.020655630733127834 0.043241706387094965 0.09527373779413364 0.04697719859970789 -0.006489213007798617 -0.012856787509780997 0.062536339671332 0.03604419743698928 -0.023617366868973783 0.025731196391484683
0 10 -0.022097761450250955 0.07404607712850621 -0.016827211280812847 0.03717152652792648 -0.0834787203903835 -0.08140270860183563 0.047649478762476535 0.05260852652639785 0.06761984616092706 0.03256793610170361
0 11 0.055633963340831726 0.0941378158971329 0.02026878313545068 -0.05847018928656643 -0.020357519808145354 0.07508679390096497 -0.03819853321334485 0.08142775070926205 0.024944974947098596 0.07524672704939793
0 12 0.004650903105944898 0.03338247177154419 0.07937774444985973 0.09886601654895885 0.08308983466088876 -0.006066089752379676 -0.034923792513850145 -0.027726212363077297 0.03687621909296456 0.06929258882147657
0 13 0.010002990815218772 0.05231071588739762 -0.02652628112186186 -0.0724287739396935 0.051942411460505204 -0.07568487570939789 0.08595860521858655 -0.013236663824387873 -0.07926524735739254 0.03664201076193162
0 14 -0.09441326668312568 0.018268224351456804 0.08482820124850488 -0.09136543997535031 0.041718961872276056 0.029005754779417102 -0.03098103418003155 -0.02582914923665862 0.031288689356839414 -0.030380776961984015
0 15 0.03588765240368245 -0.04651070290354863 0.07688629879722818 -0.08740407536515808 -0.031016711671259113 -0.008675521163115174 0.02821096195726265 0.08185954444541037 -0.0693902446925785 -0.09995510917097454
0 16 0.002342418091089754 -0.04992696318574425 -0.0777069589165061 0.09056037500401276 0.00789283677362789 0.028156995469912578 -0.07349557138942107 0.0990365208403346 0.02416817432556999 0.008130891420129554
0 17 0.01611915722647189 -0.09786851184726411 -0.03631879555800884 -0.08538215691542615 0.018039914383987932 0.003625948208980507 -0.03479313456731359 -0.06344858320237007 0.021406197124867944 -0.05207097836390787
0 18 0.058374288705105304 0.04021203260023257 -0.03571054372637934 0.05896604133824926 -0.0974329277662868 -0.0603317712569501 -0.04016035952438848 -0.00647846688379046 0.0768343798532402 0.0649937014811163
0 19 0.07744830017530786 -0.07525634392309598 0.006404302393688667 -0.008111616396092244 -0.004465463227378179 0.06308947945938506 0.021013277745418526 -0.03684657208762533 0.01980294325757993 -0.0925838090450672
0 20 0.03175803710094983 0.05329817185784938 0.05802533836632786 -0.012100817372785415 0.07563638116690824 -0.08458374911935948 0.02603961582657565 0.0369641038108475 -0.08127849359860788 0.08834845284694731
0 21 0.05882388935739339 -0.06167156155788843 0.06567808290618038 -0.012440392830906873 0.08771513192157124 -0.09696110240678243 -0.038309685178978606 -0.008709916933845676 -0.047830645004194525 -0.05068178467471617
0 22 0.017738026384293483 -0.07412537851546272 0.09903074805269307 -0.07669061187181525 -0.058244474752211534 -0.05386937306893128 -0.09813666080713937 0.06151023935246469 0.04396948901766329 0.09652010353949553
0 23 -0.04064818737411591 -0.004653815350472234 -0.03231441054283484 -0.09420935199860223 -0.08386757330004767 -0.07643019511881594 0.01879526353427529 -0.07621331321209744 -0.07501813798855263 -0.0038438992144112167
0 24 0.05145067888254958 0.04981645777087585 0.033714611921455154 0.043981809874424335 -0.044585994524532505 0.09827008864408661 0.08017263880640406 0.05305575084930764 0.028744417563504994 0.05252886394476669
0 25 0.058045457376142494 -0.048858474626555896 0.026680271455198357 0.05076290971537399 -0.07393562340376832 -0.09453400170604041 -0.06354723620189362 -0.08763468168223439 -0.06437709928184675 -0.0024091056861417198
0 26 -0.0036136212183782044 -0.03391795577554958 0.005521852791721104 -0.06805045918209895 0.055463805336852676 0.0765155016767805 5.341798284136692E-4 0.09648844268143456 -0.003104286823892771 -0.08800685682728604
0 27 0.01627317525203838 -0.07621883770239564 0.0014041123772683545 -0.08658206619818021 0.09006306155226176 -0.08808267191664315 0.019972009788423315 -0.08777086915732958 0.09711839478632081 -0.011962247966844225
0 28 0.03400607354896076 0.07975597920169702 0.049045907931427435 0.007683077888892758 0.03554921486468662 0.07937558992921329 -0.09365420498152004 -0.0018240546915888577 0.08442359870584215 -0.03598206354106484
0 29 0.09931176160143924 0.008305070873755635 -0.026008082087553768 -0.055859011204857194 -0.03686286288234604 -0.04655041899961379 0.07797099564301958 0.012920332857632607 -0.016872793747382285 0.0985147036610485
0 30 -0.028687727669648555 0.09736622139281703 -7.129766648703747E-4 0.06324569234382653 0.09548000257744747 -0.028219721244931984 -0.08056588309329445 0.026409011437188414 0.06307203169041341 -0.023502061314964334
0 31 -0.024288807689124964 0.012306507553861631 0.007244289876480359 -0.013635935391770259 -0.01198113775755465 -0.02524323096667847 0.06860201633824707 -0.006812338554145278 0.08993832882608449 0.0750094847072082 0.04249909520149248
1 0 -0.01413943152874708
1 1 0.05964076519012493
1 2 0.0589199177920822
1 3 -0.07579050958156605
1 4 0.009922730736434411
1 5 -0.007397728972136978
1 6 -0.026626914739608716
1 7 0.032402493059635266
1 8 0.07847506552934565
1 9 -0.09463910758495206
