## LambdaRank
## Epochs = 100
## No. of features = 31
## No. of hidden layers = 1
## Layer 1: 10 neurons
1 2 3 4 5 6 7 8 9 10 11 12 13 14 15 16 17 18 19 20 21 22 23 24 25 26 27 28 29 30 31
1
10
0 0 -0.01818047073690332 0.0055786755733623185 -0.0654985560422305 0.07853213925599331 0.07767354649436299 0.02213163936873563 0.0417511028726207 0.05228734851201819 -0.024289994994483786 -0.006870193332424877
0 1 -0.03987640930984471 -0.07606342288858074 -0.05310341760468023 -0.07787547600776447 0.042629924269113786 -0.009075907500298908 0.03198987154493329 -0.06005847511299844 -0.05696231671246696 0.06359899813641107
0 2 0.02632523059562972 0.016819878450981617 -0.06934504761241207 -0.045176573817833666 0.09768512023446345 -0.07210855622435429 -0.03483553567368556 -0.08132146465284336 0.04671577117488052 0.05590523859352512
0 3 0.0015137136373140892 0.0036880360150504826 0.07480071089859683 -0.0177874322414537 -0.02177847781210912 0.018031616824832307 0.05878679249210275 0.004804405834969011 -0.01703612026734036 -0.055812971702512544
0 4 0.07006004488900468 0.09361276975146499 -0.04359996070133791 0.051988464802735584 -0.01758369858089424 0.09851926170055943 0.05424316974519081 -0.03555814360612558 -0.06543009372450184 0.052552709158384454
0 5 0.06115979953501947 -0.0486239045914883 0.05421265272155375 0.07242393001710942 0.08554157964010557 -0.03532633988727193 0.05617225521289037 0.07348439375908707 0.02089032711317396 0.05257864374469159
0 6 0.006539083325946276 -0.09678226718018602 -0.04712120623193605 -0.059231987054480906 0.08348843915494827 -0.04658598610827795 -0.006975599972865017 0.03427887020095558 0.05388748742933927 0.013896869978260172
0 7 -0.09658997794217483 -0.05957514219639911 -0.06274990991520628 -0.07908950334871231 -0.028080837247690407 0.07802850607870132 -0.02060089048089203 -0.04509470626385757 0.09351282755784593 -0.004473289794262781
0 8 0.03466474973986352 0.05164179965623438 0.0969523721521454 0.022768133912648796 -0.03773644122381124 0.06027108606780542 -0.023865283322469674 -0.050754752272230474 0.0911242058106773 -0.08045244479734064
0 9 -0.08607117674687861 -0.09177480942886282 0.07745195439590327 -0.027545211084769313 -0.01392199383185914 0.020879798823946794 -0.052939515396512635 0.065063772999007 -0.06760173657492166 -0.07271821746414911
0 10 0.0993923425365018 -0.08555312932211119 -0.004497600944532304 0.007707273540784052 -0.0011098590671631261 -0.027131145552450935 0.07070926532020004 0.03439757056308252 0.07375607212197491 -0.0061222254615787485
0 11 -0.08106723280589145 -0.05595232037188985 0.08888848728057412 -0.07002851683649076 0.01468463142327266 0.09140803716602582 0.07021411072945008 -0.03964879177163847 0.08048181508927388 0.09416414624632066
0 12 -0.08629467087744208 0.014481240303711852 -7.892992494700864E-4 -0.05315653847098556 0.02737381116562163 -0.06101322406685047 -0.020159474325615573 -0.016136339961202593 0.03434481295978832 0.09034578196774541
0 13 -0.07127953154874869 0.018423207551591134 0.04210877371866849 -0.05838574395068712 0.020153126270250267 -0.03530728047185577 0.010634315729026744 0.08944397748861198 0.06863861314943372 -0.0020527183164206473
0 14 0.043258148498259374 -0.03272316310722513 0.014139981841818661 0.06134090935630984 0.03346180877516319 0.009722922924405035 -0.05334425074490885 0.004764690311983307 -0.03914075496778511 -3.430073621816106E-4
0 15 -0.06975237205207296 -0.07245010239359348 0.05635371033793731 -0.045708696103498085 -0.06326528488683437 -0.06270645476965961 0.05331837672881559 -0.016248573060025997 0.06408773632132606 0.0824082399807097
0 16 0.029947847076518458 -0.005384812632018515 0.022996309364150782 0.03785820223776598 -0.08807355852878773 -0.06079647989178063 -0.08512970028367536 0.02603407763594426 -0.033211835113928 0.05839052586990398
0 17 -0.03610947260715585 0.03588740933399636 0.08004867084351724 0.05712190452032306 -0.054620446359081774 0.011959482785712417 -8.010520972085186E-4 0.046193401505618376 -0.019117625563315577 0.06226895018791961
0 18 0.03757839484978386 -0.012368705621536028 0.09339941606205626 0.016673910834922385 -0.09897476572204644 -0.008223551785881253 0.05935461658905749 -0.05376457918058888 0.07398153284831145 0.09948252885863186
0 19 0.07445248647973748 0.01835321581515419 -0.026251622509831096 -0.0053742371759756165 -0.006006464425866989 0.045851350869964856 -0.07647488853706512 0.023041605310480176 -0.03485949952061424 0.09461354974122435
0 20 0.04151992464361462 0.04491837543176412 -0.026821403236573393 -0.06285979190514117 0.07501026547737318 -0.036060064399895564 -0.041985644341093926 0.03287435048300687 0.046095658681393835 0.0373926054532911
0 21 -0.08902841830598705 -0.042000514070739486 6.012670442038824E-4 -6.551950407826562E-4 0.034796737678155165 -0.02714441470051397 0.07186238876857408 -0.04041948749999109 0.0474525356950631 0.027676763100416578
0 22 -0.04747816474663608 0.010082862845523103 -0.0859706678443994 0.06012413735538702 0.05234536483033912 -0.06955278033756304 0.04825826252270723 -0.09730838133117593 0.07863297880061554 -0.01467310893652239
0 23 -0.055479975873885 0.09441889073830154 -0.07880667156882304 -0.08121911193313963 -0.08132718346168313 -0.0051079645242728105 0.03914666914405388 -0.019253843004201573 0.03131690385482979 -0.021646083311968767
0 24 0.06816841515386836 -0.05787259436819738 0.03955895344596171 0.05505027403583923 -0.0667198161656042 -0.04478204231776718 -0.07821143084281251 0.04338187717898513 0.09481843448619545 0.0503430018318399
0 25 0.06832756141367263 -0.03945777357980229 -0.01394875766481964 -0.07153495222391161 0.03984394692194118 -0.08268621309857146 -0.06322489350102782 -0.05755622981000437 -0.013247272496937945 -0.004343107050061087
0 26 0.021878151130116374 -0.006504324020161258 0.06545827685975535 -0.049916962923590415 -0.023229564058527892 0.04871085561695569 0.09933187823593974 0.028147969876969346 -0.008740508100933238 -0.042900984883421305
0 27 0.056294016959161745 0.01211345546517947 0.055254065742626694 0.057810363824603354 2.4262342431207321E-4 -0.02495395412823552 -0.06432127437602261 0.003673636426540295 0.05299093765435545 0.039156901255912493
0 28 0.07677867550021532 0.005994755367216033 0.08000461518251718 0.008342745203480639 -0.06341425070055115 0.08727089193290892 0.009227453987634011 0.02592420314466437 0.04800760850425893 -0.03118995615125049
0 29 -0.016140171193463955 -0.07794440211773122 0.03847538234639654 0.05794329428282929 -0.02235277659903732 0.014193334199684335 0.07749425691202518 -0.03084570685930247 0.03713035554150481 0.013965303257959076
0 30 -0.07551682360515823 0.048055608406243795 -0.017158653648383683 0.06322927243378104 0.05569840228868606 0.04722666541972512 -0.03232041311793768 -0.09196301170850578 -0.023031839830265705 -0.0652680063570026
0 31 -0.0633852214100918 -8.66715201057497E-4 -0.06506517722985579 0.09508174728245197 -0.03958284607735043 -0.029225180031811862 -0.054633111471688964 -0.051524626771411994 -0.08344509345557345 0.09084881205733215 0.029912322759628303
1 0 -0.0029246925842016627
1 1 -0.04258593916892984
1 2 0.06787440180778517
1 3 -0.050686158239841086
1 4 -0.017605353146791465
1 5 -0.0536277890205385
1 6 -0.028135066851973752
1 7 0.021881092339754202
1 8 -0.04970014095306386
1 9 -0.04619194194674491
