## RankNet
## Epochs = 100
## No. of features = 31
## No. of hidden layers = 1
## Layer 1: 10 neurons
1 2 3 4 5 6 7 8 9 10 11 12 13 14 15 16 17 18 19 20 21 22 23 24 25 26 27 28 29 30 31
1
10
0 0 -0.08365613527036762 -0.04747371531459427 -0.42141250831285054 0.28116039387583897 0.2180748678253034 -0.10331664373085987 -0.3347044739017499 0.08611871825822902 -0.13904282797095494 0.11977798469069723
0 1 0.11666354006813695 0.0034010697534103593 0.2045673952267753 -0.33565810413714836 -0.14546507022088664 -0.019800447446688393 0.2841882590606198 0.005231245004966306 0.05375798518706616 -0.048077122009098736
0 2 -0.24825664869305575 -0.20936454316319617 -0.7334422889187004 0.4955398075562533 0.552640240200419 -0.029674874430053566 -0.596339683557603 0.19718802531600924 -0.17037348171439756 0.22815644426089537
0 3 -0.5689103607409847 -0.4474314521124084 -1.471807138948616 1.3617404397387705 1.0964948500159208 -0.13040907804090754 -1.5742111471564275 0.3388679382959168 -0.2853445856010209 0.4258930460520548
0 4 -0.32885467979317007 -0.23907120969871745 -0.5562111715224545 0.43574019176469053 0.4617802689451524 -0.0338105008680603 -0.5534305063391958 0.08505733942876255 -0.21578730704554075 0.22179478767738342
0 5 -0.0033534686028667817 -0.06272061272569512 -0.0351705105753514 0.15587475925314503 0.12065431023160841 0.0120846730843162 -0.0738769535771838 -0.0607820780211258 -0.009140099213460597 -0.023866275803356627
0 6 -0.10645697477979386 -0.02436742362068415 -0.12063457265670892 0.11810995998885838 0.12945411717034966 -0.09314563765040976 -0.11956027167337052 0.10600788458821735 -0.03341393155340374 -0.022648618760361252
0 7 -0.056932238604017096 -0.16390132024860035 -0.37496958542650016 0.3349513333990874 0.21306001667078886 0.019722464687676796 -0.3351412889899983 0.13448697205941784 -0.1384639520283354 0.0868140688455449
0 8 -0.23308118458131427 -0.039533419220138186 -0.382473485074274 0.3633762265866658 0.34482316975888555 0.03966586899990077 -0.3896030706358647 0.08649440067163952 -0.11060281553936904 0.12923234610971784
0 9 0.017966027157189684 -0.14128622691426795 -0.2227838682523394 0.20790113857878162 0.19293135226844726 -0.033181367773061736 -0.2147442370593327 0.07444965173912325 -0.09020815214516906 0.10218128032227612
0 10 -0.13694415688785014 -0.1394889153889542 -0.38928452251631807 0.15252370621053687 0.17305158720158637 0.05294991811030911 -0.19851409757429422 0.04374029129188334 -0.13734393115791912 0.09667190739696853
0 11 -0.024507009586250253 -0.1455889934458057 -0.24894127629068644 0.16200513369032132 0.042871138418128486 -0.03845342082374876 -0.29757405620167954 0.04896880372835995 -0.008793550411360542 -0.0020699216306710867
0 12 0.04632174457828258 -0.04226472170953822 -0.07471519726580955 -0.041182643004263816 -0.044930392882901536 -0.021801781955156443 -0.04946325948758244 -0.00246017708599111 0.030915646900548627 -0.05414602611505707
0 13 -0.08831221458563752 0.003343023655014261 -0.2939350739905809 0.3576059954833509 0.29522413302863704 -0.11907477943577027 -0.29972112188737193 0.10538968904054272 -0.11911021914578435 0.16812930737132695
0 14 0.6606597285563497 0.2694740361842139 1.3689452744874362 -1.3909464016761262 -1.1483093665033195 0.2849548418802582 1.3316876359604006 -0.2746399497746343 0.18618551998313201 -0.32565796971498506
0 15 0.11395574440716431 -0.004997258497128804 0.19930035984446756 -0.25909944800665724 -0.2889298686583879 0.05884312765016539 0.08630990128713827 -5.7201695853316235E-6 0.10870185023097728 -0.14992780338327968
0 16 0.05590704259536927 -0.025854242294921177 0.05512496521914183 -0.1511386528964854 -0.030186797428185107 0.006092186047157182 -0.00872956793966658 -0.02847277708911278 -0.035239658670354064 -0.06149997086654539
0 17 0.0069647240477449315 0.046187769552347 -0.06243020035066507 0.03259415459047259 0.08386966685442432 0.08104432239979122 -0.10175445163686656 0.05271591033098159 0.004965006890888132 0.0961041791530121
0 18 -0.24025861056301234 -0.10661609424806798 -0.4008087869041099 0.2104994057787525 0.19148105959475492 -0.06376244378252549 -0.4153502012027127 0.07289549380439025 0.006473449115674651 -0.004508641561478982
0 19 0.09676936763608794 0.05268560651973169 0.0365550074773968 -0.0710390747917926 -0.0954312658249146 -0.035980319933244236 0.040854366301688184 -0.057548652916352104 -0.047726686496693364 -0.09354718756088624
0 20 -0.2544415029308823 -0.14786402880452415 -0.6281325101396088 0.5667905750500136 0.45343230719333283 -0.1424223743953874 -0.5964389005176023 0.166277829143824 -0.1795691587542331 0.06452439273241484
0 21 -0.1965050635270801 -0.039991463232132644 -0.27875008539299745 0.20185525401272558 0.24749414857835061 -0.01563693565955759 -0.26730165898122243 0.03397279787903295 0.010413741892593444 0.13470421912826963
0 22 -0.1649123079221719 -0.042168180066452135 -0.4867948166719964 0.5166771594978002 0.39632663641876786 -0.06508078459078419 -0.5709904102764424 0.11321008593524166 -0.16842914376243373 0.1280429357452346
0 23 -0.16154326378925016 -0.05881888685899204 -0.2332765690963201 0.22206358630626916 0.18485684615431588 0.01344172123856851 -0.09581034626414076 0.010371423552913924 -0.0072541507260284665 0.13541551939071633
0 24 0.0777103325216671 0.11038668854926763 0.1993823845605334 -0.03697428527722555 -0.13828654418990316 0.05931358547009874 0.14295107152776518 -0.09806464010260914 0.022950964051232776 -0.06611099551683478
0 25 0.08288852733919697 0.08796564027400335 0.1399051561880925 -0.18499117482489408 -0.020910391908415385 -0.0834421717548185 0.037430824324138016 -0.11215300717540885 0.05058569386683243 -0.13013151277402105
0 26 -0.03817321451621648 -0.007991052483789885 -0.11495331265400893 -0.06672512728579684 0.012827163424965236 -0.012135284132458653 -0.2182544656110379 -0.06134616390415887 -0.05066129897377887 -0.08732320978353825
0 27 -0.04122476484839818 0.11235445022277922 0.10784997347060567 -0.06459877437356426 -0.0994699814860657 0.06916809854750187 0.05878561696697958 0.06434435521526549 0.11020695930901597 -0.005054045140191961
0 28 -0.00416656305845886 0.05541852877671296 0.12112495118341436 -0.031608674359559684 -0.020021960954847234 -0.043125655373869816 0.18627738924955767 -0.04366575869178226 -0.011562967610635331 -0.08348079738393968
0 29 -0.04457117360204957 0.03461227967803444 -0.046410355187950954 -0.06832679753292388 0.04473551131503177 0.011359885921404146 -0.050055002338955906 -0.06875617546452793 0.03798755984444108 0.006757254205452594
0 30 -0.1459654898396559 0.04499055610280604 -0.14752666983411258 0.014488447292371216 -0.06594645043454887 -0.05467695922720549 -0.21355651869518155 -0.0801288566044346 0.03566260218429631 0.02595403743400015
0 31 0.11486325062507653 0.046380183264355015 -0.051361148003537846 -0.3853170479401319 -0.2762028413719967 0.08470967331245377 0.0967077127352898 -0.138108087658082 0.03444986686808338 -0.07281329329039019 -0.5711673015267131
1 0 -1.2589916314897998
1 1 -0.8153449595039903
1 2 -2.550965615232813
1 3 2.2214672763772616
1 4 1.8661674361915404
1 5 -0.48330621117946143
1 6 -2.49132557603955
1 7 0.4480619702819369
1 8 -0.6950693101876994
1 9 0.5967616975419936
