## LambdaRank
## Epochs = 100
## No. of features = 31
## No. of hidden layers = 1
## Layer 1: 10 neurons
1 2 3 4 5 6 7 8 9 10 11 12 13 14 15 16 17 18 19 20 21 22 23 24 25 26 27 28 29 30 31
1
10
0 0 0.01623393875970543 -0.012868268164247097 0.03330427762782693 -0.04235153054120996 -0.03085260777208359 -0.03528223496382993 0.06809514277848219 -0.08740701788552098 0.015546431982923664 0.09923714898830084
0 1 0.06002254136451412 -0.08442877336096602 -0.031897425443339435 0.023001388635936176 0.02825797511395925 -0.06989672496637307 -0.0701584514754229 -0.015973243296927044 0.02230842242725329 -0.06592855672064192
0 2 -0.011356399895924645 0.08221758301398875 0.07103527746911302 0.03996773032429774 0.03165641309218298 -0.02283664619256984 0.07938383697189767 -0.06953020312642275 0.07875802239815398 -0.044348704409326575
0 3 0.06346994265008168 -0.06812232608659918 -0.002129165035358422 0.0350040510677159 -0.0032279296930319366 0.05474243382127156 -0.08860364438219169 -0.07709015370285772 -0.06502428008663198 -0.05482599085156978
0 4 0.04359913487194208 -0.005771612768633405 0.07206655206907367 0.024117591739778586 0.05448778119111927 -0.0042163115466782395 0.0046282005220533344 -0.07411824272647219 -0.0943234855795162 -0.056057097258505564
0 5 0.062118014905304705 -0.06431168134017946 0.05409527633104727 0.03244702236210417 0.061064088525398255 0.09426514653975689 -0.04085250119414105 -0.003245484053558947 -0.024899154794808368 -0.09491422838910323
0 6 -0.040123141550200574 0.003546481211695033 -0.08765115418381583 -0.07087293898816048 -0.02665786706263583 -0.07287237223957187 0.05529135350184952 0.08833381001928861 0.09469145005713825 -0.015817679572988994
0 7 0.058030634173119024 0.040593057820462075 0.09567413797805817 0.09502067157714549 -0.08668075303743579 0.047360785462463265 -0.094908146164159 -0.07924132811768135 0.02349110754784566 0.059480580797686956
0 8 2.690510239952114E-4 0.017861745923834493 -0.06755015047295579 0.04979631701949418 0.07602163886287967 3.1762690987395184E-4 0.006177495132848552 0.06384528515672361 0.023860648486406885 -0.09252160495687872
0 9 -0.005545152946667806 -0.09872302042442004 -0.0080594955955594 -0.011335038955188002 -0.07129223426107652 -0.04962994814220514 -0.09710480412148945 0.008463180046624944 0.08744213897059135 0.0384883897607455
0 10 0.025863004622628468 -0.08968809540522174 -0.05124755439602969 0.09640707537720043 -0.006448120996289161 0.08660411791261031 -0.005488736737699885 0.02240468682227041 0.07516646086899056 0.031116479440163398
0 11 -0.015636395600858468 -0.08254197037075148 -0.026216425036280164 0.05781561869792227 -0.05118488713895458 -0.04474018651002742 -0.06625289719467109 -0.07281291562224479 0.008814741309252175 0.06734131967411931
0 12 0.022219101457628496 -0.08391678949269199 -0.05817221541636769 0.07234598076363945 -0.04812409400966882 -0.0819578481309142 2.4136351220247024E-4 0.03771789021527713 0.006310394096247496 0.09984979002181536
0 13 0.002879763505048848 -0.03757109137443453 0.043520472573944605 0.05310793248515834 -0.01868624550484103 0.0438888214583377 -0.04287956466397008 -0.08291134367509895 -0.09605196520110046 -0.07874793628555866
0 14 0.008801708810579912 -0.08162944754600213 0.06575032649439454 -0.0725366491725544 0.0344382886941161 -0.07881518683552007 0.023310605066205352 0.03960734755572924 -0.008087421386519883 -0.006084620967941941
0 15 0.02923893757082424 0.03153278471065373 0.03836218337926915 0.03944684178210777 -0.018253485872802618 0.06408197195257548 -0.016815902092095346 0.036855324288207855 0.042850458569922145 0.04502527411312294
0 16 0.09132623688412879 0.05316740653550594 0.07582178950319218 -0.04730202202508845 0.09277496935804509 0.013607096201831672 -0.061801425204082876 0.08237434434992971 0.04402227134628124 -0.07166452732733787
0 17 -0.03938495066031442 0.02999788018199459 0.08089137097804665 0.05965109724057253 -0.05081703131769065 -0.07021944016445254 -0.03256895446654551 0.06430767292435442 -0.020004990022742176 -0.046766082755897304
0 18 0.03964826074429732 0.02479622273510381 -0.005357716800600027 -0.061402013852334875 0.03891080742255597 0.05464439532938898 -0.03036162537868665 -0.06489953386691188 0.00418700806559053 -0.035648128238148266
0 19 0.050577768319228174 -0.05929691625246294 0.016672878806820786 -0.019130017256816418 -0.04265822181101389 -0.07554961890850914 0.026290386359559936 0.09423435952248034 0.09089777138863932 0.02144397402855762
0 20 -0.08546319556768446 0.05379948912095644 0.002253020221061777 -0.022197488271278713 -0.05351362731884963 0.09451043759039753 -0.003157922026334003 -0.09192235287561176 0.018974184537469158 -0.03763777959037454
0 21 0.05687754354456468 0.07997318090280581 0.040340007963329955 -0.04699932625190781 0.09652758414460307 0.03549017908134824 -0.08082973329435528 0.04893183825735573 0.08277702993012473 -0.019319553446583072
0 22 -0.0019506580827436811 0.03196436639447232 0.08321085772357298 0.07242951818896046 -0.08249087232272599 -0.014445536910952576 0.018068219672410613 0.018258341416593223 0.05310388969629516 0.020551514029601953
0 23 -0.03192360103068052 0.03828764947613855 -0.06890148909292783 -0.09634044054533002 -0.03467818392298488 -0.007117514837098937 0.09577023550115393 0.034425104623540474 -0.09794812614625682 -0.01789460249607442
0 24 0.05423027772412256 0.045800553514050636 -0.008021227112478851 -0.059017029106454906 -0.04254424944433867 -0.033937181054709935 0.05330122582026573 -0.02534073754347749 -0.06415786097442533 -0.08141300451232171
0 25 -0.06758694815367193 0.060640030796693875 0.09525593203706134 0.05467006303930069 -0.059945283973005026 0.031369046704899164 0.05834842368632886 -0.06903016060824305 0.03627046098725321 -0.02619810408426477
0 26 0.013242618638236496 -0.03317412565474728 -0.05839813122664929 -0.060325590900541626 -0.036644776570324715 -0.010149678797013749 -0.09190116288959725 -0.039912037709228965 0.03869541391482 -0.0903176072164525
0 27 -0.06666857507786983 -0.006269460915971072 -0.055960980537867806 -0.0688479891748845 0.009209305872240144 0.0388539869236641 -0.06787105084290695 -0.06461787814506859 0.011233774504202146 0.041100442044241986
0 28 0.008560053091639267 0.09067292117509161 -0.06531402690637905 -0.07194877316192469 -0.08130553078623623 0.01355482867214806 -0.0339486042033423 -0.015245670159274985 -0.04063846552929211 0.09644046202343438
0 29 -0.016828618442619632 -0.09720989770420725 0.07531863827803795 0.024465245493350427 -0.04769274364282965 0.0729279567681089 -0.011411364580559342 -0.053111722485900154 0.08214250290169918 -0.0028999557959265903
0 30 -0.05625390478318379 0.003630678594613081 0.03480557249232315 -0.03184486757689712 -0.020458760851860186 -0.05359830563689681 -0.08675293290164006 0.06420410733837582 -0.08875997153080184 -0.03563701079363773
0 31 0.03674445470940735 -0.09156128675182934 0.05606058914244969 0.09273024901632403 -0.061660874436740294 0.0013110523479411473 -0.06342777605971836 -0.05134779632409148 -0.06042286326318033 0.05721555991185 0.03885538503527672
1 0 -0.01025649905204767
1 1 -0.0012031972873956121
1 2 -0.05557360127568277
1 3 0.06036498025059722
1 4 0.054927051067352586
1 5 0.0715769380331037
1 6 -0.011535525321960402
1 7 0.030393648892640988
1 8 -0.09373334050178297
1 9 -0.03570059686899206
