## RankNet
## Epochs = 100
## No. of features = 31
## No. of hidden layers = 1
## Layer 1: 10 neurons
1 2 3 4 5 6 7 8 9 10 11 12 13 14 15 16 17 18 19 20 21 22 23 24 25 26 27 28 29 30 31
1
10
0 0 0.25426010500450724 -0.2130571537450017 -0.09735147211489428 0.025141906410152952 -0.26804149139643196 -0.26616154898137184 0.25075144367778923 0.03622446065942808 0.17397346504646125 0.1805033112442581
0 1 -0.04460904478272275 0.14947696693832663 0.11715956131349203 0.07180046655483999 0.08025565435849848 0.07881020492676058 -0.054464442358500745 0.11770512351938904 -0.0669238904899516 -0.11982466670476283
0 2 0.4042078490220674 -0.39477514594864604 -0.3010789943586155 -0.08230360492136257 -0.398382340255565 -0.4904358880250035 0.3978476877415281 -0.17913518727916472 0.15617824537296396 0.2778296993023463
0 3 0.8472030507812968 -0.9945755642052905 -0.5918203833457014 -0.013776343789908546 -0.8939934876376414 -1.361351773251736 0.8560665538825096 -0.14799382700895253 0.4289994125888918 0.61229926114906
0 4 0.27713862620392327 -0.4113939513001791 -0.32238951301815266 -0.017922588411245843 -0.38945628125840026 -0.5862542701480428 0.287893514310203 -0.15442850781573478 0.16107938427010007 0.24111180075627997
0 5 0.1302848625628504 -0.10860094771659648 -0.04438733357161736 -0.009599300474612694 -0.0678444535923045 -0.12817830812309036 0.16528670473190446 -0.039931284156818334 -0.018208339830882648 -0.024642158699518784
0 6 0.118416759394316 -0.035732961948309924 -0.14315419142976626 -0.022686501028348138 -0.04683154842732788 -0.235562560400485 0.006129426415495347 0.013857239963535732 -0.015637659553292504 -0.010920713173038294
0 7 0.12445756370701468 -0.24050048206154992 -0.2513703920298817 0.06075814327363593 -0.19405987567813274 -0.3902024978818561 0.2472881427071563 -0.1253588601240546 0.1865358972322537 0.2076090768196703
0 8 0.1393796054080484 -0.2664834539831997 -0.1836254957596546 -0.07923568603117016 -0.19167797095029326 -0.3363138698628867 0.27409826210815663 -0.042404924429487956 0.06031796463608724 0.2304850242209867
0 9 0.049110482869877486 -0.05351981955574723 -0.1801032064467956 -0.04314954326278557 -0.10641458058693827 -0.2634067077957669 0.039518020402129574 0.003072450199518185 0.003041591486112528 0.17483288649256565
0 10 0.2387249691030571 -0.13030222911429507 -0.21624796821476353 -0.10339665759896523 -0.13094411209028667 -0.36515250653489484 0.16850083688176992 0.05352466258846369 0.10819610224177892 0.05053465530689142
0 11 0.17475120810755748 -0.14137441957913444 -0.10545716926255452 -0.007137334299008193 -0.05436025190539509 -0.22583602111735349 0.07353840487170037 -0.07265192868056443 0.05254491271850029 0.126600017962016
0 12 -0.056754337638010605 -0.09357930285458295 0.020490049666890837 -0.046728403345928135 -0.05861736828003044 -0.09031129364357479 0.055671255326892786 0.05576541071968134 -0.05585539578879685 -0.08959929052902876
0 13 0.22619006040483808 -0.19502596219136895 -0.18957153992695683 -0.08655579720120953 -0.24032075256889157 -0.2564900353232258 0.22245080222138996 -0.04850296745422051 0.12597501759734456 0.037047863457021754
0 14 -0.8800460722688114 0.8924279694734881 0.5183448960438948 0.03397694391614149 0.6552735200913499 1.2083209882038075 -0.8354225962964402 0.29842621083691934 -0.46309410625841735 -0.6524478895482377
0 15 -0.14555176477153167 0.12196902882251968 0.06984727519169205 0.07450333135853066 0.04474693317075568 0.11608489235731435 -0.0656386092590852 -0.0036461898301944945 0.010440873734558254 -0.063547752116804
0 16 -0.02490915263232531 0.03549293371381404 -0.049191148710513 -0.04183833873570541 0.10696350837410522 -0.03695754447208125 -0.06616594650011651 0.02949053707181479 -0.0915478412494862 -0.10209447259084259
0 17 0.02350660989082709 -0.15368709249379542 -0.021770176645200087 -0.05088024034645535 -0.03596933919244311 -0.1249508455822285 0.06498421023708235 0.009712536437846633 -0.04404941756275461 -0.008434739756584448
0 18 0.17252455574352957 -0.3270936400031963 -0.21799378903316444 -0.08076203210988102 -0.14858740242201302 -0.38521389722456456 0.17064383895222163 -0.07198908564427038 0.02114386733181617 0.1583396773478554
0 19 -0.0034377292717309143 0.02772318857438452 0.05792146806860293 -0.009967226365297942 -0.07195355576260266 -0.006779128862035634 -0.1154283177231079 -0.016096360271994164 0.011242872686584852 0.0413484113171221
0 20 0.28362799203434635 -0.4384863507248198 -0.19482173952093104 -0.01338065943210815 -0.2182597040017042 -0.4889861925640095 0.3119957320827067 -0.08881942963379882 0.12000528029091345 0.2701286698669387
0 21 0.2136248951458376 -0.17801480373741255 -0.04695866496255736 0.05993292524554853 -0.16724241715767627 -0.18868847564673963 0.055643600758640006 0.03760397528569145 0.15704244204292073 0.18994279135639588
0 22 0.39018359069653125 -0.3562566699201739 -0.18133081286356145 -0.026425541596120945 -0.2293746922648402 -0.468355570433307 0.32391108935295715 -0.17377971842161202 0.22852621938147735 0.2228775127365145
0 23 0.15664590749906843 -0.03955836620610569 -0.14439665135291582 0.04651721030363826 -0.11951391403290539 -0.10286860724719582 -0.006564948498622454 -0.03791160047691263 0.06568884691677791 -0.009043030066660787
0 24 -0.03773311021553164 0.1530754287468947 0.17743929319514512 0.06068602926372889 0.13599287732833043 0.20366617720576313 -0.20026323010701147 0.012728442582435237 -0.057987232344541444 -0.10197122731368338
0 25 -0.13987628976578625 0.056490644828452105 -0.05949448017610112 -0.07819509115021107 0.1232652017230931 0.12833656644495198 -0.05222361873398515 -0.056056091285041514 -0.022069516168467557 -0.12977307202722432
0 26 0.04836080768144738 -0.1574815251360585 0.02250068344163408 0.03541077312520495 -0.16953565014795116 -0.12137454137439908 0.003038786501856422 -0.04535359637209583 0.07556980008264672 0.08116421000730831
0 27 -0.12305834092437369 5.594049438863217E-4 0.022052401515406602 -0.06879869024231106 0.11351077476579799 0.09700855299385061 -0.10114698878961789 0.02643331180249586 0.048124130049328986 -0.10145530121797751
0 28 -0.16398484639408972 0.09453846476143082 0.010438542117805703 -0.04195266483762701 0.048418855163024084 0.08122151486811169 -0.005163209513760206 0.11766675355654506 -0.07297317323140673 -0.017341830014090967
0 29 -0.07708402291986634 0.04768706974753238 -0.06164336613262413 -0.07612576470204845 0.04846828941102754 0.07191377827529029 0.07786189501885644 -0.05845138634081354 0.04167242247510002 0.07119319048776226
0 30 4.2485412567770545E-4 -0.0646526462253296 -0.10681455689406712 -0.07149531735408464 -0.17137564086657806 -0.17337802100533364 0.08740016898059659 -0.01599949195359363 0.0891819676875662 0.08184878191467161
0 31 -0.23658475209539293 0.047892130020465065 0.07284408765125504 0.05801062665710817 0.1299200080936066 -0.05990651054493092 -0.1255310943343605 -0.01764382779700946 -0.07372875453840058 -0.09362101068640323 -0.43731164352647395
1 0 1.4381379118492146
1 1 -1.7749615594982826
1 2 -1.20445941573249
1 3 -0.22935058356368934
1 4 -1.4872816177917245
1 5 -2.2440665748306516
1 6 1.3839949137885719
1 7 -0.552730599180093
1 8 0.6688231421536597
1 9 1.0296134655541178
