## LambdaRank
## Epochs = 100
## No. of features = 31
## No. of hidden layers = 1
## Layer 1: 10 neurons
1 2 3 4 5 6 7 8 9 10 11 12 13 14 15 16 17 18 19 20 21 22 23 24 25 26 27 28 29 30 31
1
10
0 0 0.04456754256308392 -0.07174478585015001 0.006494487922624055 0.018057925942920768 -0.07564961718165851 -0.08146110772859833 0.010419538891554368 -0.06139952715360998 0.02964674630107298 -0.030673815437665328
0 1 -0.022461635306376192 -0.0518226418713802 0.019155575105330114 -0.03942165675068672 0.03795756286549888 -0.05954318186914156 -0.008417990996838485 0.060397281063823374 -0.006561751806284398 0.028233280718613474
0 2 -8.02145627371433E-4 0.09967862574514001 -0.049190387651128514 -0.01818711753237706 -0.05211566538861806 -0.03905399278002989 -0.009448354391772107 -0.08232275666148312 0.0755984234066882 0.033489014007527886
0 3 -0.015367622887505506 -0.06410214502224679 0.03000039366166628 -0.0024432581020465663 -0.023948447507829273 -0.035052157262327265 0.07264736466124613 0.06648285954396892 0.03187026471946679 -0.05893897954455522
0 4 0.014246932604292885 -0.008605713562496342 -0.05906237113373516 -0.07354123421810095 -0.03572983855838614 -0.053279570895563344 -0.05791672596961062 -0.03440968567793427 0.011930115836804053 -0.06544650603675081
0 5 -0.05616515453901532 0.053226211424776536 0.04266256290309512 -0.06681626031161099 -0.01339286982587856 0.09070847287963475 0.007670281034669621 0.05639530674538922 0.06310584083809968 -0.03968408484260118
0 6 0.04802034924592617 -4.057319845616138E-4 -0.013766457727163015 0.041382450237476345 -0.024623747875653378 0.025191795315596822 0.003955262677262156 -0.03188479019736273 -0.02097707478501812 -0.007654579779868846
0 7 -0.04178414901105222 -0.008118289808681976 0.037696760201975515 -0.007669880716060706 0.009908596853518071 0.03575218343302279 0.07313186070177068 0.02814514570909607 -0.0847499311755686 -0.09562888490385348
0 8 0.09642996522965651 -0.020187929444317763 -7.239355436621794E-4 0.07960050818241175 -0.09747778733146278 0.07308531651340466 -0.08859879755714255 0.0021243031053737693 -0.041334551575846645 -0.04202096589707896
0 9 0.030809651494587097 -0.08946447005659804 -0.06406665056478188 -0.06971156707496289 -0.00594663755497736 0.045110252145853506 -0.021563918269774544 -0.05275592260411982 -0.03967985230922653 0.06672802085396307
0 10 0.043063874249482936 0.08816220799422712 -0.04001140689110817 0.00784723502246899 -0.047361505534213276 0.010923627260665116 0.07105714863663991 -0.035826069082636226 -0.05102127666213929 -0.09983679945839499
0 11 -0.011357256814076403 0.0363129617081933 0.03523316718579629 0.08537979660893241 -0.05026233170402799 0.05437359604698218 0.04085087673151173 -0.040828674758828995 -0.09942280696095852 -0.041992695169948156
0 12 0.029263219644102327 0.07570880366562024 -0.03420005691476807 -0.0034458742375921042 -0.08146003640651339 -0.07955398972448381 -0.03582913020716409 -0.09022920837873982 -0.006633111722850454 0.08282757220475578
0 13 0.07333291014626797 5.040916034040955E-4 -0.09753983012210897 0.012035240739617406 -0.051359229226581225 0.07968168530808022 -6.148347205825761E-4 -0.016339636311525935 0.050433767524419686 -0.002726331437537731
0 14 0.06528308133028028 0.03413832439630861 -0.0035379488624130533 -0.042522055395229706 -0.099304078762758 0.049913671396560756 -0.08509326737811487 0.09293366913953606 -0.08481862976567416 -0.06403144315315805
0 15 -0.036890539589577734 -0.020794225461678945 -0.003100465709748636 0.06076158142481392 0.01882919640636835 -0.06619883328187705 -0.07496056680149846 0.014308577335071092 0.05251775214542238 -0.0984402618897297
0 16 -0.049275679629030324 -0.015147735735645452 0.01994199746391175 0.059233636977960136 0.06091783063664601 0.03689552005858648 0.08988850840501293 0.09547974828902396 0.0370248621762116 -0.08522618955125576
0 17 0.0730862763620812 -0.09057082695443244 0.05090695679702562 -0.09050360363403691 -0.04586807834397327 -0.05204158432351658 -0.010641489600521935 0.00990674683303907 0.04213337691929247 0.0036828167671445595
0 18 -0.022107419087519658 -0.003306895338474971 -0.08539235856872522 -0.05989019856580222 -0.08465489654762119 0.0348092229703001 -0.021700860983379547 -0.03098725184664972 0.061793819200671195 -0.03069211199465734
0 19 0.018749011905043408 -0.019744674919565285 -0.018753533530796326 0.09338899969263952 -0.016233592620913683 0.02111528400210754 -0.03440157750315244 0.03140406740603134 0.048463955532657435 0.03028492475242661
0 20 0.07576670014145809 -0.015283398319507095 0.011284631086286504 -0.09704117327624867 0.07002506919835537 0.010904195166586092 -0.012373758948641532 0.03862269285407667 -0.02101482446558692 -0.07326277713324608
0 21 0.026420123600034127 0.03772202646072482 -0.09530239792398242 -0.005995792700323057 -0.07495440062811781 -0.00744778305896334 0.046050905261663354 -0.005167612490839267 -0.0641939213005478 -7.992551096209778E-4
0 22 -0.05222307653853008 -0.009348034971368673 -0.04383021057425893 0.07888781271216257 0.02522091401148513 -0.07202002715310216 -0.09463220798368457 0.028841584408385534 0.07556629688505269 -0.05782094373015628
0 23 0.01335937023382309 0.040158256488597714 0.037986837087657634 -0.0387750531442832 0.03976256109416868 -0.006855423221651762 -0.024854531547094272 0.03353157745979155 -0.062408068710258134 0.021010976492239142
0 24 -0.01549594935039653 0.08900780503464914 -0.04749800063596068 -0.06360910419146391 -0.09116281642464248 0.051160246320252754 0.058038679072636684 0.07823787475686975 -0.09432800519763876 -0.009793348135057348
0 25 -0.06946698654685664 0.03421683283312119 0.02493421302101703 -0.030751241541452506 -0.04227863608931517 -0.047123454709776275 0.08583229289612006 -0.008205519046260957 -0.0821532450280202 -0.026729207313529877
0 26 0.05510291744324955 -0.07958925966742345 -0.003815782552512181 0.0649589502804859 -0.09410517186292731 -0.04570022242016886 -0.01584937615205061 0.06027276441661899 -0.09578172584435653 -0.03156323619820247
0 27 -0.06143005218776574 0.09704615567805164 0.04113153801653966 -0.0016739584931134274 -0.08083612936930325 -0.06701148933428434 -0.05981253391801427 -0.019591492798489762 0.011710016535463571 -0.019214478825764672
0 28 0.08144631756711396 -0.002748284706365312 -0.0052950817637454186 0.07642645085422257 -0.02763723019856884 -0.07674790616245789 0.016982559169528757 -0.038651577111908884 0.01590610622785087 0.0787122601976357
0 29 -0.02433699950573006 0.02299161381126822 -0.038727642218407424 -0.09344786201304275 0.03644254777740608 0.05641390863397929 0.036398365568358 0.03184610453611258 0.08466164601973246 0.04631891357256575
0 30 -0.004117587802554188 -0.07713661854816314 0.02678174642315209 -0.0027742108058341534 -0.06047436619865139 0.03071437048771688 -0.054271940536848404 -0.07540648885909419 0.058944099786835846 0.08885629461091282
0 31 0.044935024641942975 0.0217175023441875 -0.034199164284338 0.0768422968860354 0.093541153237709 -0.08775734174223461 0.015067887309585654 0.030513110907701948 0.07591126809540631 0.07208938979422053 0.009284824132919416
1 0 -0.06468415260315112
1 1 -0.09979626536369314
1 2 -0.03910292312502932
1 3 -0.06490404903888608
1 4 0.0516908466815955
1 5 -0.015166848897933835
1 6 -0.002468592021614264
1 7 0.056680954992770816
1 8 -0.06750024855136733
1 9 0.03227969259023682
