## ListNet
## Epochs = 1500
## No. of features = 31
1 2 3 4 5 6 7 8 9 10 11 12 13 14 15 16 17 18 19 20 21 22 23 24 25 26 27 28 29 30 31
0
0 0 0.09887556262997597
0 1 -0.04759321685376614
0 2 0.08818442734350049
0 3 -0.010088355777174502
0 4 -0.09137920246961655
0 5 -0.04569574750796725
0 6 -0.09128260952835095
0 7 -0.08926576106483004
0 8 0.011542695306188221
0 9 -0.06278753841476889
0 10 0.01913412448616386
0 11 -0.004771086555983165
0 12 0.0762105986251224
0 13 0.02428797455201286
0 14 0.009215940580244874
0 15 -0.02080866777188768
0 16 0.007547099693551755
0 17 0.09547630089989
0 18 0.024094666753751316
0 19 0.009416929909265992
0 20 0.07606128604099142
0 21 -0.031049766766277225
0 22 0.0033735080093284875
0 23 -0.08875809523935749
0 24 0.092890079812203
0 25 0.006685941092583617
0 26 -0.09446008858547325
0 27 -0.006867564914537815
0 28 0.043640599698413565
0 29 0.07310175526214698
0 30 -0.04314583677391826
0 31 -0.08748705685138702
