## ListNet
## Epochs = 1500
## No. of features = 31
1 2 3 4 5 6 7 8 9 10 11 12 13 14 15 16 17 18 19 20 21 22 23 24 25 26 27 28 29 30 31
0
0 0 -0.07525586339827568
0 1 -0.003916093850633405
0 2 0.012314197139766482
0 3 -0.014114964214094044
0 4 0.03052535350467233
0 5 -0.05210520900896203
0 6 -0.020713886577445304
0 7 0.036204886526730616
0 8 0.060852377875131786
0 9 -0.058949565254871585
0 10 -0.0334306462976662
0 11 -0.07514437932987357
0 12 -0.056170219464445434
0 13 7.794794387207963E-4
0 14 0.02533502075532948
0 15 0.0677834291464316
0 16 -0.08103757925640387
0 17 0.052202759877292323
0 18 -0.015565357516191338
0 19 -0.07593238674504889
0 20 0.08714965331395122
0 21 0.014873510134430187
0 22 0.06862641701116577
0 23 -0.04916362269091813
0 24 0.03462828048402127
0 25 -0.030014472100146142
0 26 -0.05908669999771602
0 27 -0.05486400596605311
0 28 -0.08462366871003682
0 29 -0.010054441658011507
0 30 -0.04934556152913907
0 31 0.06452561914920807
