## RankNet
## Epochs = 100
## No. of features = 31
## No. of hidden layers = 1
## Layer 1: 10 neurons
1 2 3 4 5 6 7 8 9 10 11 12 13 14 15 16 17 18 19 20 21 22 23 24 25 26 27 28 29 30 31
1
10
0 0 -0.0235302866324805 -0.17852640256301378 0.20957701470694062 -0.3990563239685581 0.033500244305618786 -0.08995449897844462 0.13837885380118578 -0.18732705751879689 0.03786364251877637 0.10332291480686517
0 1 -0.056190542420424414 0.17388176422164933 -0.2183604884040168 0.2518463091237828 -0.017250908965146743 0.12195699769282177 -0.09342289331907289 0.10981344983244494 -0.03620500961265242 -0.06834215101020573
0 2 0.09829134157492893 -0.36074032568301306 0.41439253451055297 -0.48580992708179405 0.07126613893386571 -0.3926344810294492 0.10068274843268764 -0.10991917869694971 0.12078846586135637 0.16330834419831214
0 3 0.24527526062889135 -0.7777732885925369 0.9973468532426272 -1.5529774381459418 0.36679301473483306 -0.843270415768463 0.2433684743101518 -0.4871960101419506 0.4010183609603396 0.16830895347600575
0 4 0.008360606231320324 -0.28728341864508067 0.27292517669227595 -0.6267566830276167 0.0850280554590385 -0.25586093175290037 0.05588442334509083 -0.26402181859421875 0.18341512266478702 0.03730060156128789
0 5 0.04750219401404777 -0.015021200931513642 -0.03578752914691093 -0.03748650986282644 -0.07197372838477491 -0.1393388453516973 -0.048948562842344695 0.06716288604176295 0.061768835709884416 -0.07873452692260244
0 6 0.0034031430903179918 -0.10479192701747404 0.12561264124113675 -0.06723532992883652 0.03433569908022005 -0.1645039587953482 0.022419570949144624 0.005841412261909396 0.10504139143148238 0.11607685322960454
0 7 0.11904902765408062 -0.18597265285015832 0.2940367939136575 -0.32930960850596486 0.10575099879140694 -0.2392111291588101 0.00434016040644311 -0.12501138510548465 -0.01998920126367122 -0.005045549770684766
0 8 0.1692356003271803 -0.2688964690651395 0.24584158663041933 -0.29032816041897064 0.14577247984459565 -0.23325289992765294 0.06963480433998294 -0.1415462717594212 0.07220989520782461 0.08974475486156136
0 9 -0.052945170247057166 -0.15665372743051523 0.0448597906124965 -0.24952326781881426 0.128806117337324 -0.16861749372412407 0.012553975115890703 -0.1391801548668788 0.04897425070854834 0.10813420165120066
0 10 0.022085635698699327 -0.19008555202434962 0.1472554178129606 -0.21554073908964122 -0.0023105183404506123 -0.24044515350535667 0.11772951411117501 -0.07955576905900331 0.12507580045144678 0.10677668380872186
0 11 0.12443479592046623 -0.006305646928277314 0.20163484171475438 -0.14563598936010666 0.05325024944624972 -0.2212771626697444 -0.04980321934093674 -0.015173466215110053 0.06129223044487075 0.06757485477304984
0 12 0.04051493952825188 -0.03848511307115576 -0.062051722337121 -0.05498425411964656 -0.008429565624648671 0.048180081440240746 0.010798543535466599 -0.01851214068001804 -0.008867737891318471 -0.028543388672915854
0 13 0.01479637237626911 -0.13312436771883668 0.08794059475748496 -0.34330935193893664 0.014695938720767573 -0.17197942441390388 -0.04164901623366673 -0.05845275141108806 0.11850350239064206 0.10646524741204023
0 14 -0.2784547832137826 0.6045147751570503 -0.9996403912658577 1.2518713465951834 -0.27370388288909764 0.6950520046491752 -0.29140880842551065 0.43772858843334184 -0.22533631101808316 -0.2524207642230807
0 15 -0.13327685797241198 0.033304901781320805 -0.13098438292746045 0.09412333715433596 -0.08060169052842288 0.060431122862639276 -0.00138243441893303 0.04275656895404575 -0.15180267942840867 0.025613184205173323
0 16 0.01705940751414226 -9.7414137573948E-4 0.02164622481452011 -0.013480848480953631 0.003963399841929727 0.0999968019438036 0.07687799072755684 0.0029649328388169083 -0.022820682918394113 0.02182148003164391
0 17 0.0737131838865155 -0.0024057029555336834 0.1049427171448154 -0.04171134188399208 0.10371184176324892 -0.032123531180306135 -0.007644454209008172 0.020297684750479293 0.02537176353292122 0.0914231634097259
0 18 0.07756553491834788 -0.17513846477025669 0.2496268927566031 -0.3331690960679964 0.06908503030298656 -0.12589364246208118 0.0928431129963366 -0.12002340514328161 0.1291072442320973 -0.033095649631580716
0 19 -0.0965614397997791 0.09212291534192713 -0.1673783057020204 0.1410624512324096 0.02120601741824294 0.10079935677978127 0.009885657402957219 0.02036803831899868 0.011144383584700216 0.005235165821049442
0 20 0.18166864502714522 -0.2828153876302276 0.26353491289064396 -0.44866190996990263 0.06467250745797262 -0.20255198259846297 0.0045121820002724505 -0.07719729601456134 0.003001687622002172 0.05399971065592353
0 21 0.022487722747843095 -0.061418364393824476 0.1252177155416997 -0.19707152450114349 0.00526595086266121 -0.06606894199274227 0.010797535912883743 -0.17344370399125753 0.10839836252065815 -0.00682511383869835
0 22 0.13745230436322514 -0.27607154291010155 0.3681945024725764 -0.4341985267882688 0.1942490377828544 -0.3407446195900604 0.14436673861194105 -0.22040777449481438 0.007069481576565993 0.025416498227801395
0 23 -0.03119965154468794 -0.14230259260981612 0.1777016780939735 -0.12301809202267822 0.04150653143201825 -0.0895159136098844 -0.03306278895155056 -0.034147705134755554 0.11188869083765975 0.04225870360694026
0 24 0.04223457306810582 -0.01599331649427723 -0.04300925682875765 0.05128264404972502 -0.11855389506973288 0.04833149020350235 0.05131587018593613 0.03218132357148638 0.053603100709823354 0.02601168874592718
0 25 0.014680979354508013 0.09164049814241182 0.012259976945272952 0.07966635578579732 -0.04469490680705588 0.0615613263963372 0.05371448890596228 0.019508652493603125 -0.10964953842764719 -0.10702537215444383
0 26 8.394518858078532E-4 -0.13128166044446624 0.01870433931550981 -0.1527741912498617 0.01666606695667068 -0.009723781423077178 -0.041209489601846 -0.12897252873093223 0.07650074476933788 0.02289029701630957
0 27 0.07687341565924212 -0.03477718569103191 -0.1365407377235563 0.10275490699454337 -0.0287913879783103 -0.07879726516398429 -0.08517114551503355 -0.004343632449008082 0.030375991045996132 0.04184354686532476
0 28 -0.09665212127609264 0.002627727601104934 -0.11520235324392583 0.17532085405785594 -0.05409668076280872 0.1244126225562991 -0.09804876601492427 0.10275805763581307 -0.044504587189854825 -0.10196964634263166
0 29 -0.021160864466310825 0.053350437592385426 0.008769851982947876 -0.05006382887222657 0.07627876390436493 -0.06476423562559497 0.012901746989598312 0.043618662915874046 0.076783439394902 -0.09363109848213595
0 30 -0.08446499209280825 -0.04685594899730648 0.05224249545020421 -0.24629976860367325 0.014013255593136343 -0.027317520248916097 -0.0025546658137675414 -0.08987789079595443 0.012416479911041937 0.02725910792898134
0 31 -0.06171761204371875 0.006551613341958164 -0.19252244611776273 0.05971987653674254 -0.11041519037451174 0.05589975839389207 0.06565558986320702 0.10331400734111769 0.013911236973617722 -0.0810159313695726 -0.2729676030925857
1 0 0.3863220403623991
1 1 -1.3316181302043504
1 2 1.6165018752787472
1 3 -2.352324384836474
1 4 0.47087142932506537
1 5 -1.458092876276734
1 6 0.3300667727298464
1 7 -0.9258262565453079
1 8 0.46485277129675295
1 9 0.29835888574261565
