## RankNet
## Epochs = 100
## No. of features = 31
## No. of hidden layers = 1
## Layer 1: 10 neurons
1 2 3 4 5 6 7 8 9 10 11 12 13 14 15 16 17 18 19 20 21 22 23 24 25 26 27 28 29 30 31
1
10
0 0 -0.04626696613495029 7.556781688255305E-4 0.18627045603812611 -0.2293803566952486 -0.10132247910031789 0.3394312658760566 0.21954775409996188 -0.019052889572065267 -2.751967592739463E-4 0.18597314777537538
0 1 -0.023297981388373096 -0.05490281321825417 -0.10164371755317564 0.0489305683350136 0.08254098376236912 -0.08365031083624691 -0.09292938565181585 -0.03155630521477991 0.03282242069581981 -0.03571530457511625
0 2 -0.05577706562574499 -0.06802037590094329 0.29659027761483464 -0.5094213867143178 -0.20029294728878572 0.46543124441475003 0.36792380972064376 -0.16857679160049202 0.17385900383433087 0.34303519713859454
0 3 -0.21291306043996316 -0.05253001157713452 0.8674301462222601 -0.992013762472813 -0.6281349324145081 1.2095927554948473 0.9537062710954557 -0.2647740510444584 0.3190888566995064 0.9578059644244434
0 4 -0.12678232101581363 -0.08062365152369459 0.23034972265919934 -0.4410147970519749 -0.3212204936440463 0.38409296487749883 0.412049494233382 -0.15890559212756408 0.07724909487192305 0.28215476942538764
0 5 -0.06275225491519958 -0.053401792421367326 0.11992976589373805 -0.1275774377597652 0.04629515344289151 0.10648335864836626 0.10333776382465228 0.057385123104758656 0.09272739924610114 0.1466481956347748
0 6 -0.10527776612955042 0.03148350476151959 0.12546931181400878 -0.09325980855623871 -0.025193746136133264 0.1787372478017479 0.06969772408274623 -0.02787821943721396 0.08963751789677885 0.11019045699100392
0 7 9.736300925300573E-4 -0.025450663896794384 0.1200899676834948 -0.256441662678546 -0.18192557399722628 0.3501834456291486 0.24289305193842534 -0.13860053677781087 0.0921743500122221 0.2543078952398732
0 8 -0.07722916664624568 -0.08455542780751742 0.2821199350619889 -0.36107191894624413 -0.22508552073368787 0.4029701900861519 0.2723981467160244 -0.00843100819397024 -0.0205205341248026 0.3101760022350411
0 9 -0.12384219857245156 -0.11713653035150011 0.021014690719797335 -0.20627783608119496 -0.029181260133434396 0.07485073411578962 0.15497720950628519 0.0374173283035491 0.12096204889321766 0.16554124458734476
0 10 -0.039908582155692374 -0.0021388748533641895 0.12231103749861423 -0.12233682438863507 -0.12238575730580283 0.23066812366874004 0.21941551677535526 -0.05641783589758997 0.08987934578883183 0.2522549386665084
0 11 -0.012409170543268221 0.020066681420759007 0.07640479804307129 -0.1149249462144771 -0.1620932406810798 0.17144012931231362 0.03545766857375975 -0.08473494854928457 4.0384126422713854E-4 0.1599107177450222
0 12 0.03203712273430014 -0.09896168790881316 0.09175313567783565 0.05479652145329428 0.028951993850969828 0.0062338236026536304 0.10046502714127524 0.08040302401100954 0.05123231506815665 -0.07804178116489996
0 13 -0.049661657985951436 -0.04856260668760836 0.08377563586322286 -0.2873105229195257 -0.10120202234767164 0.1873634794567969 0.11800943652316812 -0.06189180754469555 -0.03451534412510575 0.1655734967785374
0 14 0.23092951814685206 0.08678824887022099 -0.8389506760811263 0.892304657956272 0.5408418800339959 -1.2022976332685908 -0.7827017127436249 0.31103854263202874 -0.31104160468913966 -1.0048522258367767
0 15 6.301290567501894E-4 0.04904147302687963 -0.08708416496971556 0.016899479669381993 -0.010579306138664 -0.311738235516659 -0.2313130353910486 -0.011383181125718712 0.057155053241365224 -0.2725684034993924
0 16 0.07387841231539112 -0.06761751142715704 -0.11065211108960993 0.08955211863208055 0.09494901461891773 0.03355477282533354 -0.09647717750161439 0.0010132709553896011 0.08103114628368063 -0.045322180582798174
0 17 0.06983176077418374 0.05093704382701934 0.05082257797676366 -0.002530109594150105 0.026252094563067378 0.060905804971190816 0.007253017356179141 0.006176264498920577 0.11894017994825751 0.027148908201657634
0 18 0.003940345342936483 -0.07987207034407512 0.09335009554361491 -0.313118272335006 -0.16150805026168025 0.24150618409723915 0.1201692378902889 -0.043677754569521506 -0.036659153128123304 0.1351614560531528
0 19 -0.07239609241787516 -0.0035855261755722272 -0.04967423661154181 0.16257624706765983 0.04200914124734558 -0.1406270291797427 -0.05261113819936164 0.04281697448453643 -0.09434057725866697 -0.15080104611969872
0 20 -0.16531450136616388 -0.13281050835152786 0.3516993465785742 -0.3068990119319543 -0.2262050072678045 0.41451846901535105 0.3272987096704485 -0.013011734872434556 0.13560374440619183 0.3364984250192425
0 21 -0.09427914468068911 -0.12164018249404127 0.16352387060568752 -0.23666069517116092 -0.07721996519042848 0.14171688585409686 0.05366532892357255 -0.07651450575326302 -0.03814190030972624 0.24289016992714557
0 22 -0.13826295157933924 -0.071725727083781 0.22633399333930246 -0.31872376167155414 -0.12218455424605036 0.29347819976482176 0.2966690253063883 7.171492996185517E-4 0.15684500833719126 0.37813090475073197
0 23 -0.018048543193564106 -0.011113457073545512 0.1000062508855159 -0.04536760654432201 -0.09975708364468769 0.09197593470661493 0.025943610083069755 0.0076115267363221955 0.012104679230240962 0.2237716114398158
0 24 0.0222137576991113 0.03913900351870396 -0.05480362655229403 -0.03480672869976974 0.10043780701605531 -0.049061358673841225 -0.08488818559274008 -0.008492302418169765 0.049019947916649584 -0.02428737293000048
0 25 0.10610241976586154 0.060696934721898604 -0.12081739207287591 0.09618229890442472 -0.04187629537743804 -0.16586399231533389 -0.11827856208818478 -0.024575972299986794 0.00687742081654346 -0.1747350870180858
0 26 0.026534712775631082 0.05810450531376011 -0.1137183213586532 -0.1452597402077008 -0.0027885008641014347 -0.00433664837014604 -0.09048693822609115 -0.0548207764150185 0.04702127392294048 -0.03745169087805616
0 27 -0.06063185833548053 -0.06071022853883174 -0.04689610401838945 0.1655836957110736 0.09432272229070243 -0.012835139478178692 -0.16435913372072544 0.11434622866855984 -0.011609490028904525 -0.1060009449076023
0 28 -0.04411810296716695 0.07696757929705784 -0.017965924394750588 0.13540560849270142 0.13007390198047614 -0.010374028259648565 -0.014013661177916189 0.003867347722362465 -0.04843234864133149 -0.06338490409307078
0 29 0.07614728023022393 0.09733300448685961 -0.03938531419128573 0.05747911113153432 -0.050121667982860475 0.06498836868815293 -0.10906279531288963 -0.030098785624849477 -0.09085758457108588 0.0759040257737409
0 30 -0.03047799572258542 -0.07273661837376262 0.07937755354311517 -0.010104458622933335 -0.10375356592567794 -0.07749402016366878 0.045422034883987016 0.04158705451348226 0.046401918903818326 -0.01737489833439014
0 31 -0.04300991042054433 -0.0420715604485656 -0.15189835864043452 0.05852115298267844 0.04524905729945654 -0.3698965265657402 -0.22092238099325717 0.0408239801662372 -0.06845308552570631 -0.2749858424411284 -0.5370434316394771
1 0 -0.5591228440830651
1 1 -0.3656638277479384
1 2 1.2799827746475432
1 3 -1.820606905226444
1 4 -1.1755942317291042
1 5 1.9190758970437123
1 6 1.4105905657240683
1 7 -0.6215597429780154
1 8 0.3649440290820443
1 9 1.5793076812718003
