## RankNet
## Epochs = 100
## No. of features = 31
## No. of hidden layers = 1
## Layer 1: 10 neurons
1 2 3 4 5 6 7 8 9 10 11 12 13 14 15 16 17 18 19 20 21 22 23 24 25 26 27 28 29 30 31
1
10
0 0 -0.27424078214246217 -0.08461920625131296 -0.37351514948528314 -0.5485800533409414 0.15882144954334335 0.08237018009401285 -0.11300042854070759 0.10188131677683485 -0.03924618758546724 0.14386447678292497
0 1 0.07756891566600495 0.12353790493134247 0.14514944370809832 0.259777902007471 0.03891883694282113 -0.11965408536104581 0.15971708047338898 -0.11722552712932921 0.018323043613724378 -0.10057054373443733
0 2 -0.5078338125481175 -0.20677328627535055 -0.5503235555266895 -0.9359288907654169 0.23465628480448666 0.3206667044222363 -0.2501449660637692 0.28015508161088315 -0.08446563128919984 0.3237233411900882
0 3 -1.0807808524820997 -0.33835221264390014 -1.551770355256966 -2.2090681144458766 0.33034750318228656 0.81206994923144 -0.7357089294000245 0.5499200256988436 -0.1268360456436555 0.7245990898933412
0 4 -0.3327202642234161 -0.1969610784848548 -0.5347583170863826 -0.8488476711276293 0.08092396585301533 0.29324812016007074 -0.22464759045599533 0.2647775758606594 -0.06114235264295757 0.2196033436558822
0 5 -0.11293731578025554 -0.07728234662930135 -0.17645762487065828 -0.1677548818747034 0.0015887197840580116 0.1023416456962509 0.03700936973534424 0.01181970981779309 -0.0257536081377683 -0.0016558224306006046
0 6 -0.061665412945116994 0.06040791128004813 -0.12338632165426393 -0.12374208816689439 0.10963576904276505 0.14581397112708502 0.02716130367269856 0.02245558146785792 -0.06612463999390208 -0.02798384594591155
0 7 -0.26363852058859794 -0.0218430507451362 -0.22157096730579293 -0.4840888740779378 0.12739249942700998 0.15785281122924535 -0.06107868792204089 0.01952319933557435 0.027011249861979506 0.17916874760959545
0 8 -0.30205089349808734 -0.0662070403495729 -0.4608769653682338 -0.580061946544101 0.0839658176549347 0.2336113782939757 -0.09860319140456938 0.20577869481637948 0.05221325724144176 0.10454335956407304
0 9 -0.058550440820899136 0.053195665170464354 -0.2576616154062731 -0.20064352633497545 0.1344197271827901 0.15952337646225587 -0.07890635156822999 0.0013100712349417324 -0.009886270322910708 0.019917534729228182
0 10 -0.26900493263474445 -0.10324543248850876 -0.25655976446273654 -0.2872552904245903 2.379411141986197E-4 0.099952044757572 -0.05672575717527949 0.00442672408317159 -0.06075011997891544 0.18007909096957084
0 11 -0.24026704765062226 -0.016031574187508793 -0.21510115648339279 -0.24405912006153965 0.09826352955945664 0.17358831450350773 -0.1286467810151151 0.019645058734342805 -0.012592623085693503 0.044022329983030926
0 12 -0.015513099867248688 -0.038774211434130255 -0.07162291482023406 -0.10326332818217472 -0.09167703770891107 -0.04425202022598247 0.0010471699694786583 -0.09023777495200008 0.04058399434317191 -0.054293457761792244
0 13 -0.2899981043638652 -0.14150050525897956 -0.2816311396474833 -0.368844182497952 -0.014331586272776541 0.13201740208497376 -0.06794774744308775 0.09915785356763981 -0.04205650238532908 0.1901846452928494
0 14 0.8996034947578762 0.3487270456688572 1.2704911716593785 1.7446197601874867 -0.2773959864977416 -0.7737314678572544 0.7051736078356821 -0.5094382693486517 0.18126137705030929 -0.531822176234938
0 15 0.1399273265231691 0.10321382654595733 0.15255141425481814 0.2833439007870787 0.017785535867204622 -0.1588128090058083 0.14931358704248218 -0.18503557251421843 0.1171558364081023 -0.2215221491361664
0 16 0.00413763299892563 0.07647612093358366 0.0298132674812171 0.06364770859774128 0.03879611161119289 -0.010028827464920207 -0.046931736028203955 -0.06279849392332412 0.04018314083191203 -0.06279431849326962
0 17 -0.04377936491724639 -0.06048070961730917 -0.0709800244129237 -0.23746834874928963 -0.017238259000969272 -0.04098582039791398 0.022162193207434653 -0.04020792223320104 -0.026812200008182557 0.08898730386158354
0 18 -0.15753356734599339 -0.1068454767845151 -0.2514428042764592 -0.3819074538302784 0.09811499729938612 0.12307115668406365 -0.13070614828038093 0.2197684363648569 -0.071180788514434 0.2428016224024061
0 19 0.03249779424585149 0.06892306284272191 -0.004652498089310243 0.006066849028374341 -0.08147677921577165 -0.012812352238207213 0.04248827522765113 -3.7138472505391143E-4 0.028710105427566496 -0.051053832410598333
0 20 -0.3822531775638132 -0.032892042253110695 -0.5671993166494897 -0.712113098380346 0.12993355352603822 0.14627852472681122 -0.3093262164813385 0.1650549165971229 0.06783421413925086 0.1738871138415499
0 21 -0.18901871453488364 -0.09874475841532697 -0.28870379427296006 -0.4485848381486897 -0.04567345901052311 0.09239054762315259 -0.17390376156686002 0.15143226369750148 -0.01466473240401886 0.16167140505084018
0 22 -0.3918290901723825 -0.1546440783117162 -0.5514399961144899 -0.6949061277522637 0.076897232288748 0.2594056332827619 -0.3341959618858011 0.1053976799067397 -0.11148438481203697 0.22021829664824263
0 23 -0.03065203263243073 -0.1277188418945078 -0.25297202161600196 -0.30542497745542213 -0.021908293724888332 0.053949224046425256 -0.15794672519941744 0.16025049297361474 0.02062002141121353 0.06005129177343116
0 24 0.17825212700018006 0.08224816998608654 0.17537447672966225 0.1163973868356387 0.04368382620313355 -0.10417820577475338 -0.038877543461869224 -0.07537834051278093 0.10042812959447821 -0.09214018553150094
0 25 0.051196120071059725 -0.01637529178621169 0.14988873675507813 0.16576798880202392 -0.07885540390724004 0.010899650812651407 -0.05840357893943143 -0.0590412319422428 -0.016370508480714932 0.04910157340924319
0 26 -0.17677102327152236 0.04681106328104198 -0.20134850119429892 -0.20937017480927927 0.09721472225615863 -0.003029425732146706 -0.01761465957542902 -0.03164560492923421 0.08131056866940818 0.03190095424271118
0 27 0.10875321125082692 0.009512977778432984 0.0735169688172996 -0.02148601753929077 0.023152994476336286 0.07314870248836323 -0.01999249432182079 -0.06380447602040944 -0.051872635089727635 -0.03982312524947249
0 28 0.062446737048381336 0.11429329023058625 0.028421010202292967 0.2093018942559452 0.013146343980254684 -0.06896613702701265 -0.029300101867713754 -0.1338199062576889 0.05646964260188113 -0.05078264159009293
0 29 0.06708468896623797 0.012574627214305405 -0.008138095351776889 0.08755703091115831 -0.07732770390652186 -0.06936654232692416 -0.004025756864120701 0.05332062359737174 0.06090934965574308 -0.02862033040031649
0 30 -0.14083959388790263 0.050003708028593004 -0.22487467619152338 -0.2985436659311448 -0.019806417495046098 -0.0451172540347888 -0.13398317512971622 0.028296735685730733 -0.020141392666560246 0.07978130204796754
0 31 -0.04675698502365163 -0.043695046695665776 -0.029573584724989395 -0.13185280215375608 0.006474803386270761 -0.2026606154222051 0.048434804650395485 -0.09566858081841584 -0.018241245551629988 -0.06512528759117418 -0.3061725028511521
1 0 -1.7726856680651113
1 1 -0.7360214199672445
1 2 -2.3537103900532705
1 3 -3.0964295493085556
1 4 0.45908455170631174
1 5 1.2510065948825753
1 6 -1.2933382570658014
1 7 0.8709554230641579
1 8 -0.3545146601185732
1 9 1.052838114332455
