## RankNet
## Epochs = 100
## No. of features = 31
## No. of hidden layers = 1
## Layer 1: 10 neurons
1 2 3 4 5 6 7 8 9 10 11 12 13 14 15 16 17 18 19 20 21 22 23 24 25 26 27 28 29 30 31
1
10
0 0 0.2523422100864323 -0.2514563030343518 -0.0839508359971669 -0.09720575446925225 0.3273659025464628 -0.37899794635165585 -0.1940372491064277 0.12557237252595332 0.14496805059976287 -0.24875474719102864
0 1 -0.15522708567275437 0.12208544462208305 0.13676497174025884 -0.06482677332322352 -0.15394809079914581 0.2709277060557179 0.16300448449289368 -0.06346672851829652 -0.08627923522135245 0.24904037196368017
0 2 0.3474969734681879 -0.5103662615308168 -0.29220534324632036 -0.03691562477861549 0.5261742014667454 -0.5105655893315242 -0.4301584437506158 0.13036018307005284 0.209126504564041 -0.4789500392341487
0 3 0.6067213152457852 -1.0028074445208441 -0.8190144876444138 0.013715561927071629 1.0754766594683132 -1.3611760190305178 -1.1576565851945104 0.176678546243711 0.700243267366744 -1.263026842959522
0 4 0.2843370499387427 -0.2520830593575546 -0.2694107156241127 -0.0087759641226346 0.2944008423556021 -0.5056134157083085 -0.43958463192828734 0.05070761241246799 0.24206253433956054 -0.4699093133491066
0 5 0.12075756976301205 -0.0876951497953647 0.0048110214936364 2.5420423062343794E-4 -0.04229288975363918 -0.14743066959280596 -0.10020215215947334 0.03740501265482435 -0.02359119841982994 -0.07961653591514789
0 6 0.0769984994446319 -0.06592232850344953 -0.08367447433381134 -0.041895935443471866 0.05479315440581813 -0.16601934671347557 -0.1791100686101009 0.036350005264843485 0.036041321023535314 -0.1650255190179514
0 7 0.2142463657587913 -0.19901631212233933 -0.22077036216202237 -0.012071725857773134 0.29735339951871476 -0.400646710318852 -0.282297146235825 -0.005664660810239433 0.24717012278358858 -0.20631257160546446
0 8 0.11415964472944584 -0.17133575393549758 -0.20465901926728097 0.04725615436343876 0.27198424467329685 -0.38029062621310966 -0.29437056696205843 0.03002095734024452 0.17187694289640953 -0.41882389401309494
0 9 0.08293966922290766 -0.13327620677963026 -0.07141997125900189 0.06806526562692428 0.02765630719354218 -0.1533968144768082 -0.1415714208658584 0.052324718825470136 0.16732876834905874 -0.21349463814646766
0 10 0.1455187394945215 -0.11400965988680895 -0.23449869637721013 0.03823611456066461 0.14061853955405412 -0.3120551531401514 -0.2906734821729498 0.09965088108869961 0.19217639892398827 -0.2630012035374419
0 11 0.14645212180509098 -0.2412466234094469 -0.03589207497955642 0.044372023103696666 0.1395260039392723 -0.22630262169690676 -0.14022275274398516 0.02685919671309923 0.12412447559236571 -0.2711837735365313
0 12 -0.06866005735336678 -0.058242636297068454 0.08585758689198206 -0.09444463773812743 -0.0026121077607124264 -0.008943568896664573 -0.09272495212728327 0.046184213621746996 0.05403557242301586 -0.07856827774559252
0 13 0.09544845603901343 -0.23977421388564601 -0.14529731016575467 -0.015209165942528283 0.16003542637582005 -0.28193846022176927 -0.16019884108255902 0.010118539850181168 0.09674873667733017 -0.2546169403270966
0 14 -0.6933845614232048 0.8876155067384196 0.6323963776588608 0.07581751379904633 -1.055195703275414 1.1588069945415316 0.9731541270159743 -0.07259041902549632 -0.6878067429983794 0.9483685895655819
0 15 -0.18104595622107364 0.13030789074757262 0.09219360115889279 0.05107398777274488 -0.17681434104237229 0.21917592882747972 0.19680909550380765 -0.07582908607140462 -0.09223479423890882 0.19989952326082827
0 16 0.007322310324611894 0.14655577040422477 0.14146722470311568 0.01458318340149938 -0.1561253952705775 0.052408761969412195 0.07975742064583868 0.06420433816154972 -0.04143532401163009 0.1523207939177085
0 17 0.13984524292004444 -0.06831218446114783 0.012905801886936302 -0.022141433036886784 0.03111164491219517 -0.06916531830076046 -0.15834350987496845 0.0633709581163651 0.1453538597127234 -0.04541599577346468
0 18 0.21265691644919152 -0.11405135564298755 -0.18712247364671392 -0.030328920235649797 0.15158347404877826 -0.28735705361694064 -0.15277972198882545 -0.05106591424086933 0.10044529591837921 -0.3278229611245229
0 19 -0.08898760599396172 0.022363033436261903 -0.049989559520141905 -0.019536340969854054 -0.1319139567683827 0.151548361509234 0.1348367683104281 0.016497923435272954 -0.02836433609381702 0.16058270204637615
0 20 0.157276130190197 -0.2681560073858369 -0.1992373598639348 -0.040214434493780406 0.422399635873704 -0.5353295537186656 -0.44747968119611 0.0995629623522993 0.17443737086919697 -0.41490964080556014
0 21 0.20534000444681208 -0.2119271196107469 -0.04860287245045536 -0.05461827946650466 0.119288966973431 -0.12353116219294703 -0.2123448565403841 0.10658808390905379 0.025627082524107454 -0.24100509449416413
0 22 0.20081480804246876 -0.22797220770075585 -0.2937117572131692 0.00706709714302482 0.3516325138241564 -0.4947737594200653 -0.41280759604262945 0.02762942701159349 0.30383182190751473 -0.326510323505133
0 23 0.13062871535411788 -0.04059710153072862 -0.02830045920775338 0.062345433653813905 0.13590844786528028 -0.22738372332313664 -0.14869830259800215 -0.06698018175691661 0.051839379066695335 -0.10899476565398918
0 24 -0.08075172440016026 -0.04589002377398076 0.09503286893385587 0.10153515096604976 -0.08397658198627764 -0.012826297646356071 0.03381805505766421 0.08853931171251435 -0.12882569752219739 -0.02865175132953118
0 25 0.004356113792297377 0.08648453691479324 0.10718981105924408 0.04019585429200601 0.013948582078556924 0.004106485690025414 0.04571800051917598 -0.02989916431667639 -0.04816893552067117 -1.961465874406897E-4
0 26 0.03011520836417555 -0.1071797237941159 0.01744157208751734 0.03165321215975847 -0.14283353390241105 -0.11179882455102522 -0.09145708342421371 -0.05306788072853436 -0.07301109538371231 -0.06104286103053746
0 27 -0.17480864564469342 0.1607483837877568 0.06868865601914037 -0.0842028121109473 -0.11149215561094648 0.05779495874244472 0.15621356463066233 0.022091163366865937 -0.01634434367210608 0.1607898297010426
0 28 0.0040324567309478945 0.12835807062174637 0.03380247508110674 0.04711394295942001 -0.003701863720990859 0.13918936814115165 0.03688806968241837 0.029460531959451728 -0.14212695950211704 0.19175564535216627
0 29 -0.02494227666155766 -0.03723168645818459 0.05050578690708924 0.06633601165633804 0.0762949646818804 -0.0711164481589765 0.06539363450481488 0.05865585275560369 -0.03867719325174734 0.10858512136831609
0 30 0.05002330046539802 -0.2316166630926789 -0.1832301478003513 0.09158754695496735 0.09596633754586771 -0.1987488672828164 -0.12166119628417167 -0.08185164995573846 0.04194400510757419 -0.16807782945865885
0 31 -0.029862369895532516 0.034751551655772074 -0.04960603760868679 -0.016555387654327604 -0.1616668287410672 0.0014584734203290622 -0.021622942175989267 -0.007503258273783193 -0.1180326350510179 0.048670188083274585 -0.4032533819999786
1 0 1.1266233325927462
1 1 -1.6681704416445813
1 2 -1.3338074728395968
1 3 -0.14964133842602031
1 4 1.7459710660415617
1 5 -2.259456416454577
1 6 -1.9283137050631545
1 7 0.1658165101032927
1 8 1.1076628402460489
1 9 -2.037102377225738
