## RankNet
## Epochs = 100
## No. of features = 31
## No. of hidden layers = 1
## Layer 1: 10 neurons
1 2 3 4 5 6 7 8 9 10 11 12 13 14 15 16 17 18 19 20 21 22 23 24 25 26 27 28 29 30 31
1
10
0 0 0.0066483490262060525 0.3559531755276114 0.009109739847816824 0.16912709420752436 -0.026440934728007983 0.09868496089874361 -0.0707484662853808 -0.23120765910559385 0.47886886946860896 -0.06560158984227286
0 1 -0.08831249747646872 -0.20625077260552765 0.04847413066396627 -0.03460084240537204 0.061171890068362635 0.08695142351421076 -0.05377638624449206 -1.3490373090944692E-4 -0.35067612261002507 0.11855786930628524
0 2 0.052926264566595604 0.4682461767247577 0.13513086030133115 0.08777180836758862 -0.09344948238887842 0.06384315122593334 -0.1772737556027712 -0.32908889468949065 0.794690589046621 -0.23325003251472728
0 3 0.28473696642439417 1.1424939437440946 0.29353010586999995 0.45905664549296366 -0.37141460715478075 0.08875917198448437 -0.38744201325234395 -0.6332792901222281 1.7482906531954514 -0.49458588737188
0 4 0.11842315379627573 0.381972183725324 0.19320421994610515 0.07934972642840946 -0.12802926288570157 -0.03486379647447191 -0.04211146675709973 -0.33735955188502487 0.7141748641682257 -0.2370873448098122
0 5 -0.016312343261018606 0.0036445731851942275 0.08107163648254775 0.08978705936773587 -0.08774811544561317 0.046766956603414296 -0.05358053467940288 -0.11648311447932966 0.1828464327152555 0.03362534988722128
0 6 -0.060441625906795214 0.07747785573890414 -0.02549813436833149 0.03309068644121202 0.04930059853532321 -0.07367721746067661 -0.08859297723427834 -0.11157424725493971 0.16620578692880125 -0.1358337948953762
0 7 0.05519877470595304 0.2673516952444099 0.027939146359268464 0.1520569526495933 -0.00959291569068716 -0.09240187297658402 -0.055519452620514956 -0.07490773933203881 0.41781840694081845 -0.06641818964067163
0 8 0.12457743257917693 0.33336886424433576 0.16507505879112244 0.07760808951879954 -0.06143948961963403 -0.06279002687541232 -0.022627258678208605 -0.25547659197930334 0.5187785549402503 -0.11025868022683977
0 9 0.11187625420958955 0.03306930597034863 0.10833096842995604 -0.03933603963099998 -0.05417230210935332 -0.03490704119277258 -0.01349391653205354 -0.11515627693705978 0.17603518052787337 -0.08943293994599034
0 10 0.06934074829126266 0.2922670049134166 0.03191607150213447 0.023613713138870673 -0.05182319640992591 -0.03355003947763461 -0.14286802408823654 -0.10161888560809627 0.31243507948022237 -0.10195975533096056
0 11 0.0014611846507179848 0.0991250717842316 0.09939379093292483 0.09739241442151104 -0.04985579688319366 0.02629745037453249 0.04697285587628513 -0.15533076947402735 0.12881316477115193 -0.020530002300423858
0 12 -0.07437979817467372 -0.013359737552838102 0.0807523278243967 -0.06564113373315847 -0.0607197348920902 0.08657963502999999 0.020643318155645293 0.03365857574580114 -0.15438944775383853 -0.039355143161617354
0 13 -0.01943610684266988 0.18534911198732504 0.02095816464256428 0.18451949360683806 -0.0903051214595887 0.06450207147910816 -0.022905653569247834 -0.046522363777592085 0.45111751966134234 -0.08309783896128077
0 14 -0.10421227141997494 -1.2508710372373266 -0.2831887621692312 -0.3670048875727694 0.29232848782987364 -0.03148607789461388 0.29850862343431966 0.5805677073648919 -2.0022688500317773 0.3644003188722075
0 15 -0.004450919014916245 -0.2940080378618628 -0.07318590435199081 -0.13490566917049707 0.03543334723068793 -0.017703978185521572 0.10580698866679031 0.16475131649732616 -0.4522327587146169 0.11997092631172546
0 16 -0.07158190369032384 -0.024043017274825225 0.02213586397146309 0.050335253529275405 0.06349393577952489 -0.09771408318036214 0.023291368198412314 0.010523854729041503 -0.14067660482264713 -0.05178229618424672
0 17 -0.08392623645499765 0.10774871344230993 0.09724134114523744 -0.02674146238798443 0.013283369107394274 -0.02755421808861675 -0.06456384019350327 -0.07572360392822992 0.17163244672826877 -0.12648003024804844
0 18 0.07901668181277059 0.1891824310488934 0.04647518319807471 0.0627581302173259 0.010176476778717742 -0.09124041079671641 -0.06406389082439254 -0.18319388614301793 0.4653409982604836 -0.02116809465939271
0 19 -0.04203473922445291 0.009960900048294741 -0.04905847175912076 0.02040131798425443 -0.0017557208055005763 -0.0412647298345614 -0.06708971668235995 -0.04306886851328064 0.00222503307607308 -0.07267001976238047
0 20 0.016231322308834773 0.4634548607879754 0.10305147615819459 0.20708524865111277 -0.09473720115758678 -0.0492369259548412 -0.09863880729118105 -0.138063201960454 0.6172482894108807 -0.20215734706350502
0 21 -0.05516937927551918 0.12645004325444584 0.07095048859663514 0.1160936480203224 -0.13107294801210043 -0.010325400755981033 0.010499891762732166 -0.1036804519695255 0.28944572842645855 0.004318164664054937
0 22 0.08897658734777554 0.3642241829475435 0.10916500464281813 0.19386170234452604 -0.16171760922386078 -0.07441848221516317 -0.03957154681972696 -0.21520691623522104 0.5339445266928937 -0.19314554976150713
0 23 0.06303164058724871 0.10423191775828458 -0.03041715216057264 0.13088534127699275 -0.05516457241748286 -0.07440517419806413 0.017099183349401945 -0.050995404219925745 0.27194778357330174 -0.14316999111868572
0 24 -0.03404932711680441 -0.10650847633238825 0.023012086070156205 -0.06147880902768103 0.013326227419960408 0.08542513192265723 0.11857662393464567 0.12274444159388004 -0.09952764694509308 0.11321415050224864
0 25 0.05722399111589763 -0.14649397260581343 -6.974926488755055E-4 -0.08046421402626111 0.1136438158902603 0.003578959468075054 0.09941045531249672 0.06202698405385648 -0.29253305823092485 0.1351524878730308
0 26 0.05791371080210228 -0.07675467859578436 0.02091400366017174 0.0021264901774244805 0.06359098019229806 0.07928130355959645 -0.11194418502286191 -0.021160280963820253 -0.19844875819207325 -0.12205806252727962
0 27 0.05249816705548561 -0.024615030580072195 -0.03061309670016902 -0.08474217634271863 0.11017313361301943 -0.08075766161067896 0.004738047672890258 0.016494796151817058 -0.1255900593368678 -0.04038771878471296
0 28 -0.01939907593403754 -0.055630968641230204 -0.014497545252643908 -0.024338862463307055 -0.06371027989993502 -0.045511359694566336 0.10385112586061152 -0.0025364979137018104 -0.18323554510237935 -0.06261764955922976
0 29 -0.0025760125467933 -0.0749852167169616 -0.05950760692694747 -0.0029063621711783736 -0.02345138998204514 -0.012837579419130288 0.03992435026835407 0.015331909645868518 0.03123467415115968 0.07424762968196327
0 30 -0.028757962679245932 0.008062653218346358 -0.03233265452548963 -0.02731302051889372 0.03518723968363101 -0.09160243918303615 0.07231256061321802 -0.05914896313943996 -0.2431490462950702 0.011734570733179416
0 31 0.04949984277061415 -0.28585674005592415 -0.09528652422204698 -0.018115998628724324 0.07458136413144155 -0.07894843846883096 0.13333136836683215 0.027481356328014996 -0.5054826180321313 0.06576786992873349 -0.6068667975424983
1 0 0.1721699619908808
1 1 1.8914502558095374
1 2 0.3724005981902333
1 3 0.5857277379212066
1 4 -0.7275535175168811
1 5 -0.13229001664746898
1 6 -0.734158509843918
1 7 -1.264987740718259
1 8 2.991576569565241
1 9 -0.966300075996698
