## LambdaRank
## Epochs = 100
## No. of features = 31
## No. of hidden layers = 1
## Layer 1: 10 neurons
1 2 3 4 5 6 7 8 9 10 11 12 13 14 15 16 17 18 19 20 21 22 23 24 25 26 27 28 29 30 31
1
10
0 0 0.08840397284648437 -0.060955275017163496 -0.09458012299212068 -0.05674400036355228 -0.07696671706102029 -0.02218640297137342 -0.08323671534085822 -0.08413671544449891 0.02589474552458062 0.03037040277283818
0 1 0.09720091221634908 0.022998678504703586 0.01605239060266076 -0.030588682309356702 -0.032773769907422985 -0.09890777910151596 0.0369875642898186 0.0352307317917937 -0.08402126062631562 -0.027869477857214716
0 2 0.08898711747515423 0.04889685753581951 -0.021742705276246218 0.01686581856520792 0.01990132450885062 -0.013239751159032071 0.04896475245287152 -0.0941622530231844 -0.07510038336436876 0.028050103744706175
0 3 -0.03425173457330996 -0.05803335718705634 0.02561033849482901 0.004421177331710028 -0.044322105477600904 -0.0663141397863877 0.020661357039348304 -0.02550157596797469 -0.09763394606108018 -0.03134701078944053
0 4 0.04663211883145023 0.05424318977268774 0.005875811551054686 -0.007992106011403289 0.07209545339976711 -0.05137319797390808 -0.001032636572704972 0.0757538004339938 -0.021485738504567697 0.09387178116235306
0 5 0.023481757127354754 -0.029542809705751055 -0.07294689373424981 0.09565712236070556 0.012221621681457294 0.08280869602627185 -0.029224726724875257 -0.049248485945926124 -0.04034999498686452 0.08178773857463058
0 6 -0.041827692771652436 0.07217326100343602 -0.038895930661050106 0.0031731670348649843 0.025858830067173173 0.07658714823042406 0.09123701548664091 -0.07996585141476037 -0.055024141620257504 0.00750125850432741
0 7 1.7328531556556033E-4 -0.058574099944282955 -0.04874486566456184 0.0020744986068629793 -0.009666007317028198 0.04119038773337925 -0.0173462586302504 -0.05142436367948677 0.009472819445508871 -0.0082990807521687
0 8 -0.098303453004737 -0.020584539461846945 0.06455188458419318 0.04844388625417533 -0.09868804031458933 -0.09729121359250392 -0.0862111739774792 0.04435597613656491 -0.057420244766794956 0.09487041222232975
0 9 -0.00905212129588859 0.0770719385787771 0.054489263021496724 0.031019780260517483 -0.04322639242165627 0.014621817021588176 0.02353735880151253 -0.039592952700537754 -0.04911386775934217 -0.044776429615933123
0 10 0.06972450008412374 -0.05121532997823328 0.020136048830186704 0.09658611533590686 -0.055195225056661516 -0.09435813180776019 0.06580525578536711 -0.07187308158306055 -0.0899348657050957 -0.028193027056568773
0 11 -0.059092955017035 0.07181081649615355 -0.05997101343869102 -0.016627592509785665 0.049161521878312624 -0.06321814784578499 -0.029104013802775507 -0.09377003121899437 -0.042518416681217336 -0.07395600586330692
0 12 0.07645551955556602 -0.048543487215519564 0.026577072656955886 -0.047164236223962375 0.06946670208660041 0.08081476253472818 -0.039410620002158774 0.009876873151021266 0.026283673177318667 -0.03881997319581019
0 13 0.0947896410039494 -0.03444144071809668 -0.09199913269332011 -0.05311619525537175 -0.030447606511173328 -0.07699546826345786 0.038643293063449 -0.023294920060585818 -0.08699333514783315 0.08174398747445596
0 14 9.444835485858083E-4 0.09550207127272424 0.008961377333509019 -0.026376982492875053 0.07406334741900224 0.09681015542985738 0.03659570748769844 0.07213628918429822 0.0361168810850428 -0.05408769357280603
0 15 -0.07410084498232539 -0.045075550786780584 0.0015400569998936504 0.027543827806651495 -0.015088607297488838 -0.04958048361263278 -0.08077561632910854 -0.04627860574067674 0.069102358344914 -0.05736281286231677
0 16 0.09822769849546194 -0.09904572812139159 0.0583597652043892 0.06646836601709909 0.010205124351992757 0.08527133378713121 -0.03016508729456412 0.06389234199917218 0.08788565401938193 0.07905995961648296
0 17 -0.013323341752592215 -0.03167106417328197 0.04366279363638404 -0.07773127101621358 -0.03940487343845172 0.07965276346763123 -0.02919681601695461 0.05093274475247084 0.05702707424702999 -0.07252162239597515
0 18 -0.08773531473813624 0.09934189961173402 0.011251887160551371 -0.027462769754336824 -0.016876951918866925 -0.058457658897982 -0.08064174221716272 0.04329383917691703 0.08744819721615779 0.056712633829255406
0 19 -0.04944658531967444 9.20180923247672E-4 -0.06792288369216835 0.04686308396979267 0.03992199192685354 -0.04431597285141902 -0.023622644998462443 0.08243162456625819 -0.04932793666141569 -0.012231310531062207
0 20 0.0964990919136403 -0.0034878907019202966 0.008672973994738294 0.03695621603357425 0.021317716778611908 0.028988067358368 0.04083691664148187 -0.07641079296423225 -0.0023010386625600446 0.02870075556281762
0 21 -0.09064898646790784 0.0654020974965663 0.05743351407829176 0.05613975324820908 0.09261450779478089 0.006213160143477629 0.028932494716429627 0.09226079292811876 0.0763656185548855 0.02322373591048538
0 22 0.0863145479561314 -0.02636206289197149 0.02173468585297047 0.014294696604118735 0.06204250981857529 -0.056405566131860284 -0.05061211805430306 0.023940851909484747 -0.015542183557970435 -0.054455141729146464
0 23 0.08223399620484315 -0.049095425179239406 -0.0773230845417752 0.06682867357120599 -0.08450839448390947 -0.06335970599524535 -0.0032255735968824755 -0.07570949129082835 -0.02605151741748315 -0.011713450862738315
0 24 0.05869520183436587 -0.046587980505376415 0.07058111926552091 -0.08463528615268387 -0.062806448256253 -0.02756997487196798 -0.057772272591314996 0.027928069840606164 0.04260056142307677 0.04482298822520671
0 25 0.08424728861191545 0.0818834515725948 -0.09011230008403916 -0.060687268701530676 0.029800613145132493 -0.07463186709777257 0.06333099740776965 -0.021426288012670432 -0.07751131398789148 0.006190153490282605
0 26 0.05219541628627991 -0.023074046538119574 -0.04384217592147789 0.08271545722522142 0.002253664710014311 0.07207374930101315 -0.045913897398243454 -0.051422265927090816 0.005594318595324526 -0.08579228117878406
0 27 -0.06786698082120117 -0.07027756100739697 -0.07017883307661292 -0.024475377928139048 0.012467651551104672 -0.051573150228562084 -0.025775671829716715 -0.09487517753166538 -0.0669234877590162 0.07065988825710331
0 28 -0.06364462752337156 0.06236249615488915 -0.025337741473406807 -0.095427849716164 -0.06915661300714503 0.08755503192097847 0.016224864136732416 0.0640245119404538 0.0945142244169976 0.05139724874698747
0 29 -0.0775141315980842 0.05122133895726508 -0.008429858898124181 -0.0855351685557034 -0.0517912993975917 -0.03401485306166271 -0.06909595994004317 -0.08071715043918046 0.06542507366098786 0.064550545930351
0 30 0.09646534470432493 0.05941022459221439 0.06407104282628444 0.08893820741391442 0.06069062987199631 0.04308239735138357 0.06536381236662987 -0.0534600878576084 -0.059434462447036124 -0.04201155294750725
0 31 0.02551787337904567 -0.09394010094387155 0.08967777373359305 0.02579467631548283 0.013092453089994837 0.0991506435202533 0.03180226253733262 0.09406155112050293 0.08492187570443673 -0.06836845692665386 0.07862682640553084
1 0 0.046566367149351855
1 1 -0.036275487393140085
1 2 -0.02547438070178047
1 3 0.011323040351271609
1 4 0.09700386971235206
1 5 -0.032341748476028144
1 6 -0.020511191338300934
1 7 -0.012507808394730187
1 8 0.05386696383357195
1 9 0.09759919345378594
