## RankNet
## Epochs = 100
## No. of features = 31
## No. of hidden layers = 1
## Layer 1: 10 neurons
1 2 3 4 5 6 7 8 9 10 11 12 13 14 15 16 17 18 19 20 21 22 23 24 25 26 27 28 29 30 31
1
10
0 0 -0.046713324474805584 0.18612503068277875 0.12051526498309252 -0.3712785997459271 0.011055835440354222 -0.33026763262868486 -0.039558781118709564 0.32335222972157934 0.10333205363078161 0.10530203425726485
0 1 0.059191204489898966 -0.013970577384165312 0.01968939320098128 0.15486092080238453 -0.003515680401926163 0.0071959626823860975 -0.03773491036480289 -0.20211499238074185 -0.06536214264972737 0.030099321049477167
0 2 0.11192640038650657 0.4264668930940585 0.35454708318018496 -0.5725944978672314 -0.0011491735396922196 -0.5879130526996917 -0.2673471709980755 0.4298783397332729 0.17006249617504682 0.21113911928899048
0 3 0.21410018074111792 0.8397993952134724 0.704765439293176 -1.560726761233018 0.02911240241154592 -1.2310472707451527 -0.5269590611591781 1.0733353944894393 0.6461867013345293 0.29651352816423016
0 4 -0.02435493401930766 0.2440630295487041 0.34649521117000803 -0.5741391587809264 0.029770374999109533 -0.5389940075287648 -0.16819873001060096 0.5036529858808242 0.14589784679299297 0.10058694791907581
0 5 -0.04523614331806714 -0.015135134058576246 0.06672717106820913 -0.1394271770239811 -0.014213730833882674 -0.211635604933706 -0.06372685948658441 0.05588381863214421 0.13311207115512985 0.02683779551767014
0 6 -0.03280619181582137 0.030340673414402258 0.02406210969718872 -0.17909472862872053 0.02476888402966751 -0.11468714335079115 0.024599510977990194 0.07576042227454934 -0.026424755628550407 0.04697681851579538
0 7 0.05326978069430971 0.23094354358342475 0.18182677019224194 -0.25901256192628924 0.080645001426814 -0.25721014844202755 -0.18572678362236125 0.23978962197369288 0.059553418504301105 0.05959592288138227
0 8 0.08761911453833365 0.2755857236379779 0.15500694341655638 -0.48336905681657355 -0.05085000495308871 -0.3889454167190136 -0.1497958659970668 0.24759052158753583 0.23837711271271214 0.13293692261207316
0 9 -0.051531117276932235 0.17858035191838836 0.13369066337538926 -0.11597332403142176 -0.0969937103944736 -0.2482054510224855 -0.02134911180983097 0.2205899657771708 0.08526662835539603 0.08589436204620128
0 10 0.11905217449229008 0.16488607011972328 0.18097652254531021 -0.2916369817462379 -0.08826865313562776 -0.14172353112733788 -0.02787184068526882 0.23504820771106832 0.061959130659746155 -0.011874599458142772
0 11 -0.0020031310751143167 0.09198663808189111 0.11856843617360142 -0.3268952649575316 -0.07430751790327336 -0.2161227549812824 0.02458139098154906 0.16317798323156976 0.08588630343161807 0.12800868813916522
0 12 -0.019163885215848955 -0.06847955168897053 -0.045497565831576846 0.012279610405017872 0.0027981560597695886 0.05860141713085906 -0.0741973770575915 -0.06918183343886847 0.0038227866354515433 0.06777357993206932
0 13 0.06270421356819311 0.1212986325925187 0.19128824513827977 -0.31263456795749833 0.059526240241913504 -0.34461666294676074 -0.10557617078599243 0.25380686871495256 0.2097436059596267 0.09787056844827952
0 14 -0.21617219348218758 -0.8614802467994643 -0.6183729354066733 1.3213182808940465 0.1408283642531282 1.000757481989245 0.5112686516865312 -1.1347615541323042 -0.6485043320100761 -0.3809869383105645
0 15 -0.11954884881288134 -0.18192332308161233 -0.18937655137230955 0.2865097636912351 0.0020981693157498663 0.26426138609661703 0.08018260266580392 -0.36009915809920745 -0.0325046348236041 -0.028497360543262427
0 16 0.08211999674534023 -0.09540883328500548 -0.00411056820246467 0.03456112725489298 -0.08962252682501821 0.13091957710377616 0.035363343537390415 -0.14003319158154226 -0.12110525878455587 0.07436525504345433
0 17 -0.05992225175725459 0.017146878643753315 -0.022213542586135466 -0.09446273904446345 0.06704604345438582 -0.1807841261712018 -0.08401126147421951 0.1342395033854562 0.11482448448528872 0.0033524645213041998
0 18 0.11053441282731731 0.23721138616959309 0.06487512042375021 -0.368455611898812 0.02228250179451403 -0.23330499852159112 -0.1043502968035677 0.3149041214935115 0.06376487361691294 0.14334899877589524
0 19 -0.04811043110273115 -0.1442137019938359 -0.13846100505744666 0.12034948429842775 0.06859480140580514 0.12482331983216148 0.05513062607333189 -0.16067844765687936 0.032519763572789 -0.08934361251860144
0 20 0.02889728746807 0.2741232552703108 0.3104588224938883 -0.5382179540423854 -0.07276960788205579 -0.33838136482882447 -0.26461994693830443 0.3758784343668171 0.28642279191996 0.21225779250327262
0 21 0.013087306110521349 0.058235885364667665 0.13149741932572015 -0.2221447328980588 0.03283494537049466 -0.2851114329042538 -0.11021213510316125 0.2818155273284256 0.05276300800763146 0.08361565360452326
0 22 0.07050711542636129 0.2402168025538122 0.2882069033147907 -0.5412203056333682 -0.07506561245186785 -0.4761829477131307 -0.25996450532747406 0.43935998801479653 0.2505588476126732 0.07858537573040264
0 23 0.06100042153167706 0.14238699281000794 0.029394676162777505 -0.11270651055671228 0.07577412391956474 -0.042294070682518704 -0.09800379197734724 0.07217866772148866 0.05585610093269016 -0.012144295341679864
0 24 -0.0780823314427968 -0.09023667746703949 -0.08054160540798055 0.1449678811386172 0.027153581284227842 0.021766176290027632 0.03736892271380037 -0.1734313061660445 -0.09457994740654434 -0.049597966087694664
0 25 0.025125792059877316 -0.041764600493778795 0.05129451028368376 0.1340904671512765 0.09024620423690115 0.06809949913196606 0.0038035173886251526 -0.04876043600184881 -0.016060625667097032 -0.1043333730257876
0 26 0.04684800348528195 -0.026364583333295777 0.019146084448690728 -0.1183598518104871 0.017460331903078753 -0.14592326234053293 -0.018238925967776296 -0.1409877622235183 -0.08248639527909188 -0.016260010966665066
0 27 0.06358095124093555 -0.08895162242974197 -0.01467211292085904 0.20318719937957988 -0.06245998095882993 0.09739915270973933 0.06840597536276133 -0.018822437397797206 -0.03330640364675671 -0.09756961967534186
0 28 0.0038150119582531145 -0.059822474592454315 -0.12415590860926497 0.09202143900984139 0.0777303413838128 0.11646481414610861 0.003856920524914911 -0.13990683447745672 -0.05856860251255814 -0.09548455149876711
0 29 0.029548610603465874 -0.0747270832031394 -0.07700247367069935 0.016617021666119343 0.0366151867782695 -0.025911450394706083 0.04936995230803452 -0.06393672317557757 -0.02924253826895011 0.09278968805861837
0 30 0.04939325342097901 -0.024844678904830903 -0.004740415872366285 -0.1970714590504622 0.008445218088724274 -0.038965490392711445 -0.0012305764083844156 -0.12494867277890252 0.07002887368216336 -0.03109460666890867
0 31 0.018009917366599047 -0.22726012651368344 -0.17594961414772037 0.07914423055374596 0.048113427560704324 0.11681191727803227 0.08165973510841615 -0.29400300372824983 -0.18494756078594768 0.012938156105502537 -0.47172350574301436
1 0 0.1669047267124527
1 1 1.3226650009903755
1 2 1.0766929648185157
1 3 -2.5526294151944127
1 4 -0.2657910781710313
1 5 -2.1549999558357857
1 6 -1.0997289180843755
1 7 1.8291728244074235
1 8 0.9236095446624331
1 9 0.47603256023573415
