## RankNet
## Epochs = 100
## No. of features = 31
## No. of hidden layers = 1
## Layer 1: 10 neurons
1 2 3 4 5 6 7 8 9 10 11 12 13 14 15 16 17 18 19 20 21 22 23 24 25 26 27 28 29 30 31
1
10
0 0 0.22127900931153188 0.3758555398916539 -0.10416305870535027 -0.12421198631422653 0.032924954615140424 -0.35193783650673316 0.004448892412159438 -0.24067736482093602 -0.6451760795377038 -0.18417118935952606
0 1 -0.1145372842746938 -0.27937143555112554 0.03487895592505364 0.054683027420677335 0.02818201558582032 0.20057533785792442 0.007401032003549919 0.18038903838269763 0.4094212705110922 0.1412901819543481
0 2 0.3296526830528244 0.6758853386401183 -0.391442691201358 -0.26560166994961315 -0.08452296371664132 -0.520414499869406 -0.1067185922630515 -0.6315022084203998 -1.1118116284509585 -0.39320448100721506
0 3 0.5399958023518217 1.4778197150380594 -0.723516997889496 -0.585786615391437 -0.2649189955210899 -1.2138190801974997 -0.3602098834582707 -1.439950938298769 -2.572005102612171 -1.0712599434878658
0 4 0.21802674515889425 0.5390821772210102 -0.27109900759427014 -0.30346130061677407 -0.028997290158092246 -0.501758285712738 -0.10035006938798617 -0.5161241226704796 -0.9747399089716601 -0.44160268286186166
0 5 9.688897782037558E-4 0.10170126590349055 0.06938520939695078 0.06379862338845495 -0.01573468080619255 0.058782081743739556 -0.04986446694550262 -0.13434288600494398 -0.1055484284116863 0.06492120877541008
0 6 0.08570110814662302 0.1484253620444357 -0.001282507133614579 -0.12615381216059715 -0.0915040738179326 -0.1466874640123913 -0.06685292197524591 -0.1856551928778662 -0.13966118824963733 -0.1668579426426175
0 7 0.11554776262802843 0.28853447816050115 -0.21910803597510153 -0.13688074638631373 -0.019311977584991872 -0.259242298672699 -0.08124728190291944 -0.3855333637144739 -0.5634084536451368 -0.2964604430585108
0 8 0.07494979648566465 0.39581704726363187 -0.20513651180412676 -0.23934845989099698 -0.04966090502741284 -0.3128121792432591 -0.051513753784485916 -0.3043016876084408 -0.6154707926450501 -0.19701150881068794
0 9 0.09951491950076527 0.07839334088318717 -0.12809145853200438 -0.17199587762213214 0.07234001960821405 -0.18199734059334755 0.03802729254192388 -0.07850676701291742 -0.24251696029660294 -0.049457354266883226
0 10 0.07193976135184801 0.22035707518520484 -0.1803452277557714 -0.18116819789539992 -0.09504302370622206 -0.2341563140951266 -0.09124416860953352 -0.1726127122543345 -0.4556398457359118 -0.14843190669995832
0 11 0.0719324598396405 0.13222251548891015 -0.17702148319594063 -0.16222831269577387 -0.120218091375117 -0.16402516900322398 -0.07912839125790334 -0.27073200555160787 -0.46636824017997475 -0.07344598430775841
0 12 0.09342991888110794 -0.1138512464618706 0.09735614537442136 0.029013038201876642 -0.06698949737102068 0.05823580216215276 0.02832238447415351 0.08789589902380883 -0.06257816869679042 0.07471879896302162
0 13 0.0707111050877609 0.2565534873378407 -0.15054083827297576 -0.1956030513667658 0.025532988292950108 -0.2793702407399566 -0.14448932277826898 -0.19217315589434025 -0.5057012127953999 -0.1452228840111773
0 14 -0.537977395221291 -1.5055094442981263 0.6387481388099223 0.4242661939659035 0.2551540876956792 1.0325692021713757 0.3044135937219052 1.0518293652292026 1.965354709847891 0.8259362298231993
0 15 -0.06959655532882936 -0.2626455286817578 0.14141726169312216 0.15796610122799548 -0.07110319182450377 0.06917870404461153 -0.014518738860198218 0.08206978266844148 0.20668501003512757 0.11329243791654663
0 16 0.027477618634409583 -0.07070314717019295 0.12235316492173559 -0.050202343451088836 -0.042718653860378236 0.13437866416860034 -0.08176880065161238 0.010328638401362824 0.1428254475476733 0.019942564390850553
0 17 0.0014694273359970667 0.08341677269718685 -0.061916872726369136 -0.13746502149282588 -0.04379675815700049 -0.11599048783891029 -0.003852099490210402 -0.0645336277824911 -0.26585454962996735 0.012947262847053678
0 18 0.20037655636197463 0.22792367489418383 -0.11874203986941093 -0.20095127979184807 -0.08497223312728266 -0.18309952095470183 -0.07584625397168866 -0.3491243736599892 -0.5808493965680863 -0.2749865266121218
0 19 0.03527055007596526 -0.1827761004979264 -0.035984694745413624 0.11780029328112436 0.05367301513110786 0.14850948859992738 0.012330288620348366 0.011446155350977654 0.12239080766067628 0.006946974236079557
0 20 0.21167675324035393 0.5196517470049664 -0.28745972901763456 -0.22249322732749902 -0.09337361515627475 -0.31204856961451055 -0.1898377128756898 -0.44897063951150423 -0.8095227913995063 -0.35254257257940746
0 21 0.025767042054539807 0.16277197874465552 -0.15621819025681913 -0.20679208050817416 -0.11335122070368812 -0.20436094936080892 0.020243298157489622 -0.25857114037485135 -0.3492393507840352 -0.15243811753908218
0 22 0.11768144994980066 0.38832432313939824 -0.15176788888929327 -0.1534058201177599 -0.0402484888224038 -0.44781316641657914 -0.14800732177415324 -0.4916206056365843 -0.8788149983185922 -0.3611708136836232
0 23 0.026959271837481442 0.23670705462695993 -0.006257493061538303 0.005479586415109177 -0.009940534137922417 -0.08123973494110479 -0.10350649703413264 -0.07493155296576033 -0.22905435086235745 -0.09182825840737976
0 24 0.004928723082044901 -0.09895925510643167 -0.00605394844254152 0.14456821647095394 0.1073881299184338 0.09187380295817753 -0.006403975024564014 0.15543275687498764 0.24807543676786273 0.061325727994129206
0 25 -0.07010409777737815 -0.14194478818780693 0.034355991390580806 -0.049069908655850036 -0.08223546594184807 0.0020684849880493786 -0.029155039205315814 -0.021732660751119487 -0.05369064474251045 -0.021274917409192875
0 26 0.10230589902019077 -0.013115359875683312 0.001185533588050297 -0.125303097489402 0.005566071123245404 -0.17540583455455686 -0.02700987437296409 -0.1005689735344334 -0.3953147505614482 -0.20212520150900043
0 27 0.003799148683647394 -0.21919153599210997 0.025301922019204025 0.03896988626479523 -6.954707482510775E-4 0.13553551143743758 0.041415399039966966 0.10998063432286488 0.16133429275069322 0.09528054630359978
0 28 -0.010926673767406714 -0.09852843478120796 -0.02915682565019392 0.13818971408868336 0.03822218602675892 0.10397486843976184 0.04771859840644811 0.07402985077521716 0.20571538539444184 0.16711539500815314
0 29 -0.10339305268918461 0.0013687065384464627 0.08471211538819982 0.024831702934325014 -0.07857021916266384 0.08373905027545474 -0.05904086328655131 -0.063508783758241 5.36096276252566E-4 -0.051538378351213096
0 30 -0.040779765991396016 -0.032973428076886385 -0.07338971255397342 -0.12609713119752863 -0.08688812015485772 -0.26207542127353206 0.012403488776872116 -0.19555380529854036 -0.4539333722353594 -0.07651748544716963
0 31 0.012652222918952412 -0.23326423139410668 -0.06908964531943171 -0.008104986724273355 -0.03194818398257041 -0.08156902168387227 0.07704456097067362 -0.10689635295388511 -0.03512379077709412 0.04754423337569993 -0.32123393586150123
1 0 0.8985804431176452
1 1 2.4416673900358554
1 2 -1.2640912621206761
1 3 -1.0781834532926446
1 4 -0.4753277078049623
1 5 -1.9576990536570442
1 6 -0.6386209343377782
1 7 -2.1192858058347226
1 8 -3.435720915030774
1 9 -1.7012339137596248
