## RankNet
## Epochs = 100
## No. of features = 31
## No. of hidden layers = 1
## Layer 1: 10 neurons
1 2 3 4 5 6 7 8 9 10 11 12 13 14 15 16 17 18 19 20 21 22 23 24 25 26 27 28 29 30 31
1
10
0 0 -0.08334474142740284 0.23782658403137338 0.37081960683895737 0.03260490335859555 -0.2592916686242746 0.04658682217338797 -0.2930161557822095 -0.28881588885659437 -0.1715391934046054 -0.06338859685514917
0 1 0.07642183771803525 -0.19779400476695444 -0.20703091966381904 -0.06778601667167262 0.17851899853929445 3.705896262239104E-4 0.23123305476984796 0.2737305232043359 0.11622531776406779 -0.026436433277232115
0 2 -0.19173828396082385 0.43125380056287393 0.6647298767628942 0.10066276417806226 -0.5385171753676328 0.10810774581830869 -0.6839415821876054 -0.6498305790943012 -0.25076411295189216 -0.11244827488082743
0 3 -0.6071307754688411 1.2251039512880573 1.415823015131471 0.19928364437154308 -1.5388078796990672 0.06589522928264399 -1.770377272510719 -1.6653161000240106 -0.2852301645826769 -0.13463608042995756
0 4 -0.10529785328164053 0.38645725383311935 0.5597120778927386 0.05022324822659235 -0.6028254164393557 0.023997387970730824 -0.5523170026166795 -0.5536494712475029 -0.20809751047313887 -0.13602376721254597
0 5 -0.07611643315530907 0.17230909346070808 0.04445674772535901 0.06902932584397584 -0.11216593730855406 0.037695703035686125 -0.12606577776986275 -0.15051256025503895 -0.08738583940085949 0.026911590830126488
0 6 -0.044268096602978584 0.06166547361237346 0.12280677803924338 -0.02824383022039452 -0.21329685562712689 -0.026633614671711856 -0.21556848347378407 -0.19115754200855062 -0.07286486873263263 0.07664097084875134
0 7 -0.11694391340012199 0.2370796930242572 0.2324026029972936 0.01811539058817737 -0.4225746900439066 0.012555327013703698 -0.2836566751478241 -0.3459067484583659 -0.1258758313313395 -0.11255145456259502
0 8 -0.0894837951101165 0.35286169995428995 0.24982766996848038 0.003022979103370189 -0.34994013590368844 0.10820565783756468 -0.3482831691244131 -0.4890222640461061 -0.021715196384378348 -0.003244931965296003
0 9 -0.06424286795857478 0.19719623068160197 0.2137186708094301 0.043492869268051744 -0.11635331889968362 -0.00789184078790798 -0.1569542368483621 -0.19821349717002892 -0.089591869690313 0.047963490171996546
0 10 -0.1130546253193691 0.09860409176288558 0.15382839678233098 -0.001856803890376442 -0.3068545859022818 0.004712604314977125 -0.2885088617006809 -0.24383076404740361 -0.0461528551423884 -0.09778901638433864
0 11 -0.15427040246903628 0.03411494187419446 0.13106827101226876 -0.022756601546267078 -0.12076767098062467 0.08368920046375047 -0.18573896110579186 -0.2957981041252921 0.020216136720352006 -0.1013339140608712
0 12 -0.043245434620905146 -0.0681995573028073 0.001103757131031673 -0.08067606305621709 -0.04434067733939497 -0.04663458623000683 0.008703277555898021 -0.13788022309024245 -0.018075427345882963 0.017238353739966294
0 13 -0.14669768583205176 0.19007755896186182 0.18868215775064331 0.08803557146822741 -0.23730721203005392 0.10542102021036712 -0.3468951312192408 -0.26284377418193267 -0.13429518710745472 -0.07254010100613029
0 14 0.38643744210199976 -1.1768965620723635 -1.4710479046242388 -0.30076712549555756 1.308281214254286 -0.23265366695466388 1.4994019310768443 1.3587337258203314 0.4001618310599745 0.24450677299731524
0 15 0.13051145898284025 -0.29783828081807695 -0.3628511862107954 -0.11880934367282732 0.14556470546543226 -0.07658775843740284 0.12922586001429287 0.13948698447634547 0.1208904289549181 0.08083218352419491
0 16 -0.0457626021677332 -0.07910944990876535 -0.012698265826579973 0.0411923259510415 0.045805819122647196 -0.013940033079910964 0.13214803085974183 -0.010085962919836032 0.09283641007802138 0.0028776558003402396
0 17 0.05413167336656902 -0.033457232020915564 0.03499269217015019 -0.018465012992420832 -0.17686301408837404 0.01928483450818953 -0.18671917124605178 -0.0483806897806951 -0.04343269862223456 -0.07068620542497794
0 18 -0.1816117632677329 0.34802288140155013 0.37417213502187885 0.10438136832503961 -0.37746955541439425 -0.05486631987775241 -0.4343701406741492 -0.4129128500165282 -0.03883961916065176 -0.02797920225098227
0 19 -0.03379628025983432 -0.0934300356151086 -0.11033818660505228 -0.09845483855353464 0.0017845161091462024 0.017680146724649747 0.11176264709332123 0.15129156003534663 0.0011948137965294675 -0.03856153117751003
0 20 -0.08676432215123715 0.48768307127983984 0.5317584810109801 0.13523454087488043 -0.6157522509231135 0.15134587694284854 -0.6228352631488405 -0.5150238253565735 -0.11751670630852258 0.030519580723040916
0 21 3.997863509622182E-4 0.2177614806294705 0.1637547318451821 -0.022061349175986594 -0.2730614329890843 0.05539638899576082 -0.32880376619275614 -0.2477938038557463 -0.024201563365564307 0.008298251509935363
0 22 -0.12734354424080155 0.35843695156191724 0.4474887867849289 0.1515234779430531 -0.5258385297474952 0.014577747585711107 -0.613688163166558 -0.5069812492798028 -0.12505554445490805 -0.09876711512458033
0 23 -0.13869315275585448 0.15498062984950345 0.06382207926010867 -0.07185951530151109 -0.08478627042817923 0.002361407955518956 -0.12246496655910172 -0.10099532910361775 -0.03740554683530978 -0.030365092432584406
0 24 0.07577202438846087 -0.19250869006978505 -0.0631897491124411 -0.07970386159238542 0.17128891636223934 -0.0421792801258091 0.07452714125846749 0.06346450032405386 0.0840665156016962 0.11364446645834002
0 25 -0.05061221392610115 -0.0037305876294236985 -0.050069345538214745 -0.030784610086564863 0.1298028048211525 -0.014315384042814223 -0.0021685073593245945 0.08841299130304411 -0.05789969874114989 0.0549549373950697
0 26 -0.09263266078948287 -0.09692500884305218 -0.15007988700303873 0.0670826471419277 -0.1831578256794493 0.038564421303076295 -0.29189525597793875 -0.23007659233799868 0.028862770227178924 -0.07291061073683243
0 27 -0.058863603924832766 -0.13322248933748654 -0.16103250519486 -0.03541627364215465 -0.0125813920828533 0.019599729795903773 0.1525390143853102 0.14064434483119276 -0.07366004346005779 -0.07511890649739189
0 28 -0.03068687910657684 -0.13130525328419604 -0.22808725354381415 0.07394835008376618 0.1972984492036003 0.03483292509088556 0.154105384027385 0.09339513863334672 0.040846237815817886 0.01923375066397347
0 29 0.05213980029151678 -0.07030974267340342 0.07941150615686782 -0.07006690749413673 -0.007298705532878461 0.07992973548235274 0.012688409117318326 -0.07142597679303375 0.01126613122854417 0.04730713366845211
0 30 0.041467759144951946 -0.1146791573234133 -0.1275109634325837 0.07650109734690251 -0.2700741662412879 -0.07757718934787222 -0.1442650461066538 -0.16968482666926518 0.012315809208533438 0.07607434135682437
0 31 0.0061264416382431465 -0.297586560029113 -0.27905906596327196 -0.10228283257280119 0.05761671305618258 0.060454544910029086 -0.04040828070201601 0.002885460823324096 -0.03372875860562562 -0.0014455008717691015 -0.5260280611385372
1 0 -0.9576398597351582
1 1 1.923778711973185
1 2 2.306636533687656
1 3 0.31220038874574796
1 4 -2.4536405793871823
1 5 0.1481942573645069
1 6 -2.6840122740015264
1 7 -2.5411335391109433
1 8 -0.7958050099561494
1 9 -0.4788870502363859
