## LambdaRank
## Epochs = 100
## No. of features = 31
## No. of hidden layers = 1
## Layer 1: 10 neurons
1 2 3 4 5 6 7 8 9 10 11 12 13 14 15 16 17 18 19 20 21 22 23 24 25 26 27 28 29 30 31
1
10
0 0 0.08034316104312135 0.06546605978974551 0.02238761277289362 -0.0940326744509669 -0.09030925412603445 -0.03449448431865685 -0.018684239908095666 -0.059449885746911235 -0.028913184390128764 -0.042789160048852234
0 1 0.07322253487531916 0.09325608768320344 -0.017771630903112207 -0.004840893683728136 -0.0026238059766814127 0.015052342907675674 0.07487585484640207 0.08586163507676829 -0.0037773412147352817 0.041407955468818425
0 2 0.03575565750476626 0.03613078353390134 -0.02800776217870342 -0.0410560502464637 0.053112727564074376 -0.039314076122629125 -0.01479875083994991 -0.0036080798417833715 0.05584572347144986 0.0067652459948364125
0 3 0.013855423489534379 -0.007601159323624508 -0.04889031427376964 -0.06918056031044313 0.09615407643256069 0.07924792558506798 0.09851327173092743 -0.02580764919756862 0.03673873370269676 0.06932473655414438
0 4 0.08416400579546092 -0.014562208513201358 0.05830384285716495 -0.06686914530851186 -0.08576781759864557 -0.05623960793425577 0.03530236253404593 -0.08570829532038438 -0.04774684198708716 0.004017477944502167
0 5 -0.09785619115794018 0.0282524310181382 0.07943694092628267 -0.01042160284316793 -0.015695214162583997 0.03513428027781406 0.05276423632818533 -0.07659023578024524 -0.012565997033755629 0.07342064478026619
0 6 0.010872153245608 0.011416160163203319 -0.03591784276803808 -0.0057265494099251755 0.03095082141544878 0.06603238738446894 -0.005171336766757438 0.006896839792705988 0.07194248959501078 0.04704775325875156
0 7 0.07031487726003664 -0.06398740088804414 0.09469324107614788 0.03682613095300016 -0.0402006767532949 -0.002964585923815583 -0.06379164025427289 0.06484574900054599 -0.08101695608823013 0.03480857553571803
0 8 0.027311631301573495 0.08135737733420907 0.04324237860906788 -0.003210803635885219 0.02371463431518392 0.08131128055224286 -0.048738451139578025 -0.04607637222394527 0.08322428117402193 -0.015888678641008888
0 9 -0.057412615310289794 0.05352973701355063 0.07597971755879283 0.004796778000259401 -0.0394900995445795 0.018236068554279023 0.0071346185173407186 -0.03614324510627879 -0.09609561151203454 -0.022818700572159043
0 10 0.07733315177253404 -0.09521914751902276 0.00986709138071901 0.004844209343843924 -0.0045079186013921736 -0.019053452275610866 0.05670284120503303 -0.07185937898970247 -0.052632762181128626 0.010519994348104963
0 11 0.07664227542169177 -0.012238681238786742 -0.02270269482213213 -0.08148198815203903 0.0850856895720915 -0.06395185085548585 0.04151641691002342 0.012355317887804368 -0.0038467307943784094 0.05582087963006393
0 12 0.024884789434411175 -0.03320857274738431 0.003957279222940366 -0.03567025808708651 -0.0023349276127615274 0.03088094205515209 -0.08351474524026671 0.03092595955458706 0.06572109065046781 0.08422584185813833
0 13 -0.046645709858123656 0.06985043323051272 0.04237421841933517 0.011885749458111517 0.012684925919352698 -0.004528981754637901 -0.0014863484655407396 -0.09407646225492665 -0.058813291773419075 -0.03836405921383864
0 14 -0.0724475420029963 0.095488704699985 -0.09263195083277727 0.057626697772813595 -0.09292845768547192 0.0731796818984707 0.05849677319918623 -0.007726319782390487 -0.00442904055620635 -4.607936263570101E-5
0 15 0.0034488237420109355 -0.033406994644871665 -0.08479655562642477 0.07398101773949242 -0.06928081214496803 0.024799478738537144 -0.038809744828418244 0.009791482783392135 0.03000220092195849 0.07082687215934291
0 16 0.06874695401557285 -0.03144688279887237 0.06480095612959447 -0.024871761748658575 -0.012172809906577023 -0.09077287933070975 -0.04186379195491117 -0.029381637198132 -0.06442866164462711 0.04103943536494878
0 17 0.09032573106977342 0.030224093958856568 -9.59095040645651E-4 -0.08300456035861246 -0.05352584228592827 0.03455222030092514 -0.07587392533951666 -0.08420186263342197 0.05016653844044632 -0.03158674008002827
0 18 0.0014528384919411704 -0.043639863846417416 0.017642877819590275 -0.09957548398158349 -0.006799491457383597 0.038238089499368605 0.07558036279138353 -0.06991384536978365 0.03244706102246437 -0.03915557198790151
0 19 -0.02751477227232034 -0.0029896449126536914 -0.04321541611761241 0.03214323163469014 0.012539542172792484 0.06111301831774351 0.03092683154057264 -0.010593249737733236 -0.03113771168170682 0.027429090616933268
0 20 -0.03588837465542374 0.03379073150632909 0.09371383742287302 0.03163703553820703 -0.036115205923013406 0.061412563434043936 -0.08388261784606363 -0.08984999911883051 -0.04171526389844637 0.08087041055006838
0 21 0.08469722571729528 -0.05664983627015763 -0.08367283967014974 0.04054407709133197 -0.09114546402833966 -0.01767660666666496 -0.006362897337744227 -0.09173219526578878 0.01788963338237538 -0.01984445082531331
0 22 -0.05427643287966429 0.02011144604333793 -0.019222315212071583 0.05187466457631628 -0.09716494938381053 -0.015880489649613076 -0.05490097994763773 0.03517196170829096 0.048738671005771776 -0.09232477556878436
0 23 -0.07429151469108403 0.08103822392837828 0.01910970887311925 0.013612571392294404 0.039834734554549056 -0.0014725347717420164 0.08433382132571422 0.03279540097079971 -0.07883310344348822 -0.037269744438292125
0 24 0.07154372120372035 0.07274544762122499 -0.03593983072232589 -0.07823073506612804 0.03322233954566142 0.005856976517444892 0.09544384870630887 0.008548878445876347 0.030078397393490164 9.361066604100124E-4
0 25 0.056760229967810265 0.004379817800212639 -0.04932037764708841 0.008947865336685661 -0.07635532219249574 -0.04802227487271315 -0.06082124015638835 -0.054149135218356376 -0.03367131641000799 0.09955982736498624
0 26 -0.05352236026830242 -0.08156558142219232 -0.0397655495590961 -0.08481090584424152 -5.739596034839779E-4 -0.08780744506864853 -0.0832492227534583 -0.017075331304556084 -0.07343549645575748 -0.026722636658058158
0 27 -2.8880692737435706E-4 0.0670764781386257 -0.06122193032494677 0.04144253838695681 -0.06357837464111783 0.0400857125399967 0.05772746798720541 0.01788103734826035 0.005764074181888638 -0.09135207536715349
0 28 -0.04116091547121583 0.09450408314336374 0.035696355881839475 -0.04037608407367377 0.01246087586225709 -0.09320490392023356 0.056537503005342944 0.09975776724517307 0.052622989940330385 0.0525772630888342
0 29 -0.06674547913593358 0.039413186481649175 -0.027331774679184278 -0.056702294942388265 -0.010095990043597717 0.0486506324717209 -0.09740989283084586 -0.05236090123783231 -0.04213478315548731 -0.042159666767243406
0 30 0.09025038597107035 -0.03868720758530493 -0.09744635308791587 0.07980475700025927 0.04968495148775205 0.09548194333799269 -0.07453281786186605 -0.03456877384152993 -0.009441280866425504 0.08769127840182901
0 31 0.07042154094022968 -0.06746250344606798 0.0715872595411349 -0.03512562778921141 0.0285092734677538 0.06050912049200269 -0.04679288475760273 0.025022093893858424 -0.02964019340372848 -0.04075598524399194 0.004152971319854271
1 0 0.003220278071239581
1 1 0.048486363142728785
1 2 -0.028746450319886388
1 3 0.04825696349143958
1 4 0.024199753999710163
1 5 -0.06234341114759458
1 6 -0.08877260237932111
1 7 -0.09287945926189457
1 8 -0.0869720354676238
1 9 -0.08955647051334378
