## RankNet
## Epochs = 100
## No. of features = 31
## No. of hidden layers = 1
## Layer 1: 10 neurons
1 2 3 4 5 6 7 8 9 10 11 12 13 14 15 16 17 18 19 20 21 22 23 24 25 26 27 28 29 30 31
1
10
0 0 0.3892092738925347 0.16274232683254014 -0.039117461762125355 -0.4661025971970443 -0.03502762266306737 -0.2681875023138827 -0.07081522236009975 -0.10559358155774409 -0.06034517870020755 0.07332937519093707
0 1 -0.22358267529785933 0.0021298999002263685 0.12266928861161093 0.24422855999749332 -0.027901956948429306 0.20739720690880678 -0.05342754754677599 0.10150202664996726 0.011417747560130139 -0.14315948818035917
0 2 0.6823162271636445 0.10505793204540914 -0.15917185628695263 -1.0637459727125314 0.18172415419021673 -0.5537272110561504 -0.07907041263037058 -0.10929537832870966 -0.04407813742372223 0.27414705660069266
0 3 1.3815732799604485 0.41825856861193067 -0.39221828103161843 -2.3338773112196054 0.12616459111541262 -1.1985719046233443 -0.10618559038673382 -0.32167204584835735 -0.19008701246220666 0.6309239776252674
0 4 0.6034253051318498 0.06283007303293377 -0.22290037302141275 -0.9650425634787847 0.10585778151585898 -0.5418960780378697 -0.017770488279255044 -0.21373750907063838 -0.08163055203721978 0.20326918006341954
0 5 -0.04155804390791392 0.06646556476478785 0.0401127120137369 -0.0383699896050648 4.954777294437237E-5 -0.01993123436925701 -0.06791305669828701 -0.06596885983039347 0.003976112558452204 0.025081171175457325
0 6 0.12133795786529962 0.022323376346997385 -0.06297245759164889 -0.2473977106600178 0.09398411628801646 -0.21159428811938744 -0.0675455035036294 -0.09841994499281706 -0.10729494561655939 0.03456874836007681
0 7 0.3642148614939666 0.13148232911037186 -0.10386274589119349 -0.5335283025456266 -0.00668392989669854 -0.3067088072665003 -0.10507348735593548 0.008799621211763425 -0.034659616705405495 0.22575171542839476
0 8 0.2689804958857613 0.005405806519466927 -0.027440941151678354 -0.5003569839065853 -4.134875187898593E-4 -0.2799449238181844 0.0389909376419652 -0.0958976532804475 -0.011979229932957386 0.1273382098791909
0 9 0.24511997555094425 -0.005625445260292769 -0.12167847311928742 -0.29255648901476455 0.036220196764763894 -0.132006776175271 0.04930417613027728 -0.06686156830687169 -0.011204252984601539 0.0795980514692582
0 10 0.21316248211362973 0.1125305965812503 -0.005880355246493076 -0.501917105712423 0.06377795412030006 -0.2794910553833485 -0.024854836036475047 0.010010835260440526 -0.08675762540617905 0.192422614098656
0 11 0.05097809130126209 0.015112951332465561 -0.0023672745016722414 -0.355614784067857 0.05177968355555898 -0.07472781584127969 0.013132975426510127 -0.12057965191760607 -0.03157040043778969 0.11136100615519721
0 12 -0.05602927595366851 -0.06676525889279898 -0.04184681974268968 -0.08491704989033108 0.07290186209445139 0.0731482653128265 0.027345900455577384 -0.056282806877030564 0.023315872653703502 -0.10713981609885648
0 13 0.3275323792375064 0.07264886659715002 -0.19747002151044157 -0.6225755831629824 0.14143525458698003 -0.2166777464350694 0.049343594553053684 -0.016030062671612024 0.0021242386788183684 0.2401719300090753
0 14 -1.3764115572086475 -0.46008858790030527 0.49662435356750595 1.9285529012634235 -0.13462703268911236 0.9001282260954235 0.03811640537167618 0.31225479249456023 0.03391340540467654 -0.6289571095281233
0 15 -0.3886051936563718 -0.16084600640265861 0.1520041684534993 0.23169037552210486 -0.02456145346594513 0.17817604951894037 0.11120813772474916 -0.047260705605844354 -0.017432020173680614 -0.16166950705910832
0 16 -0.100317562183978 -0.08560319363845681 0.09893045852024826 0.03724396546074195 -0.10670533393642627 0.13023170842263945 -0.03409542246570521 -0.004522046836230817 0.0653149526873429 -0.1046803630012757
0 17 0.11026929782975865 -0.04064506794082056 0.06773566598034714 -0.22282380164876955 0.034283063653984765 -0.16555970314093263 0.014172932332428452 -0.048909356126350174 0.012419857857096275 -0.015877336607740038
0 18 0.36670495493709027 0.045972294152081684 -0.1947807053543886 -0.6111141086093007 0.02550751020231363 -0.23992417795601764 4.7773560562314145E-4 -0.14546111423962493 0.022510197236279852 0.1531961642340426
0 19 -0.03400401770513588 7.875294706731767E-4 0.06373250806889061 0.016837126248615403 -0.012506154537574199 -0.059053611802889525 0.08909556350927547 0.02560820069364518 0.0343372828923873 0.006931104028622865
0 20 0.49952478862149563 0.23352860446676674 -0.13267016768041695 -0.8983969719886308 0.08723978150811652 -0.33049228287473886 0.040996424576949304 -0.023695174154371244 -0.13039235973659824 0.21631152338425608
0 21 0.23566555442114967 0.16350580854479294 -0.07922556808469347 -0.451945237300933 0.13549306792702537 -0.11840696715141383 -0.1048261728904528 -0.0797747240739565 -0.013748007236876216 0.0590681369568404
0 22 0.39158673801284677 0.06392247218451852 -0.15775979322522823 -0.7885573807830151 0.011166856846908277 -0.3946619273744834 -0.0011085651623653299 -0.1849601432583659 -0.02717416373223375 0.28255933673342415
0 23 0.09778141833452766 0.026243395455019847 -0.12383724493224788 -0.3119631793361377 0.09771409003344228 -0.06079777104302571 -0.02264856699603678 0.03561974831419366 -0.029293323573989095 0.08643473919656129
0 24 -0.09287201978396549 -0.024925471058775392 0.03175313389501552 0.16312945980375856 -0.08888845777586471 0.17167860914756936 -0.050908917434610006 0.07469740442194372 0.02675896646172269 -0.11095211314491735
0 25 -0.15340365135149925 0.05951035014015915 0.02640961072192606 0.04141013415743065 0.04008628351594587 0.0013078097603773358 -0.041434229324430666 -0.05100889569287842 0.0317047758391657 -0.020846693511374963
0 26 -0.17477820368143185 -0.030683115343439312 -0.07785860638317757 -0.3497368373443066 -0.045558149336999317 -0.1255690307347494 -0.059177491647059835 -0.09597980560612403 -0.09272002337181809 -0.05461053559199017
0 27 -0.09537051552899167 -0.01450342933136399 -0.009628677922875804 0.07832308744328054 0.010206097886255953 0.025608270416469778 0.05210779908029425 0.0015265524490717195 0.0034564283472549064 -0.10743216254868157
0 28 -0.11067122623527482 -0.046121384179598254 0.10016898430834949 0.20362032255743517 -0.07297759011554006 0.14734353293038044 0.03708855320883287 0.0017009688250793158 -0.06653358003795108 -0.07699202037202565
0 29 -0.04688559945511967 0.025717554874691087 -0.03144189818034132 0.09179548076806734 -0.05272394575727495 -0.04137443207517403 -0.08262874737138369 0.07032986570630242 0.02177480552152589 -0.042502688949190605
0 30 -0.015431132025819439 0.05416282170614866 0.03561323941936207 -0.3697790428751845 -0.026914017018693538 -0.1854626385122216 -0.013271464723626976 0.030802878706562852 -0.03781209137234012 0.07363093845535994
0 31 -0.41120869531125026 -0.036043081979456416 0.06371350705099335 0.08583542429845717 -0.05346335654350538 0.10021288587377063 0.035806027561603816 -0.0409338110760773 -0.00846672777138258 -0.08420002381905098 -0.47290423451302877
1 0 2.30152871747799
1 1 0.5939267304569203
1 2 -0.9352571160052505
1 3 -3.363476315755798
1 4 0.190789734388973
1 5 -1.9704145276917795
1 6 -0.2715508164981048
1 7 -0.685679721981819
1 8 -0.3599628617443143
1 9 1.0234133795524425
