## RankNet
## Epochs = 100
## No. of features = 31
## No. of hidden layers = 1
## Layer 1: 10 neurons
1 2 3 4 5 6 7 8 9 10 11 12 13 14 15 16 17 18 19 20 21 22 23 24 25 26 27 28 29 30 31
1
10
0 0 -0.3559134065494399 -0.14264377940193576 -0.03819149709468615 0.09078143871368323 0.02132594946150597 -0.1818071937590067 -0.3645232878825355 0.17891935719219546 0.09185278008675975 0.04758064084676206
0 1 0.2011480205217318 0.18236394871364345 0.04309050339703101 -0.0022323785668368766 -0.08677633560382067 0.191631960206094 0.22112871749586577 -0.1069924025368553 0.07563320821879531 0.01288369815342562
0 2 -0.6681903514460985 -0.31661470962384836 -0.09256555310644025 0.15631067638386945 0.05495505565779369 -0.511381673090358 -0.4219804768763694 0.20917967793012512 0.05131519873064934 0.1307406021557351
0 3 -1.5881939848691793 -0.8258458116464962 -0.14953248054546728 0.21378646566677412 0.2281985812198127 -1.111058967938236 -1.3163249995860036 0.8079408948792082 0.04996799533264574 0.4262129511528593
0 4 -0.644158349015343 -0.289999595984256 -0.10710488800529759 0.0944702804563742 0.037848160931411114 -0.485315600357905 -0.441366767683956 0.19704667054036729 -0.06582331239078694 0.13428796525545647
0 5 -0.031788299469558176 -0.022058697632970473 0.08361902122309539 -0.029587431461632563 -0.08901303225916064 -0.1101951703537098 -0.022846134697448273 0.09052546218840407 -0.08126881169397236 -0.012613030813091716
0 6 -0.16596097552430933 -0.03630172404931598 -0.10937838867583513 -0.051362777815319616 0.11029362084203723 -0.15983537298870457 -0.0391992530159078 0.05707235853785631 0.019306910933555712 0.10017036083903236
0 7 -0.2811095263328959 -0.24098752521943917 -0.006268312590777902 0.015134151616661951 0.005922514383810906 -0.15579942066581196 -0.2910498176736846 0.08041291533945448 0.01884213926381546 0.08933297072971844
0 8 -0.38425736595768745 -0.19569769218638483 -0.10789453418573715 0.15458872397333173 0.10980247457606328 -0.2545685240791221 -0.3214637260378384 0.15227041041846903 -8.647656927430256E-4 0.1638767646968071
0 9 -0.19541407214476778 -0.04997673412675759 -0.11951309569359275 0.0944241974670379 0.025899367166116308 -0.05040080835719276 -0.058580941709394714 0.0035383173463672704 -0.023872921039241858 0.03831396684911577
0 10 -0.3500315797580725 -0.1645384675969284 -0.11394919113725482 0.12785626122192195 -0.019565794856594855 -0.23602614268330027 -0.2703421302600479 0.14917775832277227 -0.034196404904045574 -0.01976932065872064
0 11 -0.1791019468802994 -0.104053062039633 -0.09324019175731851 0.007754150330139428 -0.053202427826134775 -0.10299906325829124 -0.06423559785135921 0.12493185172502341 0.07032018541208997 0.09383269895035729
0 12 0.09144298928603355 0.04247831929643357 0.057452099314684694 0.056195856079291076 0.056457860824278866 -0.019287843661035992 -0.07406072205037433 0.05216773218379055 -0.052837839470298256 -0.08159543557964911
0 13 -0.3866945336761112 -0.13426013707434642 0.005871401793268636 0.03755079435230359 -0.02414632440320734 -0.16595906133935198 -0.33303194330758984 0.22074213816819785 -0.011361057157967352 0.12589661299076316
0 14 1.0996685895417788 0.7271695150770511 0.15622678839442064 -0.14305615235689367 -0.20661394233522867 0.9420960024018762 1.021020433678223 -0.7005794822671103 0.08994255670067998 -0.37541655848991956
0 15 0.2557735028648077 0.016318453556916638 0.006667085650291194 -0.13880892725198796 0.05237561055181888 0.1344402269550037 0.13782247894683972 -0.2363748069983176 0.06285298099343524 -0.16378982853397245
0 16 0.12555107259982543 -0.011225755028121827 0.055630008519510665 -0.06566173586259091 0.04968098112575489 0.08627248745261705 0.008669283038713229 0.05715455610270546 0.06576161952223711 -0.009891356152215097
0 17 -0.19903690463163873 3.210531984371736E-4 0.003410846724869804 -0.03264528268496654 -0.04321293567307494 -0.10644852196030458 -0.12420457090419457 -0.02184484163959022 0.04413471335054189 -7.148631071669598E-5
0 18 -0.3395028227912658 -0.2531509294004093 -0.04681302192440563 -0.026458631591178547 -0.006622848591774661 -0.1803733519773723 -0.31710415206931963 0.0742754074842055 -0.0867705274739112 0.07056628430173649
0 19 0.03501006696325548 0.11252712047251996 0.03201655482642533 -0.02379976069131486 0.07451404303968862 -0.055612284083636616 0.05143648070164422 -0.027799570355764327 -0.017793983188965735 0.05101733526151849
0 20 -0.5970707093601046 -0.2195421550826057 0.023822553438540922 0.1355815321588473 0.09597549147566486 -0.3541347316142037 -0.43428291319350587 0.20417455641374715 -0.0673185235210364 0.04297132686669596
0 21 -0.2750453212667053 -0.03905291418077346 0.060396891358913955 0.07320860555844634 -0.03467020337135001 -0.2233295854194522 -0.15203971254698767 0.03413376624064435 0.06369748487693459 0.09724168834317644
0 22 -0.5675822171066955 -0.23451643583859036 -0.14188552932286455 0.14771171953399978 0.07490296766975485 -0.24354656511525016 -0.34085732040863037 0.283288311219754 -0.06581274146459558 0.0679007770559267
0 23 -0.16118662653167085 -0.21088280830985437 -0.01897290048803927 -0.05979555526837632 0.02797411844387427 -0.12442339705095418 -0.14683100097360158 0.043683042478447356 0.042676827146349884 0.025874955412451637
0 24 0.18497701659424304 0.1503714640111351 0.09026429082197218 -0.02679053548723465 0.03815797193077908 0.14134235760773456 0.05272026831649963 -0.007317895061433561 0.07333386653858986 -0.09665067496281331
0 25 0.0687866848994393 0.02150559932968761 -0.009198343752839584 -0.027146209351390446 -0.03944387719360072 0.025397035063095885 0.09923846437045203 0.0035187804157873134 0.09555793509917601 0.03449233580127576
0 26 -0.27160832017279807 -0.15275828282461226 -0.05872655328456252 -0.002943880153577694 0.04040027598860554 -0.21557937599053753 -0.3073685590178377 0.03938021032220781 -0.026821114958775958 0.10144053747999261
0 27 -0.03607942380406698 0.0497688216309052 -0.0068272718423932465 0.008742906701947993 -0.023953849063794077 0.12315021561470547 0.02051582014442863 -0.08369860844214876 0.05310024308651554 0.042115904148439263
0 28 0.11289200997837728 0.09354203578987884 0.036631957425968836 -0.04265959935644802 0.03395519414155713 0.10508574143893207 0.1072355715532976 -0.05079044538737341 -0.05003102577648148 -0.09007210265864835
0 29 0.02055460260060783 -0.049978507396293996 -0.04803042774189423 0.03926729324774734 -0.09645698056828801 -0.03229568563428399 0.016167374521678882 -0.07760118411071161 0.09898606499086252 -0.07760525492790417
0 30 -0.12799199976216316 -0.1032400405866758 -0.08553537255327628 0.11026770815264746 0.031645848894854355 -0.1778762817407983 -0.07417156914277233 1.6833609920993041E-4 0.04849212177566597 0.02774493890992914
0 31 -0.03137785141272422 0.078158801667514 -0.01289429941280042 0.012051418163452348 0.06503335178616897 -0.11269569469041216 0.02722083275015604 -0.17222244052992278 -0.0103887559365175 -0.11216926269867739 -0.16145305064793702
1 0 -2.3669438375212124
1 1 -1.3925273056851803
1 2 -0.37386404433561576
1 3 0.3542057039371319
1 4 0.26366062424735426
1 5 -1.758396276496432
1 6 -2.0073761157677534
1 7 1.188840354448092
1 8 -0.11160036219749087
1 9 0.6219891620663504
