## RankNet
## Epochs = 100
## No. of features = 31
## No. of hidden layers = 1
## Layer 1: 10 neurons
1 2 3 4 5 6 7 8 9 10 11 12 13 14 15 16 17 18 19 20 21 22 23 24 25 26 27 28 29 30 31
1
10
0 0 0.47141005968108474 0.024652041980810523 -0.13352682737620192 -0.07277751548129192 0.17705673074428324 0.31543521251744405 -0.02948021499721689 -0.4183213739193293 -0.15171942236628144 -0.01668033512757677
0 1 -0.1852017596491107 0.05151019106521894 0.09143744105185911 0.0032795912083366094 -0.06928572705412452 -0.15391619886649827 0.01556588855103927 0.22646097245792302 0.046881284155929744 -3.504009597535772E-6
0 2 0.7254085729817444 0.0772235675341496 -0.1512487683153864 -0.02448710470384065 0.289368769014291 0.4158058013383744 -0.15241311376741512 -0.7181729264058838 -0.08413556019623392 -0.05204916335231066
0 3 1.602971540804997 0.2853798024680625 -0.29235860323072194 -0.2256873757274744 0.753369068235001 1.0034052512626936 -0.09171803207313088 -1.7758110416437765 -0.17190921899742662 0.12536683384294944
0 4 0.5682724880643416 0.09542889320967879 -0.2207059299224392 -0.08114245338977327 0.20125893203276066 0.38244905412787805 -0.1149431899228895 -0.7382488149470128 -0.16212909518687638 6.167342082900067E-4
0 5 0.16447647347209807 0.003035849011858665 -0.0188122221536409 -0.11760048171942104 0.008850735636893097 0.017671708350791043 0.008594391344646431 -0.1922783987755289 -0.03611122516393174 -0.07328553571349855
0 6 0.1665787459041541 -0.03518470152713667 0.02943054984221142 0.06140090033466399 -0.0064231872962632565 0.05052096385621173 -0.033246778268404234 -0.15263433052663514 -0.09726796574702068 -0.031272310795883336
0 7 0.3741477278237251 0.031047009597875017 -0.036121601119945834 -0.021611718165032597 0.11817541667935692 0.20926958450689978 -0.1058095182544771 -0.3625014865931056 -0.08065504502195003 0.028191500173578642
0 8 0.45842943698115374 0.038722327220277214 -0.1509264404477744 -0.14514237124423926 0.17078230679625725 0.24734509923284745 -0.016116776169995375 -0.40259586279889253 0.018932714495649716 0.08789388776644962
0 9 0.16844458833570475 0.07901004544653983 -0.14330840373904222 0.03423812368200542 0.19084574209955027 0.06180280188621 0.03831453004631514 -0.18019273407283362 0.006169604079270594 0.08398486980956628
0 10 0.23158748892477504 -0.047068772201982294 -0.08184371761935366 0.047480479064921 0.1126644861325164 0.27519603165953876 -0.03392808866074204 -0.3213815548082888 0.014932157359754929 0.07150793878546459
0 11 0.18528390872695127 -0.00917429606769657 -0.024801548854591158 -0.12181918405093338 0.0937751370822868 0.16042900423609843 0.04925057647047682 -0.21700944239490222 -0.09290899357166595 0.03718241154386206
0 12 -0.022827489637951365 0.007316968652172666 0.07043526267269418 -0.06322642663196405 -0.0778691881622318 -0.007306025988463452 0.027899075717338177 -0.0952336263663483 -0.05820099271635816 0.08801551641349735
0 13 0.24804809202524433 0.06319375290454979 -0.06389197823753187 -0.09652020156859846 0.2137536815865945 0.1698947779168603 -0.0055252915087843964 -0.30994071257457967 -0.010517987564441264 -0.016391861283144727
0 14 -1.7660719637376088 -0.24511968380207366 0.31828245102113806 0.30355451836174896 -0.8237225374595295 -1.0429099955927243 0.17839428227420834 1.4543481104780587 0.3071125536767819 -0.036369426598157076
0 15 -0.3580823826359348 0.04862025926975088 0.041713287292874705 0.1347389327639101 -0.1486298551085485 -0.24670802400209593 0.0867769220930976 0.21499632919543957 -0.0058672579097330145 7.866664667716347E-4
0 16 -0.1306133888610946 -0.08800312986771948 0.09569449618287373 0.10324649667425069 -0.06848068288444417 0.014916507240571445 0.04504079053371461 -0.04650957960363666 -0.0860381217042162 -0.07292548276407454
0 17 0.14617807495762808 0.0758768211341507 0.03171393224682816 0.07048148834404284 0.055730162868790574 -0.012429179210439104 -0.013521142665044493 -0.09807645480521728 0.03957269921116793 -0.06152327313845649
0 18 0.3459440733933605 0.08199913086792095 -0.04383184205651545 0.00250109930979284 0.13015579048451495 0.22201152332488672 -0.010282498421247375 -0.3547774210911333 -0.013245055539081122 -0.08122941090341823
0 19 -0.09254395545914156 -0.09752587805994158 0.0069326335320378995 0.006260028908343553 -0.04721481943068836 -0.10637396101245909 0.019360967802132673 0.15609938173390397 0.07548743139822861 -0.03886490780116165
0 20 0.5089050680528653 0.06994011958372573 -0.16441093600488701 -0.06865117427958412 0.26121514276164826 0.368800553945198 0.013188692104636943 -0.49582280260490447 -0.013829598995654443 -0.007616629700267824
0 21 0.27495403477547536 0.03323769243963844 -0.05062219549735545 -0.08760908017293657 0.1027673887010178 0.2189793367840958 -0.10558806597212791 -0.20418112371316208 -0.060303612997614615 0.07755706081393335
0 22 0.5516134488417856 0.16100234923013304 -0.03856105381922265 -0.030686934246353447 0.22341391780161618 0.2766971604750317 -0.12260488335325699 -0.4879068252763749 -0.16318588001297515 -0.06642031254723901
0 23 0.268018084012538 0.105979632006541 -0.052116819042413526 -0.019722284779408187 0.08742532994939996 0.06410016860498133 -0.028982077814021588 -0.18446734458637692 -0.057972849369425684 0.10261175758234119
0 24 -0.14129820544406402 0.07178907115590984 -0.06595223203032878 0.1076603591119541 -0.14371144546077674 -0.07812503332391126 0.07519097848168407 0.08376161815839998 0.1107357285823655 0.06541450844164047
0 25 -0.05305647442252672 0.06833608522735814 0.11327924547059116 -0.08551557038974684 0.04789559793001219 -0.09985625133528497 0.05341128875414869 0.04091893221710664 0.04185419831229411 -0.03340379364370007
0 26 -0.2043214267130109 -0.03230757729858619 -0.035345032082713404 -0.04591332855006791 -0.11189846770900813 -0.11097503065685417 -0.03531582006375983 -0.09200055241923187 -0.0071180927715337365 -0.0747602285951484
0 27 -0.036985680723385574 0.03947060211895683 0.10238063104958744 -0.025168251141940122 -0.11845047392881541 0.0015021954902990327 0.03462553722804772 0.0732239897030529 -0.07693309434022574 0.02827272354356844
0 28 -0.12108949251979176 0.0509724258598674 0.1223981597395583 0.1127646050606249 -0.1485457871840936 -0.12234094891521852 -0.053032587168764835 0.14890295988340022 0.09686226524999031 -0.036296344821457036
0 29 0.044572744475529155 0.06347598681722609 0.037385233370776184 0.013976114561307844 -0.08149316575060006 -0.07919198543256287 -0.03100756864760721 -0.036442526556459645 0.07104817301687776 0.04579827431315165
0 30 -0.0957560641417238 0.01589976654411953 -0.046273208195964775 0.08576527062573287 -0.014979894153147667 -0.10321088057651588 0.06461554638697956 -0.0633860771101684 -0.0963086687945548 -0.05746724248936231
0 31 -0.5628495140597244 0.020413883054303538 0.11497014995476863 0.11781790544410717 -0.06760854992686419 -0.2406359986064729 0.08859353507032657 0.023468845542647315 0.04896987929194467 0.051628663279369026 -0.5458556740812575
1 0 2.6519902985653414
1 1 0.2536350070324395
1 2 -0.7830999935886679
1 3 -0.6176532975537332
1 4 1.1574009077170644
1 5 1.612790893526561
1 6 -0.4750566425154713
1 7 -2.7757738329320527
1 8 -0.6108157952202686
1 9 -0.08224161038469753
