## RankNet
## Epochs = 100
## No. of features = 31
## No. of hidden layers = 1
## Layer 1: 10 neurons
1 2 3 4 5 6 7 8 9 10 11 12 13 14 15 16 17 18 19 20 21 22 23 24 25 26 27 28 29 30 31
1
10
0 0 -0.12371266622185371 -0.03622389836003096 0.03659325761305887 -0.03574767095776644 0.35735012089727286 -0.28481477697714985 0.25926178493792357 0.00409572519240169 -0.22606589775693786 -0.2298893828113888
0 1 -0.005809666609786545 -0.05178788514131818 -0.08523663013266614 -0.016688906939298344 -0.2153164729551884 0.016393340750877488 -0.15957219313772858 -0.0593557861383385 0.12168396969382922 0.10017841781919322
0 2 -0.006719052061438661 0.02046950168303893 0.10285403822870019 -0.017132545398554272 0.7589903913771481 -0.38803563209095837 0.4092743989754946 -0.02831275657537664 -0.3287474482048944 -0.6117393408784321
0 3 -0.22017423117096596 -0.04315061339869372 0.22012759170643587 0.09839468318877533 1.7266171313492342 -1.0021270204248334 1.191568720067617 -0.3559396881772764 -0.8856710424379276 -1.306384557927147
0 4 -0.08357343947500134 -0.031868909140352945 0.1496818562010376 0.10918501521535626 0.6153696382560985 -0.2754902850224521 0.4904771226518082 -0.003161140339897901 -0.3334288926688653 -0.576363081016569
0 5 -0.014796200374010937 0.09981368327228925 0.09696497205538858 0.006598858353980335 0.02112791998676745 0.01552004945316713 0.1143350766494106 -0.005203560464349873 -0.08021673229819139 -0.09841989522768346
0 6 -0.05822469290718669 0.004670539521295973 -0.03179038881576677 -0.03559643926999698 0.2598353186164214 -0.19382985775325404 0.05806186741539204 0.05019338141377838 -0.07944291878854534 -0.10792233747216205
0 7 0.008856729135036365 -0.06700760482335955 0.020595400390321886 -0.06400324261348916 0.398034213700468 -0.20435156675363447 0.3284956425926054 -0.15844513617435477 -0.21605718637136925 -0.3480082995499989
0 8 -0.005095138901681296 0.07838263632751295 -0.02676112585861967 0.045857536474673256 0.3892144927711073 -0.334371855799074 0.2285290917877557 0.024706893201672357 -0.20810134510073622 -0.2938213855645286
0 9 -0.07921770433075939 0.040866994817569995 -0.07382719188956964 -0.09077464307108385 0.2085672759124398 -0.06364460684102527 0.12472237633083655 0.06083246165946642 -0.0892783210047831 -0.15964109667573606
0 10 -0.050600511669000134 -0.0186734697793516 -0.05981590221203571 -0.02536816211646517 0.2663374193291095 -0.1525772860283229 0.12674815005496864 -0.0820556000999833 -0.26289455543005247 -0.3302483977117064
0 11 -0.05130408369133075 0.02432983545085187 -0.04314967066272545 0.004863044494438295 0.2285757816373332 -0.1866550696505076 0.20970574847929468 -0.060919074096579096 -0.1107289210930716 -0.2962495730070858
0 12 -0.05111246514764505 -0.05319314643954392 0.03181722012443419 0.05686058029494934 -0.12287581955207992 0.012311901511356282 -0.11039661678445219 0.044331724902808484 -0.05636928705334643 0.09844463997018559
0 13 0.029189397265011175 0.08554414314461392 0.023650373299541633 0.042912244592385705 0.40686747554970937 -0.2911463295523327 0.28894594586356975 -0.048417705380155315 -0.2302326295221183 -0.35655919388823537
0 14 0.0696586200290019 -0.07732750290288751 -0.23888615026589008 0.0013845252942958357 -1.7971663282699255 0.8674134460474267 -1.143813437505404 0.31333017980537126 0.8700642219877821 1.193578397547213
0 15 0.0341469697952297 0.04804968348272249 0.045799958711128776 0.06196199480633764 -0.4892147441439305 0.17207129442310762 -0.3338473810030157 0.07506622982260584 0.05007333696450347 0.12900738314860585
0 16 0.10279783338074362 -0.004283348152856009 0.05831403878628504 -6.698127950727526E-4 -0.059623325853482914 0.13663659910334047 -0.13740896473495592 0.08121297626309461 0.09864730735822351 0.14315467402332901
0 17 -0.012261173154970252 -0.05810536797912207 -0.002099084522831896 -0.0010845280934225056 0.18046161573806316 -0.09806593849312803 0.09866808518335167 -0.01994873710575623 0.011219112936502858 -0.007348623743776088
0 18 0.018445193384015075 -0.09430114427720879 0.024789072889737668 0.041590167771966016 0.3936428788819337 -0.30363539145410684 0.272957220577051 -0.05393910497532897 -0.20686628299302706 -0.2797932862028657
0 19 0.01710597786016884 0.023909804528983072 0.0034364222367948873 -0.03251935480424284 -0.10159488424587802 0.10567507931562141 -0.06333838584360538 0.043315103013640256 0.006168329181438392 0.01760112292460194
0 20 -0.1275013891642604 -0.051557649574593876 0.09873408955159413 -0.05061574935446045 0.5219681899705588 -0.3238743988388031 0.28649899974972626 -0.07302587541868413 -0.24215320767535023 -0.37922660952770637
0 21 4.6489748708262193E-4 0.08440613790349281 -0.014945178161246528 0.08241978366591779 0.25272050429158627 -0.1279604185030117 0.235484967621496 -0.07776315313814484 -0.04742628549203982 -0.2256998383154495
0 22 6.121183940471036E-4 -0.08001564070107549 0.02899270812362721 -0.04379352881428526 0.6377780414755961 -0.4084928684593412 0.31603251969419116 -0.014168385125747312 -0.2649808817154965 -0.5326641636981971
0 23 0.013620033456718172 -0.0352883558455721 0.11356162748143354 0.024846890361509968 0.21553357225205586 -0.14315453420736807 0.21314224986746635 -0.04606230091091598 -0.1570315581084214 -0.07789363469625178
0 24 0.0946584647150598 -0.07474555926100725 0.025748534216204037 -0.04811994962330339 -0.1993406812565458 0.1867042792370763 -0.09072684622410664 -0.022661148318154085 0.15452243431769325 0.04974097797246008
0 25 -0.06293274627892043 -0.020726930257964737 2.880966316567037E-4 0.04176929287752841 -0.1929787166583374 0.07657011409720889 -0.19809513591578573 -0.05203461595196851 0.04272119835555095 0.09850059251004963
0 26 -0.06863785546520366 -0.08452961636539798 0.09681702466306202 -0.05274773628630746 -0.10330608905798573 -0.044245074916972285 0.046276075462259154 0.06688342856024364 -0.12373554134081355 -0.16073989643278325
0 27 0.07710320512638671 0.05729704082665731 0.019954799638498777 0.02230966417055521 -0.23523166781412874 -0.011584856819981547 -0.1393880337721048 0.101519812573352 0.15871494092613372 0.1455747386625228
0 28 0.009926967181307509 -0.08133519701986094 0.012656426513093417 -0.0017659943526533164 -0.03524085272568443 0.13509275305841154 -0.08825711756139759 -0.006861862312607913 0.06132473652804638 0.14708911804632827
0 29 -0.06076445969928455 0.07159943283487218 0.06101671566675308 0.0845071749029553 -0.010267489739149222 0.06146794429235623 -0.05143081644548211 -0.06171065693343329 -0.0730864484526097 -0.037198524316956756
0 30 -0.09095318499592872 0.02086517454207328 0.0688880916014008 -0.028534423865425113 -0.18873635558078386 -0.030510927122622416 -0.056409720476674 -0.054420510705520675 -0.025027386923127264 -0.22022131222966768
0 31 -0.07144740348805236 -0.025450618468339334 0.004909603068012978 -0.020643251323827074 -0.5334527477651265 0.0150139572721756 -0.174031334221154 0.10546272285764434 0.0732536167521435 0.15093470597088546 -0.5783531497032458
1 0 -0.4004672552299185
1 1 -0.14836221976681915
1 2 0.20308754274796806
1 3 -0.09098094619910932
1 4 2.81265316145263
1 5 -1.7979324628325628
1 6 1.8605476562118732
1 7 -0.6263326938100896
1 8 -1.6428435476350693
1 9 -2.2836936841489885
