## ListNet
## Epochs = 1500
## No. of features = 31
1 2 3 4 5 6 7 8 9 10 11 12 13 14 15 16 17 18 19 20 21 22 23 24 25 26 27 28 29 30 31
0
0 0 0.07037453586221686
0 1 -0.05177610848974351
0 2 -0.08993087155366036
0 3 0.020416436815428787
0 4 -0.001070027170956003
0 5 -4.547052812592193E-5
0 6 -0.034845375602104274
0 7 0.09050434689142411
0 8 -0.09332778756171342
0 9 0.08686464026179837
0 10 0.03894417743146279
0 11 -0.08674074547472621
0 12 -0.021420105727378864
0 13 -2.8031469937656674E-4
0 14 -0.05752601551721666
0 15 -0.02280745079486012
0 16 -0.09158658794716294
0 17 0.03684374306815601
0 18 -0.029292035802175476
0 19 -0.0998553076962986
0 20 -2.3153950307703666E-4
0 21 6.495236681981555E-4
0 22 0.0010368743492048524
0 23 -0.0790485678039592
0 24 -0.05067541761759463
0 25 0.09578186258920612
0 26 0.0910212206673123
0 27 -0.08155188184379389
0 28 -0.04283832288784508
0 29 0.0788584333832699
0 30 0.02275862285639052
0 31 0.04149326682090759
