## RankNet
## Epochs = 100
## No. of features = 31
## No. of hidden layers = 1
## Layer 1: 10 neurons
1 2 3 4 5 6 7 8 9 10 11 12 13 14 15 16 17 18 19 20 21 22 23 24 25 26 27 28 29 30 31
1
10
0 0 0.0027457115020376095 0.25530071230345586 0.05661518732639927 -0.2883939888520418 0.16583708819376675 -0.18290782827578195 -0.3506469044732439 -0.043738437838872796 0.05776543996993069 -0.05621001526193484
0 1 -0.0055334521733908255 -0.297542772959953 -0.03501965580513591 0.24932531519279855 -0.13059115093678886 0.1163914200671067 0.22164984915363684 0.02718568714611698 -0.06573700099381113 -0.003389219003947997
0 2 0.22793066117461983 0.5655789037141313 -0.05215120818932073 -0.5633650760384684 0.11893872966517631 -0.13185803473739 -0.5904014163322955 -0.28676051924999424 -0.08128599578959321 -0.20859913950067743
0 3 0.419400841976987 1.503476929504896 0.052260470804607446 -1.3224591733629425 0.5033394804159238 -0.47681676551327745 -1.5966412115610864 -0.4624174827522662 -0.09090762633813308 -0.3791419542141276
0 4 0.160515518447942 0.4899549259031696 -0.0651506566153278 -0.5187683641583848 0.21517757599125367 -0.21291287000686465 -0.638911846951993 -0.09950110300669285 0.07869087853615045 -0.1898246264355175
0 5 -0.025148622854076916 0.12491442282645533 -0.008870180837263325 -0.12274122954094951 0.10778962230985938 -0.08664969692194846 -0.0637515609644887 0.06753652565208983 -0.09607429534514776 -0.07449772389450664
0 6 -0.02682915001646944 0.072514200890704 -0.015667298335057037 -0.18727137562921653 0.10033092409901112 -0.11580595482500841 -0.08914879568386912 -0.08742977982134649 0.03317952479248902 -0.09231592511921043
0 7 0.16766566762403295 0.35425206093314915 0.05687627034897708 -0.33648207851145573 0.16636421398193976 -0.03573901314364641 -0.41592723516518976 -0.012606914277452507 0.05462085366889172 -0.038852454023167976
0 8 0.03738089686529448 0.31486909603520535 -0.0601050764804583 -0.4087112968949079 0.016606483994621356 -0.22466767301363436 -0.33363667943909 -0.13233984391915887 -0.002545312979005083 -0.22594635857154455
0 9 0.018782717182713494 0.1101705633899368 0.018263249280723284 -0.23838030303807095 0.0671079085875358 0.008228174869266816 -0.18602292953116864 -0.12063276193350121 0.08315251515355364 -0.06871679316983234
0 10 0.08676511599654191 0.33312980363731476 -0.06620648807939522 -0.33551807605322376 0.04517027361547788 -0.09766675577645322 -0.18670204262734166 -0.048975507373773194 -0.06334410825233784 -0.06751016802622076
0 11 0.04831023982902579 0.10511555524091874 -0.02998472895352964 -0.2806394126861471 0.1564983883021833 -0.010890823055875201 -0.21013567193050078 -0.034586428564236514 -0.09080660718621646 -0.12570592370529962
0 12 0.008940350568444303 0.019278434115795065 -0.050925650458952774 -0.08821447321986073 -0.05660543017425364 -0.045737199348855055 -0.07057124806828668 -0.1020708185747849 -0.04158067454016777 0.029037838252472678
0 13 0.022875289063781223 0.3352362835667663 0.09412203194238103 -0.3395272199414375 0.003951062973323658 -0.18341219957367258 -0.26148377989347005 -0.12123190574173053 -0.03690283331242048 -0.16747959744871646
0 14 -0.3203700421456888 -1.5451265121964237 -0.08118277355448464 1.2173350525770856 -0.39903833573575676 0.4052609181667773 1.336708652959898 0.36033157093614254 -0.056827590436437404 0.4183452046285872
0 15 -0.1657465570905979 -0.4927282877174019 0.04726299725030227 0.22326314433340055 -0.06387034160491079 0.0568806001597047 0.28782844370291333 0.07781517111719745 -0.07379038756659387 0.09682662229967894
0 16 -0.014276097882441698 -0.029877448798126337 0.09894136172596968 -0.09325583457711098 -0.08771620452328097 0.06224149851871953 -0.04295395161210073 0.0203097705756244 0.093010057182624 0.06805566726311109
0 17 0.05610514713547928 0.034878935876335844 0.07709767476666181 -0.065332836516183 0.00810610537715887 0.025788901377611678 -0.05355821898261514 -0.11983059842532587 -0.0328502587652523 0.03593825020714791
0 18 0.03977386203708021 0.41823043925464687 -0.06736335744515266 -0.35553352535975213 0.15055022545647773 -0.14037202735508916 -0.3585765110412497 -0.13213231946919626 -0.09001253347976992 -0.136823963933608
0 19 -0.09738861147018534 -0.11493680397352 0.06554026006083696 0.128775913553675 -0.05206866079129614 0.11471143971218609 0.025205411941809187 0.04818512849801211 -0.02945610348086204 0.1187968024007015
0 20 0.18823550973430261 0.5968295834599445 0.011592525869319434 -0.5166643812106394 0.14322198898118868 -0.14104226078103832 -0.49648773734636825 -0.0719736601242882 -0.08644862445742775 -0.10238156195016244
0 21 0.07926266406252667 0.33851690738374207 0.09580978163722519 -0.2303744422717743 0.01184102403248717 -0.1071043263863702 -0.2743121519450833 -0.11558264577271776 0.03826531022431751 -0.07737858772303614
0 22 0.17262539555280643 0.46568651790098836 -0.0850096833438858 -0.46214499773173956 0.08447137026152526 -0.21299488506696537 -0.5433834170727516 -0.11710709858987052 0.03165889117301769 -0.13649781157425825
0 23 0.10169790913167032 0.19518223879548827 -0.048920603243657816 -0.15425855780620554 0.012799167173736904 0.03480350332714352 -0.10309793912321588 -0.08308052176249706 -0.08111857787100032 -0.07291080426934217
0 24 -0.11006641948150941 -0.1207045489514418 0.019662958022254783 0.12171757764476042 -0.002798115015608838 0.0934938982559467 0.10435058615122708 0.07717334899517538 -0.07706957698786798 -0.0041074618444626974
0 25 0.05259494004437261 -0.11820185701407795 -0.016179193560627806 -0.02068574769207254 0.016981975709097874 0.12227704116903212 0.1411924825820282 0.011072981926906363 0.011769661165049222 -0.0633507439069159
0 26 -0.08661579197938866 -0.17663455005057435 -0.09438854891956594 -0.20915753423734007 0.08668974254018823 0.0531289416296442 -0.25192641768727786 -0.02349837859378133 0.09450575203794526 -0.11604538731617435
0 27 -0.04750261421974488 -0.2076749461474647 0.005926321286129975 0.02153522307088537 0.03812135674673393 0.05538314355914369 0.07924591805897573 -0.022416503383477972 0.06582533078134123 -0.06370792027617621
0 28 -0.014511020136498281 -0.10202063322386386 -0.019250276263095667 0.10742934497709324 -0.08417421989354937 0.023352221897532038 0.07244942509069568 0.08109768642497736 -0.08209048195005382 -0.02235998965513846
0 29 -0.06304890678572182 -0.03805012840875095 0.056282443637601695 -0.04145324084396822 0.0021690166136077893 -0.08570804729233666 0.10969830073034248 -0.014099557856147363 -0.0959952819085218 -0.004882231277004563
0 30 0.05786326007348136 -0.0653328237817348 0.025060075293341807 -0.13169363330358783 0.03501263554234411 0.05438620678090268 -0.19008837555148783 0.025395481744641492 0.09566045741034308 0.009159967101336937
0 31 0.04131989774670323 -0.29087146423703436 -0.030473658884126512 -0.014378272872311984 -0.04264324183614818 0.07752953540252036 0.029470333131849043 0.0906522557449091 -0.09367419793356813 0.0078091763603430975 -0.31934946925590874
1 0 0.5875162569968331
1 1 2.484423158236711
1 2 -0.07021118266709343
1 3 -2.2767202520246608
1 4 0.6708849176835006
1 5 -0.9340368230615382
1 6 -2.490104095328068
1 7 -0.8450890886454328
1 8 -0.13243591995211726
1 9 -0.8448130977110438
