## ListNet
## Epochs = 1500
## No. of features = 31
1 2 3 4 5 6 7 8 9 10 11 12 13 14 15 16 17 18 19 20 21 22 23 24 25 26 27 28 29 30 31
0
0 0 -0.07711080862160144
0 1 -0.08057222332598665
0 2 -0.08500762068969565
0 3 -0.07332457635091814
0 4 0.004836021767124823
0 5 0.007326908941005696
0 6 -0.08021803114914516
0 7 0.02828639493274683
0 8 -0.016893980235940603
0 9 0.06443515286217759
0 10 0.06697494016934902
0 11 0.001634251125019244
0 12 0.06924395712268328
0 13 0.010160013226231102
0 14 0.010172974386228334
0 15 -0.021076571147625026
0 16 0.061770734576191484
0 17 0.06844959530659646
0 18 -0.03538857402116114
0 19 0.06746285182795635
0 20 -0.04751039062297628
0 21 0.09458218314673861
0 22 -0.07811356670219209
0 23 0.054021669607661804
0 24 0.07062623807380479
0 25 0.08619268467957898
0 26 0.05588605240459256
0 27 -0.020144391874321908
0 28 0.04365404388564606
0 29 0.020783995093268753
0 30 -0.016746716046424442
0 31 -0.011520546860992908
