## ListNet
## Epochs = 1500
## No. of features = 31
1 2 3 4 5 6 7 8 9 10 11 12 13 14 15 16 17 18 19 20 21 22 23 24 25 26 27 28 29 30 31
0
0 0 0.03278306037094288
0 1 0.05483305434046241
0 2 -0.03574416113113209
0 3 -0.04048186622975392
0 4 -0.0869851724391608
0 5 0.0774752131266113
0 6 -0.039500156716827904
0 7 -0.06085864206112245
0 8 0.04073859136969234
0 9 -0.008063853718291228
0 10 0.030324050885172475
0 11 0.09458937777314533
0 12 0.008646102525079778
0 13 -0.03480338041596694
0 14 -0.016214652680784345
0 15 -0.015452849558232212
0 16 -0.05680101044582698
0 17 0.07565591366675105
0 18 -0.04633239125576364
0 19 -0.028073399493925733
0 20 0.08610817954058875
0 21 -0.04566601396248178
0 22 0.06117349440800478
0 23 0.05423760958778345
0 24 0.004493713935706946
0 25 -0.04367726807267999
0 26 0.00438781002521169
0 27 0.0734950305273845
0 28 -0.0764540618215652
0 29 -0.05266927747034433
0 30 -0.0482780544843009
0 31 -0.07146839052438736
