## RankNet
## Epochs = 100
## No. of features = 31
## No. of hidden layers = 1
## Layer 1: 10 neurons
1 2 3 4 5 6 7 8 9 10 11 12 13 14 15 16 17 18 19 20 21 22 23 24 25 26 27 28 29 30 31
1
10
0 0 0.14306768715422852 0.24362305031715392 0.28777648183135707 -0.2683746695426122 0.2084093887537295 0.029735216357328034 -0.002260150660569845 -0.010030154755827804 -0.23412436579496593 -0.2636465350762227
0 1 -0.258609664818713 -0.11113644312985622 -0.08285976253999251 0.022679571785093583 -0.08288959423216014 -0.021708236647101087 0.1454980699444894 -0.09447640259761646 0.1369691709378703 0.070593826425971
0 2 0.33249115360286075 0.4934548722812706 0.32978458167034 -0.2980891584750937 0.2631023530188705 -0.041341053440134064 -0.1498637803677885 0.11477227593935704 -0.30443760881582377 -0.5157358686680271
0 3 1.007833416568113 1.0729616327319669 0.9292412474239704 -0.7174191149450684 0.6113130764712095 0.08746353233675923 -0.39288052917734295 0.16529511452688417 -0.7537374791047731 -1.07973371127021
0 4 0.38469701523098504 0.34252643894247986 0.4443517178526442 -0.3153283299402282 0.21973781104173473 -0.008923787251793979 -0.14733260251155833 -0.0076408031447250105 -0.21402892851390143 -0.4638289969473305
0 5 0.043894935062731566 0.13640357240035922 0.0688020835256501 -0.06352128433255214 -0.028421835371212244 0.06799690702220593 0.011594984094900729 -0.07596949780685755 0.028161223006170806 0.021226118681737207
0 6 -7.426296256758127E-4 0.026427016266876793 0.0379019755358512 0.02859872344953856 0.038680912898494436 -0.031610030161878716 0.058146774673370864 -0.015937964526059074 -0.021306098299921753 0.010859462504740758
0 7 0.12245090105960568 0.15580140115099916 0.1552905022384501 -0.25076213882474063 0.1703139235542109 0.015486578508754316 -0.08953944863619853 0.028395292331685952 -0.13610792992774823 -0.25581997180462995
0 8 0.20982824557214957 0.22417440240326367 0.27807076571703043 -0.14764806812842923 0.1146768314754462 -0.020537017906756987 -0.13319615632554727 0.04310030853505006 -0.24692120211401708 -0.2653206628917017
0 9 0.1974028752973143 0.14916938638740332 0.08478640344505772 -0.13643991602152608 0.017087484504422448 -0.08180047816041104 0.03221793284493848 0.0742591108875601 -0.08742886749357273 -0.07871263102726832
0 10 0.1966838025772094 0.2342207145773169 0.1789519982603379 -0.0355745880573788 0.17018835016637793 0.04217920009896556 -0.12455008243465475 0.05638798164114744 -0.08700457347262366 -0.2182800012717808
0 11 0.15928417385704866 0.07551313702541633 0.16907231834378275 -0.023853827999274095 0.09607540774032397 -0.04625799133640207 -0.014998001654136797 0.10782572273993095 -0.1403660746206695 -0.11613504649712102
0 12 -0.008786660661362392 -0.048017487763018646 0.03979464615126493 -0.05928429760538066 -0.08192499943237298 0.03601703241079002 0.09792576413519102 0.06551931097509064 -0.01143439393419505 -0.03246765292977793
0 13 0.20094974094203405 0.24581136712008855 0.08577275963174881 -0.19281516512984345 0.007570730014651914 -0.01951027710554119 -0.12357223843571256 0.006157890864477273 -0.16971934958316198 -0.14250283600372535
0 14 -1.0625299434601596 -1.2295515434999245 -0.9879810778326946 0.7546939644353953 -0.46991167502209513 -0.08591103917798457 0.411435134455684 -0.0050842239719187145 0.680331034379083 0.9627852468548923
0 15 -0.25833838464390463 -0.300043387678409 -0.10648873334704233 0.14325422253346407 -0.10213123444359243 0.05945352477301138 0.13411218632107635 -0.013847171360758933 0.0066370306047665835 0.09276787245760704
0 16 -0.1541184746228108 -0.03881390325455398 -0.12035273401780455 0.12096230424490773 0.02489214909780099 0.09486814415413788 0.11041166901926529 0.04690710839468336 0.11015921438612288 0.01944874038413058
0 17 0.18228606243214213 0.1870011101649308 0.06043946727188318 0.014460057650210762 0.10452479958196235 0.03637387930638996 -0.059648266528410106 -0.03041459230582276 -0.03962889186378619 -0.07523683600344469
0 18 0.1789851737077813 0.25113151364554104 0.2569395062986339 -0.2701939083478827 0.15903847849534095 -0.08164981065079696 -0.049958626866840106 -0.03446143261793713 -0.2549837398070617 -0.337912236597189
0 19 -0.06065459071207771 -0.1760659924876775 -0.14212905686442814 0.12767026840402151 0.002816593558980775 0.008225451800451283 0.06396030766943038 0.009684427074130418 0.1011417357925124 0.11698718203349302
0 20 0.36997776824133555 0.415617023612128 0.2729136514343891 -0.24137502227295995 0.19218258391959223 -0.03204967977605922 -0.09040926109776563 0.1241145418986684 -0.3422729080796579 -0.2900974712389679
0 21 0.13615209271847564 0.26882959958934194 0.24916096357355422 -0.08481057959000948 0.07057661901924779 0.020329305804281387 0.010548374304890386 -0.038960762220305145 -0.22943446517034888 -0.2015902972384657
0 22 0.3678580462856753 0.2845986883697293 0.3308526818461567 -0.30446839406350856 0.22678058102486254 -0.03328137816177187 -0.18109221925073013 -0.03797100098853674 -0.2335931306372771 -0.32888423851423965
0 23 0.09919647569560629 0.05447169368729407 0.14176861172891045 -0.1179954686084867 0.15063221740220611 0.06705599796658088 0.027627832093655443 0.02157402703146895 -0.1680801007872398 -0.06800828217582383
0 24 -0.06149014760118321 0.014635569803412296 -0.1238037138422926 -0.011305428025053394 0.06645634546523761 -0.04168784317104674 -0.04558581624582464 -0.06445583168274666 -0.0529483729955538 -0.02686037692901003
0 25 -0.12752480855168075 -0.048894162632941225 -0.06450012017493362 -0.04625895717067681 0.053931711517911804 0.0014622198411224615 0.05022758103581163 0.03336507269784284 -0.014990645027352457 0.12480049589257157
0 26 -0.04077137956946168 -0.06272589206473868 -0.15696462573733017 0.03085520584243809 -0.09428172574363983 0.012594294882844751 0.09890722754539955 0.04726832121723593 -0.08019026901003679 -0.12360893448619327
0 27 -0.03141547184652594 -0.10510261274615254 -0.18199890823599452 0.15272753042257747 -0.10193103854372629 0.028266515729579375 -0.006302848359197178 -0.10230319327568922 -0.00289352487545454 -0.021858798182595434
0 28 -0.1150667606048199 -0.1943890911654816 -0.0974642660470052 0.0754932160086947 -0.08318759311718259 0.024383373908183858 0.05349001984558675 -0.04161898796248735 0.08739137198495518 0.09780549306787856
0 29 0.06416581104242546 -0.024671483165377463 0.05232754932940707 -0.08193623337320083 -0.012200245084278007 0.09433745104026431 -0.06531705643904746 0.06949358441590138 0.07608901933787562 -0.011357992808361115
0 30 -0.059213935192674226 0.0059365637653067465 -0.08895003005254827 -0.11543344783621767 0.011577379283559399 -0.0774073496375648 0.06302006136769027 -0.044592307425172374 -0.14487028469911223 -0.13547603746602238
0 31 -0.1557321541465498 -0.33622674616991627 -0.24647816805777048 0.05350228647576045 -0.1191320850299109 0.04934126184665508 0.10098806759674221 0.03151105454118791 0.12288100752367381 0.12298049703315621 -0.47317120776397353
1 0 1.6101200238738305
1 1 1.8024745646784412
1 2 1.5258612887911454
1 3 -1.4653030409910868
1 4 0.8471081306465164
1 5 -0.09849501046263846
1 6 -0.8499765397626442
1 7 0.023899958894509122
1 8 -1.4264257215761873
1 9 -1.8863735576579723
