## LambdaRank
## Epochs = 100
## No. of features = 31
## No. of hidden layers = 1
## Layer 1: 10 neurons
1 2 3 4 5 6 7 8 9 10 11 12 13 14 15 16 17 18 19 20 21 22 23 24 25 26 27 28 29 30 31
1
10
0 0 0.030139196629983895 0.004506671696449658 -0.07497921079581309 0.02551572238745492 -0.08079920853428309 -0.00490379482833232 -0.025186801895964634 -0.06530370992058099 0.04291668139599443 -0.028576001887722444
0 1 0.02741910918007181 0.014893271292830247 -0.07206945064099027 0.01902739969721973 -0.09342666389481137 0.046271692814442454 0.017341447901267702 0.058966533873742476 0.02576855694522392 0.08758675079310126
0 2 -0.055890720965400785 -0.05859102838669834 -0.010843657466880928 -0.08304510884313958 -0.06428489433254651 0.08139340326915369 -0.026824175573817912 0.04121894797962907 -0.034723393372925244 0.038551143306177045
0 3 0.05039251158207146 -0.007644144986496705 0.027783522040449003 -0.017490671552564695 -0.057478653986129065 0.055217614461511515 0.010827198019587017 -0.034738777017650616 0.038352906040654715 0.0011085574700276245
0 4 0.05754774796373766 -0.020225388329331198 0.09230410431427599 0.003638157291199527 0.0624018905428563 0.04626359770274988 -0.02071589689677918 -0.08602147094778806 -0.08542552486396675 -0.011736213705607415
0 5 -0.013981345104353301 0.05780839116015733 -0.05602092535827132 0.08136562143719561 0.013208100353054721 0.0848001670428385 -0.04928664642686091 -0.05674375240927291 -0.03578414490649707 -0.05936436927572575
0 6 -9.465204221105218E-4 -0.02634856983236204 0.0705266120859386 -0.08414953743527617 0.037251816581342766 2.1671486212777017E-4 0.08570958671068242 -0.0686078692000803 0.08215647259887757 -0.08765518488146457
0 7 0.04345126618533939 -0.07431473854184303 0.04783138376342544 0.015121863700189638 -0.0822726985584034 0.018014275268547625 0.026984188659687637 0.014781444101324733 0.01023043348350238 -0.05562621433556999
0 8 0.0849599794505654 0.03566375525188109 0.05119839548651247 0.026019130420796458 -0.0907416853513788 0.04249140666442618 -0.09805746410799965 0.029738941371046546 0.03603588000452726 -0.07315152994002301
0 9 -0.06087322597764991 -0.05178636023201459 0.06830064527189705 0.013232029814392176 0.034256212693067806 -0.018760110196410922 -2.2148054913429628E-4 0.041421501815142 -0.08046169810891464 -0.09434571174603866
0 10 -0.06612915227027057 -0.06490723596563845 0.09042800064502904 0.07804009581568917 -0.06823795509301055 0.03621176444858348 0.08332604887297279 0.06891975171875185 -0.09131937578535426 -0.09761412984933861
0 11 -0.01030234355852315 -0.09838960158329574 0.06727240022904943 0.046627251625280725 0.05188120331926895 0.01284760930901983 -0.04193722073134742 0.053693050626730354 -0.03550853596919431 0.011295778216290353
0 12 -0.023821553073058714 -0.09437167042907163 -0.05861168531217665 0.002205295157032806 0.006906075203430912 0.07273153766718843 -0.06675389691547887 0.04426092892197697 -0.008333892690902593 -0.027295131752791395
0 13 -0.026215650288147787 -0.08542026387666875 -0.007930116830770145 -0.00925240171820104 -0.029842318940673275 -0.0884175664810538 -0.06380142167744683 0.012947550069425709 0.09321097673025626 0.06162141663394476
0 14 -0.04274459945407118 0.022468394111471564 -0.02901166619609268 -0.0768997145985359 -0.03493396725907306 0.008897385171507252 0.03644089216541144 -0.06018183025130796 -0.011346357053389636 0.07576523584376496
0 15 -0.007802043500633376 -0.0868765584643267 0.04403081486094389 -0.006573975943324749 0.02925540700868989 -0.0021990511070875737 0.03464611522275068 -0.006574368554105236 0.055003993632538356 -0.009949797741782312
0 16 -0.08490343065726728 -0.07400006728900395 0.035552905141392824 -0.04661355027923875 -0.09910986114088864 0.053354936710025766 0.018403596280354515 0.058383893036633674 0.03250091367456877 0.04515110140400169
0 17 0.06737057216537497 -0.05477449938235253 0.08394625535001532 0.05107176791688281 0.01931669708483105 -0.09923378652508995 -0.0843336529595839 0.030147991041000032 0.05783470928473527 -0.023853109710536446
0 18 0.05461375860143874 -0.03125096900255672 0.07877033286309203 -0.03449453309828534 0.08344000636961157 -0.045165521565739865 -0.02643028000744303 0.07333770928144627 0.03343042507800198 -0.08723026398695427
0 19 -0.09672315204102133 0.0694657046695358 0.0931002360817736 -0.08573637408111005 0.03918317096327031 0.0873132155693153 -0.07487199865713343 -0.09295750278710499 -0.04885898545826539 0.03602093123038829
0 20 0.01377104626703463 0.0916952835518766 0.09013982461386166 0.04462557523811732 -0.010904142458384976 0.08336269747815905 0.09228492908730443 -0.06686726646394604 -0.0762738962461295 -0.08134129220985784
0 21 0.0529753571155248 -0.08700064828264276 0.042139861941377844 -0.038776358709403116 -0.08472867502231995 0.03290417566043552 -0.03696709059502646 0.045792545218997324 -0.08886227284449613 0.013902278744223747
0 22 -0.08975899856425541 0.024700690660497585 0.07433648395765191 -0.0911637249350315 0.0639704659708953 -0.03566784487566 7.86290201318117E-4 -5.246180308156074E-4 0.036579929379260905 -0.08420067193596141
0 23 0.0069539103382784875 0.0077961639685916176 -7.306110920259548E-4 0.08385188333102864 0.06949830252077437 -0.07408971026057697 0.01748166045822403 -0.08711184241277302 -0.051650147204787326 0.050785896306178836
0 24 -0.02996887287697002 0.041457588952589115 -0.021053211357734383 0.0013742891363803743 0.04285018501636911 -0.07377331734785925 -0.05346046666116625 0.06873650377273155 -0.08137398326234707 -0.020866339400076834
0 25 0.09986146612667679 0.0695958929664918 -0.06167052800682995 0.05785830666692803 0.054175613311206454 -0.09803707605610329 0.05918240846083972 0.07634551768207695 -0.05483469528422789 0.06276012010585501
0 26 -0.09850044084403366 -0.06883584380601053 0.04785331192764888 0.0674175201128411 0.0796580592858618 -0.06537853139725137 -0.059755410511527746 -0.06596776907981684 0.02332491822457394 0.05159626618372815
0 27 0.05723242839071157 0.09040089430984957 -0.041744635693031135 0.06799968548763308 0.024405808512323414 0.052294661545298916 0.034964950873498185 0.05487868248344071 -0.04623137147295727 0.06621003801516517
0 28 -0.07658402196989306 0.06029478604673663 -0.06987838278650728 0.031184725376448855 -0.06887226854062295 0.07190918939464121 -0.009976438391267347 0.02800987925568066 0.04702130289052682 0.0693373235438845
0 29 -0.07308855392094558 0.0653149383904911 -0.06129595047348259 -0.019920903985609452 -0.005039076414245776 -0.00921104860706146 0.0906074947725069 -0.054390225881445695 0.005082239800581775 -0.08389188175046158
0 30 -0.02786150189957638 0.06838014347073072 -0.009048558987636592 0.018938942599379668 -0.029431641061673383 -0.09144083230982608 -0.01626406882752948 -0.04908951323038638 -0.04051158488052129 0.053589040752234966
0 31 -0.012102853000765737 -0.0443916844646451 0.053365893326910656 0.06507166775280379 0.008425814607374975 -0.016413318690522028 0.01855444232773673 -0.04622628386177311 0.017627378266189087 -0.03364094023314862 0.012005662545561988
1 0 -0.02534391358494769
1 1 0.04402931779623097
1 2 0.09124074876308413
1 3 -0.05833984538912795
1 4 -0.04529254883527724
1 5 -0.05516748875379626
1 6 0.009951531887054298
1 7 -0.040205199271440166
1 8 0.07206121832132384
1 9 0.021302759647369544
