## RankNet
## Epochs = 100
## No. of features = 31
## No. of hidden layers = 1
## Layer 1: 10 neurons
1 2 3 4 5 6 7 8 9 10 11 12 13 14 15 16 17 18 19 20 21 22 23 24 25 26 27 28 29 30 31
1
10
0 0 0.03864114346857343 -0.15249319544199377 0.0984292841716027 -0.1831983277277247 0.2520278156077403 0.35817646653815305 0.15565537425092354 -0.029930168862026846 0.038152891069964154 0.09534160233693599
0 1 0.00399236958126499 0.044459863226422036 -0.10329116169916358 0.05489445735990798 -0.10811531363229211 -0.14908993755720526 -0.13945264989365705 0.13994865646339386 0.05310710343650032 -0.02693785380612977
0 2 0.0942003370344882 -0.20309118308419466 0.10465438848962946 -0.40473402549924054 0.49533538750670514 0.6410332854652314 0.40353111570270006 -0.142442366185629 0.127639751399277 0.35579038483013187
0 3 0.17272180055932493 -0.619125503217254 0.07904328919681422 -1.0069502981049034 1.0393316143493367 1.541301703004172 1.009008705713224 -0.40254366379224016 0.3199978205309226 0.7908102177949171
0 4 -0.016448035035904567 -0.3183105243149208 -0.06266017061390564 -0.41605002701598776 0.3276701587281315 0.6111271890138384 0.2837181208246045 -0.19029415750660147 0.055306620972972585 0.18848518564674463
0 5 -0.05377331987911255 -0.11330604002790741 0.015965121116292096 -0.13760229825022102 -0.023636050633882806 0.06311676781480792 -0.055662726156162246 0.02902675224576736 -0.020608107334190384 -0.04911124229773002
0 6 -0.044372071248735066 -0.09715011058697844 -0.034265012069460386 -0.02118836543055242 0.056433713869889476 0.19432664143414405 0.09795392895028335 -0.04311920248283908 0.04399594930419216 0.10005262702246884
0 7 0.0637949491415742 -0.049442487146466284 0.04666249524465557 -0.10497294435350062 0.19707188710638213 0.23881555707876861 0.2626414961182001 -0.1091426640109358 0.0141752600589091 0.09046526445848968
0 8 0.048446345407064884 -0.10270475464900886 0.04607978134161963 -0.3068735321506713 0.2529922822037989 0.35928360419011374 0.32567477854961635 -0.12876603779296258 -0.004676502414118308 0.19300147637586668
0 9 -0.04383622981515571 -0.07398933794897174 0.06383148890892398 -0.17450519128461942 0.18787979241325992 0.06622915574188244 0.07571425350004063 -0.05634241014562657 0.056479051938961765 0.06598570680322978
0 10 0.09939716166703946 -0.13089114366525098 -0.05480031848058318 -0.23925338354864586 0.054442984652882165 0.16393454413638425 0.18352962909401654 0.02565894913574491 -0.010806748772992262 0.07086256901622388
0 11 -0.03164268001251221 -0.06221579174797131 -0.023610484617455057 -0.020236109795129395 0.04793233936109201 0.1375570357642584 0.14978231658805788 -0.015520606269561373 0.08214810326906817 0.07499873414864255
0 12 -0.04574014421020173 -0.049175790522662646 0.06950953895972521 -0.039707624907200964 -0.051243100861355396 -0.1152623258289046 0.046460688786425106 -0.02463821446961504 0.0246503840477142 -0.036424784709346805
0 13 -0.012492448737643805 -0.19152603489629225 -0.024325893013370844 -0.20202767943289004 0.20895387051982883 0.25389685168059806 0.09306223480173435 0.01749104553370415 0.008899324615039169 0.05141247365589936
0 14 -0.1921240783991088 0.5437246771063373 -0.09520653245809994 0.8583422195492642 -0.9909252500984168 -1.5328853832864031 -0.8591068373994926 0.39310095448027677 -0.3775890817007532 -0.7253062651803613
0 15 0.02777815511285031 0.18351384162074266 -0.005274882939637457 0.19744961146839551 -0.14620447863544178 -0.39916308801466416 -0.3054193350227454 0.0060561758553617315 -0.15989922214894223 -0.07772043496320138
0 16 -0.03853050423355533 0.12034030144818922 0.01789159830298568 0.05822924895465917 -0.11797945226783371 -0.14076873787164804 -0.10407673561746385 0.03108779921200094 -0.045869316841525315 0.014468896748269316
0 17 0.07115396181053092 -0.11052881457642735 0.09556916848760812 -0.021571756486730476 0.12102315507597732 0.1049475273665756 -0.030372830213999537 0.017513120523238578 0.11943949924537438 0.024016956637601644
0 18 -0.002936459434124195 -0.16768586311151762 0.016513990618914395 -0.13696972171332056 0.1758338945420921 0.23643766867841787 0.3059700816477743 -0.046667748825768976 0.060129650462005434 0.11244715286339269
0 19 -0.031190576314007082 0.04490145776619502 0.06140868054022719 0.03960995030023761 -0.1391778893153276 -0.11873975347884067 -0.16464973343673778 0.08612410772510957 0.03602272435673193 -0.053146567947716404
0 20 0.05173891874345419 -0.19968272821477154 -0.03434977245767246 -0.2872526385141937 0.34578047233563364 0.5417088174304465 0.22076704016377133 -0.17618416304640322 0.07166000534953194 0.209437830201915
0 21 -0.029756086246672444 -0.057883865460021715 0.10019401357525312 -0.2331886381753398 0.1405519213420184 0.2148224224054425 0.15918861920884084 -0.1110640794033918 -0.027196358700622175 0.15831263978359184
0 22 0.06215967937515845 -0.26538613479091977 -0.006219548351320848 -0.23106649753759917 0.4036390148724572 0.4477979901061775 0.3614407848477756 -0.21208581050904046 0.15872318882567574 0.2547907136214494
0 23 -0.03202960704428807 -0.08680241701127524 -0.05036090797362351 -0.1634852056017687 0.1600280974146166 0.19800361905259758 0.06110630847856959 -0.11022598524568558 0.10033635427397622 0.07097656636651908
0 24 -0.07118891925545245 0.0413690264286856 0.012708022191957774 -0.04158139264525283 -0.09342442496485054 -0.0378669509704729 -0.11640283795805702 0.005876910642621031 0.0049060367754274565 0.030409501743256063
0 25 0.013304816393548687 0.0872169685913984 -0.0927422361827089 0.047109572852498095 -0.1608051075483498 -0.12522563795403419 -0.17438321470659826 0.03147977373823765 -0.06983270455634241 0.02127584733523791
0 26 0.017701047579338935 -0.031101286218676676 -0.03621514801445671 -0.05098716094545259 -0.10538124222079656 -0.149670282288326 -0.1021094831908332 -0.09156057387488722 -0.07572652262902543 -0.12009182117510306
0 27 -0.0790120848320511 0.02282010071907515 0.08154060920966999 0.10463306631184793 -0.14961525252657237 -0.17180051738785268 -0.04940141203723272 0.10504649323274844 -0.011035207261488957 -0.15934465910659262
0 28 0.04881743162369995 0.10557382829943124 0.001045281279357929 0.029744200919449813 -0.12924959937338068 -0.04182979696971218 -0.030623916951512384 0.10953106457966359 -0.06243192188387263 0.014895580344225695
0 29 0.011361321815155383 0.051947735544525454 -0.07235385985878721 -0.04272565802889547 -0.10004000469468234 -0.01071749050652656 -0.056795179984662485 0.05329925643942046 -0.036112805546920125 -0.09261224994165464
0 30 -0.030598224579231705 -0.07248929358140996 0.019203034480616304 -0.12213567498377097 -0.026008787891409577 -0.1755125858917634 -0.12720827986040678 0.03221034299090044 -0.0636994673608753 -0.04748839385798252
0 31 -0.07015621017012126 0.07771991150503273 -0.0023658920529387186 0.02780688703523604 -0.15927071421680422 -0.4182487412500608 -0.13489063206215585 -0.04306387568191943 -0.09765512051264447 -0.21741108793990585 -0.5644308730379927
1 0 0.12044550708501012
1 1 -1.2180589127687684
1 2 -0.01738794176699552
1 3 -1.7260114325692006
1 4 1.6117540755736814
1 5 2.4106114418000195
1 6 1.4909561408873073
1 7 -0.8636085375794511
1 8 0.3927317559213836
1 9 1.0956216523154616
