## ListNet
## Epochs = 1500
## No. of features = 31
1 2 3 4 5 6 7 8 9 10 11 12 13 14 15 16 17 18 19 20 21 22 23 24 25 26 27 28 29 30 31
0
0 0 -0.024888872677680376
0 1 0.08846759213105847
0 2 -0.08011398952309573
0 3 0.05124485219624055
0 4 -0.06747905723901015
0 5 -0.062189056462237075
0 6 0.0028883018202616214
0 7 -0.06364379589646016
0 8 -0.08136627677823219
0 9 -5.135302387413974E-4
0 10 0.03395943670117734
0 11 0.012548928227808733
0 12 0.09265412834747833
0 13 -0.018646102652447545
0 14 -0.035738457060790756
0 15 0.06983085787868805
0 16 0.02894802456978567
0 17 0.04256866564282834
0 18 -0.006405134809687774
0 19 0.08541594192255368
0 20 0.08043293489487761
0 21 -0.016871281273177347
0 22 -0.09188271409047331
0 23 0.007906509899460606
0 24 0.03598335202595798
0 25 0.07267560074473338
0 26 -0.02445126524375008
0 27 0.03444794007760988
0 28 -0.023746666022584798
0 29 0.05921631611900369
0 30 -0.046363376828978044
0 31 1.331567727901042E-5
