## RankNet
## Epochs = 100
## No. of features = 31
## No. of hidden layers = 1
## Layer 1: 10 neurons
1 2 3 4 5 6 7 8 9 10 11 12 13 14 15 16 17 18 19 20 21 22 23 24 25 26 27 28 29 30 31
1
10
0 0 -0.39075282882808793 0.0966523696465679 0.20818963096552262 -0.1743435200018755 0.14140706465840597 -0.07226268390298775 -0.16022212562775417 -0.12295056972027604 0.24255162971577957 0.11448524284633477
0 1 0.20211499867481048 -0.1519320899008474 -0.031176160289374904 0.1599548825140446 -0.03169859697202952 -0.061763356039272535 0.17089435239417014 0.10195649194289205 -0.2537701085669204 0.0017086359670677221
0 2 -0.7263874899241234 0.25922429081557796 0.23906341896771238 -0.23721335703194713 0.15785553010497858 0.03385030621394316 -0.27132667185269366 -0.05083456587420627 0.5475364201713592 0.12416256504021525
0 3 -1.6258955411695484 0.4889608116572505 0.7298387057936957 -0.908319732589874 0.5859100680861715 -0.17794200787239844 -0.5350250786973885 -0.31019609693566835 1.2652912204517572 0.0948226362561947
0 4 -0.5286405094883992 0.25338598193450373 0.18961968235401974 -0.3266953117832059 0.08885681760397628 -0.10028567682730849 -0.08278805996479813 -0.12674407734087367 0.46957045451162116 0.06319547683202315
0 5 -0.015059340656484128 0.013469457391104347 -0.03158817147444936 0.02162444848399788 0.05878956483272231 0.07900168485023211 -0.02664486179749983 0.010339447993286857 -8.035800081926738E-4 0.08132687547349708
0 6 -0.038518452723451925 -0.016971586789401017 -0.027289863717363583 -0.0528517533228275 -0.03198628041141493 0.0675330358716613 0.0365853356135917 -0.07870736080529937 0.03127642177989127 0.02923996188379306
0 7 -0.44454892625458037 0.11040128757448248 0.19683613095563526 -0.23145643117405568 0.051839433026527465 0.07113672794464859 -0.03955480971462634 -0.15454822177764058 0.34460212757080244 -0.034360526188904256
0 8 -0.34991897571457475 0.1369838322292161 0.0920144091347794 -0.2556946344613096 0.1348426786487893 -0.12508542550039325 -0.2012951397581358 -0.11365971143142706 0.25016134859187567 0.0880226894024979
0 9 -0.13932281264818341 0.07013513800866313 0.14708824651253838 -0.03928093904016691 0.09456167984534132 -0.07474852434784109 -0.029386440880300953 -0.01612914688652433 0.2249963688362232 0.06240850209989102
0 10 -0.3445907295743278 0.1837201390178316 0.1581668749382869 -0.07200774401063008 0.1875143699263685 0.0020191668411910346 -0.10150483109505451 -0.02185045884301697 0.13435675592536866 0.11341573001001745
0 11 -0.34726444686711 0.03761818092348793 0.17731585350694318 -0.1513848348715354 0.11956793019478297 -0.09159846798780898 -0.1349208347406982 0.00981915142991893 0.18798885512892916 -0.006808575600628141
0 12 -0.024831218931727458 0.09460659701038371 0.07896366887576867 0.04175842432008773 -0.051049629487127976 -0.05936745830573915 -0.01708947048084314 0.05511427941575493 0.04998349064974442 -0.03990578620597188
0 13 -0.3455987752298455 0.08060388912751376 0.0880571045498514 -0.12975033219845838 0.10917329661732562 -0.021430239150935997 -0.10669458037129095 0.004590475277114782 0.3188936404846382 0.0846840741536464
0 14 1.3723473383371694 -0.5575181506133969 -0.640991453086485 0.8145678890255985 -0.5136337261939454 0.13718578361085904 0.5152121955598604 0.2751731906226618 -1.2217692586080364 -0.1410995338748203
0 15 0.26704353944239934 -0.1762940722152147 -0.13797657328257112 0.13011324383661402 -0.13011615323819647 -0.023761143981110032 0.18154414695966156 0.09099911757310246 -0.3620944339769771 -0.11059949572023077
0 16 0.05279963754730097 0.050031346043775515 -0.062096086119966816 0.0525136494226769 -0.04632811627910528 0.10145751352749442 0.012407228258389016 0.0159305107436535 -0.06465942612668361 0.06907031231154408
0 17 -0.024697009649962246 0.0791870655086406 0.09793024184129061 -0.13530928002361403 -0.022155310460268838 0.053176480076296495 0.05344520975791544 0.04314638480221161 0.1337645034396338 -0.0023878908205502074
0 18 -0.3657479630089295 0.12254185753001025 0.16566344843484537 -0.12133099332163477 0.058158450805728866 -0.06115106005987857 -0.1374095894799994 -0.12648724316968254 0.30728344833172216 0.021824993374528777
0 19 -0.021467046770348778 -0.08058011432041298 -0.12624504024260777 -0.02139212615849165 0.05842387350665724 0.10090925630341582 0.011980684714337417 0.025195148159764622 -0.11530695043996386 -0.05314170650953186
0 20 -0.458641061992953 0.19200107145607917 0.17645959646383738 -0.20779185119238955 0.27037145605482865 -0.07694746808866286 -0.20865067888156602 -0.024707911290555096 0.46487873862417955 -0.002568893522650097
0 21 -0.2772471731185945 0.03150783458352575 0.09158174564306402 -0.17147048478332497 0.04921585652630912 0.05217074518816979 -0.08696118121859267 -0.09492903401649312 0.2934207451689969 -0.0527940529998618
0 22 -0.570819174717289 0.1767443439283187 0.19999918861011715 -0.35981325753847293 0.24899412531136395 -0.12586681258309407 -0.09170767635786946 -0.0933126545884691 0.34169606504238814 0.098696784348678
0 23 -0.28566705289803085 0.13082097781098279 0.012704725621323592 -0.17040405294520453 0.005000715998593888 -0.0998845905607378 -0.09207091553355061 -0.0813776390535193 0.15262039630225546 -0.08303094241139623
0 24 0.09390340639191017 -0.058157739125164025 0.0373479462110046 0.05426278810411344 -0.06200350467598568 -0.05256157085003111 0.0011555823211998732 -0.059901385410625785 -0.06321548391925091 -0.08959603846185799
0 25 0.20509479058390795 -0.08270379750055444 -0.15024734289385558 0.05083356705378268 -0.11223555296445324 -0.02225955711470837 0.13578030000104194 0.01770122233168161 -0.06969036466108952 0.05097761241425058
0 26 -0.1525456831279976 -0.05849342444419734 -0.06167252086347543 -0.05939976269181764 -0.006451490283557562 0.0022206531368549193 0.01382653515763612 -0.02592220492875736 -0.04545174912603861 -0.07227540459150096
0 27 0.20427710096509974 -0.15146490065468546 -0.029010810641717365 0.10842724743811911 0.019183660947088635 0.08311184742671467 0.11872112526771879 -0.011985466954936966 -0.1685318139472309 -0.06417274513798063
0 28 0.11275516722690145 -0.0012597935799805034 -0.14855552712729372 0.09468016546429134 -0.10857822138652838 0.035230922896493586 0.0757197305096154 0.11760402459369113 -0.04245212505331427 0.08104124700238505
0 29 0.08977998562485558 -0.038715537257865425 0.04110473902379683 -0.04239098544118058 -0.07670502346415224 -0.04470970460972044 0.06832772109524102 -0.08786074965546452 0.04114367583534557 0.07032207507906384
0 30 -0.28589451181750536 0.07743917668900722 0.07795886022716102 -0.04995382989186084 0.03643992699572035 0.011675779194691075 -0.05416986614982441 -0.002650128969930035 -0.04262715375597116 0.062363865688745114
0 31 0.03787539000468709 -0.06679932635525293 -0.06476824094110126 0.07876101652636364 -0.06968309032495215 0.06713194934189377 0.06248592877340969 -0.058285606261144964 -0.20219549004501225 -0.0383205301880685 -0.4011508836242233
1 0 -2.5845111916293657
1 1 0.8355196553282728
1 2 1.0312865728673866
1 3 -1.5890167204994536
1 4 0.8048022235333256
1 5 -0.4168650102193085
1 6 -1.0765350125899107
1 7 -0.6505058311846821
1 8 2.033943213425009
1 9 0.11530804625044506
