## RankNet
## Epochs = 100
## No. of features = 31
## No. of hidden layers = 1
## Layer 1: 10 neurons
1 2 3 4 5 6 7 8 9 10 11 12 13 14 15 16 17 18 19 20 21 22 23 24 25 26 27 28 29 30 31
1
10
0 0 0.16946731913560756 0.2666199262874827 0.1406568977969942 0.24936658975935785 -0.06798339671026436 0.1997774972393177 0.024373745486257318 0.09415794430499388 -0.25512774502420715 0.04460681766643698
0 1 -0.22649027127301133 -0.009160524824125422 -0.10873988105462574 -0.14737568437669435 -0.05892052032962777 0.031648967097117196 -0.14051104326186345 0.044537666740926185 0.053140768278511094 0.08979851691101437
0 2 0.4349441389836295 0.3733005372329796 0.13589379527401313 0.36725747228954025 -0.0570649270762548 0.2941983095313591 0.29991299112451897 -0.03096260519073279 -0.3979722718900546 -0.05798685063463084
0 3 1.0651493018247404 0.8328312942096355 0.4822886066767738 1.1718894169098588 -0.21386630184957692 0.447309493121606 0.5735208500500214 0.0982883302028374 -1.0400015667209561 -0.11790254685547376
0 4 0.35184125370546193 0.20908253518945152 0.27904139389985466 0.32123194943771943 -0.11332830818741886 0.08515474281690102 0.25148838291345676 0.05179678010440872 -0.39904124484240805 -0.15217860160863123
0 5 0.0840642022478703 -0.050339805558202784 -0.004873725130789051 0.1526237216382683 -0.029704682530468856 -0.07191271501099157 -0.0103477804093966 -0.052755582564965625 -0.04651696162934799 -0.029738010979973573
0 6 0.1251239784977351 0.06599224741104787 -0.02765117075893065 0.12125798470769501 0.03411219535755474 0.026391950076714 0.03667866884605174 -0.028257504540306243 -0.060773258911500774 -0.05658066741420303
0 7 0.16643931898888129 0.15524634021190645 0.12282340840130053 0.3222998636471102 0.010371679347544634 0.17452735163967617 0.043756113835976565 0.09480479009398671 -0.25974115293595973 -0.0849600657039961
0 8 0.32004853213772394 0.30435547321875034 0.19300000416927715 0.2681123442491925 -0.11849066588330193 0.0546741880580402 0.22657148220931836 0.11568431922799889 -0.25682114129385936 0.020923513861272395
0 9 0.21752414168313017 0.17547053249283828 0.040861435422672926 0.11281865483505933 -0.10740756243766314 0.07907500192918514 0.09601761128845755 -0.03205702175567318 -0.17355008279839704 0.0015509970513469808
0 10 0.24246763791528625 0.16790104985947552 0.10455320466586718 0.11589881979620976 5.28518585354902E-4 0.11479026021299812 0.09336321586816426 0.100267725633029 -0.18217615008053298 -0.026849868758719683
0 11 0.1703207874126466 0.02842639509503621 0.18161772558617745 0.2568421417266954 -0.030634325501042885 0.09923134570114252 0.05340380300818195 -0.06766475722026091 -0.27966916235164074 0.03359601700765702
0 12 -0.04084907350499384 -0.09517397188023372 0.014877149709356524 -0.025308368669777467 0.006569426055943537 -0.042019870689969326 -0.02028370711025258 -0.06170616767483138 0.04799688552483152 -0.07276724771334679
0 13 0.2762568773896232 0.15322612249625056 0.12738903105183996 0.2605537921758735 -0.07205744464018721 0.11641107542734576 0.008935874820617353 -0.07571477649741433 -0.10376901717311186 -0.03537688526590468
0 14 -0.8758716779277149 -0.7568774019542593 -0.513866032022891 -1.1405261527150923 0.14022840832169392 -0.45615102192348955 -0.4785985443061228 -0.10995004684346199 0.8667961781504032 0.21674101282980282
0 15 -0.20776652824164063 -0.13620350029465292 -0.03974413120692294 -0.25604066672978865 0.12498226691476733 -0.1856581444328855 -0.16932118221314346 -0.027547208866542626 0.03627421953991884 -0.06062978179488159
0 16 -0.08233809710093824 -0.018180096599683292 0.07858477511023444 -0.027827609258589334 0.012540716075969112 0.020678785823216615 -0.01870534051761216 0.08407123690936205 0.027167355361621695 0.00824596080139408
0 17 -0.015296826791856137 0.048567822606615574 0.03867233816543283 0.021790875954705295 -0.11519739464014199 0.12482473093464386 0.048865045672371134 0.07420205707399673 0.01362760046656768 -0.0549229405270818
0 18 0.22970487194144706 0.14245883310107602 0.18100672595647702 0.16756952440564135 0.03642099108123217 0.1656892978632172 0.05622655587308782 0.04095202316080619 -0.29276974083783225 -0.09882559408935453
0 19 -0.16782796267570127 -0.05530107927499832 -0.032211998958833796 -0.17776606088737598 0.022554007390041163 -0.13096258731231603 -0.10044347745857828 -0.10157219315993433 0.195415833757056 -0.027392242554297817
0 20 0.30738247958190895 0.34464239042510114 0.2628759531630183 0.3107703342417723 -0.13849007901093902 0.09754870460040616 0.08348651133127576 0.12791990137907888 -0.4203714905650501 0.021153647762483203
0 21 0.2631574659769654 0.19433958291006598 0.0019449594161632991 0.17321100223578484 0.03764509858771978 0.17016935924333526 0.12572523301360844 0.04659608850095454 -0.21778877074444167 -0.03577200606056991
0 22 0.23811779704722796 0.2614016959506087 0.13051127521361283 0.30109787750447886 -0.05059100578356239 0.20839918329340446 0.24362555695481983 0.019373727522005113 -0.3618659578302812 0.03195043117458771
0 23 0.1546782224057905 0.0622574159839277 0.03259295660320268 0.07057873843473937 0.06438190961104924 0.03375746128128716 0.13515045559326816 0.03504563736357375 -0.0488067542266893 0.05523072939086102
0 24 -0.1552000330714999 -0.12154633042283017 0.039162702629436344 -0.11740178910094741 0.10503582453150041 -0.09438403636721727 -0.057225118791815396 -0.018415105531658003 0.01992808351247826 -0.004259649377259123
0 25 -0.11807170484670503 -0.006665280183636475 0.010446072071780579 -0.08487024767152135 -0.039997496848950306 -0.10350073116623332 -0.07864305570262826 -0.07873385600409047 0.004948025987172674 -0.044799383728635456
0 26 -0.12207144847471414 -0.02157871579116595 0.06996295623272353 -0.02541641153985199 -0.10764023818338667 0.07141833189030863 0.06478128311269013 0.014612710494211607 -0.023423124391795936 -0.07057008665366515
0 27 -0.1712559527237774 -0.1796628844763826 -0.026753704509424082 -0.19361697175660555 0.08929512836572592 -0.12345765772067686 -0.03340170465606385 0.06943044415881042 0.010740178142920496 -0.004210286905821775
0 28 0.011508934954798584 -0.10019863125172654 0.02856965263736417 -0.14427257075094546 0.03943737614506442 -0.028678654535884557 -0.08452899381732312 -0.037854212336746726 0.15578091758982765 0.0407632365381699
0 29 -0.06575543508660782 0.0023829509900807674 -0.040475825418874435 -0.04347394442980089 0.05103682036042501 0.005148988464019534 0.02683641695024048 -0.05232695043402567 -0.059977660552300575 -0.04053818615734658
0 30 -0.06824111474479835 0.007028471621650387 0.0295579471903208 -0.028119587081941066 0.07094527047730796 0.03944679826650273 0.06810398454209692 -0.08288634222721983 -0.08916899892122182 -0.10298846114307834
0 31 -0.12163554324163496 -0.08476738099357958 -0.03563093722625921 -0.2619771461883562 0.02623625650344926 0.02623519181995944 -0.04571625908346333 0.030988973808044853 -0.049298462569756965 -0.014235045066237876 -0.43862931195104476
1 0 1.6400569056944845
1 1 1.3167732284314857
1 2 0.8058564824523499
1 3 1.828472416403735
1 4 -0.44832514999079837
1 5 0.7609000784078146
1 6 0.8559450017340343
1 7 0.09829514548409654
1 8 -1.7393849628349909
1 9 -0.3592576754855927
