## RankNet
## Epochs = 100
## No. of features = 31
## No. of hidden layers = 1
## Layer 1: 10 neurons
1 2 3 4 5 6 7 8 9 10 11 12 13 14 15 16 17 18 19 20 21 22 23 24 25 26 27 28 29 30 31
1
10
0 0 -0.04760674591702944 -0.07389249406120639 -0.09889623488557414 0.21183561057731415 -0.5617027483991384 -0.4439620189727495 -0.288632499358261 -0.13595029143222492 0.01536256853475329 0.0402495050037038
0 1 -0.03313770997594284 0.11174162747361518 -0.023805590413535402 -0.1395515493552285 0.11140950719485211 0.19574187322657938 0.11570524115731198 0.11244503109074307 0.011665567975747615 0.022831103825239042
0 2 0.027697367523415225 -0.20690955395335944 0.011458734512532213 0.23560012011725703 -0.806803112791705 -0.6966999838067014 -0.5312407115002026 -0.17949279021375814 9.887708790085475E-4 0.11315994272769736
0 3 -0.12980816624021668 -0.6959239690071604 0.028181802956880133 0.6886765333206396 -2.175627685394224 -1.7254680455046203 -1.051080027135134 -0.3641271259088757 -0.13923708335712331 0.1510250818422485
0 4 -0.10547648289263585 -0.34074084584693953 -0.03943304128088283 0.3389621276272538 -0.8082918564201786 -0.5172363191653997 -0.44372133874729364 -0.08433538067337466 -0.10111716642978637 0.016080262688572048
0 5 -0.03234244910396929 -0.07179422854543908 -0.0895836713481718 0.02932481863779485 -0.11765835304818913 -0.11816457553154401 -0.11458440710846474 0.05084190451182971 -0.042236836655697566 -0.05832600284668518
0 6 -0.028663494679702445 -0.1432617521158187 -0.042363218835074934 0.13756751799857758 -0.23444570552715044 -0.1909326026499195 -0.04018211078315056 0.022984478764537825 -0.004978693092659632 0.09180407621735077
0 7 -0.07868108207100186 -0.13085709411933316 0.08031129434741544 0.11778133855845854 -0.5106080415952877 -0.3893087192099139 -0.24144526951733672 -0.14417353169371594 -0.09059956313920065 0.13817041116453946
0 8 -0.07208286261102706 -0.1343127704248412 -0.09627208181849402 0.1725522721139291 -0.5884614034913629 -0.4398867127511002 -0.26370180738029786 -0.05012739640559285 -0.024232939819167937 0.08640269898716098
0 9 -0.09143703357594023 -0.06584960591822325 -0.017920068046912138 0.13920409340314907 -0.2956480858561844 -0.20629403391591147 -0.05909252241868391 -0.07390660177018576 0.028936517704265023 0.04894732262365181
0 10 0.04155370991473959 -0.046208481092614384 -0.06427830764812735 0.09290437589414507 -0.35327583187536565 -0.43756348295730263 -0.1496953535762763 -0.17570777071000157 0.018395719664346676 0.12378598932325066
0 11 -0.010099288044910401 -0.16721692245410466 -0.0529690835737937 0.1304245542705451 -0.3278873737308938 -0.2330361111218824 -0.19428090073767865 -0.1376239727937583 -0.03625341909164012 0.0133625373085306
0 12 -0.022463049034044294 -0.028594014253648038 -0.049202702235350525 -0.027832303571795593 -0.04404775557383361 -0.10646046900177909 -0.07241027708725586 -0.018685628485426084 -0.022535954740764058 -0.012952762426318048
0 13 0.05982356202061331 -0.19450494613142846 0.06991466932800386 0.20042334099974046 -0.35118541414776455 -0.32605453767244086 -0.2018946029100306 -0.09188054795733996 -0.06631532164574333 0.03383442912194364
0 14 0.16511776657951543 0.48692285391929485 0.015341493902258738 -0.5598655772792347 1.5900875490181479 1.369931999979344 0.9330022355374373 0.26346383054094735 0.053440179122160696 -0.13835417343394063
0 15 0.08503153395914237 0.14832808126013272 -0.0923502384014854 -0.12007854010611603 0.10672164893548658 0.0772429030378396 0.14480781341786028 0.10506375602043838 0.044619173956072525 -0.052317850564440355
0 16 0.05227847092535616 -0.04202920403185858 -0.08716634613400653 0.060918964449228154 0.04777895153427543 0.09701793887882186 -0.024510622155869 0.01426887849570873 -0.03840760952173266 0.025642982679584928
0 17 -0.10694931996540352 0.02577077612961036 -0.07944010476624859 0.04112854571771823 -0.05512908241385851 -0.009112229207424096 -0.037678432030548416 -0.07150733162689857 0.007716911480121068 0.09105010660514808
0 18 0.06379363758753004 -0.18483491348395836 -0.06037380989444499 0.22075642840279416 -0.48260407967499225 -0.37485592516236904 -0.294255165490416 -0.02604267131716017 -0.11050714988313388 -0.050296903589556144
0 19 -0.0868027240894288 -0.0029275493182939413 0.09052461578814529 -0.10654316938237311 0.06159220720274885 0.12243733593915279 0.1130065610811215 0.10393149582635086 -0.027739572388831474 9.583847237686462E-4
0 20 -0.041762446532514375 -0.16945586836572832 -0.01558855422897796 0.26308924225134567 -0.7908689736301451 -0.4910290465557318 -0.33026917255177635 -0.22628171952505932 -0.013606634352529227 0.06733070922016406
0 21 -0.11612844667669983 -0.11795161624245674 -0.08925344251249721 0.18044849490601758 -0.2997737776042936 -0.213793411173605 -0.09849085274704202 -0.13197426656551148 0.0016835384730866062 -0.0028448427427472923
0 22 -0.06005825637405453 -0.2621627658271141 -0.11407137640213338 0.13571731883360813 -0.7336196940911967 -0.5813333475531453 -0.4275448590341488 -0.15167492798909302 -0.15296177613678363 0.14538861640423598
0 23 -0.08094220756454928 -0.03528707431989691 -0.04376703644024128 0.09696909435267674 -0.36393881608890866 -0.30441070499985323 -0.07044779302793829 -0.11568340007947847 -0.01107844518622164 -0.007562896000142672
0 24 0.07877974177464789 0.03733580934499704 0.04785021239241486 0.01875586589659462 0.19739318221525784 0.20837192484868358 -0.003371455063819586 0.02374610769056309 -0.0600637981725475 -0.1044624378769294
0 25 -0.08584276722680624 0.14296538907738934 0.060125611438475876 -0.04542185332982349 0.15496501078747468 0.14626183589002284 0.1604060313162677 -0.03196962539976673 -0.009472559051066531 -0.015891643886277278
0 26 -0.11340969185628111 -0.19386836936040094 0.04944444576153645 0.08357274372945254 -0.44769251458760867 -0.373164854524771 -0.22401295817819267 -0.06175353555935877 0.010612652987562898 0.08637091043277
0 27 0.016572435979596914 -0.017076385321260698 -0.09482687023864206 0.0031855392579788603 0.01671270274469662 0.14890398039898184 0.011561945395586843 0.09242643444664221 0.06395635579447459 -0.052092354026307554
0 28 0.024992777101762023 0.0872171449870592 0.005199014661075863 0.04871879689200807 0.22483842386069597 0.1160904367324118 0.08448861257534734 -0.030444841215385807 -0.07040206030875965 -0.08912487939658767
0 29 0.06493713887620389 -0.0877336155009465 0.026387910553152826 -0.02168900199553378 0.061781688434579374 -0.04852972041840903 -0.034210795100847756 0.016325328129523455 -0.05123393669021016 0.027210645815280415
0 30 -0.05434606678430277 -0.005808770429066655 0.0682596188987756 0.00824239039389356 -0.3920100149218212 -0.23439094677825406 -0.08785479493194404 -0.1532217565816635 0.016831099513292702 0.10580416182630567
0 31 0.003508338308711801 0.033402091945052635 0.00891858377190669 -0.15011371550762065 -0.07861157818543556 -0.13781105209380598 -0.10308219676606137 -0.06655642000467692 -0.03236054597725535 0.003827637415708032 -0.11140297748643682
1 0 -0.29934210281995854
1 1 -1.1079856144036186
1 2 -0.10313293593364406
1 3 1.1287755131370265
1 4 -2.8409050028602683
1 5 -2.4656323455857447
1 6 -1.749550976969536
1 7 -0.6866266518912507
1 8 -0.2464615379417284
1 9 0.29242703420746646
