## RankNet
## Epochs = 100
## No. of features = 31
## No. of hidden layers = 1
## Layer 1: 10 neurons
1 2 3 4 5 6 7 8 9 10 11 12 13 14 15 16 17 18 19 20 21 22 23 24 25 26 27 28 29 30 31
1
10
0 0 0.01473174600388559 -0.4159347633220219 -0.4261400620071186 0.02634670282958279 -0.17626394726132527 0.0797433291325588 -0.0872203743753943 0.3220152587142611 -0.08575889070946234 0.12484647207876252
0 1 0.039310126991453316 0.07629843684445566 0.18922664877975606 -0.10559752515670584 0.01604249464617158 0.01349264763391465 0.09708771239367467 -0.19388171622605782 -0.00923696755324345 0.005735505894257864
0 2 -0.043333245148512806 -0.7077788717880305 -0.8011559863867811 0.11208201303857823 -0.1541157430554932 0.2576428059403543 -0.1244154859006424 0.4668069260028809 -0.2070808985039638 0.2588936576648476
0 3 0.17751139268558663 -1.6370158161441222 -1.7315479553650177 0.4146681954511754 -0.42889776702306914 0.7200659688101065 -0.09889470435664456 1.2959428165594458 -0.6630478292069752 0.42421527526454084
0 4 0.12495506024275634 -0.5865277580674723 -0.7423031180074589 0.13528834580478385 -0.23421864873456189 0.15191297601349552 -0.0864789914843425 0.42557385908074125 -0.27564947626449854 0.23732581306289524
0 5 -0.04382601972436711 -0.1413217419063966 -0.10432118783356277 -0.047660701605001014 0.0583356924090814 0.009541910879030193 0.03720072402857845 0.13105106324439209 0.04225091364944548 0.09273056172958961
0 6 -0.02395242489675405 -0.2186023361902751 -0.22400229696997428 0.07037428115328455 0.01014884511012192 0.1160013312859431 0.032459812536455634 0.05390186589790414 -0.15711309457163222 0.12433149433561645
0 7 0.10310205000446392 -0.3135744333936054 -0.27799718086001074 0.15011974923281138 0.005988361653427325 0.18243369970313913 -0.04788809906947082 0.3266435670097198 -0.15070125767052958 0.17360467740732585
0 8 0.019551290328929077 -0.515787421372346 -0.5664886523228051 0.02061321134626504 -0.047412620754114315 0.09862929436101907 0.021548735015536693 0.36855430447863313 -0.17793237429702435 0.13591826909839547
0 9 -0.08123148041976223 -0.25398653873401017 -0.1612587672174049 -0.029347826422998716 0.016418027530192187 0.16100145857247047 0.0012179091807987162 0.07362114169526825 -0.013254107646003073 0.009595911894179769
0 10 0.08230642756498534 -0.23013396778252637 -0.2750310816408403 -0.010209497004394597 -0.12467195908963694 0.1925195066769544 0.04070525307396111 0.26651215617378493 -0.09403572998862715 0.01912347639551735
0 11 0.06110223204479246 -0.11790544175154939 -0.1582428255018639 0.032775053420759 0.014765585720436809 0.12196238642994946 -0.09079428544116148 0.15482854412391764 -0.14626828396136043 -0.05615976190956342
0 12 0.02915985800634749 0.017528053094297138 0.05040977890235314 -0.0032609545375391026 0.003556503369729857 0.04796771141427651 -0.007710894257517551 0.0449738135098832 -0.004206061904178136 -0.07838442798659473
0 13 -0.04285096245076196 -0.3030930085628267 -0.47081993444505954 0.14545411471172637 0.014784954664729552 0.13203359273496584 -0.03921597251526545 0.33061827564795804 -0.20647735363806216 0.18921140509965045
0 14 -0.05041178172725325 1.333845036802512 1.4643452021953496 -0.3770776130952978 0.2435250879146392 -0.5484190277269773 0.15861806456448496 -1.2816761264445296 0.41127836020560704 -0.44313651343395616
0 15 0.028473691578889026 0.101400457784691 0.24416536855974838 -0.10394046715916445 0.044458978701912524 -0.06254161585093328 0.010423200992472598 -0.19962382210578344 0.05943377563160247 -0.08183518002860936
0 16 -0.10626604236104485 0.03909719127548621 0.13824603155033618 -0.07378521021114776 0.04218565667735821 -0.12687731693324106 -0.08207612143796283 -0.11731308380553027 0.04746554169319119 -0.05743503299508608
0 17 -2.4523841257288086E-4 -0.04387901021972716 -0.1104179269990744 0.08137512405991185 0.011336797347518981 0.10883802967576582 -0.06776967099081582 -0.0051447619879362435 -0.08136554855287235 0.03520473220170016
0 18 0.12681496589473498 -0.33643822068450363 -0.3566903410794517 0.18124439399252587 -0.11738393614499026 0.11734276072040196 -0.04206394013378389 0.33370454924510784 -0.08296943109600322 0.050827013395209224
0 19 0.06494266727774797 0.11856338736123842 0.16210608630802215 -0.05216213481189957 0.0989866544440132 -0.032259763173285154 -0.07846183099692859 -0.19381429666038782 -0.04897679911181371 -0.031822673091428
0 20 0.1429053790668887 -0.5390035764841343 -0.6697072660580327 0.15557121350231512 -0.031076886566551942 0.2790329388089079 0.012159106323643604 0.4058500642363111 -0.184610621208549 0.18858518611295447
0 21 0.06235905646511533 -0.30497255547149105 -0.2573945185982262 0.16674129104498758 -0.01375900686861264 0.13481023848215642 0.05939485113962749 0.17198442580004314 -0.01755119024151592 0.1191677143353807
0 22 0.13234102440730372 -0.4334517238912932 -0.6636474172695609 0.2055130650165094 -0.03524694795711929 0.14282680908871664 -0.0967397026401313 0.4321663433839839 -0.21085664651926006 0.23040518070283633
0 23 -0.031051540121884786 -0.1626379622617738 -0.29615383698723413 0.007273582398134924 -0.08539657803226262 0.09006438154192001 -0.07243669543550785 0.13922060283974222 -0.0851326198498316 0.10241526940799843
0 24 -0.10541972583627615 0.14190748512503706 0.21746984560458543 -0.06342431885573803 0.13882783587889055 -0.14769504038665693 -0.0642667925272183 -0.1904573886535704 0.07603304681752221 0.017163296231387338
0 25 -0.09075814256819367 -0.04275312210738265 0.05933440467115766 -0.06706814707542129 0.006745049117623592 -0.06957475820393612 0.013597282137249828 -0.15764792254076768 0.10550951376060627 -0.024859256712412774
0 26 0.09192426720668555 -0.08006760480917582 -0.149578961982664 0.05407478422471576 0.04834297907062364 0.04126487899875465 -0.02637847943892935 -0.1013504307182157 -0.02282612690772577 0.08952575605258997
0 27 0.023627943429898206 -0.007071967520122455 -0.008119293509862475 -0.07810973158069887 0.09568885746080534 -0.04095639195568844 0.05526211046655101 -0.01100113441107803 -0.029548747582520074 0.025683241631102097
0 28 0.061387454083095774 0.17205597385878013 0.16716188164975615 -0.039815185941722356 0.1174251740270507 -0.008914976173069055 -0.0521450748099437 -0.205831351502423 0.09515149381328947 -0.06665895184726646
0 29 0.07916376452057237 0.10012167541459521 -0.0787502067592022 0.05812442052327278 -0.08087167480601481 0.041015552190611045 -0.060770124429923966 -0.10471989737604927 -0.09119244941099248 0.07171833870074866
0 30 -0.005452238780812364 -0.21279042186726008 -0.16352658316145832 0.08482659820713427 0.03863991826061666 0.08072723500702521 -0.046934321928509964 -0.03310849665067163 -0.04462498747149101 -0.023756577427528694
0 31 0.047030970539265575 0.04304992507493049 0.039096331559808316 -0.03243775939692562 -0.04866265730375101 -0.02617514077156214 0.030007755258664736 -0.33138520282549805 0.07896966951716021 -0.1576572682666033 -0.41499564764795877
1 0 0.09913651174340377
1 1 -2.5560746029928665
1 2 -2.8566313646970136
1 3 0.5762428294534375
1 4 -0.7320324222555057
1 5 0.9459242511756847
1 6 -0.38157309798166755
1 7 2.0740565708458525
1 8 -1.1066633721715928
1 9 0.7089712754227933
