## ListNet
## Epochs = 1500
## No. of features = 31
1 2 3 4 5 6 7 8 9 10 11 12 13 14 15 16 17 18 19 20 21 22 23 24 25 26 27 28 29 30 31
0
0 0 -0.009218110892096306
0 1 -0.019917048984674723
0 2 0.05045362815287768
0 3 0.08182628605734801
0 4 0.07037856263286905
0 5 -0.018397194627327064
0 6 -0.021233196188268702
0 7 0.0032694803907854955
0 8 0.001732209448354625
0 9 -0.08859491997454345
0 10 0.0957440237112501
0 11 0.08879314076950375
0 12 0.043929437460329394
0 13 -0.05339214838161407
0 14 0.030518878519396563
0 15 -0.018469873300718986
0 16 -0.008489874589930696
0 17 -0.02078091445103618
0 18 -0.09229236087168027
0 19 0.09311209793666249
0 20 0.03717164399857028
0 21 0.013882301500950062
0 22 0.034872850555892274
0 23 0.03617342281367784
0 24 0.04573262115536471
0 25 0.022743149725219236
0 26 -0.02537568204582142
0 27 -0.0534939376136461
0 28 0.022788237610312338
0 29 0.006357544524034269
0 30 -0.0687114434546059
0 31 0.07518412917852402
