## RankNet
## Epochs = 100
## No. of features = 31
## No. of hidden layers = 1
## Layer 1: 10 neurons
1 2 3 4 5 6 7 8 9 10 11 12 13 14 15 16 17 18 19 20 21 22 23 24 25 26 27 28 29 30 31
1
10
0 0 0.14608797439292476 0.17111789805621827 0.06654174297395679 -0.15620773900504917 -0.1075253712327991 -0.2104393478153506 -0.19964928895307385 -0.3168816441234836 0.13226250668813322 0.22092919117346288
0 1 0.04407489303683986 -0.04974181706161963 0.009552353910164948 0.19857295979338407 0.15714410963950576 0.10842078915104607 -1.0615099742322372E-4 0.1647258305671511 -0.09288800004385901 -0.13692356054411345
0 2 0.11280940101889825 0.3236222055542178 0.29570862784144153 -0.4196312812457321 -0.24445582430335486 -0.25973560052327344 -0.34283623712858335 -0.45947883963349884 0.4260017954249272 0.2758346052784077
0 3 0.2939768154861099 0.5857110482300363 0.6153590242400583 -1.0827020102508043 -0.5439216362229207 -0.705334015903611 -0.682603150409681 -1.076847933276153 1.0545068451462947 0.5012667446429416
0 4 0.16265467588892368 0.3057326808114598 0.27092208068827567 -0.41299065206514407 -0.27558311661170115 -0.21090886288912358 -0.22973055564846376 -0.3796533428629698 0.44718958122594044 0.24614434076277084
0 5 0.11353128615457335 -0.007857954837213995 0.06197448189352512 0.03523327868675617 0.023579846131491722 -0.0532330651938057 0.017137204044933015 0.002386146748215406 0.041700895447312744 0.04811248874510251
0 6 -0.06174931045066743 -0.04158813271776069 -0.005415179685699239 -0.12654730358986718 -0.058056741063991286 -0.11703719605236854 -0.15215099693188064 -0.12987166040230447 0.13319732591932384 -0.006055476833112161
0 7 0.04693796026796035 0.14289851895600705 0.19448726136588007 -0.30134109202035003 -0.1900526681674336 -0.16820302318474367 -0.2163432959967429 -0.22057944524065354 0.22909734445255048 0.2213673853692251
0 8 0.14998191932141872 0.19791058503529135 0.2688754522214928 -0.3014163501279818 -0.07024708280264162 -0.2397560361642672 -0.2455957749931013 -0.2443668701347588 0.27585303094687597 0.22171808846046553
0 9 0.10502363586686077 0.0830335047318494 0.17025314148611176 -0.0748290483434367 0.005097160562942412 -0.04077926664837114 -0.15752575652814874 -0.12799830086259628 0.025520905172622788 -0.009899535410847884
0 10 0.06792940890545324 0.14228644236875224 0.16587650009377977 -0.14533432788875106 -0.023557572841359682 -0.17211751618944798 -0.19849279259247415 -0.1359726210676141 0.10263333674112714 0.08519797774600785
0 11 -0.01671166060853574 0.12823552214278855 0.060769394746188914 -0.08699960000157282 -0.10854091320011358 -0.12168933826959313 -0.06536042286995403 -0.06717756763878595 0.15134299888140304 0.09447087242201081
0 12 0.02156043443363101 0.04880562378198197 -0.10307280801919722 -0.018591555263562556 0.03864411060472062 0.0812924463703609 0.018873542404640006 0.05686030746600956 0.03116948519641978 -0.016881433438208034
0 13 -0.030688823209487567 0.1897053777584764 0.17637469717177306 -0.231311717776379 -0.16343702752467532 -0.2019147817032012 -0.061048458239829295 -0.12838884018959223 0.22316733092958183 0.1481794807253165
0 14 -0.25386031788933655 -0.6056595648121079 -0.6090650933258654 0.7814151526481854 0.4474053898031407 0.6702267070583908 0.6942457690410878 0.9060421741924299 -0.8852778427696795 -0.5127344253851466
0 15 -0.018881760703887543 -0.1967099483561822 -0.1445159985382441 0.134225930424815 0.08093656809683078 0.06792352255633921 0.03394223878994807 0.18286366501753845 -0.2616825415629897 -0.1299844305204384
0 16 -0.04359280787710936 0.05545461929773077 -0.011673492001334336 0.034518190984260726 -0.06306026079007307 0.06417392371593304 0.01097971939237027 0.004802722348313369 -0.008093691172004648 0.03238321068980831
0 17 0.08666408319013305 0.0077042866604049715 0.03482376520884717 -0.1747258648613406 0.05712937093469847 -0.08310335364915525 0.004485376377686958 0.014476930966947141 0.07221850330920937 0.03968510091559581
0 18 0.050786803367353486 0.11184756043254895 0.18038242409753036 -0.14135456195480403 -0.10034661157766615 -0.19518983099551587 -0.1384876778121944 -0.2797561882780698 0.17165324029397874 0.19869606904968268
0 19 -0.0576757649941034 0.022504189244100078 -0.057328562407222346 0.10946528302583411 0.13704329018581374 0.021596606452331586 0.044171148488615385 0.1096291816584695 -0.11261677212311155 0.026601155454923992
0 20 0.1128387966787405 0.2691409792654086 0.18146252580596386 -0.3559466886178023 -0.27080902912401156 -0.23011643516480954 -0.2409565714274849 -0.3509440080278451 0.35714679115884496 0.14990381082458895
0 21 0.013915621320510092 0.16391926806379664 0.1723246514891149 -0.23420044023091266 -0.1300500916646183 -0.11540916488748373 -0.23228608040000634 -0.22472621352246858 0.20680782016112562 0.0485372981535855
0 22 0.14121710620524588 0.11226703812883809 0.30980712547919037 -0.4103224791955891 -0.2518886823600058 -0.25389524414768666 -0.14508847728440796 -0.35978307620424954 0.4105284301480881 0.1656568391426224
0 23 0.031029394955784485 0.16313959693504596 0.05240807901143611 -0.19564259866228553 0.03280699259892808 -0.17704123625097706 0.005114227795950007 -0.10065654464573748 0.10592607125619492 0.07668935946621229
0 24 0.002355865621876654 -0.017961110817505368 -0.06288897275160436 0.13426186725969474 0.0695295931798061 0.06132014619470001 0.0908797698095633 0.16538775084927962 -0.1590264272984664 -0.04626707172512892
0 25 0.03053923009630542 -0.08902960899854596 -0.1079891057057105 -0.018372103998783026 0.05557591465078223 0.10146634596522405 -0.04377294362407003 -0.029194218063364728 -0.02182548737723257 -0.09989777519510919
0 26 0.030735806228440538 0.06767235980328429 0.08349340118115407 -0.0032982409541098216 -0.06291915314289499 -0.0358748387749835 -0.11675531644360704 -0.12492886271939432 -0.13077065923920614 -0.09111407119935334
0 27 -0.056083564329019765 -0.07468818809698406 -0.11401413191839399 0.1197998816502311 -0.003564166822418065 0.07637070533098993 0.03863999857879184 0.16667237989826608 -0.16443070804200005 -0.10146550652742785
0 28 -0.11647480647423855 0.020467192567597714 0.03800415354513331 0.12117843901094763 0.06424118273650466 0.061894603199036 0.07552996886399403 0.006908058560878511 -0.1688112834287817 -0.0561537058081729
0 29 -0.081340633119325 0.08908767031042752 -0.060066437892353296 0.03931962410066272 -0.006457942250370123 0.04307172288216129 0.0483579051704294 -0.03194604357255479 -0.1012315190062945 -0.09291114182633782
0 30 0.07092954060300172 0.11077897569815752 0.01745904761950367 -0.2279346901396179 0.014258172231731907 -0.15516389398823055 -0.115945699959199 -0.204010309765749 -0.005715969293960552 -0.05427676475911469
0 31 -0.03305497442471641 -0.09029146711975057 -0.20436411515637876 0.0820609801715634 -0.03115571671139863 0.08549701114408852 0.06568222402726104 0.10843160318581607 -0.13078780743755836 -0.12323260525099511 -0.31684014266785937
1 0 0.39699045608556666
1 1 0.9920890254373746
1 2 1.0425573476508703
1 3 -1.7833837614914578
1 4 -1.0513508531706441
1 5 -1.3539287541427028
1 6 -1.3204797465193234
1 7 -1.8394530713873634
1 8 1.6236728169517778
1 9 0.8546779932767943
