## RankNet
## Epochs = 100
## No. of features = 31
## No. of hidden layers = 1
## Layer 1: 10 neurons
1 2 3 4 5 6 7 8 9 10 11 12 13 14 15 16 17 18 19 20 21 22 23 24 25 26 27 28 29 30 31
1
10
0 0 -0.06039533828668419 0.01782372181588533 -0.3061121663972509 -0.07894824527590048 0.1957260681717388 0.07884954240102006 -0.3815580911779484 -0.10236098167796444 -0.3272983436108771 -9.493095266387442E-5
0 1 0.0460713524557047 -0.031079643413436026 0.14512223844772054 -0.009504575050750814 -0.07978215008901175 0.07711935099624509 0.23734741563846995 0.008680497918116998 0.05990638896349724 0.021905157578967927
0 2 0.08363521461798674 0.10667271945426206 -0.44138840950390906 -0.2632581858842279 0.2873384102055183 0.11856419154023125 -0.5373292432769167 -0.17687298089740977 -0.5098229186484371 0.14269409085565943
0 3 0.19153193576153318 0.3234546700110646 -1.124050095992186 -0.3783227635601959 0.9737057063185451 0.16446639083230755 -1.5179536589708662 -0.6257795557190158 -1.0653144026645334 0.17979557482377023
0 4 0.041459901474234825 -0.012272244110527743 -0.37276950364617795 -0.114925844715749 0.42959470352088897 -0.02407093586043543 -0.567829518452096 -0.13844875383213687 -0.41184341821133563 0.009630088777429812
0 5 -0.02633842661455321 0.09928189240786789 -0.02829719130196954 -0.037209488372199374 0.04926146828622974 -2.489494897454568E-4 -0.07900326817068436 -0.0918202982226626 0.01344898688923939 0.06312627100572316
0 6 -0.07754994035723245 -0.07259679815393022 -0.02861125730484494 -0.04369589515744508 0.14852414567466168 -0.0161108260651105 -0.060085543950671255 -0.05821408041226425 -0.0353844960341602 -0.0342844137769798
0 7 0.058784227977417426 0.0035484969597410123 -0.10702299848810805 -0.15552339847219765 0.1372422348664973 0.015498206867263805 -0.3623025867516559 -0.18781864772919113 -0.2695292389783815 -0.01539496618478568
0 8 0.04628509365162386 0.01936672684729845 -0.2760458899514786 -0.09279774055633896 0.3127899758109193 0.0420652168157116 -0.3937249450826985 -0.21073645491323245 -0.296836162616541 0.08372555947443158
0 9 -0.06303747224651556 -0.031171588474522106 -0.17114742522182536 0.03139218024375256 0.15679415135524521 -0.07980133495218908 -0.20809714407110616 -0.07042386865106126 -0.04686420532147614 0.1175692046446961
0 10 0.11586802734052304 0.06418891910753817 -0.2588264067199905 -0.02126283997038001 0.17062657865181496 0.07580333961187789 -0.2613794878152082 -0.15274151781636683 -0.23316406122082636 0.03571070366688894
0 11 -0.07022462525950476 0.046910803552860765 -0.2143809033715886 -0.023286244743981475 0.040623190064051885 -0.06178613590789805 -0.23124202542219474 -0.0797636729866282 -0.18420359966570557 0.09273965765770233
0 12 -0.08536593718537167 0.042906565338500145 -0.11069827016676032 -0.0358557102637744 -0.02380411786603923 -0.0351418802796977 0.018937149721228664 0.0645186030151134 -0.030935280631221015 -0.0355904547545625
0 13 0.08469751922776216 -0.04035075060330384 -0.16051181741756798 -0.16677249385379903 0.15163406943411448 0.03492790723117437 -0.2844346433327367 -0.04192647215402145 -0.17646035879397515 0.04230465479225999
0 14 -0.1226750516569231 -0.13180361337045055 0.8173541841127464 0.42900333137941743 -0.7926289033698319 -0.09939371154218636 1.1075787518513596 0.49097693428930367 0.8156633665435933 -0.04261783186286428
0 15 0.04508546323746681 0.007234252214389748 0.1329878722179966 -0.027525013131825343 -0.21372977057673814 -0.03786632946100019 0.12001488517758946 0.15692082581399414 0.15156025169994408 -0.02447876009914375
0 16 -0.05038683004583663 0.023722820889689807 0.12312720063582949 -0.03188810594611887 -2.902428961811111E-4 -0.07374804875316208 0.09549337021478865 0.04849541919049985 0.11143554463575604 0.06973566721082465
0 17 0.10120499514319456 -0.06398457373521613 -0.07957105798270592 0.019170406873196044 0.12293886880377848 -0.06411230817024414 -0.13107779871976832 -0.08238535755129113 -0.0523335810551357 -0.02831829788031069
0 18 0.11028419399024146 0.01978550426935811 -0.12265748711522526 -0.16045246322366075 0.2602408750684013 0.039151122208435855 -0.32931842646545156 -0.056748227650397026 -0.16890319178192514 -0.010455398315655182
0 19 0.003468258480690644 0.048447048770173064 0.10005558679427771 0.07337245378104039 -0.16711776402599476 0.08835227457979367 0.01782508888163423 0.10044247092312747 -0.015493644001550884 0.045508916713994846
0 20 0.03241202452981104 0.14667574079857942 -0.3896083631233055 -0.2399137704259892 0.35550007056538563 -0.03875084406338046 -0.5016440215383519 -0.25653791854407976 -0.32961927887555365 0.03044991209027841
0 21 0.004309104180139288 -0.032678408892334775 -0.2400333499227917 -0.03499495263813465 0.22349301367761476 0.02893526369604944 -0.2136619449709008 0.011576187061336849 -0.12050180412729458 0.051169369820635864
0 22 -0.0294268137945033 0.04127145836227089 -0.21526755544608833 -0.09696853791734787 0.2181595981707924 0.12761147113407106 -0.41935334597727714 -0.05859193305289493 -0.3620864970931454 -0.003013047460948946
0 23 0.08681811200557897 0.06847666359357758 -0.22925103112819514 -0.1456198783922074 0.1838807458977606 0.09751009322004496 -0.1000832526420213 -0.09089632643539215 -0.10873940936475418 0.014076680281250968
0 24 -0.06354230070398444 -0.02026140514804542 0.1269413602262298 -0.010143596978370282 -0.1451414088840596 0.012531160731976528 0.11500251671939683 0.0570054814009743 0.04331995079887296 -0.04386472413056217
0 25 -0.04170291017668462 0.006476413091472017 0.0645741599605542 -0.041370980809409416 -0.10612504609582268 -0.0038679957917599115 0.13754963417732632 -0.0537821251038261 0.06312949595717093 0.02234216936657439
0 26 0.07626119626487655 0.05728568441941631 -0.040502829020621633 0.028107884225372373 0.08147055907320486 -0.07143398263688082 -0.26518490505136155 -0.12550541803017964 -0.10415594064633064 0.08263164898755483
0 27 -0.062187155338254245 0.0666265954302041 0.13531662929157365 -0.04106646366030366 -0.1361457176224632 -0.0023914502513786274 -0.010990025622655721 -0.02510002272101265 -0.041609365011434925 0.0070083837658982415
0 28 -0.1005223906360577 -0.1055132798393053 0.17089567131970743 0.07482026328122757 -0.04012713832879467 0.05504053933196492 0.02554692228169062 0.11706762102046005 0.14502034629235933 -0.10197468699387106
0 29 -0.011077673928833754 0.056074530941714607 0.10536918811241977 0.08519579488033253 -0.10750671337146085 0.04882537408328023 -0.08118139625586687 -0.01694326994433431 0.019059435896099406 0.0013294647528871654
0 30 -0.034059629061920275 -0.012550635192186944 -0.12578223270077188 0.019067778807741482 0.10882106181230446 -0.030008510644155086 -0.1486653506457408 -0.02345424627894547 -0.23413280741507123 0.0038083617411854335
0 31 0.08036032251976219 0.06624774985289318 -0.02962601607674362 -0.058107049986263544 -0.03759738335250864 -0.042220406502102126 0.011505584709210539 0.04044549166438577 -0.006411143174768572 0.057124499505945 -0.27649784352764545
1 0 0.20306660235436028
1 1 0.2945986606358561
1 2 -1.7236112905161696
1 3 -0.7738652387256566
1 4 1.5284720888661358
1 5 0.16074342069577063
1 6 -2.2132894686304763
1 7 -0.9931954632400223
1 8 -1.6831929632945912
1 9 0.1764454607790047
