## RankNet
## Epochs = 100
## No. of features = 31
## No. of hidden layers = 1
## Layer 1: 10 neurons
1 2 3 4 5 6 7 8 9 10 11 12 13 14 15 16 17 18 19 20 21 22 23 24 25 26 27 28 29 30 31
1
10
0 0 -0.10448050667884494 -0.20509460550933167 0.27484705215809085 -0.04979412565168092 -0.13993761281253508 0.0639150125742217 0.05007920967433092 0.03666572441723977 0.01830601806057043 0.3339304405722477
0 1 -0.0026617072004581944 0.0828989163034795 -0.06188000193260904 -0.059305085016119904 0.04666409798151257 0.015266328574176246 0.07367785540654397 0.01204636522836968 0.01467490470430059 -0.2440950836362881
0 2 -0.2065680187141914 -0.29868877011425116 0.43499864093495577 0.028649403270535438 -0.4230183366925778 0.08450104119857146 0.13007639440964164 0.009484490311852289 0.05795936245920143 0.5682913187059339
0 3 -0.5135205821296227 -0.686879374302707 1.13488907436434 0.11110584801352433 -0.8003195111962891 0.003895763779380828 0.07672527925435978 0.2945183656002991 0.2692510385933445 1.2329929143188223
0 4 -0.1457793715015395 -0.17685186383813886 0.47015211059646717 0.09620665299375633 -0.2603179493857427 0.06381662236560927 0.12340171334176674 0.008466073120372437 0.18698169081508906 0.42095244150274147
0 5 -0.001964688663995751 -0.03832421146472871 0.1350441432807382 -0.01114853942064176 -0.048069355876354844 0.0743530406838398 -0.06078300526721093 -0.05240505832226093 -0.0036982742749556478 0.12897165466286106
0 6 -0.07410883165743339 0.01597648049987715 0.1609434784332116 -0.008806991284829495 -0.015936477824995642 -0.0767904837570152 0.07737800639835843 -0.0615308233175093 -0.03483230106074664 0.21240075377124137
0 7 -0.1504040388118238 -0.20673126506362322 0.19114099597883116 -0.07140981609620585 -0.20790012580137845 0.10720210995476358 0.11463428346393087 0.09429678254168566 -0.010244965226260512 0.25661422161648856
0 8 -0.03517073010436697 -0.17838594175021583 0.280066905603926 -0.043784676549151656 -0.3001260323922847 -0.03461240630078048 0.030924615879476494 0.025664504631409756 0.15257776880734075 0.38990079130297484
0 9 -0.016663374367743407 -0.09616427609999141 0.13320511590803863 -0.03263858022887982 -0.12446357964536411 0.09423756610043883 -0.02765780714511836 0.02471559432726725 0.11177922766702213 0.06774197655541762
0 10 -0.14007018584405997 -0.19581450877996692 0.25727530697629203 -0.007780061245585238 -0.09915886357724829 0.0482685176282973 0.07790577048075278 -0.050246921043113 0.15190278342048888 0.1713508180447443
0 11 -0.156731339786616 -0.046434703218593346 0.05085337374793474 0.06327406552409988 -0.1476827091101975 0.05345214050962707 -0.06269687681139409 0.06607700232267325 0.019784205083468093 0.19072704377887534
0 12 -0.09998914792957447 -0.0758857488755168 0.016448780664571158 0.08541896149927386 -0.030868398778789812 -0.06421021386257045 -0.0275592200748094 0.004632087996850927 0.07648412487919114 -0.07984713312946168
0 13 -0.17902665663640882 -0.07456630645350354 0.23319679511742242 0.05192144995415717 -0.27057116148016935 -0.01309127151136245 -0.01520878215258962 -0.011538998780847957 -0.0362792046120844 0.3169369708537109
0 14 0.4494558853960397 0.7210630084248147 -1.218322564581642 0.02353701959989673 0.688196376848021 -0.028092761083781507 -0.09835147568941166 -0.19753193214923773 -0.31325926047070946 -1.4154483044941675
0 15 0.1477050701016222 0.003674015890333968 -0.305259316378553 0.001631944080556017 0.08422681417814876 0.05090846898798259 -0.006351168118364691 0.05519745389836258 -0.09319719676034079 -0.27208112233620796
0 16 0.05338322939785123 -0.06880786857430468 -0.11644197989484238 0.057921104147398754 -0.015645624202382205 -0.060634867359383074 3.781384924763078E-4 0.0021679757663859447 0.08933076661663461 -0.10614568081110462
0 17 -0.10077862485373047 -0.04620006688266217 0.054572327404981164 -0.02883865346617241 -0.05204482297132847 -0.07344786206223376 -0.005619512827420907 0.032049786353130605 0.0171071052537069 0.15998754044379496
0 18 -0.19846411785947876 -0.1213934816716853 0.2851164689866357 -0.06993458243621258 -0.1999403107573409 -0.014001884652926337 0.04205247758524452 0.028427104527231028 0.12170607316171453 0.36504397303889774
0 19 0.019256483317295847 0.10792252468634851 -0.08266815864246772 -0.011769584909175458 0.1040818479161415 -0.02592308007316453 -0.03393915868517404 0.052108379929411384 0.009563847462498172 -0.2007828839388366
0 20 -0.21222377689911842 -0.1332144832784763 0.2952384029517271 -0.027478898721071798 -0.3552867504812579 -0.033408728739594246 0.10330684599538315 0.16170757770096209 0.060864694358059225 0.5159752611557291
0 21 0.003626695514181608 -0.1069309747566196 0.19819637532191142 -0.01235536495801989 -0.1821008771927012 0.019475227443625818 -0.02196842141922563 0.03863714981112853 0.0809921195681093 0.2598465089665537
0 22 -0.15097325701529174 -0.2517263637026026 0.4365063805052236 -0.019364248286929824 -0.28511640944598976 0.02297526115701164 0.07420169251927698 0.027558813751603732 0.10978263822914561 0.46271801637315374
0 23 -0.008807379384133262 -0.08854572973865761 0.1560011387948205 -0.012369022997359844 -0.13930961241434822 0.05366837245242939 0.09192234868266425 0.062723420516831 -0.052702266959158396 0.2258178045383612
0 24 0.10804758908026062 0.14371251747079486 -0.06504327647798412 0.012472365857240047 0.08197159918110224 -0.023506543679021538 0.029479694647678228 -0.11171507327326899 -0.015761017674147105 -0.09307072758100773
0 25 0.020432782071643875 -0.07083280674473935 -0.11305880263820117 0.0691780730786919 0.049626153368926784 -0.06184719266838074 -0.05290274648642468 -0.10285143086868663 -0.009489145427067594 0.035196194396942326
0 26 0.06841761380346509 -0.04996730572520317 -0.16443474221205187 -0.08460033365862876 0.02240662719350471 -0.0035021168571350474 -0.07385650787916119 0.04635510486977225 0.024257601506453765 -0.10424080484894312
0 27 -0.04024448030455431 0.03136188127243123 -0.0037392622109141357 -0.012344489711067438 0.09704692942743993 0.08568904536330552 -0.006352506227342911 0.04619191085816534 -0.03903407223383132 -0.18203701135615008
0 28 -0.04212047350167563 0.1440234354037044 -0.07913501709139148 -0.05304767260028525 -0.018310177491318597 -0.030570159493720068 0.07623929886225811 -0.007029305096816173 0.052877164578681767 -0.11202286795456075
0 29 -0.07783642174166347 0.06088742500107648 -0.0022558101374603144 -0.017858098176184885 0.02505035448923054 -0.009705051839523506 -0.06827396876360425 0.07289187919298364 0.01043869191665809 -0.06580319386234622
0 30 -0.006634536482388918 -0.030543956041455482 -0.1264632510094043 -0.07966442945952701 -0.006165108970393061 -0.06267659075482665 -0.033333764490481144 0.06427046588216644 0.04702595344733726 -0.07739013450113848
0 31 0.10428532912200422 -0.030889416543912605 -0.1662094791607402 -0.06449660597383626 0.12402711958606848 0.04637669595618122 -0.0835391729040304 -0.10237994666407639 0.05898056491539758 -0.28233074839966427 -0.3756866758237456
1 0 -0.9955819527406938
1 1 -1.2979163629022792
1 2 1.8674273086792603
1 3 -0.07973305190729046
1 4 -1.5151550163408387
1 5 -0.0582134808707923
1 6 0.09836833096535148
1 7 0.22814874660710258
1 8 0.3662388487512958
1 9 2.1870923569800635
