## LambdaRank
## Epochs = 100
## No. of features = 31
## No. of hidden layers = 1
## Layer 1: 10 neurons
1 2 3 4 5 6 7 8 9 10 11 12 13 14 15 16 17 18 19 20 21 22 23 24 25 26 27 28 29 30 31
1
10
0 0 0.09387906079135194 -0.07694447937339029 0.03648999934804154 0.04065861409511429 -0.0672162126647721 -0.018575014923473864 0.07368175135221446 0.007100747338394685 0.07075504224346213 0.08615586725818954
0 1 0.017411255336541566 0.04503768553048215 0.018805955110683354 0.016618389316834195 -0.051459370385922944 0.04326137748012227 0.05131417992002056 0.02670666095822298 0.03716873123821573 -0.0175732271566621
0 2 -0.05429416398521342 -0.0730343248405134 0.018121947151899732 0.04935903706100309 0.01613225414662559 0.08418256618538965 0.013862384753908937 0.01202575214333121 0.0767916973375424 -0.00738541029803387
0 3 -0.001849186262271594 -0.06732514178293489 -0.08104725703794763 0.06492178586645836 0.05811180022279891 -0.09053654181489804 0.0758275763277094 0.0595987199160014 -0.027542855125028534 0.016147935712040856
0 4 0.07858581031129738 0.004624097212685018 -0.0014061161192655827 -0.05929081456502131 -0.0022789277431903114 0.07757581395626784 0.009886404977433342 0.08093200948194025 -0.04134088956345682 0.013095221253245453
0 5 0.0750200361391114 -0.008434247382035149 0.014441516070076637 -0.06065743975653752 0.03190655086954815 0.016892110543519512 0.006415049207477113 -0.025102427854203992 0.09313815636086235 -0.008268749832184038
0 6 -0.07837266502354621 -0.09719961681099776 0.026013653199715377 0.08697895188659305 -0.08878827796667078 0.06218705912076486 -0.013539892734984186 0.051497290239622885 0.030031197899719857 -0.04838795292018316
0 7 -0.09102957195759749 -0.07513700742469552 -0.09060976108665746 0.01921099965634996 0.08248843967196891 -0.028599800555217474 -0.035002380476337594 -0.08453199605485646 -0.02014006608752252 -0.04416208036651844
0 8 0.048973525047617705 0.038602626343366 0.08749505146919251 -0.08832532290432661 -0.09834918850877437 -0.05906189971011278 0.01757196552397652 0.027171955143795088 0.03314529281611594 -0.03216968748426333
0 9 -0.06994767266278305 0.018964166450220928 0.014912379288018768 0.07869456999155218 0.026390094438581462 -0.07396412974455152 0.04587422082911991 0.05704340738472309 0.07668976864169749 0.043678499456821
0 10 -0.0636082666239554 0.017968878212306385 -0.004085273714635593 -0.09437766569510289 0.09457079728218445 0.0691437480640329 0.050966487446886616 0.02759570797083577 0.07884175376706021 0.07385308285449946
0 11 0.009984882736015319 -0.06444810330841232 0.03074215451804209 4.996102010291204E-4 -0.08907846108642463 -0.030233660527638356 -0.06175175615567967 0.05819498830771922 0.09514162836425483 -0.08636209794684908
0 12 -0.0733185870903713 0.036401204491386785 -0.016301652199780386 -0.05917462258941126 -0.006876084960352348 -0.0825441415516966 -0.0085042633200211 -0.02862835047055024 -0.0706205291074719 -0.08939262723249707
0 13 -0.0590377849936832 -0.09893516152375792 -0.060694877369076895 0.08125778092630594 -0.059131398650979314 -0.07554663843669099 0.06180536153650014 0.09574975698550266 -0.011949146994222793 -0.026975117821030802
0 14 0.03972686404717866 -0.06465077226243586 -0.09731773012135561 0.06611321929938561 -0.0401309244328113 0.08066888936906323 0.03294460421465237 0.04754800796596782 0.06691480767676072 -0.019850741080497624
0 15 -0.008632419229170093 0.0058926838764637324 0.03676236730331408 -0.07210995252183412 0.01150940047356642 0.0885405685779369 0.013691033271566136 -0.08025375945365594 0.028527648097095928 -0.0745133054228618
0 16 -0.06879872920838331 -0.05087817127812588 -0.09155532191305665 0.05280914814221844 0.04992026707713799 -0.04333392034728939 0.022413816917165857 0.07120821700089267 -0.026718159464878367 -0.07455170790143027
0 17 -0.04998405326015908 0.0239252376665656 -0.0390122678337161 -0.00897684026345062 -0.09420309912921893 0.06237899508844583 -0.09226141739616907 0.012135538796208665 -0.056435476643350246 -0.05598581547905096
0 18 -0.03588624198299495 -0.0568995942273912 0.011205783274146527 -0.026833553487868422 0.010468071407781979 -0.07098515615973035 0.06811370880766165 0.003332467312242528 -0.06895162685188513 -0.09584177176665028
0 19 0.06237645184655267 -0.016592692605490532 0.060478125916687414 0.011523986092596685 0.035140539318435166 -0.071543538552587 0.017097555552875596 -0.04970204396376777 0.08657856674058477 -0.07351394957492463
0 20 -0.0958368091986991 0.07364136860480926 -0.018854482092428616 0.09270150962280871 0.012572392161874063 -0.06231852619769579 0.03811235179194916 0.07044580921677884 -0.04983991066772385 -0.06483559321515003
0 21 0.05126059510323817 -0.056169080898232804 -0.029668452815075012 0.03691772157172708 0.07671822062732393 -0.07072071915640596 0.02783650459354306 -0.08246895705597508 0.0846537354210776 0.050359108361137245
0 22 -0.0405628747241576 0.04176015681392709 -0.09769427642767269 -0.02183847368364262 -0.030223907170001646 0.07096887851169686 -0.01179987891093975 -0.09370144211919258 -0.04879203948996352 -0.048413383190054726
0 23 0.04154000213751605 -0.026347032908205736 0.0780612374196309 -0.03528572365883122 0.056099209776757294 0.06263606886347733 0.03186440070688962 0.08381054728629028 -0.04673573853928807 0.057462661225885996
0 24 0.03769986364374257 -0.06171245849981157 -0.05985230812448229 -0.043817913839461826 0.051530635940442215 -0.01219229400615771 0.036408746600709314 0.013163098247292815 0.06283405492219613 -0.01830778488023681
0 25 -0.022251862276733442 0.06818774454266438 -0.01527173529520233 -0.07959453992199089 0.05213699477295221 -0.024666780228589393 0.002268730294454779 -0.034383088111125185 0.06435094424281004 0.004988307902395984
0 26 -0.09720372352495514 -0.0840907562081648 -0.07489965897509682 -0.062493024559995766 -0.04224120575471251 -0.08322938253504411 0.022101990431805926 -0.022455903444997063 -0.051428171598821834 -0.05841650232070526
0 27 -0.09789744588407306 -0.008188262244119567 -0.08019176216101535 -0.01634252041373196 0.09593721234461501 -0.043135082973825976 0.07558202411792138 -0.07372574850560722 0.04015355908463512 0.08427510494093131
0 28 -0.049316826689817725 0.02298772193888644 0.007015553111500949 -0.05178173379068699 -0.008870271845489977 0.00470212726582238 -0.015174486323554672 -0.058075188281547716 0.0417467769533202 -0.014427298713728056
0 29 -0.03895829677393459 0.033150613118743844 0.07193361519004363 0.014332799828058285 -0.09537469300371532 -0.06533171012507401 -0.09853259760181768 0.05605507584084664 0.06517407956538915 0.04649082826928633
0 30 -0.0817585643772146 -0.045300332037388015 -0.03513966720127143 -0.018515091432981273 0.06423937427304151 -0.09670384186783819 0.09029650536102476 0.06609153891604938 6.283757395102011E-4 -0.030801714737319952
0 31 -0.0793685505467564 0.05730193061202851 -0.09388848101031658 0.07022442726002814 -0.05542058723332987 0.05115063617626148 0.0820166786288918 0.05671054744510663 -0.004925900873384958 -0.06446503732208761 0.01085126958787435
1 0 -0.042873688042164286
1 1 -0.09298370778560676
1 2 0.02529689669609053
1 3 0.06851524114608766
1 4 -0.05677043274044991
1 5 0.04351840540766751
1 6 -8.55290913023052E-4
1 7 0.05831087753176621
1 8 -0.016644995659589896
1 9 0.010030615143477938
