## RankNet
## Epochs = 100
## No. of features = 31
## No. of hidden layers = 1
## Layer 1: 10 neurons
1 2 3 4 5 6 7 8 9 10 11 12 13 14 15 16 17 18 19 20 21 22 23 24 25 26 27 28 29 30 31
1
10
0 0 -0.010013930998417162 0.06112326187320121 0.12367847238516791 0.03553058663580729 -0.2707682328814509 -0.18677481833889786 0.15121334344043127 -0.3637438929651108 0.2735061238716237 -0.15909068323305217
0 1 0.10742831589418332 -0.11860312877546378 -0.1754783287144887 -0.035282756267406484 0.1532224756890138 0.019088468277509332 -0.22749765891982468 0.29068203518091307 -0.2950263152559745 0.19020712335558118
0 2 0.009600139796344082 0.110889538164425 0.1488590653880978 -0.18761496591705187 -0.6307741740400193 -0.4222904716923914 0.30714335089315586 -0.5909898719278471 0.6501973757688828 -0.19181051003082322
0 3 -0.06539159615521487 0.2143554168536113 0.5481598592526459 -0.25420043333416537 -1.4171448001516849 -0.8188447697754162 0.6783977307005222 -1.4789073023243153 1.3736663039745531 -0.6908311872410688
0 4 -0.04891373041131024 0.0895033792171595 0.2840781434751069 -0.016299860311119165 -0.5887978108938281 -0.3351354377990807 0.3916390050297385 -0.46001883954565237 0.505924746455189 -0.28949918226763477
0 5 0.06817237022991601 0.0703501369564923 -0.050223139946088104 -0.09866273072475054 0.0325132171979798 -0.06961713204445912 -0.04398026986858757 -0.011306452129579663 0.035523246122208016 0.036398771029033675
0 6 -0.07774430612041211 -0.05345775676382037 -0.02727384044003238 -0.025083398083089826 -0.17928442469994663 -0.1567470303955604 0.08122076374867575 -0.0778366668489333 0.19269496350397197 -0.08645009292317282
0 7 0.021471198657723543 0.05028836326066516 0.14291932870972562 -0.13528994956947346 -0.2082357837639718 -0.22508311629703104 0.26103742948714265 -0.22859350258602743 0.33398094793817334 -0.20138099484602465
0 8 -0.06409318852922997 0.007876469285521262 0.21037029799430573 -0.0669764576074054 -0.423858763422933 -0.21921825155007837 0.16298535340385412 -0.42019696984389043 0.3905120876299255 -0.24574570324077755
0 9 0.06103198260412815 0.11067932726823801 0.12456298069662737 -0.006182420371251492 -0.14099192824279633 -0.042026125898725265 0.08930822070712166 -0.09307940948553657 0.1556778853792064 -0.04225319143312228
0 10 0.04832073246833336 -0.034697668244719766 0.0992972851215032 -0.07263122074186674 -0.2662848054955908 -0.22928941091514893 0.13358490249645405 -0.3825108516147517 0.17403984609699633 -0.11064985619134496
0 11 0.03236000733334097 0.05014229413638676 0.03831037815968663 -0.09174126441550623 -0.2820818628593522 -0.21693364252059477 0.16893943913995943 -0.18028915756093736 0.2773338954089995 -0.18716630154448224
0 12 0.0984187866068002 0.05689432563705002 0.09233218937003068 0.049103114905152234 -0.1454907729969169 -0.08860600562461518 0.06804725143956611 -0.09821225934556113 -0.05068911863664775 -0.04014592735146778
0 13 -0.015062419784739883 0.038240234640976346 0.02490175848607865 -0.030098914470431188 -0.2907533861740278 -0.14042339117125066 0.19642685757018483 -0.2482185033041633 0.2911047378793397 -0.17441733231626544
0 14 0.14856677340520758 -0.2524863780033659 -0.4517052066782145 0.24319014089198893 1.1463430219056414 0.6775634862036788 -0.7645123390000259 1.2920282219872539 -1.422792494875913 0.5674053112181472
0 15 0.11549025266225718 -0.011769744340406448 -0.1569968471864803 0.021458265883993008 0.2271371910833916 0.11691717156184137 -0.22843253846177183 0.2345979779369568 -0.3670128411406931 0.1302421625309803
0 16 0.10048597110825434 0.09076103061717297 -0.01770884385607641 0.026062784463134002 -0.02256752980009568 -0.08464089079624805 0.014720728249521078 0.057755653616778355 -0.03812633841471663 0.09278293036022928
0 17 -0.050228111817658155 -0.07998839772091262 0.12726423259026204 0.040302899930768694 -0.09335567241174843 -0.024737684517825268 -0.04341322300769755 -0.04782571096436365 0.15044558910750302 -0.13290626859546079
0 18 0.010041484719829715 -0.047564953808053395 0.06971436672501145 -0.006508707401136957 -0.21897891299834574 -0.1957754726944362 0.24208166599533357 -0.30675378555268035 0.2808731871272219 -0.07223351274335282
0 19 0.04906750669540185 0.062127001925086155 -0.12372635092565554 -0.07197714909275355 0.06323934320110668 0.0073985195731247995 -0.1479313207800365 0.07067689133795664 -0.05034539365448267 0.017190222602480876
0 20 -0.09898179209979166 0.11983505634512626 0.2450863153290075 -0.11054936097541031 -0.5051298195187853 -0.214589269189138 0.3462420699246465 -0.5654329297916938 0.5634025523439645 -0.25121820774193965
0 21 -0.07760463885894317 -0.029773273330306427 0.0918492696413684 0.02309013467795925 -0.1623860663932669 -0.16328799361991192 0.17425523120017472 -0.15814868997488024 0.23227042103168163 -0.20247087869309133
0 22 -0.02531828887266574 0.1285867140011307 0.19141367427532868 -0.1498228898368389 -0.5187892577367808 -0.29579750408942795 0.26016084344544554 -0.45513398428603796 0.3436453643797954 -0.11262435329671205
0 23 -0.07808625134495056 0.056679585554143846 0.15982716488712378 -0.06465022862881253 -0.2241100864987805 0.0030860970328017447 -4.3595144363253805E-4 -0.16682413625843606 0.2342111593783814 -0.04587481295259745
0 24 0.019441109733843293 -0.09852900415814726 -0.031144883107610048 -0.06746477325256364 0.13692309713259065 0.03096524802774171 -0.12247908332760954 0.09375705961391412 -0.15625247136526657 0.0023342774443798025
0 25 0.0433014818125204 -0.05031761794258265 0.033618628020801435 0.08378391729516074 0.03620913773006255 0.020901463001820234 -0.08869560365212073 0.17765900327501757 -0.12144845424653786 0.04223396392612366
0 26 -0.05280183827685074 0.07275512258226723 -0.004623095213145882 0.07110835976168611 -0.1717634276132181 -0.05703501762427042 -0.08376048513646364 -0.2228901555247513 -0.05997620645934939 -0.022185360533582117
0 27 -0.04220346776837651 0.07752804552601351 0.024169084299635456 -0.0012353066878716163 0.08640902955207937 0.04437043894320994 -0.13253295499441614 0.06220238256037349 -0.16101793164184292 0.13105223069135938
0 28 -0.04424013137326717 0.04530147077588917 -0.03424668839459051 0.03267851919547221 0.08511569737598003 0.09866787861085925 -0.0882377974092245 0.11192017697407765 -0.11429553697344565 0.1324817320339258
0 29 -0.018384440178328253 -0.06306234497849096 0.08844269234546606 -0.03399820785639856 -0.06445652311619501 -0.09935333738850201 0.08590476108280168 -0.026466519653695956 0.10027357694998762 0.021295262299892374
0 30 0.038168219563840554 -0.07238418332857041 -0.0611677999096108 -0.048409185587701575 -0.047022855710835816 -0.02980413589102526 0.011154951384858915 -0.21572912745336725 -0.04053742220970565 -0.06060061111774204
0 31 0.05804158518793136 0.042942440617969244 -0.03744568605812944 -0.03728799950091398 0.11447207778013585 0.023101957386831202 -0.16632294810358073 0.057505419277092615 -0.2516751845489899 0.04177586072120855 -0.46074174987248995
1 0 -0.32253758120290793
1 1 0.26467032203513086
1 2 0.8143570345846561
1 3 -0.5605991861539721
1 4 -2.328754910080083
1 5 -1.4646288160460468
1 6 1.2595324010869844
1 7 -2.3922903645159592
1 8 2.3013848006145325
1 9 -1.2556234892963216
