## RankNet
## Epochs = 100
## No. of features = 31
## No. of hidden layers = 1
## Layer 1: 10 neurons
1 2 3 4 5 6 7 8 9 10 11 12 13 14 15 16 17 18 19 20 21 22 23 24 25 26 27 28 29 30 31
1
10
0 0 0.1138176042750838 0.23243772582818265 0.15170620102824225 -0.034398455596842334 -0.02415029684986079 -0.18300700224985147 0.16057570296896892 -0.10008228904382414 -0.24132851614028722 -0.16563099062760228
0 1 -0.045593634823780836 -0.13675454412478485 -0.1354901996741342 0.13518074271611955 0.041093858057592636 0.019335911253088357 0.018455069392782426 0.012199503010648751 0.018353909942700055 0.1686244227716317
0 2 0.24955093474398257 0.3950080802208989 0.35804450473428473 -0.12792867817568862 0.053157644388656 -0.3739226735117226 0.20781068693993696 -0.3792298014538241 -0.22750266185030688 -0.31936534857289384
0 3 0.6318755562331898 0.9280303350283394 1.0236791176991569 -0.3551962254839504 0.27885258821409076 -0.8400710819904227 0.2611823481057192 -0.7559641598735306 -0.6597276825414333 -0.7806377953314234
0 4 0.1293149061554697 0.3978531565211632 0.450469351118298 -0.038456046422403516 0.04453971795792689 -0.3694821275339744 0.14618916383203234 -0.354709922723729 -0.2523421661332428 -0.37866146183545696
0 5 -0.03193946469920305 0.0881054761894458 0.022349503833998922 0.01047850970693993 0.05090501496346389 -0.00527669701499055 -0.006195679787004812 -0.05291895391549071 0.015966260014063274 -0.12743489368945563
0 6 0.03193658488436483 0.016594829795133482 0.1872953173825447 0.029164634081416167 -0.07465850039180401 -0.17022146177556854 0.016693706294331482 -0.16150798731969412 -0.10824324505400465 -0.06626900018418463
0 7 0.124385407896396 0.1664099006437906 0.22248129560776153 -0.04923001800597435 -0.032409174265280664 -0.21202157132499821 0.09505329476842615 -0.2331677241684041 -0.08305829752475691 -0.2588805111674239
0 8 0.05960587555579071 0.2755180490537523 0.3196357026394233 -0.06244347941959569 0.12896676922627454 -0.2847596917083573 0.037456969885959854 -0.1527682902515765 -0.17097753365694351 -0.1944397311006276
0 9 -0.015044860660749917 0.08757242840660084 0.08138076472999707 -0.0845701851736997 0.046343905437232616 -0.03623584070907419 -0.04900161632498557 -0.04652129345136162 -0.09284927245548867 -0.15686086371713134
0 10 0.02778776019241397 0.18383920292184242 0.2487610203100072 -0.12866791983904685 0.1394944115538377 -0.2248670740092547 -0.022755622552557087 -0.09141329168107196 -0.07107010379342293 -0.12423701812623285
0 11 0.15329099194438373 0.07178095627393039 0.053957847716807096 -0.03352152301144131 -0.04236082019496457 -0.11591190955111012 -0.060152110601918926 -0.17138828095509712 -0.164683454483035 -0.14423617941695394
0 12 0.017413507849077435 -0.0976374947637541 0.0307886271024906 -0.005214172282580047 0.049187299624164633 -0.05595612986587945 -0.0537909408540621 0.07130742381304779 -0.017641440039330745 0.08682606891866687
0 13 0.06070629100402201 0.24220138607685218 0.12986827107784912 -0.09819902653172263 0.023609823456372882 -0.15389438854632045 0.08430138377052837 -0.1483642557636176 -0.11037451523592973 -0.20561971776167018
0 14 -0.5620269239217635 -1.027777499732843 -1.0032034732965787 0.3385765518561851 -0.3101749215856083 0.7466538960692243 -0.2780736659962549 0.6729164991995923 0.5407095291104711 0.6899416505244476
0 15 -0.019404599250296552 -0.20591845498380454 -0.11968019833627479 0.15365891553136105 0.05430254382521672 0.09960640542341856 0.036966675374571746 0.18356574103575227 0.1361626976034188 0.12473386279961649
0 16 0.06679392812599555 -0.05695785168150271 -0.12106729542871128 0.09693811023956692 -0.02322659290594277 0.07109424586126771 -0.09484046882485858 0.059667593696716675 -0.03835350205610422 0.055352969752322304
0 17 0.12944583609904103 0.07736487624097578 0.0018197585489186754 -0.10751603134434035 0.019666375271408496 -0.10088011097227946 0.0683146708233657 -0.08125003262400443 -0.06472849406553502 -0.026856907873855033
0 18 0.15072803564351936 0.26279127062961305 0.11078530135551647 -0.14890447687662678 0.024482059202776924 -0.11340911209346446 -0.01215730214038242 -0.11341831511328292 -0.2182612991298554 -0.15447644073587133
0 19 -0.043066808869770004 -0.01928479027974442 9.386610256494568E-4 -0.02365096401353806 -0.03984996418510496 0.11218582730493057 -0.09119715178263675 0.09386763556783144 -0.01811006902510128 0.10145001121482339
0 20 0.1442496993751588 0.23406653869096875 0.415371372804438 -0.08892597965620802 -0.015922373053098765 -0.2111941183910775 0.12641258744153622 -0.2804732471055615 -0.2766182860561821 -0.32458326147165545
0 21 0.1810619090570788 0.06185277463698016 0.13594937670088503 0.04015921465384893 0.10360266759225079 -0.22601460261497267 0.04273606167214936 -0.10846888077937068 -0.060427093748329705 -0.22542175213399637
0 22 0.09829022028301564 0.2650954275074996 0.28566070376020397 -0.020337781519575816 0.12336581594794731 -0.2144729049522066 0.15641264473277577 -0.2250602123494709 -0.10128139517819124 -0.2344477976486627
0 23 -0.0012835464182671583 0.0850761935228692 0.029638622672754706 -0.10449162451372394 0.10988033045083792 -0.007603620967242264 0.10378059760612497 -0.017959246121545917 -0.12778862815838485 -0.13449633959668797
0 24 -0.05051971601741991 -0.0553638973392666 -0.04682124404870403 -0.06762971887188768 0.021619863615831212 0.13971091729597981 -0.01658819631414191 0.04779018871513723 0.15693596712320582 0.08528436277532873
0 25 -0.09662682739621298 -0.0770369009554049 -0.017475575176800522 0.12576280446562363 -0.10383379078694949 0.15237876759883673 0.05483166378307288 0.11906877378079364 -0.004774758449565676 0.13762455856040187
0 26 0.0788570290912037 -0.042837074296220946 -0.03539920306451303 -0.10677971271947019 0.014821194988903915 -0.13575592987598809 -0.05969892887531955 -0.09944665919538787 -0.07611860573433239 -0.1152911128225455
0 27 0.04225955635632956 -0.10664877898363544 -0.05270093871164711 0.05483682524826103 -0.0323080018744783 0.03604945937646293 0.044273576142058596 0.10497358776032219 -0.06670051963556137 -0.009481472060457043
0 28 -0.054482591880595586 -0.11209517681852763 -0.03747175211320508 0.003117473763965897 -0.06908122994619854 0.1315975212043083 -0.09714644004731177 0.0975021063151337 0.06568158966440057 0.04727582393551542
0 29 1.4266638592552036E-4 -0.059756404940889206 0.00740868867002921 -0.003203223066481538 -0.08936856247542047 -0.029598002666349627 0.0630032754628622 0.01216269699936814 0.022533020315257918 0.08319888620011533
0 30 0.012305049344600206 -0.09906424174152341 -0.12509634083506596 -0.02919328146928846 -0.04829302913319822 -0.058265411137118035 0.050364415301945666 -0.03918348115602506 -0.027290444286550277 -0.0014299602570689801
0 31 -0.17673454477034015 -0.11861778884159771 -0.12019477115872161 0.1201111840629644 -0.1160356767267665 0.09191583773743883 -0.02533323389036366 0.12295272155289252 0.08209856057703518 -0.021722355384537644 -0.3410984069186443
1 0 0.8608283239485164
1 1 1.5571357907523198
1 2 1.6109880860608856
1 3 -0.7046081120803561
1 4 0.33357573086323
1 5 -1.507042155296595
1 6 0.39792112190696005
1 7 -1.3995583603634218
1 8 -1.1768228801221865
1 9 -1.4628071266208569
