## LambdaRank
## Epochs = 100
## No. of features = 41
## No. of hidden layers = 1
## Layer 1: 10 neurons
1 2 3 4 5 6 7 8 9 10 11 12 13 14 15 16 17 18 19 20 21 22 23 24 25 26 27 28 29 30 31 32 33 34 35 36 37 38 39 40 41
1
10
0 0 0.0785635352362105 0.077131664407288 0.04216962450894764 0.05707171252741058 0.0508026135576233 -0.04192162899126589 -0.06685505255164431 -0.07040881908474855 0.06401980071039184 0.04545227305195587
0 1 -0.0326042481943221 0.02947815025015985 -0.057809987679646666 -0.06469089652069361 0.07605226625750156 -0.05120712405716884 0.04574093408157767 0.030746300283825488 -0.007262783868337063 -0.016119193848155477
0 2 -0.017208704786769984 0.015381123982951718 0.015556922191055008 -0.05752286100241482 -0.0963091414286686 0.02819916990911523 0.06484502222832307 -0.0826396484484566 -0.06727036124671086 -0.06363420938095678
0 3 0.09448074061426635 -0.00470058375604005 0.004518793433323751 0.04448099241278354 0.0626296368818985 0.08673790354327582 -0.08464433561045906 -0.05760691187503972 -0.05715860719004919 -0.09787353289009444
0 4 0.018331334485631248 0.0669234521055846 0.05044430271027731 -0.08585514400697969 -0.010991292024414255 0.01919400065042695 0.09426891289116292 0.05476721760172584 -0.050115808787803376 -0.028875595444700343
0 5 0.03500275902514018 -0.014979142179903331 0.02280567084037811 -0.03969070821858643 -0.07771688334317678 -0.044449992160922866 0.08546823021638097 -0.012718129366920614 0.044832206908630545 0.05727587444417594
0 6 0.04470826284682648 -0.08273482202713286 -0.05456466322721623 0.027644632894837703 0.05846232589695867 -0.059596885226966684 0.09195405933646084 0.05783593950482768 -0.03435606126648499 0.0232418100535873
0 7 0.056775685822556154 0.011304475010173594 -0.0840272980854121 -0.0770202157458886 0.05081645110493239 0.05291646788056143 -0.09070303787646308 -0.07845781733299421 0.010574075242836264 -0.05303862101273911
0 8 -0.06115587833590223 -0.06272634289690084 -2.9645634733379644E-5 0.01451934520192672 0.06212173759913431 -0.010268000752564047 0.05345204603360879 0.07651797517604832 -0.08673561098116754 0.0871714881541201
0 9 -0.09797387666720353 -0.03365805931809163 -0.056977778446692794 0.004694585496699985 0.09215029070283037 0.08477440452143169 -0.044322104347208596 -0.002217462557334287 -0.0877035842083466 -0.09125469536216703
0 10 0.08300222530933915 0.057814219884316766 -0.059716678644533026 -0.08209209301765187 -0.05730413724790436 0.06852839645032086 -0.05197604514262024 0.09031241493722605 0.06797973609762027 0.024220246914565258
0 11 0.05471980118899796 -0.04174220904431956 0.02112872449514247 0.019387891928803896 -0.06377062282062622 0.048984218580956106 -0.038089113860212846 0.007003925733953054 -0.0713730470621394 -0.07929070435106951
0 12 -0.053617183979134356 -0.003607420327670082 -0.003953514020362784 0.07689839613955216 -0.056672116587529936 0.0947785334996364 -0.052808289748741834 -0.01998236619977513 -0.02832223191149042 -0.07452028281657914
0 13 0.04032572536638149 -0.08487122969446312 -0.049267463604934184 0.07644733601673506 -0.02675485174507349 0.06933537469703915 -0.0800078267769771 0.018362768495974114 0.09024008156160544 -0.0018147917234129466
0 14 0.06804283799426149 -0.08764587800866001 -0.006137877594131002 -0.024918375270444253 -0.09660634552403546 0.039737976717118345 0.011259234045590472 -0.09615350771022352 -0.07169232618967299 0.06993922023361612
0 15 0.06282316763859694 0.09015797156281148 -0.03791695764529796 -0.04514316996083673 0.09180712068748723 -0.02782778857670264 0.023568710059923538 -0.04730575420427661 -0.008375998005527071 0.07521026144807509
0 16 -0.04436547970469954 -0.09479312855660835 -0.03583679161471359 -0.07779642903567104 -0.03349096666028274 -0.04951999829519191 0.03893807248221949 0.09897057148816242 -0.026000345263435823 -0.012669641238145861
0 17 -0.06418050024364107 0.02985577742554371 -0.09753820788914042 0.03935596956458213 0.02851236547201463 -0.025827015929980237 0.046061625656359725 0.074151331500884 -0.0767527135178653 0.0033528742188602507
0 18 -0.01045157145632483 0.021195064594959456 0.07815769371954037 -6.442683273304102E-5 0.03849192777527341 0.013147988475783539 -0.04703398995977757 0.06083370025776549 -0.05414982814873967 -0.03829119192780553
0 19 -0.05455839125321032 0.0635930378153762 0.023752820955695822 0.016120069403883365 0.044192542803340014 -0.038740491011151734 -0.08845672939359744 -0.0870912133387337 0.07616767076338102 -0.06872489685092528
0 20 0.012717674279850424 0.0961390236323301 -0.004087477959977347 -0.07611333249903689 0.09645039376165271 -0.004982410596160722 -0.030063919315248364 -0.022017587255412106 -0.012653649462535948 0.0640040780994832
0 21 0.09407424107187715 -0.03921584524991141 0.06127304308189868 0.01079218805580153 -0.027731887261363608 0.02062380560321938 -0.07531365787900776 -0.03946039595955788 -0.04307514600366938 0.06599575976943522
0 22 -0.07618087666486521 0.003195152995683211 0.03309447426438328 -0.06754303179146873 -0.05075441973450423 -0.06944664412171606 0.032025061252391775 -0.07994641316540979 0.015107122056222402 -0.04758154190713058
0 23 -0.020770979144236985 -0.07707048864961702 0.037355787513697114 0.047066351583337517 -0.0658265943365607 -0.04614132779406461 -0.015255421848939656 -0.005697309707200235 0.048014526014821306 0.006399180751032922
0 24 0.04179763394820737 -0.04720361047581769 0.07213034150121023 0.06935876111802985 0.04923673812923971 0.08897199502494124 0.048052074608009324 -0.07585606727267968 -0.08831075454549221 0.023582193620935672
0 25 0.09819528554288894 -0.05679892333084651 -0.08827094932263134 -0.039885334410802845 -0.07924078561525365 0.062054937802340046 -0.042597283280168895 -0.03234365864364244 -7.34100622337189E-4 -0.09592821910837404
0 26 0.08333261449340582 -0.07196783358110319 0.08625966215260471 0.07782323648817911 -0.03861399885633621 -0.07664024148210294 0.05037854455415017 -0.019496733020597325 0.016766934731753013 0.02303254981697817
0 27 -0.0585488654281646 -0.0730771546978997 -0.023813389074723978 0.08921776603778347 0.09552223695585878 0.05805838665822898 -6.65553992675187E-4 0.0024046682941696847 -0.09290074840879474 -0.01920085292729292
0 28 0.0613746584099671 -0.09494052949434983 0.05712051311650762 -0.0026006366176787843 -0.02435166270054869 0.03647051066715376 -0.09401404807995697 -0.06255367297238139 -0.05468412252322185 0.022226695278173333
0 29 -0.0494489903619825 0.02722324167985988 0.0779219530484787 -0.04305530767849864 0.07074864835464659 -0.0594328540910473 -0.08275879525600303 -0.054256923362240354 -0.04799656738339068 0.04467609208772546
0 30 -0.0034720386697361986 0.08974202773904466 0.011989657532994762 0.02732482133674225 0.061685906457901354 -0.03902693611507172 0.049916584007499674 0.09435640713674624 -0.051386556389939234 0.015935589366679753
0 31 0.049540092538926356 -0.07520485847336462 -0.07119164899684907 0.10001151365345749 0.097869977929899 0.08619619764109823 -0.043377243836548535 0.023967236941129604 0.04171790036367468 0.098341136190492
0 32 -0.010796124503840427 -0.01502340710825931 -0.06296881260794271 -0.049265761428614226 0.06920686176762891 -0.06931538806492747 -0.035719202631914075 0.049480051407484446 -0.07534548267398561 0.05663205182486598
0 33 0.007382510992903399 -0.05932555289589646 -0.06938325617255334 0.004753593885030758 0.09218264819352401 0.02185725674396767 -0.06377872422048587 -0.010334963792064248 0.07254759188780588 0.04344523277469258
0 34 0.08020467950960854 -0.05898945486390853 -0.07952576276049843 0.006785940804014388 0.061182485857380245 -0.014457494962998472 -0.06345416559295412 -0.08622061094157205 -0.04367921778407472 0.05437827446104707
0 35 -0.0720681928095858 -0.010720701548732847 -0.05821670738217614 -0.08850090903797758 0.024846340327539608 -0.08600394281578776 -0.00892697300315148 -0.09408717876308631 -0.0095811868965459 -0.04398032317319713
0 36 0.09751955764681175 0.04282203523496796 -0.030017516330803126 0.035164868834076095 -0.07715267647879291 0.07372728901282441 -0.0017015369524711877 -0.017205435894924497 0.061428189587945055 0.08711173709682793
0 37 0.027744070241291278 0.022793977609356406 0.0670361873621775 -0.09731318519100209 -0.08521185202638698 0.006752069783898417 0.0405522509522197 -0.08066323810700782 -0.01857505455719376 0.08487796186187625
0 38 0.0027274525604790044 -0.003293758743861186 -0.0678867291748374 0.0758100298339028 0.04794196177026708 -0.09076140491161765 -0.05531077142899714 -0.048764933914661 -0.05102943848679434 0.029644150787182955
0 39 0.016280418018072725 -0.06182835255830027 -0.06738736435131665 0.05386158104776515 -0.08925269220498366 0.047766806015865776 -0.060082290226869714 0.07417305451055971 0.07149031861297976 -0.06731357752484073
0 40 0.051493773294758814 -0.05504205757698129 0.007367453500814242 0.0035632851907237677 0.07627998818133733 -0.02945406347896505 5.744274698609956E-4 -0.014908232221110249 0.008098716361666623 -0.06962392846943083
0 41 0.09748003797009147 0.016267209986924592 0.028898840890967174 0.0242306346660332 0.026606689370749868 0.03749838410033786 0.07477458247884373 -0.07216864183491317 -0.04922557411302792 -0.04615698506698329 -0.09597777575254388
1 0 0.03142655640840513
1 1 2.506732998881436E-4
1 2 -0.04151211306452755
1 3 0.09788284450769437
1 4 -0.017159808427095052
1 5 0.05308257415890712
1 6 -0.039845131337642656
1 7 -0.033700846135616684
1 8 0.0742748528718951
1 9 -0.09999909251928357
