## LambdaRank
## Epochs = 100
## No. of features = 41
## No. of hidden layers = 1
## Layer 1: 10 neurons
1 2 3 4 5 6 7 8 9 10 11 12 13 14 15 16 17 18 19 20 21 22 23 24 25 26 27 28 29 30 31 32 33 34 35 36 37 38 39 40 41
1
10
0 0 0.07179614901542664 -0.045776624232530594 -0.03931545093655586 0.04839124158024788 -0.05716676265001297 0.06695298105478287 -0.07482033222913742 0.0838753953576088 -0.06857950240373611 0.010419810190796852
0 1 -0.07002957165241241 0.029282528907060623 0.029509013518691063 0.04361889883875847 0.0806136429309845 -7.381439208984375E-4 -0.09931882470846176 0.044849999248981476 -0.03286507725715637 0.011003434658050537
0 2 0.002555030630901456 0.06471823155879974 0.024824678897857666 0.06457200646400452 0.005461090710014105 0.0317821204662323 0.02203633263707161 0.03803931921720505 0.04422115162014961 0.014746594242751598
0 3 0.04565078765153885 0.07044263184070587 -0.024771343916654587 0.01340862549841404 0.08624330163002014 -0.08094523847103119 0.09497567266225815 0.0010513305896893144 0.027979444712400436 -0.064539335668087
0 4 -0.03654491901397705 0.0820959284901619 -0.03465810418128967 0.09036782383918762 0.03628416731953621 -0.06055878847837448 0.03168008476495743 -0.041815876960754395 -0.07408659905195236 -0.03722462058067322
0 5 -0.016135340556502342 -0.09269934147596359 0.008548158220946789 -0.06643453985452652 0.04097132012248039 0.009677236899733543 0.05015969276428223 -0.007001644466072321 0.04859951138496399 -0.007441884372383356
0 6 -0.0867403969168663 0.09600450098514557 0.07431675493717194 0.06029076501727104 -0.06610818207263947 -0.05907248333096504 5.624830955639482E-4 -0.09135992079973221 -0.046939752995967865 0.04626523330807686
0 7 0.01930246315896511 -0.019099701195955276 3.5519004450179636E-4 0.048761527985334396 -0.05172429233789444 -0.039499275386333466 0.08196888864040375 0.008311450481414795 0.08194930851459503 -0.06211716681718826
0 8 0.09698064625263214 0.0787687674164772 0.0846102386713028 0.09815076738595963 -0.04933784529566765 -0.037008874118328094 0.06491319090127945 0.019578855484724045 8.156895637512207E-5 0.06915087252855301
0 9 0.08419753611087799 -0.06983642280101776 -0.05969669669866562 0.07724060118198395 -0.014026308432221413 -0.008532470092177391 -0.004617857746779919 -0.06141485646367073 0.047484587877988815 -0.015396666713058949
0 10 -0.039000313729047775 0.03305508568882942 -0.0976327434182167 -0.061942048370838165 -0.01944681443274021 0.005552398972213268 -0.02995598316192627 0.0832563191652298 -0.02258843183517456 -0.09104380011558533
0 11 -0.00817118864506483 -0.04688528925180435 -0.06324954330921173 -0.003842931939288974 -0.08089641481637955 -0.020947789773344994 0.06438411772251129 -0.03427685424685478 -4.582643450703472E-4 0.0894220620393753
0 12 -0.03905230015516281 -0.010253733024001122 0.044506531208753586 -0.04896945506334305 0.06941379606723785 -0.008124512620270252 0.00612529506906867 -0.04871216416358948 -0.058045923709869385 -0.009264975786209106
0 13 0.02877400442957878 0.00205729017034173 -0.08285190910100937 -0.02429286204278469 0.08866183459758759 -0.00796046294271946 0.008406514301896095 -0.022948015481233597 -0.06905277818441391 -0.06794804334640503
0 14 0.0937933623790741 -0.014401739463210106 -0.028518980368971825 0.07476754486560822 0.08982042968273163 -0.02012496069073677 0.03830372169613838 -0.07871195673942566 0.03695688396692276 0.06943294405937195
0 15 -0.052725642919540405 0.008464068174362183 0.05941682308912277 -0.02643764019012451 -0.08094976842403412 -0.034733183681964874 -5.224049091339111E-4 -0.026377033442258835 0.04847085475921631 0.017006784677505493
0 16 0.05981064960360527 0.05915416032075882 0.07229874283075333 -0.06641605496406555 -0.0733056366443634 0.08840665221214294 -0.0251053087413311 -0.0910145491361618 0.024959499016404152 0.0355411060154438
0 17 -0.03048681654036045 0.06369528919458389 -0.08947286754846573 -0.08990464359521866 0.014015155844390392 0.06752228736877441 -0.08453726768493652 -0.028629552572965622 -0.03289598971605301 0.028428267687559128
0 18 0.05399923399090767 0.04267498105764389 0.020821303129196167 0.0410311333835125 -0.012527716346085072 0.06920300424098969 -0.013998454436659813 -0.02974756434559822 0.057073481380939484 -0.024664754047989845
0 19 0.06935723125934601 -0.06443282216787338 0.09074125438928604 0.017835378646850586 -0.046581149101257324 0.06745173782110214 0.010652387514710426 0.09752517193555832 -0.0018785179127007723 -0.0073864758014678955
0 20 0.08295778930187225 0.05580715090036392 -0.03330354765057564 -0.07351264357566833 0.06536798924207687 -0.06433991342782974 0.024957168847322464 0.06472591310739517 -0.04039909690618515 -0.06872781366109848
0 21 0.06054181605577469 0.006777268834412098 0.09099070727825165 -0.0038487017154693604 0.01551391463726759 0.03247559815645218 0.08423348516225815 -0.021692777052521706 -0.09147248417139053 -0.02094232477247715
0 22 -0.028651494532823563 -0.0424945168197155 -0.026441533118486404 0.09405336529016495 0.03581620007753372 -0.049802761524915695 3.487527428660542E-4 -0.010879630222916603 -0.048026155680418015 0.05062231421470642
0 23 -0.05627237632870674 0.08423800766468048 -0.09036846458911896 -0.012873929925262928 0.07492252439260483 0.06739046424627304 0.06768494844436646 0.07415749132633209 0.07234322279691696 0.023479927331209183
0 24 -0.05479837581515312 0.08816678076982498 -0.03896533325314522 0.09546701610088348 0.02181057259440422 -0.03809227794408798 -0.0019105852115899324 0.04013289883732796 0.09536684304475784 -0.09996195137500763
0 25 0.07184126228094101 -0.07613898068666458 0.0814877301454544 -0.08310802280902863 -0.03066951036453247 0.023185092955827713 0.0659014955163002 -0.009811127558350563 0.027085011824965477 -0.07698357850313187
0 26 -0.06376732885837555 -0.0216616690158844 -0.07312913984060287 -0.07306751608848572 -0.012261921539902687 -0.016291070729494095 0.076938197016716 -0.04137694835662842 0.08670841157436371 -0.02486443519592285
0 27 0.004298078827559948 0.04311797022819519 0.07375922054052353 -0.03808894753456116 -0.03479701280593872 0.011565154418349266 -0.05360112711787224 -0.07648085057735443 -0.06713266670703888 0.08927862346172333
0 28 -0.027232985943555832 -0.0792471393942833 -0.032524459064006805 -0.0656328946352005 -0.0745735689997673 0.05537627264857292 0.09520135074853897 -0.07060535252094269 -0.04448893666267395 -3.955364227294922E-4
0 29 -0.054580092430114746 -0.07344803214073181 0.058785922825336456 -0.03274105116724968 0.015018200501799583 0.0681670531630516 0.058800239115953445 -0.044799529016017914 -0.05592064931988716 -0.001660120440647006
0 30 -0.03541477769613266 -0.09541938453912735 0.017498796805739403 -0.01491284929215908 0.061175696551799774 0.09305180609226227 0.015624433755874634 -0.022830933332443237 -0.08663094788789749 -0.031671058386564255
0 31 -0.012991535477340221 -0.054085515439510345 -0.07209789007902145 -0.045236069709062576 0.0031927942764014006 0.008775264024734497 7.737278938293457E-4 -0.040694188326597214 -0.00933746062219143 -0.06875917315483093
0 32 0.059434421360492706 -0.054390799254179 -0.0594816729426384 -0.013190043158829212 -0.07892489433288574 0.05223705247044563 -0.07741184532642365 -0.050079345703125 -0.09822536259889603 -0.060101188719272614
0 33 0.019216429442167282 -0.07364988327026367 0.053085435181856155 0.06762712448835373 -0.0936005562543869 -0.09678355604410172 -0.09305009990930557 0.09604737907648087 -0.027043050155043602 -0.08804722875356674
0 34 0.09915819764137268 -0.0585455596446991 -0.0736643522977829 0.06358054280281067 0.008676576428115368 0.07033712416887283 0.02406882680952549 0.04555521532893181 0.05293960124254227 -0.08487509191036224
0 35 -0.03744424134492874 9.662806987762451E-4 -0.07969620823860168 -0.04245101287961006 -0.006845694966614246 -0.017191331833600998 -0.062323443591594696 -0.0179495457559824 0.06886108219623566 -0.05405483394861221
0 36 -0.09484744817018509 -0.045628320425748825 0.0857493132352829 -0.036060065031051636 0.033920079469680786 0.08053313940763474 -0.06066242605447769 0.01300231833010912 -0.07673122733831406 -0.028521722182631493
0 37 -0.09470699727535248 0.022352606058120728 0.057293910533189774 -0.039857588708400726 -0.05836985632777214 -0.03260190039873123 -0.0026214004028588533 0.014948874711990356 -0.0292277280241251 0.03318177908658981
0 38 -0.015022498555481434 0.015045225620269775 0.042879849672317505 0.06362814456224442 0.03707323223352432 0.005569100379943848 -0.014687174931168556 -0.042330287396907806 -0.011780249886214733 0.08524623513221741
0 39 -0.01617133617401123 -0.06350871175527573 -0.0720331221818924 -0.07031317800283432 0.031821053475141525 -0.07999041676521301 0.0806499645113945 0.009818106889724731 -0.0795731246471405 0.07890161126852036
0 40 -0.09515269100666046 -0.0053945062682032585 0.051379866898059845 0.08757330477237701 0.0498652458190918 0.09687545150518417 -0.019044172018766403 -0.017756033688783646 0.03201032802462578 0.053729623556137085
0 41 0.09211677312850952 -2.0719171152450144E-4 -0.0945783406496048 -0.02847796119749546 1.937627821462229E-4 0.07735748589038849 -0.06191222742199898 0.09300866723060608 -0.0831512063741684 0.07219244539737701 -0.055476825684309006
1 0 -0.05489807203412056
1 1 -0.0676659494638443
1 2 0.07818694412708282
1 3 -0.08153833448886871
1 4 0.03692002221941948
1 5 -0.053435008972883224
1 6 0.03294333070516586
1 7 0.012596338987350464
1 8 -0.04353095963597298
1 9 0.03421402722597122
