## LambdaRank
## Epochs = 100
## No. of features = 41
## No. of hidden layers = 1
## Layer 1: 10 neurons
1 2 3 4 5 6 7 8 9 10 11 12 13 14 15 16 17 18 19 20 21 22 23 24 25 26 27 28 29 30 31 32 33 34 35 36 37 38 39 40 41
1
10
0 0 -0.01643295576596932 -0.002737885421296415 -0.03727533377640467 -0.00652884622859219 0.06458409599307699 -0.03663420094218559 0.07458217613040544 0.08008190463362001 -0.05066867621921786 -0.0630579958919991
0 1 0.031453965818092094 0.06996857459891001 -0.02282659126609259 -0.022462937004354262 0.02271915437938353 0.07651530700343276 -0.05573782163261529 -0.09204506530523994 -0.050171471739061634 0.0038144123016391144
0 2 0.007140859927750589 -2.3580118173608126E-4 0.001433188113777747 -0.034253019233896204 0.025353156341691576 0.014045820865103803 0.0993621326575678 0.07815961565058575 -0.04825298061827838 -0.05603659173314805
0 3 0.005885850564883327 0.06856660893825296 -0.0023941533825136358 -0.08229025745228338 -0.09595736261229312 -0.0028874465342675565 0.09140021548022227 -0.0658456325489319 -0.09524863118779636 -0.055764798092893426
0 4 -0.06309588960719147 -0.08729545998954463 0.018902963676342328 -1.0026950416725726E-4 -0.05691637564193737 -0.02803095805928585 -0.05733818872845118 -0.07710361750791077 -0.0636651057990508 0.09937887013486224
0 5 -0.03021674219980023 -0.0503869785752663 -0.07378926318742096 -0.017300348391075596 -0.06955007762754577 0.0639228494253772 0.051867383347552934 -0.05045753226990292 -0.09956146833558178 -0.09915984036405978
0 6 -0.050597394822625895 0.027014775399874156 0.051592837222222736 0.09299441218037297 -0.06982694267422711 -0.08539259176287202 0.09044742340523786 -0.03440746146033474 -0.0734951355162971 -0.09299906582561754
0 7 -0.03082948560945741 -0.005785204167610003 -6.744037640331912E-4 0.03753280855648397 0.0910870823782387 0.07214209326523689 -0.045538970199941506 -0.016114816016415234 0.06586579998817398 0.05051438806666428
0 8 -0.03552288772612027 0.008949771952036507 0.098411008600605 0.011009588039105667 -0.006866127787063656 -0.026287405493763443 -0.09921670457997833 -0.07074676019291061 0.06284659548681217 -0.060172673553247666
0 9 -0.0882658179799082 -0.04226080796341038 1.687882357383723E-4 -0.05560219699971355 0.03457983289437673 0.08963570299613133 -0.007452933921545269 0.039768114107804196 0.029883212915109328 -0.02642030636273376
0 10 -0.07086790233836433 0.012871008868308309 0.05942846144599244 -0.0631407841455002 0.07063846113482194 -0.008376614078683285 0.028268669357291852 -0.07312140077786428 0.01655872764877229 0.0775161151816616
0 11 -0.058936643444665336 -0.001635564884759252 -0.04857821287758548 -0.03793405689061521 -0.002085947755077808 0.08505374820630933 -0.02511970129362975 -0.055057226064515644 -0.09145555688188368 -0.08320631527805303
0 12 -0.03126213003402336 -0.09052247355406125 -0.030764100177292877 -0.053056000969257895 -0.0658368231446396 -0.06212800980532395 -0.021626728725624985 0.00784503554864382 0.008289735078973544 0.007423480632967779
0 13 0.028771055434971406 0.01287367403027064 -0.023152740212699023 0.0331478823684015 -0.031665862914834975 0.06616475362206829 0.03411508981154621 0.06303243281041031 -0.030295726182993685 -4.777607361865066E-4
0 14 0.08739672723593883 0.06663761982880485 0.05652415727046454 -0.021551947993220962 0.029233455019042235 0.06416900406945385 0.09265305779709207 0.06697957255771848 0.042045265336527256 -0.053589006464390083
0 15 0.013733339343317578 0.029525672923925952 -0.019469599467853583 -0.09937169353999642 -0.05142264203451041 -0.0397029355901328 -0.011819692272819784 -0.05542288651308676 0.023508127470615807 -0.04318661440697762
0 16 -0.040342042195254765 -0.06864687891040192 -0.08568517226797209 0.040473022846687266 -0.061212193484121484 0.024190430353697244 0.03983154437346993 -0.07858345320662918 0.05833859282437005 -0.04855290746791353
0 17 0.07647609949214601 -0.09765880384145262 -0.05780063638901951 -0.08257602808548994 0.038377703552111675 -0.038707877431865934 -0.08615544958815954 0.07274410979261434 -0.06671440438497989 -0.013229959518642817
0 18 0.039845779876592276 -0.006249318693899694 -0.03173049756533489 0.020157919174986452 0.09381150425384764 -0.0330476536202706 -0.055749218632243344 0.07112225002706267 0.05278668704963682 0.07626841216744257
0 19 -0.00784917158764313 -0.051103941951741436 0.04253326255857991 -0.031226232585332084 -0.08681379508683568 0.09831915936703002 -0.04340105026098152 0.0936873449568008 -0.01215444843887068 0.034502540975906326
0 20 -0.09359549316411464 0.03625212324533822 0.010435528962590708 0.014820875323086924 0.02742846135429569 0.07492092428822959 0.019525098658171414 0.09523234639965251 -0.06865235630268428 -0.02758548656776861
0 21 -0.03219428983648916 -0.03411229291240324 0.06848217819974238 -0.0690130577341319 -0.066055858360382 -0.05535257261761539 0.06402781574010928 -0.029194572320686802 -0.07793343584461182 -1.0347047759632193E-4
0 22 0.03400457764376787 0.06576539942249741 0.03716129329818297 0.08572559996276059 -0.045393454528975835 0.06441789326577085 -0.03459741589826462 0.07216489091439428 0.01709187649096523 -0.0863777116377276
0 23 0.03204693422929059 -0.008390005592045318 -0.07528766299361657 -0.08698442343695958 0.049974221280797315 0.09442932588253049 -0.03855032974026423 -0.07478107892523968 -0.05074514069998128 -0.04819352848804195
0 24 0.04997832870644025 -0.06807557221831638 -0.0994381045560844 -0.01070713867817784 0.06930768573295618 0.03158422870058868 -0.07396487486740703 0.05763728387193319 -0.04798194415055009 -0.04447613674014399
0 25 0.05311178442065694 0.011447126371794894 -0.036726707221580036 0.059033094416586954 0.031886700252033426 -0.06363233697729699 0.016961124373786822 0.05805343360184629 -0.0013312246177465121 -0.023895070779604472
0 26 0.00500830056212903 -0.00882028979159358 0.08233924088708361 0.010228868787801276 0.051062749310639435 -0.04150732371004812 0.021933524959029137 -0.08190437901969781 -0.043763020882725864 -0.050749816620382616
0 27 -0.04410534428011241 0.0959036546987371 0.03559942654912431 0.030553495696832703 -0.09734403177309278 -0.036749148422363445 0.024289193935439567 0.004694708418707191 -0.0561409414922769 0.029354480771564967
0 28 -0.06107955634543245 0.007543613917201882 -0.01478534713405965 0.09512721552927915 -0.008053950311359987 0.0034279623021107653 -0.05832309172974298 -0.05262738033670977 -0.033481345948746896 0.006671832122991463
0 29 -0.007768100586070132 0.09582647547994601 -0.016779242244009056 0.07895327116392412 0.014477604135311616 -0.00537762956424155 -0.03275594291005882 0.03579728293986905 0.02207714737725574 0.06130494625015526
0 30 -0.09860660682174426 -0.08985158132139139 -0.0233764237372543 0.029103254051100733 -0.09652277532718603 0.0949763189075463 0.014455873716012327 0.08553176304385127 0.02978670708611696 0.03226852274216347
0 31 -0.08840658946596645 0.03517786782899686 0.030874517324597717 -0.09679244343997952 -0.01718581756308983 0.04442387508270297 -0.016356140394773053 0.0020994264546844 -0.04161508733328754 0.08551517882828182
0 32 -0.07528000469163633 0.0185443416670137 -0.026770439033241975 0.04019038355855271 0.08524579534827441 9.5397320473248E-4 -0.04283218913551797 -0.059686575178444085 -0.07351518137645068 -0.04138149065061454
0 33 0.09992737758100853 -0.015929376814567103 -0.07927822266718064 -0.0034819022378266623 0.09958136905749866 0.00732321348132019 -0.02758927200363847 0.05646359155358959 0.06508844570455243 0.001797283951663798
0 34 -0.0955030630551375 -0.028635123609815044 -0.07846980567957121 0.009632629075764336 -0.03661030690276303 0.04321636271894314 0.08260630122719463 -0.07907469232068152 0.03134276861953154 -0.0824418073494115
0 35 -0.0037669706208624237 0.09885424474746075 -0.04754088441459927 0.04977756428246923 -0.01189238802960239 0.07347295013448013 0.027948493556810915 -0.06486930796569887 -0.06389174022307001 0.009485445511756955
0 36 -0.06985146791061271 0.03068751042114429 -0.06863824013660669 0.013983756226720758 -0.025285863419049065 -0.058375849816512344 -0.07144692554303649 -0.06010956636985483 -0.0307586738933129 0.021915924387142655
0 37 -0.08043613196856143 -0.01863115919944526 0.06842709582907826 -0.04073269968897606 -0.047656244114948815 0.08961215107202326 0.07376707880938287 -0.05824196305202981 0.07378777840772506 -0.09341704630399718
0 38 0.029265427961945534 0.08953369408845901 0.026624256744980812 -0.09673701226711273 -0.026104027405381203 0.0633988231420517 -0.05099755525588989 -0.05583207681775093 0.033539533615112305 -0.07133837044239044
0 39 5.074916017277647E-4 0.0566155572555321 0.08854831596430723 -0.06732231945191862 -0.039887998827309916 0.019223292962116837 0.0071854541617464825 0.03261607659577046 0.0509444113717912 0.013283091061081958
0 40 -0.023508082545739096 0.03145412148101813 -0.02468491566164818 0.09935774620864744 0.08173866277834643 0.03533708487818211 0.037664261592282824 0.07189804428256151 0.043637039405939715 0.08657413242477122
0 41 -0.07323006013522686 -0.08128925541077675 -0.0711330933362653 0.08843259727387041 0.019020579536838313 0.02151217513252905 -0.08366488399770888 -0.02659005937648158 -0.019119751405841264 0.09649213179399158 -0.013684642501175388
1 0 -0.09127037972211875
1 1 0.029526919126511095
1 2 0.023077791556716003
1 3 -0.00462620845064521
1 4 0.039850104600191
1 5 0.03955462574958793
1 6 0.028271306306123508
1 7 -0.013434141874313686
1 8 0.0448799915611745
1 9 0.09548339247703677
