## LambdaRank
## Epochs = 100
## No. of features = 41
## No. of hidden layers = 1
## Layer 1: 10 neurons
1 2 3 4 5 6 7 8 9 10 11 12 13 14 15 16 17 18 19 20 21 22 23 24 25 26 27 28 29 30 31 32 33 34 35 36 37 38 39 40 41
1
10
0 0 -0.09156852318572135 0.002439026677932727 -0.03512355811224671 0.06953865370607192 0.058479725752939485 -0.014478152296329422 0.0788645252353057 -0.023853249041858593 -0.015836782008211564 -0.026679991922742285
0 1 -0.020036768246764338 -0.039029493909421224 -0.07398867863235564 0.09765803975004228 0.062419259170222306 0.04422934340697259 0.03558817354247301 -0.03740783974525813 -0.09980876401733722 0.08666717994762872
0 2 0.05567510999992218 0.037103091397559 0.01868873197905188 0.06306518753213927 -0.06503053841492848 -0.0326838811734951 0.0673183164723106 0.07927309104658414 -0.08000889371375047 0.07950357320241427
0 3 0.05586208628578288 -0.06851359114446702 -0.00876175410199947 0.09075520762381564 -0.05736408754827986 -0.056734838456192246 -0.019641035748904554 -0.04374623518574985 0.024960191247143527 -0.04230667427113414
0 4 -0.07033713218568126 -0.09053117028758999 -0.06342224191691055 0.07966954096669927 -0.08034624512620493 0.06663261207632432 -0.07777141166017566 -0.03865072990482686 -0.08648142612179885 -0.09204233233476992
0 5 -0.0705049337485807 0.009676294412873166 -0.04753356846630586 0.0932630987096685 -0.08820516262782419 0.06959502106657274 -0.04161215815782872 -0.07961008671852443 0.07799777947796199 0.0244154392567796
0 6 -0.06588133623931389 -0.08706345043936962 -0.08958915381698765 -0.06871649206115407 -0.05144820211842038 -0.018266639227151278 -0.044719288009101396 0.07006325530247877 0.004036209582153573 -0.06345303087347803
0 7 -0.00435915852972867 0.003527812117851181 0.02278976617086844 0.0675398334949325 -0.0795998748496572 0.008421224362522618 -0.06554689428352062 -0.06392159250780423 0.06853767740604294 -0.04276211521315114
0 8 -0.01720611395444498 -0.05151510318007521 -0.054589720451266525 -0.01786437027871726 0.049019911107693645 0.023036338277939824 0.07365186619994683 -0.014146199630051672 0.08695278111313172 0.09447365434253903
0 9 -0.020080761917114227 0.040363865783308465 0.07349735306215761 0.0027273704661292756 0.0895023981744033 -7.957743616294588E-4 -0.0529510150764085 -0.05126606999733826 0.044165593415745164 0.0990432135615665
0 10 0.01946325870010646 -0.08975447618485406 0.02915042411850597 -0.05988253535968167 0.047486403862863194 0.0034987165727329663 -0.012392073444536127 0.020740087981405263 -0.052088613382636983 0.08225747460184595
0 11 -0.07195372917726135 0.06731073485598595 0.044387629133115745 -0.09992218239113895 0.05001460510326034 0.036807879525555656 0.02024629394738992 -0.01664908628940494 -0.06015164295315521 0.02339861113578253
0 12 0.03659706332853666 -0.06080933708384913 -0.062287137178812624 0.0513062815982432 0.06489832916326764 0.0030847505598117077 0.032673534386041085 0.06408996876444333 0.051055535274648116 -0.06973128134101046
0 13 -0.0995217349003916 -0.09721161909884579 -0.06343171817253201 -0.07007758927474393 -0.062463064828313083 0.06935790837028898 -0.09952979046925313 0.030662533732270365 0.09517006963673971 -0.01920320470713107
0 14 -0.09578244320665803 -0.04886288247041599 -0.005491764827031458 -0.06688879865449118 0.004351086998555553 0.06060973735155246 0.031957579513820236 0.05527434741754466 0.019393158518351144 0.031917299716905746
0 15 -0.08389189452221002 0.06051819046255247 -0.05962690438617029 -0.038916552997363726 0.03443823020327322 -0.0064024418076774 0.08622103434287609 -0.09840349201173335 -0.06580235114452018 -0.04775751680644803
0 16 -0.1000199812220318 -0.05354052435859575 -0.0948104819620119 0.012383929492915297 -0.021481792257936918 -0.08784316696097655 -0.1000889130201874 -0.09103586886395997 -0.10008155195211339 0.08515269510508461
0 17 0.07612736858073234 -0.07945044562319871 0.06770501955948513 -0.056247092649749024 -0.026424417418250492 0.06275421885709807 -0.027138164524559666 -0.044081479401779144 -0.059599838725934245 0.01913494751261512
0 18 -0.06825283633290466 0.05623507552682464 -0.07901495009209794 0.08429580651099783 -0.01020245990404062 0.049048824903362584 -0.014778502109481617 -0.003737447592978954 0.010396633558692475 0.03020240597850838
0 19 -0.033043757104992424 0.02079551244955869 -0.002129131843484806 0.08896837529312279 0.01967758062664354 0.04420401227772982 0.09346126077294416 0.08706069103047848 -0.08082696097444118 -0.005128058737925578
0 20 -0.05464960809201928 -0.04486202261197322 -0.06606355321235236 -0.03589605380655421 -0.06257826761897863 0.023671175911848193 -0.02768655043290667 0.0013381014433030765 0.02932835964896088 0.026218337423831384
0 21 0.004518040154759906 -0.04938385163632116 0.03329104907724766 0.0023007445774239654 -0.04553476671525643 0.035188312786693425 -0.005939580639743688 -0.07044408532661837 0.03978468373443853 -0.04165200333711395
0 22 -0.01033377827707283 0.0866388872494949 -0.02614688937172308 -0.05061951782639859 0.07013535669591509 0.013121300321762602 -0.06821353258487438 0.01967775953910167 -0.047265107772187606 -0.02049645463931777
0 23 -0.016832458464253904 -0.06234417516099568 -0.09558566963538138 9.052281591677226E-4 -0.011273303059344823 -0.09392435314960064 0.0265694631735204 0.07386219805586641 0.047323527196049646 -0.027943826424922484
0 24 -0.04202327297517459 -0.04014783781088515 0.0069987822890784515 -0.08602464281242644 -0.04809634919937445 -0.011368289985317446 0.05019611834449389 0.04059966966729421 0.03454466937055713 0.07753935159928627
0 25 0.04260893001281698 -0.09124645211366932 -0.04519364242415366 0.05572583806178282 -0.06335978015819854 -0.036205288480063984 -0.014244218092888426 -0.06255531603119356 -0.04728094848310321 -0.008117759101334818
0 26 -0.08795175636355657 0.03198894982425297 -0.05820890620423569 0.05295289022640102 -0.04829932859880245 -0.04558801444012019 0.09610172642870407 0.06624826258975289 0.016898842402597862 -0.04509622590001474
0 27 0.00891504201843622 0.08968677069572652 -0.05284313658812051 0.002187153854741105 -0.057131627318739144 -0.054924945356814144 0.04357891950924497 -0.0016986366525584707 -0.04278958399734469 -0.052311920614614926
0 28 0.08012238800202078 0.08760136719110848 -0.010925827193165876 -4.999481119115245E-4 -0.09136883141712095 -0.083443579420906 -0.09392035005522036 -0.07961145410003193 0.04612585927287735 -0.07039435241369703
0 29 0.02930460865360657 -0.042658080219938124 0.06378321952533658 0.05336858416308694 -0.06643033893004359 -0.004433254961608876 0.01705809934712482 -0.09446934372348353 0.06197177466558367 0.038251938888940476
0 30 0.0846050081593404 0.02270416475514067 0.08962323415036644 -0.06711621233450585 -0.08282273482551657 0.06164192447410035 0.0966403221280958 0.06453678587863439 0.01592796553486137 -0.025624827036577317
0 31 -0.00333261084077288 0.004494606280322232 0.07533875370379807 0.044912473962062584 -0.0792895437119626 -0.011557642869018203 0.07470796168807226 -0.08048006195056942 0.017824093225544513 0.07666347992246692
0 32 -0.01779770339203732 -0.0695189964127675 -0.01101986018003949 -0.08376147476539457 0.09051498912425945 0.031004141695623468 -0.03214387536613208 -0.0030251690987796176 -0.009089472511667208 0.021150407302485325
0 33 0.060100172219301376 0.051002252928453326 0.07666010638572238 -0.09403851255776316 -0.005053320284318913 0.02244972167125721 0.08121664656645468 0.07061934191409147 -0.052962150604604366 0.020784652319245454
0 34 -0.011873719264749394 0.06158927937207582 0.013023820900056405 -0.09803317210150096 0.08344987353690202 0.023788229801483242 -0.03431902402470762 -0.017822713263979034 -0.04820945470087151 0.03569393853186143
0 35 -0.045026558934073396 0.027452008228111325 0.0813289065809282 0.03138532264131435 0.011945696983233476 -0.09583031420111424 -0.09933740754864949 -0.07890769089756637 -0.003011665034827483 -0.04035693978933046
0 36 0.07033657361125298 -0.029326815739916207 0.024330065600653945 -0.016271223279132045 0.07341173816501832 0.03369062820736499 0.02678107676051179 0.079730494733565 0.04893745130075274 -0.08482833886025222
0 37 0.09188746874989913 0.07258529714176552 -0.04123471417775517 0.02938656701188163 -0.05213591501580813 0.007208076208006403 5.857026638466016E-4 -0.05485207579054417 0.054830673252486785 -0.03444839628633556
0 38 -0.08075698520217688 -0.06102742984741649 -0.0688650217959148 -0.08026010206300144 -0.07232629500535069 -0.025512393396490952 0.08984306701752286 -0.05398130268031038 0.01505793556673352 0.05399443462850295
0 39 -0.04384936764836311 0.08486514538526535 -0.05114414542913437 0.04619038105010986 0.06718914210796356 0.05420806258916855 0.03939545899629593 -0.013220751658082008 0.020489001646637917 -0.02793530747294426
0 40 -0.08266159273924917 0.08351605052525134 -0.09858184769080915 -0.07962858126348646 -0.01858642516721331 -0.023396096285340957 0.01581404234316041 -0.018880564203165726 0.0823939760484523 -0.08613247948857351
0 41 -0.05520415646587855 0.05766689957533323 0.01944303114050292 -0.07855792381568356 0.002914608253283624 0.03129191834019564 0.010643111153140334 -0.05152944266519845 0.012169998548227272 -0.026234320150882225 -0.011899304576218076
1 0 -0.07232243567705238
1 1 -0.09929069876670885
1 2 -0.08178450167179152
1 3 -0.06580768525600368
1 4 -0.06902432441711347
1 5 0.09614706784486848
1 6 -0.021036064252257423
1 7 0.005958450026810281
1 8 -0.08403974026441485
1 9 0.07609607279300618
