## LambdaRank
## Epochs = 100
## No. of features = 41
## No. of hidden layers = 1
## Layer 1: 10 neurons
1 2 3 4 5 6 7 8 9 10 11 12 13 14 15 16 17 18 19 20 21 22 23 24 25 26 27 28 29 30 31 32 33 34 35 36 37 38 39 40 41
1
10
0 0 -0.05994243174791336 -0.07744359970092773 0.020045597106218338 0.09909343719482422 -0.025914043188095093 -0.027668576687574387 -0.03804360702633858 -0.002890509320423007 0.09354160726070404 0.07242230325937271
0 1 0.041016776114702225 0.06555651873350143 0.07817015796899796 0.08685816824436188 -0.06620574742555618 -0.006187057588249445 -0.042425692081451416 0.03256737440824509 0.082415372133255 0.016930168494582176
0 2 0.055452704429626465 -0.019253265112638474 0.09590081870555878 -0.04330073669552803 0.07438343018293381 0.01407158374786377 -0.08582956343889236 -0.0840676948428154 -0.0876537412405014 0.07226022332906723
0 3 -0.0763656422495842 -0.08966020494699478 -0.011050092987716198 0.09598298370838165 -0.09900490194559097 -0.07915176451206207 -0.09426645189523697 0.0022374927066266537 0.01099652610719204 0.02761995792388916
0 4 0.0782695859670639 0.09522838145494461 0.01351876836270094 0.09804243594408035 -0.0419158861041069 0.09378239512443542 -0.05673327296972275 0.004878300242125988 0.09003200381994247 -0.06018305569887161
0 5 -0.02792477048933506 9.713172767078504E-5 0.06456662714481354 0.013228213414549828 -0.0936397910118103 -0.06665633618831635 -0.005439722444862127 -0.08536463975906372 -0.007070213556289673 0.08929065614938736
0 6 -0.04836059361696243 -0.0014294981956481934 -0.09788425266742706 0.04796604439616203 0.023155217990279198 -0.014829462394118309 0.0332898385822773 0.04546336084604263 -0.008038151077926159 -0.03591390326619148
0 7 0.07632210105657578 0.037295591086149216 -0.0027836919762194157 -0.02684938907623291 0.07017886638641357 -0.0795256495475769 0.006895524449646473 0.01747857965528965 -0.045884985476732254 -0.048040032386779785
0 8 0.02764362096786499 -0.017447281628847122 -0.08464853465557098 -0.011446893215179443 -0.09723175317049026 0.061309270560741425 0.06597866863012314 -0.05900546908378601 -0.048378366976976395 0.025369267910718918
0 9 -0.0979672372341156 0.0948568806052208 -0.08323828130960464 0.09770023077726364 0.05709312483668327 -0.010314851999282837 0.07186201214790344 0.06607187539339066 -0.061490338295698166 0.037087954580783844
0 10 -0.0332842655479908 0.012453138828277588 0.06382793933153152 -0.06604345142841339 -0.08485245704650879 -0.06730218231678009 -0.07778190076351166 -0.08848592638969421 0.09355080127716064 0.08203302323818207
0 11 0.045536063611507416 0.07991228997707367 -0.026845013722777367 0.0238491240888834 -0.012831312604248524 0.09981796890497208 -0.07996711879968643 -0.08355946838855743 0.0027891756035387516 -0.025367463007569313
0 12 -0.051579516381025314 0.014044076204299927 0.07006809860467911 -0.07160548865795135 0.05040190368890762 0.08471108227968216 0.07286762446165085 -0.0763736441731453 0.04165414720773697 -0.04558878019452095
0 13 -0.021877825260162354 0.04421023279428482 -0.08406290411949158 -0.04362146183848381 -0.052478205412626266 -0.050249792635440826 -0.06569907069206238 -0.02328885719180107 -0.019322514533996582 0.002501618815585971
0 14 0.02005789801478386 0.07384474575519562 -0.030902832746505737 -0.04887520149350166 0.09256301075220108 -0.056270916014909744 0.025768358260393143 -0.0939335972070694 0.03207012265920639 -0.05446881055831909
0 15 0.04178124666213989 -0.059594105929136276 0.0019658624660223722 0.04726142808794975 -0.04512416571378708 -0.08385895192623138 0.04110140725970268 0.09045440703630447 -0.06673086434602737 0.0021467984188348055
0 16 -0.05607055872678757 -0.031505536288022995 -0.04039346054196358 -0.09690935909748077 -0.09323598444461823 0.05327809974551201 -0.04900692030787468 0.0329555869102478 -0.02142718993127346 0.057903826236724854
0 17 -0.06324341148138046 -0.018269186839461327 -0.05437823012471199 0.05695744603872299 4.0604470996186137E-4 -0.04309353232383728 0.05574258416891098 0.029945289716124535 0.04029381275177002 -0.053671251982450485
0 18 0.09891737997531891 -0.04953627660870552 0.009616315364837646 -0.011264210566878319 -0.09892844408750534 0.04901451617479324 0.0868290588259697 0.07194261252880096 0.09427237510681152 -0.025108307600021362
0 19 -0.08521703630685806 -0.09812058508396149 0.03288121894001961 -0.027651309967041016 0.04363643378019333 0.07892853021621704 0.008269977755844593 0.08645729720592499 -0.09153123944997787 0.09325110912322998
0 20 0.09944669902324677 -0.0653408020734787 -0.05767366290092468 0.0966227576136589 0.09130922704935074 -0.013391649350523949 0.06053413823246956 0.051161181181669235 0.09102264046669006 0.004412197973579168
0 21 -0.05226900056004524 -0.0463322177529335 0.01026543416082859 -0.016851861029863358 0.08802057802677155 -0.0775781124830246 -0.05325242877006531 0.00862433947622776 0.0575568750500679 -0.059704236686229706
0 22 -0.0360867865383625 -0.08386868238449097 0.0472346767783165 0.05240767449140549 -0.06426288932561874 0.03201610594987869 0.09685227274894714 0.06644447147846222 0.012036710977554321 0.04345031455159187
0 23 0.07816474139690399 -6.704032421112061E-4 -0.07989946007728577 0.07059983909130096 -0.04966696351766586 0.032553624361753464 -0.05453510209918022 -0.00847662054002285 0.03570655733346939 0.04774574562907219
0 24 -0.05941178277134895 -0.01447595376521349 -0.03707069903612137 0.04791107028722763 -0.06355157494544983 -0.07367862015962601 -0.004898285958915949 -0.020252233371138573 0.011042868718504906 0.04294678568840027
0 25 -1.0047554678749293E-4 -0.08703354001045227 -0.044503796845674515 0.07478122413158417 0.01642993651330471 -0.07889171689748764 -0.0219749566167593 -0.0302078016102314 0.06692108511924744 0.09183700382709503
0 26 0.06861414015293121 0.038887493312358856 -0.020630663260817528 -0.09458586573600769 -0.06208516284823418 -0.05419439822435379 0.02943994477391243 0.05022979900240898 -0.02367767132818699 0.08118247240781784
0 27 0.0031369985081255436 0.004233032464981079 0.07596409320831299 -0.026162272319197655 -0.07507943361997604 -0.0693652331829071 -0.03219462186098099 -0.028034675866365433 -0.050445038825273514 0.0074135721661150455
0 28 -0.0026505053974688053 -0.08357962965965271 0.04440981149673462 0.06738171726465225 -0.0388205349445343 -0.07157345116138458 -0.09854988008737564 0.09037181735038757 0.08753517270088196 0.013909190893173218
0 29 0.01034587062895298 0.03245854377746582 -0.0940871387720108 -0.085820272564888 0.02287527360022068 -0.08860275894403458 0.07588706165552139 0.0018583356868475676 -0.09961041808128357 0.02301553450524807
0 30 -0.0863470807671547 -0.059452176094055176 0.05269670486450195 0.024371594190597534 0.0024549365043640137 -0.017675280570983887 -0.002167737577110529 0.00788452010601759 -0.09889569133520126 0.02527528442442417
0 31 -0.01826103962957859 -0.08049426972866058 -0.016597533598542213 0.08906957507133484 -0.039330147206783295 0.07028095424175262 -0.09422288835048676 0.09148676693439484 -0.06380575895309448 0.09670710563659668
0 32 0.007395440246909857 -0.024335002526640892 0.08624078333377838 -0.024403661489486694 -0.052348263561725616 -0.004803216550499201 0.08468104898929596 -0.09995372593402863 -0.01819775067269802 0.07925297319889069
0 33 -0.06943568587303162 -0.018490850925445557 -0.015192622318863869 5.335748428478837E-4 0.07177776098251343 0.004917270038276911 0.06505671888589859 0.08535455167293549 -0.08518845587968826 -0.023160630837082863
0 34 0.013938993215560913 0.01967483200132847 0.071464404463768 -0.0461261160671711 -0.09850341826677322 -0.08211928606033325 0.009340387769043446 -0.02886400744318962 0.08133625984191895 -0.09810849279165268
0 35 0.09423629939556122 0.027961254119873047 0.07311761379241943 0.020688915625214577 0.0943194031715393 0.0012785971630364656 0.07589855045080185 -0.05797603726387024 -0.030280042439699173 -0.0038933574687689543
0 36 0.014344972558319569 0.03167406842112541 -0.07405080646276474 0.06847108900547028 -0.06995351612567902 0.056311435997486115 -0.05515635013580322 0.021277695894241333 0.09701468050479889 -0.07463213801383972
0 37 0.022463005036115646 -0.038656722754240036 -0.07849258929491043 -0.07100887596607208 -0.033804405480623245 0.09303511679172516 0.07501061260700226 0.011794423684477806 -0.036291323602199554 0.07238367944955826
0 38 -0.03077637031674385 0.029203850775957108 -0.0560709610581398 0.08254701644182205 0.026549261063337326 -0.07362063229084015 0.03788306564092636 0.05797078460454941 0.011648302897810936 -0.008145648054778576
0 39 0.06196710467338562 -0.01309267245233059 0.004517382476478815 0.008758926764130592 0.018706893548369408 -0.06402643024921417 -0.02450968697667122 0.06363946199417114 -0.03985603526234627 -0.038156867027282715
0 40 0.006322664208710194 0.035989634692668915 0.06926967203617096 0.0678769126534462 -0.052909187972545624 -0.0661361888051033 0.005774808116257191 -0.033935971558094025 0.0027104138862341642 -0.04073066636919975
0 41 -0.09171784669160843 0.0028681873809546232 0.03871319815516472 -0.08203371614217758 0.055190324783325195 0.01419337373226881 0.04800936579704285 -0.07550138980150223 -0.0189325213432312 -0.059672366827726364 0.06501107662916183
1 0 0.0661439374089241
1 1 0.08373238146305084
1 2 -0.022700022906064987
1 3 0.04954804107546806
1 4 -0.09709324687719345
1 5 3.7073492421768606E-4
1 6 -0.08999945223331451
1 7 0.08368285745382309
1 8 -0.011809086427092552
1 9 -0.03941841050982475
