## RankNet
## Epochs = 100
## No. of features = 41
## No. of hidden layers = 1
## Layer 1: 10 neurons
1 2 3 4 5 6 7 8 9 10 11 12 13 14 15 16 17 18 19 20 21 22 23 24 25 26 27 28 29 30 31 32 33 34 35 36 37 38 39 40 41
1
10
0 0 -0.17424671890181273 -0.10267312334427312 -0.11162393456380074 -0.1585470530710967 0.07000436517477415 -0.004614644866168289 -0.08987180248920604 0.07598819406933084 0.07354588868376137 -0.02321232327562746
0 1 -0.15962133213276275 -0.15605768107133286 -0.1823094845388644 -0.25291043782962913 -0.05124779939402862 0.06077734120671761 -0.07982073052353629 0.019988456578210325 0.21304411336432977 -0.12096024224855473
0 2 -0.4287019715724891 -0.7101409092211161 -0.7938904905072908 -1.1801511544125671 0.06963843002515281 0.10461768662337641 -0.27752642136909556 -0.17961842453449622 0.7207486661154053 -0.31524132136840927
0 3 -0.06906942329931016 -0.12892804135191788 -0.3135186874598952 -0.48108839508015866 0.12192059339739243 0.1313461158109483 -0.02938013484614975 -0.05905523412629786 0.17833053709457947 -0.04110385387788759
0 4 -0.004594773917872035 0.1388265589803705 0.18827865923481382 0.16804267451537513 -0.026710374521383397 0.06113893382143431 0.03030100404333333 0.0362589958767447 -0.16489393634558153 0.06699702737776883
0 5 -0.11052460487218947 -0.31893214707888334 -0.32888335364758575 -0.4820157341734444 -0.01798582860461466 0.02974678299759521 -0.20509687863310008 0.0071736037126777915 0.3424959742287828 -0.0883147872224165
0 6 -0.14113072630664647 -0.20667258069923602 -0.1634920084658458 -0.2854609508023018 0.07561401160588689 0.005761233195571261 -0.005525723420956063 -0.10585819442692412 0.2378258961219653 -0.04296517259142675
0 7 0.0725387692925938 0.08357287381161793 0.15451924849497287 0.07528339406525689 0.07427192034254468 0.08068908974640249 -0.041760043708615066 0.0017927027746680708 -0.08905724385750448 -0.01510164423057534
0 8 0.012605682413123225 -0.1449621438358944 -0.03205417826011239 -0.06937017281271857 -0.019966691465196033 0.05831291855743262 0.023193298259386527 0.028275564125676483 0.12164919386691929 -0.11301195680129404
0 9 -0.06450792205226523 -0.3207613152564013 -0.27925190443267073 -0.5296849586085157 0.04461369630192186 0.022216455299519572 -0.1404961927553598 -0.13175975992910796 0.26087515068450307 -0.11461164044137168
0 10 -0.20983180072348706 -0.18730948690138494 -0.34107453145580796 -0.35014283128814044 0.021746809002499944 -0.029150644396596478 -0.011077629215216 -0.0943064143406829 0.29623728077379313 -0.07004681291563013
0 11 -0.01069204394493535 0.14952099883299663 0.05830852786484885 0.21917883984693032 0.03218109466275028 -0.07866095683367551 0.08221957070232554 0.11226007702750679 -0.040304367005206045 -0.019757379206254373
0 12 -0.06753675239351986 -0.25149636968085803 -0.3769112690961967 -0.4090348988584837 0.049541385747820924 -0.026246466616203976 -0.10324476806582188 -0.041708127449147675 0.19007717727503118 -0.13418025960312302
0 13 -0.14376232521044047 -0.2380211464406196 -0.44866369584785665 -0.5491073360447967 0.14001220045054222 -0.04026862467192628 -0.12889079271740916 -0.11170869709677153 0.31625538815543686 -0.012293335838910359
0 14 -0.04998210343434694 -0.08611044752007904 -0.28035407683349856 -0.3520010410872676 0.0133379404184367 0.04712769863082947 0.023780128582677848 0.06104456662034365 0.24408787490586376 0.04336260388006251
0 15 -0.029055349986893002 0.11747061035975179 -0.055281923032219515 0.10792340918403975 0.069135150391321 0.07344681319234486 -0.04085677289936453 0.014773426818625266 0.016082013510583224 0.11091607336177088
0 16 -0.07177660425320456 -0.14537627474435574 -0.08334191415186695 -0.19400646452819909 0.08957491928652374 0.08287491285622828 0.018903824816355552 0.05560087383244137 0.13603100871044163 -0.10522466878505289
0 17 -0.023772017469970087 -0.1339987775078559 -0.1159934202685319 -0.10159903711905978 -0.08222238058077204 0.023158916426326955 0.026181343370765678 -0.06459667092842598 0.08678487013805035 0.024495167130189708
0 18 -0.1112891966219491 -0.0861538192608921 -0.32585707190792673 -0.2206482156437965 0.12640246525459994 0.007744861844077668 -0.11767106638399238 -0.03985458906232359 0.08075998693173506 -0.10505750132323931
0 19 -0.04712410114818167 -0.19008249693261559 -0.10719840689472314 -0.14841217994347478 0.089728107025465 0.08260811408998106 -0.11302669379290108 0.011148202453020811 0.19233039277044195 0.020376690519080004
0 20 -0.06470343475680795 -0.09402397777902191 -0.25608669169135523 -0.29895358899438895 0.06408098821029466 0.08307812349144691 -0.009347840459155161 0.009954242581977716 0.1324616480246731 -0.08148877497832624
0 21 0.03138048418140806 0.023675107883036995 -0.04864137197620877 0.015883544165926574 0.043434142226548164 0.005557940253850991 -0.06816459392924716 0.04726036374610068 -0.002607697186075709 0.014914298430464249
0 22 -0.07827322467548276 -0.05716594597345946 -0.22206926503503166 -0.17336468428851512 -0.009810320032430198 -2.2735186380830544E-4 -0.08066939578527461 0.027699103495275317 0.1527576551575702 -0.0709720040546733
0 23 0.036669175280899025 -0.019347704939035523 1.8434365182897817E-4 0.04431979380488208 0.025255638256903058 0.06193090417364754 0.01667221950226843 -0.031533706262860305 0.017473374530106583 -0.016899882759229337
0 24 0.04074785990695945 0.027316649649321074 -0.11021184241167184 -0.04654078709099108 0.005429827757846884 0.027101149925707033 -0.032860440093488395 0.03326428009091596 -0.038122744755229546 0.07643085229983952
0 25 0.1386120434525877 0.051847466752383935 0.06630833525509867 0.09340574955825867 0.055468810017754444 -0.01931206593743478 -0.01748987197777451 -0.07368381948841393 -0.15331866836901922 0.09575159313584064
0 26 -0.05199964646176692 -0.17584026814004422 -0.06267010550053252 -0.12796449118251238 0.050578004959795725 -0.0495098334635876 0.025459708838066884 -0.10790298066196322 0.012672424212394904 0.03208369194556097
0 27 -0.07273937855391166 -0.15314520108409965 -0.14142670954036385 -0.17344200230955856 0.04579852033508916 -0.07885903223728612 0.002985061975875016 0.00794767285179638 0.12495069797362364 -0.07355804287343143
0 28 0.03765425445303164 -0.0034532564868908567 -0.011978640854281675 0.11143016305540365 -0.0768968334050317 -0.040678234580376955 -0.014539682313161188 -0.05596692698413001 0.01960448791092924 0.032602690247594664
0 29 -0.04707716742385227 0.004046424378442702 -7.597567642372336E-4 -0.08441228804876229 0.03610505956159109 -0.06766293480532054 -0.10698457278826826 -0.08202928727290863 0.10741679783862103 0.07919395102671772
0 30 0.05849112999497904 0.054154820010701814 -0.06396809533872697 0.027094423254842685 0.04766896950896559 -0.0489416626742058 0.02266137463424495 -0.05940746327289218 0.02075801153853015 -0.04263821131508517
0 31 0.013400344775731219 0.013481457811598117 -0.08888466498628418 -0.12871379333253113 -0.06656800478591202 0.0820910407973177 -0.12432156161999094 -0.010500088163956565 0.07229506024443148 -0.06490807529217327
0 32 0.058561569040634684 -0.057524715318751536 -0.11779347743255654 -0.05509077694396115 -0.03750171732176722 0.0054500650504721235 -0.06637555597618137 -0.09167931923587985 0.11657518005920467 -0.021911048307395705
0 33 -0.11191043773572154 0.0019039536175878315 0.03149657553545977 -0.05272817305438247 0.09254440127483902 -0.05680753272281856 -0.05062684896827981 -0.07439098317576356 -0.027987813103314056 -0.0927188171383135
0 34 -0.08085247745783603 0.011930883481731184 -0.0497168068440514 -0.022893491765807326 0.07877234777099919 -0.09397403507405613 0.006451187583112058 0.015321567899911463 -0.03733243160270054 0.020924395873297693
0 35 0.07366400522266728 -0.01239820093345833 0.07710312514387803 -0.026686038780074063 0.07124843844739369 -0.05885972551493062 -0.07232889998743874 -0.0737023979015813 -0.059434899127284224 0.0838800600106446
0 36 0.06972154475467843 -0.07743054674569169 -0.0878013338252029 -0.022984279682478983 0.0593683341823682 -0.09371061182440908 -0.043393987401842325 -0.07710479415771017 -0.07233803396378412 0.08547114471788772
0 37 0.07597344503758965 0.010565476094324141 0.0660924046206211 0.061832544897775454 0.0023934115926129594 0.060124074183025795 0.10722574844460506 -0.05535661221601084 -0.11710506533176171 -0.07545911759579119
0 38 0.06796000219409623 -0.04345351719688424 -0.0018173967986456086 0.060518498710519654 0.08209568757949087 -0.032970082017969936 -0.08102491443472688 -0.060440645944174136 0.02304476083813865 -0.10261198739103955
0 39 -0.09201765799371626 0.06011777503647062 -0.07480878414742018 0.04527944439270858 -0.024091128463350604 -0.09735574590587935 0.06105891654810438 -0.012908198110278869 0.006587193086367111 0.02496727639822915
0 40 0.0860723341970212 -0.032819292946041016 -0.0870196696016134 -0.09394380254223782 0.03940013687140644 0.08348071852473127 0.0853774249671287 0.0669720416552669 -0.019447219130667527 -0.015722943820978025
0 41 0.04222348271629133 0.08088213318116953 -0.023424013487254997 0.021799055905091003 -0.07186520093598486 -0.07176978898429807 -0.07244266966493518 0.10064860506852162 -0.11583476395762769 -0.018528498287400958 -0.11127751294034155
1 0 -0.6280968861945797
1 1 -1.0424063758477018
1 2 -1.2621180505245035
1 3 -1.681650345966233
1 4 0.15796815056151828
1 5 0.10185020847898825
1 6 -0.45441007683593626
1 7 -0.26253408539227624
1 8 1.1159601246619733
1 9 -0.4383628724912269
