## RankNet
## Epochs = 100
## No. of features = 41
## No. of hidden layers = 1
## Layer 1: 10 neurons
1 2 3 4 5 6 7 8 9 10 11 12 13 14 15 16 17 18 19 20 21 22 23 24 25 26 27 28 29 30 31 32 33 34 35 36 37 38 39 40 41
1
10
0 0 -0.21227215882067152 -0.13708204352897058 -0.3570046974311137 -0.018316012530540212 0.1786124605842763 -0.37891061605188864 -0.19659841117663246 0.09412960431028809 0.10314865940706709 0.17416669424354358
0 1 -0.3274937575644057 -0.1745985960627698 -0.4649532744434652 0.1578215693126305 0.09863157813182634 -0.46636887606748056 -0.11857213715819885 0.18869989517011931 0.02489739291527775 0.33465041592368955
0 2 -1.439677654839275 -0.8311219229288311 -1.3494545421518975 0.3308495374343155 0.6399363561194951 -1.5354988164109915 -0.7444152764965992 0.7829665138140554 0.22705665174755235 0.9848291184311349
0 3 -0.557414332886001 -0.3517714603555309 -0.5663918907854187 0.14371341134784005 0.24174013720422058 -0.6445300804783723 -0.22346276541920765 0.18992545334528652 0.1399015266252823 0.42873628598746033
0 4 0.2624470789646228 0.1988329122094111 0.3407760005739394 -0.12172064236560642 -0.16189275569746284 0.24079462138661542 0.13299704092637635 -0.2815317986112312 -0.09060040984752743 -0.25793273986314763
0 5 -0.5471314996809461 -0.3945706713988193 -0.5906975977207959 0.04861843269699673 0.1843056261140564 -0.6370686025683259 -0.21247008943912393 0.22986390290954942 -0.018040993902628234 0.35670529161691317
0 6 -0.3646043847349042 -0.2054289307418531 -0.38536714631779106 0.014203904346824978 0.23419775623663153 -0.3272710015605832 -0.19600668887057066 0.2760337359271689 0.08822483776526388 0.18759351904533994
0 7 0.04126716477584719 0.16255092100270835 0.115575962148709 -0.06340493172594222 -0.011805985091007347 0.14306494069586076 2.108176695560527E-5 -0.136800621180438 -0.06019902088335586 -0.048412348250665566
0 8 -0.21091632184040676 -0.13222922746050045 -0.13417559539779716 0.08169679883921419 0.12611357361405523 -0.20990507093658883 0.037973134926061344 0.02156686118728098 0.056549109122439906 0.1362621834163541
0 9 -0.5866752972054684 -0.27939949723659596 -0.5728619511862577 0.15664268116169144 0.18426136392722567 -0.5397569568470385 -0.24511716237077 0.3350076767426832 0.1443588417518301 0.3188049119433034
0 10 -0.3540223819624581 -0.3336326519525777 -0.5229818852004919 0.12482326173484007 0.09911137475239908 -0.5237112156516485 -0.21151199838968546 0.3045706812118515 0.07149844096242487 0.33860401885940333
0 11 0.18775210968711295 0.11307135046397905 0.21331495318788082 -0.10596820246411395 -0.1049619115531276 0.3239770662933252 0.0563966826281739 -0.11262615364978902 -0.0387157653281213 -0.1499891995047438
0 12 -0.33105560821265345 -0.2719267243361929 -0.41606119189803675 0.14376931211495442 0.12167662966549023 -0.5239018391002066 -0.23101808664911896 0.16821205214334115 0.03448889068072275 0.31200215331014497
0 13 -0.5923943077324446 -0.351727522069659 -0.6711136489078977 0.12355308584220377 0.2969561207493381 -0.6087399441020959 -0.29581162124777566 0.3132052148386326 0.057859112275969 0.2186460039654366
0 14 -0.4296145825117974 -0.2588603125342369 -0.41503080852753393 0.08918679791868366 0.1271108552066058 -0.389811486065069 -0.2429340772087544 0.22201848596080404 0.1003321188104353 0.23198724480926436
0 15 0.02849060522392277 0.10953295892423759 0.08663112967134366 -0.020608509778275292 -0.01218455022563787 0.12274274825034905 -0.02496862454924002 -0.061735723498250926 0.05162824793866762 0.028664425761497227
0 16 -0.1901513949796926 -0.07749500177295338 -0.07024294471729557 0.06515926255688635 0.05188627414107122 -0.1126504558820937 -0.08260000492272801 0.025164040070893068 0.04702012804185341 0.04440931839653352
0 17 -0.011573820549732813 -0.11827274807950958 -0.056929563154229146 -0.03521188470926479 0.1327381413596876 -0.14137095723215615 -0.041921554844250794 -0.053372894585618454 -0.041509298721261426 0.1019128673512005
0 18 -0.3837029123724677 -0.1850273506109782 -0.34527450081519434 0.07832813826866274 0.08541824127616095 -0.4083409385959209 -0.18415198705598554 0.19121214949434742 0.07332703544156687 0.14891176568293898
0 19 -0.27039597989252795 -0.09797409835012504 -0.29073077733441965 0.00452321595270428 0.14200809518107455 -0.266366927980068 -0.03576136629350861 0.16123346095200147 0.005668395019277632 0.2172937191502653
0 20 -0.16451482556858824 -0.0460678572567234 -0.20721282052708592 0.010132957877164228 0.08414125737032596 -0.28507529815149624 -0.1806453322123723 0.03559696604962317 0.0103642163427918 0.025789418241969456
0 21 0.057350040038939044 0.07342725849011787 -0.03992396617483977 -0.021260751299975667 -0.012151668171914109 -0.0880542142341678 -0.08778004128603673 0.0692135262120015 -0.026207764525682437 0.061646211494597175
0 22 -0.2945400351451563 -0.13445228328903996 -0.4118784154381644 -0.019797147360110432 0.1976109585025691 -0.305851265921486 -0.11207444484972667 0.24662975371092974 0.08728223580370341 0.10299806077735779
0 23 0.024557050247065306 0.11992957985185125 -0.0175069160432145 -0.0878586808806318 -0.05371916004557497 0.054461403230170326 0.06507657058418494 -0.09901441991579912 -0.05618254289643285 -0.15918739684404157
0 24 -0.23963457460682194 -0.023379138708587315 -0.09483059093966567 -0.0412795927419862 0.03351180873338351 -0.14447160474483522 -0.0044286253080959015 0.15120283614922952 -0.052935041247989596 0.05410170636965261
0 25 0.25217661820151427 0.19199769539713887 0.19516708298565796 -0.1030814074417147 -0.14325235521959742 0.16589692617497445 0.11487753288671977 -0.08590872244242104 0.03308268735229909 -0.27140861046794096
0 26 -0.18142361674040255 -0.1227856750712546 -0.10640108641919445 0.0500474377582813 -0.025681452836704373 -0.2347426057380142 -0.06619764648441717 0.11455686788268292 0.08571247940085278 0.051070587066899265
0 27 -0.19815862849817847 -0.03418828084667018 -0.12502766414222174 0.07223315270575963 -0.024675838621951007 -0.08107776098518854 6.80763909208768E-5 0.136150060841742 0.005590720933381726 0.11845661822945122
0 28 0.048627513563036365 0.08064971597586278 0.13090532613558528 0.012076389096152513 -0.05687916998382832 0.14138307331334252 0.022455508188591513 -0.07591822224942674 -0.05776842902432037 -0.008564936172117198
0 29 -0.1667449262323963 -0.03095293688930472 -0.005378127379795497 -0.07158469467131602 0.060568795863389965 -0.15212136182067884 -0.06664197783213462 0.06438929348855144 0.020128699504602086 -0.04618129192609461
0 30 -0.09767194869366398 -0.06214458472333195 -0.14826862375942937 -0.04108392117886263 0.007208145500142144 -0.006284631509635022 0.05381408078614352 0.11478129580499365 0.04816050261675309 0.10826194714338677
0 31 -0.2115508715143669 -0.011173253277940888 -0.2315583235849302 0.08242736980447389 0.1491540241198749 -0.08972871255579648 0.004835505191942463 0.1349863043556543 -0.022578689150883572 0.1119191775565393
0 32 -0.12099603105640296 -0.09855897087819533 -0.1802982690110252 -0.018128048286540178 0.08866845105475052 -0.16075095966998712 -0.026731473521281055 0.02197248662201281 0.0862536613293654 0.018233285139125213
0 33 -0.046575331541572604 -0.08729272331977052 -0.04465176451163904 0.10582975021242666 0.010800756390515398 -0.016034865985445363 0.033844407386119275 0.12910373410278142 0.007796598163716257 0.058271021729114206
0 34 0.08143052166799414 -0.09924050374374381 -0.016099611696279586 0.05314457388972329 0.09240032055893753 -0.0049152823833172226 0.041070034441708994 -0.07073283829837933 0.027899197370071297 -0.025763929733069308
0 35 0.13215887953475222 -0.009073323809151306 -0.00963406281019444 0.02587332589795879 -0.09132802168862252 0.03625417841504919 -0.05445389969500804 -0.0026831018528290767 -0.01780239846734063 -0.11928722072873761
0 36 -0.05502072937730858 0.020999301947594116 0.09978706080330497 -0.09676388343425343 -0.014350768806479161 0.03908324583150533 -0.0752927187319202 -0.1468994303470281 0.03390204043613966 -0.1680400355890028
0 37 -0.07304857573923959 0.07391240952252175 -0.022812642415523398 0.0394039593861026 -0.11184311360935618 0.038760987221686215 0.0119832304533998 0.06935100692154246 -0.0255366418788714 0.024352653081481775
0 38 -0.08779088150946485 -0.007777712303832727 0.02734313279673798 -0.03745375527198776 0.06648125040107394 -0.04981136594427102 0.032405130341049346 0.07812830096031685 0.03381462877388378 -0.023385764348386302
0 39 -0.015300852314855578 0.03776285892589534 0.04652190543178677 0.027313866506445666 -0.06594491896528253 -0.07198672711838414 0.07942456056371161 -0.06437273378810092 -0.07309846556705676 -0.09780356825136222
0 40 0.031150136316013193 -0.0037052840264150616 0.0789076923168394 0.030302677848255737 -0.05806043205277333 0.0272978039361377 0.10156287527805387 -0.1913405230528071 0.026316708892094615 -0.06197826219021673
0 41 -0.019356721159905894 0.09788935726030591 0.06213032275041199 -0.07767409165328708 -0.15341459636500623 0.07217718968560856 0.030425034431388075 -0.07515815810674015 -0.057606980199365554 -0.1724126554918659 -0.3461632784526723
1 0 -2.040135555564991
1 1 -1.426743619132926
1 2 -2.1734398841508975
1 3 0.3987455609476514
1 4 0.8468716709070168
1 5 -2.255386205070741
1 6 -1.1463076301486812
1 7 1.131903823149826
1 8 0.23537266557958123
1 9 1.3754050593486111
