## RankNet
## Epochs = 100
## No. of features = 41
## No. of hidden layers = 1
## Layer 1: 10 neurons
1 2 3 4 5 6 7 8 9 10 11 12 13 14 15 16 17 18 19 20 21 22 23 24 25 26 27 28 29 30 31 32 33 34 35 36 37 38 39 40 41
1
10
0 0 0.06903302339154849 -0.2412670829093525 0.150558388427107 0.13797196376240722 -0.03887760925324376 0.11566061086165629 -0.26943062509383225 0.05265198932060277 -0.04228418517609765 -0.5265053151621945
0 1 -0.012971792508853271 -0.3050829171610654 0.22196206338310617 0.05464383193968387 -0.009805696830014133 0.13782594808158266 -0.144414079130313 -0.13113300888294152 -0.075543911014738 -0.5844685818441324
0 2 -0.02250338470242037 -0.9193961919166499 0.9859858189956128 0.6233685208414785 0.05258316766428341 0.3823960824806497 -0.928098901298481 -0.1772998575253514 -0.1798397465357511 -2.0395120671817226
0 3 -0.05770083153412023 -0.3941657972248441 0.4254941703351487 0.22647221623961974 0.11425956156097507 0.180812274140098 -0.2888429681894379 -0.06887101310546374 0.047711105294323645 -0.6478034498885183
0 4 -0.06820473914806807 0.05362111010698456 -0.14966447361464702 -0.0991516112471531 -0.0629427849334482 -0.015270087004978698 0.15973430925450643 -0.02439068079421317 0.001427872051768036 0.39883058460478044
0 5 0.004450430819480329 -0.3830909512252484 0.41220305861300066 0.260539011940764 0.01760495745949734 0.10270691436699088 -0.38874270706086567 -0.12785465580724795 -0.001740079429474278 -0.7698893085083299
0 6 -0.058977337163141484 -0.185675161379016 0.20606725339396803 0.06045048440070398 0.08251229594172292 0.11293896594378798 -0.2582353775975244 -0.03686388512756333 -0.0020620148691750835 -0.5642289952909949
0 7 -0.06366364067749658 -0.012751762982720386 -0.22367517236660883 -0.02790404823948793 -0.02837223309017193 -0.07615699224434248 0.10234709461951845 -0.03140833171357735 0.04515474547993535 0.1398170247274992
0 8 -0.03706975637652747 -0.011944286391876106 -0.017949423030210805 -0.02742880764987702 0.027923102953937184 -0.06715545893468887 0.008514313941752985 -0.06575789301424863 -0.05142340458295802 -0.12268274956673877
0 9 0.04755131827242328 -0.38991280437760273 0.38651964342638173 0.21736853653687033 0.0379563125754378 0.11853778324774837 -0.2949121311480586 0.0016740769927808135 0.04152686726743445 -0.6696827606207871
0 10 -0.010349059967270608 -0.34897228648642226 0.36592114422607386 0.23633076502545108 0.04345735589237482 0.02655627229018344 -0.22260676029000212 0.009478894671330855 -0.07631826237860859 -0.6326703153754188
0 11 -0.0023204414509221142 0.16621282837938353 -0.22819212630142882 -0.158878212585657 0.003152140287447774 0.048937297283972975 0.11510310487220238 0.024787686019745517 -0.029452675470361525 0.2086381701628511
0 12 0.08837970739893651 -0.18733467765066616 0.3917944945802181 0.19855431160504203 -0.0010671457006223846 0.17345557882958612 -0.19296510319735113 -0.11727933210879547 -0.0451587816495398 -0.711051001373384
0 13 0.12921702957243428 -0.37962742268087996 0.40003760781041486 0.1437836766405002 0.030680019787292304 0.13418276147326677 -0.41032218363777984 -0.005258846984166934 0.014083042654585641 -0.8059653481040777
0 14 0.10116061479279678 -0.2781761806445256 0.18738115367443098 0.18717602210214834 0.023561370666346945 0.14888752826042298 -0.1189874574717119 -0.059637543038185824 -0.017796962497167137 -0.515131513411469
0 15 -0.009533698432416278 0.02530869478002316 -0.04165358334960492 -0.1048398880607748 0.020244520644998227 -0.11095110281033636 0.1363680538773205 0.05323905058543868 -0.006159866003477374 0.1318283957238127
0 16 -0.05805808585954306 -0.027278575602828276 0.1709085212548651 0.04718360297363102 -0.02753208625455588 0.08584150863787259 -0.006801330479794583 -0.09971195019014938 -0.05095231762613625 -0.24163635035098174
0 17 0.06620999538750529 -0.1641663969109911 0.11138240944084375 0.06799376480222843 -0.05954479533940919 0.07954937378406415 -0.054051949157410885 -0.0709682137197127 -0.06444599579838906 -0.23927447963622983
0 18 -0.05743060841482546 -0.26264355907095044 0.21438062452061052 0.10715313821099182 0.06199985994614617 0.06399873048460743 -0.2898042993133376 -0.03379119291916088 -0.05034261900609903 -0.43281035112007077
0 19 0.043352918397988806 -0.17408220843790628 0.20795190790113127 0.11724203023501666 0.038386359403611695 -0.00810201289627231 -0.22368877912730828 -0.11010086315891926 -0.00964682844096934 -0.408562926550332
0 20 -0.02158771554993585 -0.16126331625121249 0.21002594763765978 0.038108427982264145 0.0626702139330543 -0.04848745319639785 -0.18838985042882894 0.04742285670216771 0.02111824646352684 -0.3738253816448996
0 21 -0.05560943005366439 -0.05317258714898903 -0.0054646977052077335 -0.021743739725240376 0.03674228462997298 -0.03775755895227952 -0.008542872657772245 1.8925773911660795E-4 0.050077581982027455 -0.15588182276545964
0 22 -0.08181602856720865 -0.11383470965215697 0.22663304262422027 0.03763961981896159 0.09016092680051106 0.1461611017125711 -0.2400052683583343 -0.05557733800759109 -0.08374480746094252 -0.4477984016106806
0 23 -0.09914937489499538 -0.060967424035359694 -0.07199389064322671 -0.015879252992732497 -0.028862230235856476 0.00808070614971706 -0.05974996002067795 0.03534836615490607 0.04181336100367428 0.06210288663232517
0 24 -0.04171848623875448 -0.1462405651648548 0.11773209655822646 -0.008226146781109979 -0.02418187130856265 -0.06947080321673789 -0.06195101099941959 -0.03995484222331089 0.08113742496569445 -0.2577717369128611
0 25 0.027403028696757228 0.13048320813849495 -0.26667785899382174 -0.15384197911679223 -0.11295570333224977 0.03083151413706589 0.04288467014251167 -0.035201479241802384 -0.014092847523591027 0.38068649242953206
0 26 0.003884030729280435 -0.008091483503956632 0.1889218510019433 -0.018185669511911574 -0.026715196313492073 0.008737119969894763 -0.1358550094009084 0.07487684855536693 0.05022154361469982 -0.19205684942516799
0 27 -0.021465076141103673 -0.1647804413056084 0.07422101792931494 0.10161280941186722 0.11522899607756235 0.08436087533505353 -0.017749313059204616 -0.11870196935714405 -0.07481503138353456 -0.3189346849223196
0 28 0.024409006583452374 0.12212093655216284 -0.16362502184244146 -0.11210799617101928 -0.09352560518600898 0.032820263463365036 0.12445193345655428 -0.038926991317132474 0.07896611090726355 0.13782904354386358
0 29 -0.009658136913807347 -0.10706940154511085 0.11789723275300348 -0.034555071303143094 -0.04694906455366986 -0.05554928626823737 -0.025591569801508868 -0.07935590014052092 0.07653223861056499 -0.08944104469016208
0 30 -0.08737136819139472 0.01623217135871574 0.12344421022954251 0.11654453478427558 0.0797059858088501 -0.03644685786486478 -0.13277326208275195 -0.019551900396737085 0.00795901894505174 -0.12066424853212239
0 31 0.09226786568779469 -0.030901830437299077 0.132442869133079 0.06496966513672882 0.0011673069532270328 0.08035612101217977 -0.16226375229354587 0.033444507466908746 -0.026793667591169492 -0.30539128652982067
0 32 -0.02389687996444089 -0.0991543463757151 0.041762249344730516 0.12069615555156087 -0.035282088986964444 -0.022646307664456806 0.01868500097264552 0.011610648222960807 -0.06133279059567821 -0.1997352582095895
0 33 0.10382083269286599 -0.042910419166067935 -0.038913383173425985 -0.026217426160742664 -0.08724860954283498 -0.07784010302156917 -0.003929050237700907 0.048440319950393114 0.00988433773375092 -0.008811566825621836
0 34 0.09694285455541347 -0.053506207058404295 -0.022473767901033406 -0.06926187940846351 0.05850129455408174 0.025942857195370827 0.024712956434987658 0.031291772931392306 0.06781698892220862 0.07707113428947794
0 35 0.0657033508929423 0.03295757719181963 0.0265895973803965 -0.11034046743873692 0.007204476617083411 0.036559744791105846 -0.00681578926462891 0.08852591989044992 -0.08006926187387531 -0.07294707120545466
0 36 0.06029199010307928 0.018269456926705226 -0.07666834372076664 -0.1352829507995878 0.05405220286378524 -0.040645643467081966 0.03799502792242472 0.038346051609339495 0.06221329474633691 -0.013696633643986168
0 37 0.07063952193089845 0.06019980591994064 0.01559400087494373 -0.00991802238531597 0.024532542447256393 -0.021710077147071193 -0.042575600270645386 -0.011036616163912959 -0.07868146008434979 0.11844780446028237
0 38 0.013857014152499436 -0.1011434070244632 0.055296470398132305 -0.0024551650199674704 -0.04376353754204786 -0.017857465415171192 0.019331830784743688 0.05537937224122663 0.05265636040841587 0.0364056424156015
0 39 -0.03255104491487108 0.01927781558371678 0.04184337887734505 -0.03168234293224904 -0.004676939994717283 0.09388693711618287 -0.00870134456556069 0.001261727016498961 -0.05963183803782451 -0.07519490503525915
0 40 0.005487572443480563 0.02813319559565286 -0.02939384324886591 -0.09692851020408394 0.06537720357060015 -0.06965057019071279 -0.008862088866722875 0.04058303440825994 -0.07825125454949279 -0.047698215941484504
0 41 -0.07798276401063027 -0.021291928654236826 -0.14978354328996568 -0.021146187415388495 0.056075569688186694 -0.011183749411527843 0.05672490085129546 -0.0037349393254078353 0.09670255954443668 -0.03878504538296045 -0.28317766881510736
1 0 -0.06434694342972201
1 1 -1.4304258476204668
1 2 1.4872927594682468
1 3 0.8197197824417853
1 4 0.05079036358369283
1 5 0.44012212092387026
1 6 -1.396920904523191
1 7 -0.36392511262198274
1 8 -0.28489870816600643
1 9 -2.6246821300818266
