## LambdaRank
## Epochs = 100
## No. of features = 41
## No. of hidden layers = 1
## Layer 1: 10 neurons
1 2 3 4 5 6 7 8 9 10 11 12 13 14 15 16 17 18 19 20 21 22 23 24 25 26 27 28 29 30 31 32 33 34 35 36 37 38 39 40 41
1
10
0 0 0.09523789427843672 -0.0061978061111858255 0.051711848598246075 -0.026196584492072045 -0.03873970266997954 -0.025934753386238473 0.03609066395837038 0.09074073208390689 -0.032265956607772664 -0.078960427565355
0 1 0.03369303740559451 0.04873961117772801 0.039134254401037294 0.02722852902715734 0.0011598877446037808 -0.08149689448852883 -0.04016921696940348 0.032031980624809255 -0.07004635984020639 -0.03257525457609854
0 2 -0.09249489867095463 -0.08558260985110831 0.01927825513706464 -0.08977582192441205 -0.05766375293549448 0.02779070047123702 -0.00990035139974272 0.006654669028558936 0.07864236168666354 -0.005578530130557022
0 3 -0.06636753752937573 0.06377538037895093 0.011379995271390574 -0.04007479701993598 0.010657960482408376 -0.0855172526540454 -0.05854986513128068 -0.01627561611889177 -0.042025755965966444 0.035703909965517706
0 4 -0.010526637042332644 0.0991896221336395 -0.008579805870399873 -0.012026335945690813 -0.07214180193421861 -0.010219928772924557 -0.03542039362056891 0.04800232668855431 -0.04219079609397429 0.06987529706229885
0 5 0.05715419554207134 0.0077096020582112755 0.0162731443466929 -0.02147297471915532 0.053725729857452435 0.032792088809435925 -0.00672799621738154 -0.005875027908188255 -0.0032422731244694434 -0.05321329448105484
0 6 -0.0037054595226258262 -0.047587579644255716 -0.045512324099524194 -0.03203116012036682 -0.05835562114136687 0.046762745955179985 -0.09821711058885092 -0.04961288744491837 -0.0318989543381944 0.045566069712265955
0 7 0.07878657756429688 -0.06735214741973149 -0.039107386458848516 0.051703778248253625 -0.06302186758858709 0.032605133186214524 -0.011805569344339071 0.057123070360427464 0.05543784520502741 0.09869390224797618
0 8 0.022121705307886094 0.0861150769826682 -0.05436734809325595 0.039607062685132616 -0.03467904634476223 0.04274871518095982 0.07117332595407741 -0.030549128362808833 0.002162564037246739 -0.005005077821646014
0 9 -0.0014112835151795843 -0.052738317778450325 -0.07819022550736286 0.030863710508203145 0.05345180467744287 0.05435514851788816 -0.09946588742212575 -0.0995286388109688 -0.009952322130882943 -0.067512560954647
0 10 0.07954726403905736 -0.010283628995877316 -0.036613035307743146 -0.03640581321256112 0.06488305513443296 1.145956972506014E-4 -0.05383781313733221 -0.05982049295046238 0.026804780262610746 -0.023057695373381495
0 11 -0.056373192693846996 -0.08907427556885718 -0.0016187279548986113 0.05327241662888619 -0.09979167681227719 -0.051258271593172616 -0.04585172186944635 -0.0362130926170888 0.07241354008043624 0.08600138603945326
0 12 -0.04304721682323516 -0.014926974026857904 -0.03625265435778431 0.09571197041452867 0.08486803930068186 -0.09859880723060999 -0.05234012166424247 -0.007312601170699576 -0.050264137500339444 0.027965866741086677
0 13 0.0015959503875115568 0.036655134863514634 -0.02280024901222359 0.011802536466006935 -0.07472076126836402 0.027159651933958813 0.020070873161440975 0.07598731453500085 0.03322282122576291 -0.008220320645257094
0 14 -0.054964746135215965 0.07128915333861123 -0.035397264055713924 -0.07893314942883438 0.016424105619438197 0.03121949953405774 -0.08257035371196236 0.08029925403661524 -0.030888477246902767 0.05756797402048344
0 15 -0.06357657438163328 0.059872437397918636 0.06644957460808823 0.04000052797986942 0.06652547603607863 -0.06943777340987607 -0.048459238137788394 0.08149754153579032 -0.08309768679706461 -0.061537660479242716
0 16 -0.0835177725555398 0.011294125052908858 -0.051985767103285126 -0.06628752158860922 -0.02961285349069726 0.015246434153104347 -0.07508878694054749 -0.03728543779668859 0.008722767025765363 0.0031763324443816457
0 17 0.09322268731912886 -0.05238137605109166 -0.030378440970776945 -0.06319412731907009 0.026443095897154635 0.04301545639090213 -0.08395038266649284 0.023239204470338316 -0.06819535622123629 0.005158421466853474
0 18 0.06199338516769904 0.05268055911757333 0.07190699786960007 -0.012693697542665281 0.0964396307147899 -0.0864275119545362 0.08461965229558233 0.015686209479366223 0.025320118485722885 0.050470024574947495
0 19 0.06267903170335175 -0.05496843027187123 0.05953923712595495 0.0969881290221767 -0.05107940824385328 -0.06681953067237432 -0.08489729644913474 0.034076639957871115 -0.020619504823388486 -0.08196100856850519
0 20 0.018457308609122997 0.04831212283750568 -0.034536409823809185 0.04685119282495708 0.035268924022285285 -0.07367413580977879 -0.06015562602249993 -0.006864416095411734 0.09605599566144145 -0.05692908337550706
0 21 0.04930817306427269 0.09635827042513735 0.03598819246766036 0.004491061169530871 0.08710374973202499 0.07172148819661221 -0.017984788400826783 0.07451893366776319 0.048306669850753166 -0.013132147090821516
0 22 0.017899485345040253 -0.09462021821615944 0.006525385971584557 0.09097106451534118 -0.08128242736495385 0.04413267838605952 -0.01292041435512467 -0.06303862807468032 -0.08680805923772869 0.03864716918045969
0 23 -0.09921124745742459 0.023461729130983315 -0.05636550318194751 0.09475158314644243 -0.06113140976440481 0.07128419241381724 -0.07708246132664824 0.03177163994421658 -0.04868859738709221 0.007537697093126983
0 24 0.036927622501437864 0.08996948413012269 0.020879187268950484 -0.09273463180892873 0.032442400549552296 -0.0044280272448339935 0.027343732263772964 -0.022701018417429664 -0.07594971438488943 0.07576190503532235
0 25 0.037532809359231596 -0.08487963622934454 0.0143887421355286 0.024065529399953243 0.07593181044687462 -0.06144684831299426 -0.07451401449823077 0.09203498965792488 0.013591725359773406 -0.03318730438931468
0 26 -0.06726202556934022 0.09058999063130047 -0.03219826566304182 0.025128932543567382 0.01105373795120175 0.04256432528903115 0.09944140481896263 5.588801620553356E-4 0.09094994770211799 -0.08533577086493845
0 27 -0.09530983448012312 -0.07884732691456568 0.025350469198692913 -0.04137083991162059 0.08091342619716621 -0.0028348365144829995 0.09711999563082682 -0.04907451170551908 -0.030474501778637565 0.026849845216531006
0 28 0.09886275871388601 0.07523202012065125 -0.03597775659487649 -0.03129248341327973 0.05294532130906314 -0.09738053524681393 0.05010489828232177 0.09501146245486862 0.09326029283284859 0.053144621421190884
0 29 0.05442858077999454 0.07261605203584319 -0.03785148972267364 -0.0017741616918995728 0.027911646016557816 0.031531296208757185 -0.038283186009711145 0.03358254481351734 -0.042167346576331324 -0.09947579070761589
0 30 0.06587697535549823 0.09235692650623271 0.029886724624145766 -0.06243362626048236 0.08268754795460911 -0.047273132488879765 -0.05581481905128007 -0.0310513054588394 -0.050142231842065045 0.0616712525429372
0 31 -0.07001374409318754 0.06274862999437024 0.047984922152037306 -0.05856456028455407 -0.03805862039387427 0.08679371714710075 0.011879873070626806 -0.07523224274772579 -0.024188156946685736 -0.030134105878135902
0 32 0.04935865323726793 -0.03251523738878432 -0.049546488527746575 -0.08258145990123923 -0.06060760675990704 0.01847277721513 -0.06034289960185953 -0.07211746849517754 -0.07315126298295786 5.125251933773115E-4
0 33 0.018117905474520978 0.04308407907480972 -0.09758163095527002 -0.035351408168138636 0.068159032575279 -0.043194911446156004 0.025442890830869817 0.04192650441418532 -0.05095249080669863 -0.02897596032565459
0 34 0.019371680668601957 -0.038722299464642645 -0.09634150935777244 0.09320708208851634 0.09118335980837637 -0.024387754805483504 0.08042980062997143 -0.00307683374223973 0.023597448036421945 -0.09745277497199037
0 35 0.030986419229391517 -0.013303847791915064 0.06827355539637066 0.07030612466317346 -0.039298861610795856 -0.08406357418519647 -0.04378450298607381 -0.030340145428623035 0.07279093875459706 -0.09097491906613901
0 36 0.06609901970659426 -0.04193376126229322 0.08619678164556273 -0.06144487449451532 0.06530849056729122 0.06219069563504927 -0.09678846376255304 0.010080892396195158 0.0828964612668608 -0.06364595295717598
0 37 0.026078196201107476 0.07164592450687149 -0.09866233545320838 0.021665714651408593 0.0028457595744217573 -0.05716600986027452 -0.001807273016337791 -0.021308407311648445 0.09880284164719487 0.05637701672694819
0 38 -0.014442479189050417 0.08620402377036611 0.08860491341020874 -0.022169193307155898 0.06892079524393423 -0.010621730063250963 0.028066795940300544 0.05644089310634815 -0.06273624465213652 -0.004647343445498296
0 39 -0.006439286293146932 0.001135486019821232 -0.04442195262468159 -0.022379864339325747 -0.05426497982760708 -0.01019777047859854 0.03343087828740735 0.05135472077271367 0.08362350132911134 0.0411637226399634
0 40 -0.04007144642658253 0.08589673494690972 0.09594179372361673 -0.058605553864312876 -0.031220449867691142 0.0931823880840745 -0.01673544306435855 0.08672014781198172 0.0827703823148242 -0.010426551924385553
0 41 -0.005572336239724728 0.045281225297688604 0.0540423891177147 -0.06387849408159262 -0.09866259478367483 -0.09608321156229307 -0.024156778016485903 -0.06444146985044098 0.07940153569842576 0.0021422849901877473 0.01165029406547547
1 0 -0.009823811240494355
1 1 -0.07991239428520333
1 2 -0.06915669888258047
1 3 -0.07377956062555324
1 4 -0.07279233634471867
1 5 0.013585585169494072
1 6 -0.06901253759861024
1 7 -0.09505128115415316
1 8 0.04718026518821702
1 9 -0.0013441622722893901
