## ListNet
## Epochs = 1500
## No. of features = 41
1 2 3 4 5 6 7 8 9 10 11 12 13 14 15 16 17 18 19 20 21 22 23 24 25 26 27 28 29 30 31 32 33 34 35 36 37 38 39 40 41
0
0 0 0.028351050461574708
0 1 -0.03205715421258612
0 2 0.052733949580519926
0 3 0.021327049923393727
0 4 -0.02989561791177437
0 5 0.09613119127475281
0 6 -0.0541559020499703
0 7 0.031693924877490176
0 8 -0.059297741088106676
0 9 0.07019424664736669
0 10 -0.05557792241581358
0 11 0.034761624886383125
0 12 -0.04379730167647961
0 13 -0.06954412541988504
0 14 0.01937505190685139
0 15 -0.05319914459908582
0 16 0.013244952707241735
0 17 -0.02125565167146273
0 18 0.09703003087626057
0 19 -0.0791318968457441
0 20 -0.0047825590033143
0 21 -0.022770844258745038
0 22 0.033912134190815416
0 23 -0.06481744935227772
0 24 -0.08671215388145423
0 25 0.05077863900804975
0 26 -0.062312430225014974
0 27 0.08736745833517909
0 28 0.08326124899400424
0 29 0.06814658600028252
0 30 -0.032680975464957567
0 31 0.0750605742548854
0 32 0.009234344052060627
0 33 -0.09022551502900825
0 34 -0.028906193965518464
0 35 0.004944084528051012
0 36 0.08459256598192645
0 37 -0.09463187311506771
0 38 -0.03390363927307512
0 39 0.007638000962175708
0 40 0.06893585383480288
0 41 -0.032744817435741425
