## RankNet
## Epochs = 100
## No. of features = 41
## No. of hidden layers = 1
## Layer 1: 10 neurons
1 2 3 4 5 6 7 8 9 10 11 12 13 14 15 16 17 18 19 20 21 22 23 24 25 26 27 28 29 30 31 32 33 34 35 36 37 38 39 40 41
1
10
0 0 -0.09975773906693215 -0.14852644916117352 -0.008032210877570145 0.16568349402551275 0.058252202940642504 0.09994987666274867 0.16237737681156078 0.050146046322297036 -0.1487336338565685 -0.32198871379736144
0 1 -0.08416955659700974 -0.06688019505607652 0.07607160128120687 0.17165078038129472 -0.01788844604047696 0.04497367248258045 0.04890916110943644 0.02390986167920359 -0.19612604017555288 -0.40026481911689055
0 2 -0.2827286976038152 -0.3640577619403746 -0.10221812159418266 0.6326896001741161 0.07142945295759666 0.5421653632277187 0.42110348513514034 0.2058636902978318 -0.8806832045949513 -1.453776326933462
0 3 -0.11518918703294755 -0.15899863279069082 -0.06320359913142912 0.27161786554458306 -0.034070997021754555 0.19334135781017037 0.06872348129025171 0.10155943547558749 -0.40792052624146236 -0.4425232832020504
0 4 -0.035934763670844035 -0.005800243645540985 -0.05168859409717112 -0.11631881131644661 -0.014209602508344826 -0.11336920415465723 -0.12276917310374787 0.05899444693501218 0.10584043856530737 0.13479303596689957
0 5 -0.19030794196812678 -0.12776520279879577 -0.023799565266656813 0.27269707854444497 0.002312925058229495 0.2963751103662542 0.18673554924511482 0.163500991852336 -0.23722213077490625 -0.6633302705468558
0 6 -0.10802666600165364 -0.14559263778691314 0.06705803489433361 0.08808097621577485 0.08241518158051815 0.20629660617978085 0.10132671350264329 0.05745224995279979 -0.18352724924205271 -0.36470050976746315
0 7 -0.04593987776436238 0.11169438679391694 -0.06008037625052864 0.023507888572157767 0.02254082645316375 -0.011853489268852924 -0.10976708468761527 -0.06891633513707277 -0.010267243396881896 -0.00603705892431513
0 8 -0.09473522548057256 -0.02291675307101915 -0.07251062246072243 0.0858856882248509 0.017805464975065147 0.07107098640173255 0.10705467456987207 0.08216980777417125 -0.14636096017947606 -0.06218823223388364
0 9 -0.012940314458371231 -0.12019142582333008 0.057949483024528736 0.14981194925845698 0.029283180675791356 0.2359358190565956 0.2055266473964072 0.13021551953389582 -0.2939269490472466 -0.6280765608224038
0 10 -0.07076165545636645 -0.20382621636243675 -0.007979249860261948 0.19553806565181864 -0.019664093795369233 0.16654897515206862 0.13224700506331932 0.04034511420453009 -0.2835502751578197 -0.5434127116357422
0 11 0.008559925285701146 0.10069687742402385 0.08234871015272784 -0.18540824893198193 -0.1022790191014923 -0.09159088493811506 -0.08337873654042394 0.060218807471815516 0.19029223086001432 0.2607595419026976
0 12 -0.18742384800555206 -0.23790674145005744 -0.022685060301808998 0.10791043328927838 0.10473241627897292 0.25795637405059973 0.09560805245474505 0.12163628205204738 -0.3723716937615307 -0.5343247515296362
0 13 -0.13738048247245455 -0.2509371574439748 -0.0819431140415237 0.20843084033857118 -0.07881061506089924 0.21118687442152112 0.23635748968149317 -0.03200704144867636 -0.4283459366066377 -0.6713043207819002
0 14 0.021443433761879214 -0.1472377177104031 0.020425336592706213 0.22035246571294434 0.021384390508994815 0.1969192897996812 0.1025330594217934 -0.04295152616825718 -0.1900208165755132 -0.3521762129020525
0 15 0.09159052113065119 -0.039775364254475434 -0.08332580453999171 -0.11528864510347252 -0.03214983054839664 -0.02093615756149579 -0.10411959356939648 -0.09849688893809287 -0.009002226436599708 0.03185641421981459
0 16 0.05648240096778326 -0.11008830951049783 -0.09724090081618274 0.10271893576329391 -0.06274037742418077 -0.016847501757713816 0.14041571184405105 0.10738315702951343 -0.05988190199900025 -0.18585186228681055
0 17 -0.016897341393869038 0.041414574515447986 0.09233474733636747 -0.04126817197579688 -0.09379235912464444 0.05007262653955794 0.07134686374615877 0.08733503850450897 -0.026602287404711475 -0.05968068366105727
0 18 -0.1240581746564489 -0.1523586100980962 -0.09355564514909961 0.09857881899205365 -0.0013056125826470455 0.11161717026660069 0.017637945916171294 0.1040712589490863 -0.14073814381108832 -0.3729586081870609
0 19 0.03446238412414624 -0.08576166342997397 0.07845925481389958 0.17627912352674707 -0.06743832299549443 0.05177112137320083 0.1482115033141767 -0.02964883668892115 -0.09357571211427708 -0.3459812929084982
0 20 -0.13854550581742353 -0.13331997134456677 -0.017234125427450456 0.17062254075570618 -0.011574607714983443 0.00562187614735166 0.13718698949643576 0.120039804673013 -0.1677775904238454 -0.22610838087467539
0 21 -0.07171340272896234 -0.11289805984670552 -0.08960370376403111 0.06669441865741496 -0.09803290288947038 -0.021866789091161524 -0.05644177003248145 -0.0870121355078845 8.499369224547086E-4 -0.02263031891256517
0 22 -0.08502393992177015 -0.11481024764826947 0.07121067491592771 0.1305757767173913 0.016154210677725704 0.08126333480820973 0.14140153501872105 0.08980340823282551 -0.22998602078658792 -0.30408347655826284
0 23 9.143589051183444E-4 -0.09178981244409745 -0.04764949023124684 -0.09746355547834946 -0.07411078859391684 -0.045119589015684414 0.012346124926297516 0.024878580054316222 0.0795566388580127 -0.03825424463179857
0 24 -0.11060191998381286 -0.11685022329917044 -0.025706524293713423 0.12868002455591201 -0.03281251616401062 -0.02913578333203607 0.026698530727808683 0.07760676494793442 -0.10779194093244256 -0.16136252487366004
0 25 0.06187067055181757 -0.021778754341882443 0.0731882829112007 -0.2020261426457981 0.04842990145306145 -0.14732880817733657 -0.11982789719856235 -0.002172219700881328 0.16710879478035015 0.24334151689513506
0 26 -0.0018408210412810687 -0.07581247217478117 -0.04464719101667911 0.032023841282999496 -0.05383856759959229 0.14080692677531678 0.10792115635850398 0.035477345319222635 -0.2004064112966863 -0.25743799969915304
0 27 0.056021382831288956 0.01921025299614924 0.031104855734317125 0.14319000589894537 0.05160933518599639 0.08892055790610037 0.041176091338076724 0.03430318550184587 -0.012875420343264192 -0.19087983092151023
0 28 0.10556582955761075 -0.029056717384043716 -0.027973212950250223 -0.13230298323827488 0.015080001255357574 -0.0964517720901782 0.034909473337017834 -0.01584106163039512 0.07635517773820746 0.12340990326305237
0 29 0.011906374500160277 -0.03632537073783023 0.04480732734810355 -0.06031027047091515 0.028719120150123647 0.12100213743117025 -0.01673956372877706 0.03677519809212741 -0.04603813475946218 -0.042482734449888315
0 30 0.03866225403009255 -0.011128632323851419 0.08918159944604358 0.059924001324821785 0.10005218557205979 0.03439141787701414 -0.013782943311713864 0.1036113996969846 -0.11283175391866986 -0.05510687483749783
0 31 0.021028215970538125 -0.1486358390100976 0.08038543763222354 -0.024420983971662123 0.06844998531182084 1.4383288255371735E-4 0.03725045796737258 -0.05106761580731022 -0.20856721821974478 -0.19472814949193432
0 32 0.035446934667476226 -0.002177101975021146 0.02525172640399319 0.03613607172423395 -0.05585655494000809 0.11929892151565263 -0.004176644731411156 -9.938777397863596E-4 0.014063456261173836 -0.11929482064526678
0 33 -0.0770628365562787 -0.031195811524189675 -0.0033155114638041532 0.09720529294731785 -0.0380263927775305 0.08676181536272026 0.014458874320771382 0.0497298919796224 -0.028731215573618282 -0.1582275212402292
0 34 7.140265953060339E-4 0.026571673530261655 -0.009870658326798502 0.056887521941025365 0.07631804583493319 0.041201353481035194 -0.07528078175056123 0.0340097975687002 -0.025915340678500355 -0.04029350912740926
0 35 0.05566568300137905 0.006612129171621582 0.06701124701602429 -0.10651315361452447 -0.07962422209175986 -0.07694509398570702 0.03539239006301659 0.06635450158326474 -0.04447058235571317 -0.011922341794683966
0 36 0.04819008598746595 0.03951258374158514 -0.016407066986447148 0.023826096899369112 0.08899727349096521 0.05915175879626118 -0.08698355256675676 0.06177446939178133 -0.06869401345551325 -0.13403756718819484
0 37 -0.015454579385941825 0.03909722957100991 0.0624972913589545 -0.06546732238653563 -0.0465640238765333 -0.07587586180217315 -0.09561024693287726 -0.007336547719816687 -0.013183045365874875 0.09606021905817501
0 38 0.04616196970545965 0.016092428297023353 -0.0647276241795116 0.045025352200622495 0.03592044732155986 -0.07423937706283024 -0.06763479834979852 -0.06454929632795638 -0.057612232233758304 0.01262431510549112
0 39 0.05139870450351225 0.007078737015315592 -0.04698043298727269 -0.05263114147601021 -0.038348877709819186 0.03640025658377382 0.09125657542164199 -0.024159510759761343 0.0252244261103273 0.044721415662049895
0 40 -0.08476627522238066 0.055676730282995204 0.04889095419088593 0.001113270106262988 0.09076085523633248 0.02109685609807306 -0.03168539507546061 -0.019401976806068956 0.10240529338929569 0.08205516890967836
0 41 0.06246586986429355 0.04025153357351049 0.018350339393211113 -0.11321292773515446 0.09733282313192784 -0.08822124054968614 -0.024668367428742913 -0.0431670592378108 0.07049078430209066 0.09903346664460698 -0.3027156941230912
1 0 -0.5144000184543863
1 1 -0.7488396185555402
1 2 -0.14718263186599156
1 3 0.922182821230122
1 4 -0.014020986203835711
1 5 0.8222285579683609
1 6 0.6355869502554446
1 7 0.26104648993926843
1 8 -1.3788643967247511
1 9 -2.0855747535964113
