## LambdaRank
## Epochs = 100
## No. of features = 41
## No. of hidden layers = 1
## Layer 1: 10 neurons
1 2 3 4 5 6 7 8 9 10 11 12 13 14 15 16 17 18 19 20 21 22 23 24 25 26 27 28 29 30 31 32 33 34 35 36 37 38 39 40 41
1
10
0 0 -0.05018193487046945 0.08739619704055182 -0.0046476785318986516 -0.057853814298091576 -0.05166797318512909 -0.07312730208879 -0.01821477625513115 0.09225706230792641 0.0784961964645961 0.0662708779341811
0 1 -0.08836663136942578 -0.05021844667019478 0.001327714824793787 -0.05983621297936693 0.013211807530886785 0.09091694605509765 -0.038793094752187667 0.01809891445918176 0.04713603333247218 0.03582605953433209
0 2 0.009360497543792992 -0.08962762712388818 0.023487194198041336 -0.021364288139201156 -0.027287699186244484 -0.05096578405216214 -0.03889723994636942 -0.08072021681496862 0.041730438636679745 -0.009539766483336334
0 3 -0.06910177762983309 0.017030812774261612 -0.02596541980768116 0.03369300448034939 -0.08859263484273427 0.07684031681888068 0.04626993300558835 -0.058418276227576484 0.03540221329346372 0.07161192717914737
0 4 -0.07928543207842571 0.03536047261893903 0.09595897722483751 -0.022869715887603885 7.992120917606161E-4 0.057937673548530834 -0.08485215354438924 -0.026195620673273513 -0.03906615020738399 -0.09388774887104812
0 5 0.059796550302722795 0.039322459169541114 -0.07112190760731663 -5.046187352374179E-4 -0.04266503438834763 -0.09939255259827931 0.04235391559226087 0.08103097513558319 0.014498012107550884 -0.06652416235247112
0 6 0.005893022731707758 -0.06456530558297133 0.014304752278660304 -0.07160099143613909 -0.011370943974848554 0.05657543243949623 -0.09933742813733752 -0.01929758582740326 -0.02041032603656399 0.012007625636196879
0 7 -0.018136275058137752 -0.05991657756922858 -0.09026302876556215 0.02908045093855128 -0.006482923441840699 -0.09735670332858488 0.04614698101259246 0.047986112844868964 -0.04137136220654474 0.04489106271014781
0 8 0.057999276044173494 0.06598736058044431 -0.07821786114261076 -0.07503497929495377 0.04806568468029278 0.048087239166864325 0.05256938367110485 0.035503101580286224 -0.08179585923710651 -0.02044920702503567
0 9 -0.049237379079976204 0.019302484891250943 0.03663918612136891 0.08309778841781663 -0.0288216044711476 0.08364618565846076 -7.075298240679737E-4 0.06766588409757492 0.054572777807825754 0.00987928803239616
0 10 0.026514981157996626 -0.09622318256776673 -0.08090391484682233 0.08454500536552943 0.053658567898142655 -0.06812281342034698 -0.04898730356811 -0.06023931934051887 -0.018830351544660114 -0.01301754293782596
0 11 -0.08457168646083255 -0.02433845957100642 0.09147900401405862 4.447526837380003E-4 -0.008453855616255048 0.06334911863335396 -0.009048228254685741 0.08904541969743057 0.05111206523098773 0.06116304693066299
0 12 0.03728364117561651 0.0313890663538878 -0.009406687585618327 -0.010942464931976335 0.047357125345225154 -0.02526866971495915 -0.09558090804835227 -0.051184653085745865 -0.08490254570320786 0.015456191768072359
0 13 0.006639097512381376 0.06031588030498973 -0.003504092923513903 -0.0065051598531214085 -0.08564269606055198 0.055643240512887784 0.04939904200124041 -0.04196427506337155 -0.05527047672089154 -0.04717056574439624
0 14 -0.013131294263425379 0.042546749534746395 -0.07939160090020564 0.09057487104468658 -0.009540597331798305 -0.07190651733958454 -0.04769146381451935 0.06858067783747827 0.00733940119571388 0.017645938262761764
0 15 0.085426044769055 -0.005350440136407278 0.006445615887525739 0.032174746312997105 0.06118345093256359 0.0849461054035895 -0.0527806412463256 0.07785628387499983 0.003114390563249651 0.0012583141237910364
0 16 0.08789858684164396 0.060013935555657906 0.03681615829048119 0.014439458921656646 -0.05389192056402612 0.011712701233208894 0.02652864449119646 -0.026714409567808465 0.012836886270791152 0.014912443984187762
0 17 -0.035377744385300336 -0.019165958019018416 -0.09442220337465372 -0.004141464794220493 0.02010324122477028 -0.010232686548789833 -0.05539656158732146 -7.647983069967081E-4 0.041066986467311696 -0.006596263275310477
0 18 0.02015304378775742 0.06871842291220034 -0.09925287778396667 -0.017565319517538158 0.07302683510683446 0.06576769212834738 0.00860170306088339 -0.09522054951446907 -0.08975370624618016 -0.08836295286460992
0 19 -0.07416415176260223 -0.044313754720832835 0.028092476405700118 -0.07266832694166228 -0.07447911138376562 0.018221346518622852 -0.04573759742914213 -0.019530673280355928 -0.03994099869541684 -0.08036291548608887
0 20 -0.07742070924381492 -0.05694264348219191 0.078083724999798 -0.06397370304792416 0.08247417831693112 0.04001461043652937 -0.021343166423722717 -0.007424993488639958 -0.06925344614984243 0.015451016630967112
0 21 0.06331754385568311 -0.07723259097277149 0.013220242304660876 -0.04536348055949791 -0.00528517679453124 0.016093965494691116 -0.012085349740846974 -0.09320388949230037 0.056550312518112544 -0.06985380337803786
0 22 0.06305017971826507 -0.024101221842572608 0.019303958638908107 -0.05360604648577574 0.004754246365377749 -0.06073680531461943 -0.041417807434614866 -0.014768069835223897 0.039799607768058146 0.06672146095794677
0 23 0.03923546317761865 0.038839415857704535 0.04235395897110302 -0.09976677377363212 0.07637406344012825 0.022219834790897924 0.05976953486341975 0.08859873776319571 -0.034265334064697346 0.005651968305548119
0 24 0.03729582633048998 -0.03961277235242855 0.0255726851088484 -0.0218692761992787 0.030311975989924352 -0.07183611475700692 -0.08252453288264505 -0.06109195764360906 0.020147780179088352 0.012083386385114706
0 25 0.09875853220338064 0.09985409897218306 -0.016167364216400467 0.05627484180969101 -0.015548242232314232 -0.06958977091738379 -0.009460687304250143 0.017230455927215817 -0.021032577135440562 -0.06436088346388052
0 26 -0.04153117114092886 -0.03449773284274701 -0.07466910159516457 -0.09973712767876966 -0.06527286214726744 -0.01771137482970683 0.07798518590261376 0.038741554487996835 -0.004771653899722056 -0.03112437421228039
0 27 0.08764975278950579 0.09469082146499504 0.06559524776944534 0.004290749737374068 -0.007064136298532324 -0.005932022073799489 -0.007826139197607806 0.07138813540876479 0.09867186676877894 0.05275348207049165
0 28 0.07039568783594612 0.09998614828085682 0.03079516881832661 -0.05296351574748937 -0.02713722548748936 0.06906406657878969 0.00996279318097841 0.029328018159923083 0.06251366016024727 -0.09554243541510461
0 29 0.052583597207762185 -0.0894489590875996 -0.07814320032739648 0.08884245581756348 -0.018213726145285495 -0.0966252736296164 0.07995421380031807 -0.033742474978762496 0.060807666595692575 0.038863851152502446
0 30 -0.050263030260810214 -0.06323582307972399 -0.054007511414812144 0.022461394026810758 0.079038975609165 -0.08516729778174269 -0.011883617470251063 -0.026418317512955883 0.014307101872357815 -0.06907555240412626
0 31 0.05746399008714604 0.05443814369839676 -0.09284136797780451 0.0829595217387827 -0.08803203502807845 0.01239098980966824 -0.029303319348118667 0.09368975020631409 -0.04829001921572517 -0.02085640191749377
0 32 -0.0743696139937362 -0.009184283164800843 -0.050424201131916487 -0.04470594636082636 6.562996972205397E-4 0.045847825304901696 0.07345897944030856 0.08469556577830309 -0.03894656871064608 0.05036114498820414
0 33 0.033443324478871266 0.02963686838525537 -0.06661936148191634 0.09152693849266984 0.040706533021019425 0.011973626405936973 -0.04526123030402999 0.06475405544768295 0.05071280656578871 0.04441616557217274
0 34 0.015010662875770495 0.019601806219248855 -0.07105250745308277 0.040824147816420485 -0.07950099937834966 0.02896739487213097 0.008657262874467558 0.04059850715963986 -0.057150893179321115 -0.06751749132560063
0 35 -0.028548002256034922 -0.0626065536063315 -0.032063575938245464 0.0564724006071425 0.048248412122782684 0.012013786298504093 0.010952162606597385 -0.06203994335116421 -0.01045782366972904 -0.05139887921745912
0 36 -0.08127874428530202 0.0055994180584729245 0.06067482134536207 0.02611438803265382 -0.07013339822628838 0.05515664605389449 -0.006070313163276883 0.0031943333611427023 -0.023555457182509267 0.019585712725018304
0 37 -0.04756069211803179 -0.042616436617641765 -0.06145335594794151 0.060154346387781193 -0.05735696549716162 0.07105328485384033 -0.014568425799140394 -0.0663405958406394 -0.02165293988706346 0.06807025394455117
0 38 0.01708818024211255 -0.01813238857209147 -0.07965076691249434 -0.007789981751088364 0.010638522733247764 -0.07023820260158035 -0.06831631061718108 0.02050616804312196 0.013818586288900453 -0.04971881981609592
0 39 -0.025592673267769806 0.05210363795054746 -0.02509157822545363 -0.05395395712699065 0.013906956564227172 0.0026668297012703984 -0.05626613742051228 0.07238198637853249 -5.077317978241502E-4 0.019899068260625787
0 40 0.03881251675959967 0.03249339766278984 -0.07149426163842593 -0.00785129428655425 -0.005969711057022529 0.08823576380263215 -0.06243557739984675 0.08688600924859544 -0.029593977803875664 -0.02725236481878133
0 41 0.09399993008039677 -0.01728331022022613 -0.02642825070963996 0.07071775571633879 0.08538316844094011 -0.07235457565685478 -0.04675835170276486 -0.06914687526953088 0.058035721529185756 -0.012242671758554988 -0.03260896354913706
1 0 -0.05978198722004842
1 1 0.00707567948848001
1 2 0.0832541808485981
1 3 -0.07241539657116006
1 4 -0.06502036750316653
1 5 0.0737894326448439
1 6 0.009567243047058529
1 7 0.09253982454538409
1 8 0.015704220160842122
1 9 -0.0915748700499533
