## RankNet
## Epochs = 100
## No. of features = 41
## No. of hidden layers = 1
## Layer 1: 10 neurons
1 2 3 4 5 6 7 8 9 10 11 12 13 14 15 16 17 18 19 20 21 22 23 24 25 26 27 28 29 30 31 32 33 34 35 36 37 38 39 40 41
1
10
0 0 0.0024046825392304845 0.02961375542824384 0.15716710344572993 0.19389097634030597 -0.3050475525869481 0.12500106128893215 -0.3448276998961325 -0.08481068235076351 -0.058277754569651175 -0.27929475042858665
0 1 0.09595114735809802 0.12217882121500885 0.21164799855860045 0.1736534707608299 -0.32315479634311284 0.12483298643113061 -0.2694608200759049 -0.0110371971994962 -0.04363638113913732 -0.18104438311258705
0 2 0.3193916767505007 0.3810552416829259 0.6850644457511379 0.8421743198776911 -1.2026587634524257 0.16162353716531797 -1.3242092177286957 -0.387255873681963 0.09003915454475431 -0.8642211031170015
0 3 0.04647019410592869 0.18292137819842186 0.1612187929549588 0.27676436008887356 -0.42606387240652144 0.027904353305627225 -0.5212891277317316 -0.2066206501841534 -0.06524642542257034 -0.33223995573704246
0 4 -0.15810633488442055 -0.08631733438385646 -0.2459962303150793 -0.10927364552947136 0.268582232757236 0.01183519930871373 0.17073954040943207 0.028326069080598447 0.08573917120566771 0.18340207226846095
0 5 0.17256057063667454 0.0825648736719083 0.19092634338589293 0.2257916566680806 -0.5968009824876827 0.07504098606411794 -0.5539126559771288 -0.06979058951752716 0.047280959268331375 -0.3639758868752643
0 6 0.09916289460452592 0.16123034158534164 0.10108024977634472 0.12638559143951333 -0.4054554817246368 -0.057851587197490145 -0.34802023575592317 -0.07617277753514536 0.09179738018020439 -0.28385785430698374
0 7 0.0030201461422968917 -0.09214050045136432 -0.01309152046711721 -0.0689285977890253 0.035001996183975384 -0.11136790158549018 0.15530819394811884 0.10751025933549835 -0.0907736134205993 0.12745851121372323
0 8 0.10883484159889655 -0.015514760184640026 0.11875458405912794 -0.04398102942076064 -0.04415366285982485 -0.04763935213140223 -0.029317055341254925 -0.0334004206565106 0.08871897413401392 -0.055882683092580474
0 9 0.11852787958661641 0.10690235442813172 0.32295068091458523 0.31011843374948384 -0.5477338339597889 0.06962739514971296 -0.5113345894573527 -0.22177758684189422 0.02497713227576939 -0.3012558869846576
0 10 0.16549565629596544 -0.003723757745048695 0.17929753731360992 0.16750832195645507 -0.4223371542001683 0.09908034437895932 -0.38993494976538096 -0.07580317240138705 0.09503176534593293 -0.3165664111726405
0 11 -0.006245329280055984 -0.024574074315791693 -0.19925631823494808 -0.09089566341441199 0.32538292082370296 -0.0545263105309786 0.1825815587316092 0.11132196085893842 0.01730082597768978 0.10930953101568601
0 12 0.051807609473473425 0.1514432910784677 0.2844157727001204 0.19187221157504197 -0.41767546904838987 0.054302114479661545 -0.3896071443472841 -0.18633540294941645 -0.0398755287189754 -0.2910178719789706
0 13 0.18692125232003917 0.12446677728851396 0.3052331842314961 0.267034968406999 -0.5738352427897737 0.06326069793004196 -0.4502461046453422 -0.10401673208421781 0.05691263987720005 -0.28937579786114936
0 14 0.163476388094239 0.15732660379062519 0.09945570692776033 0.27837245455588483 -0.371838262648155 0.023572223600863428 -0.265191595421908 -0.009688696127276197 0.03964992431419774 -0.2393294746301274
0 15 -0.11556591729459023 0.025523024110080506 -0.039785946430826155 -0.11115028482648642 0.1603231732486699 0.07963956960318186 0.022648373346818768 0.12067648125820572 0.04540435889243763 -0.025483421045400023
0 16 0.0020921441461864854 -0.01255794886489326 0.04588134815842787 0.06584187808413333 -0.028999089906783907 6.950215798172785E-4 -0.14008662918727163 -0.10417250525070347 -0.04514163738064986 -0.16642886620763866
0 17 0.004604240827626558 -0.03268942850412536 0.06419990734295332 0.14999960275065577 -0.0631294948548336 0.005974160969407636 -0.11189912409012442 -0.06402553469829336 0.06723778012134785 0.020306064152006243
0 18 0.08055924269974896 0.16731528382955363 0.17387033336098634 0.25183729972555596 -0.29908793095039893 0.008727088865992915 -0.32292741810061376 -0.18759134520375967 -0.0070723221298692775 -0.26145140119718185
0 19 0.06038531243669509 0.1342171756968895 0.07951791530226615 0.035654723578221865 -0.22059576927072105 0.07231710859027729 -0.1944887350488003 -0.15290555849510293 -0.08650333764768195 -0.13921626626164998
0 20 0.029990770846678925 -0.05305809168547876 0.15137496449609736 0.13991340562451243 -0.28576339459349326 0.03673837035211633 -0.288507084958406 -0.10507166026830711 0.03309358072183173 -0.1982585935081449
0 21 -0.02974877175987329 -0.030064083260921023 0.0937528277578901 -0.04535535803427845 -0.09846746192171144 -0.07612506795005841 -0.08367901276736475 -0.032634822517057106 -0.022355025090158326 -0.08948942742729518
0 22 0.14613709070164144 0.11894632362779871 0.1299324789959552 0.21604472045813217 -0.3224856249257805 -0.013176394863406406 -0.2399861441051893 -0.10435471416196102 -0.07608057373373071 -0.14689480969945248
0 23 -0.06781396104383343 0.04607108370094528 -0.11682869113949809 -0.04794300153572198 0.1181127351956565 0.023879731358826106 -0.033823092484493014 -0.07288411848497774 -0.01846180170194242 -0.020842067548378296
0 24 0.08250512522120207 -0.02894583286581825 0.013417839562037683 0.08155323570104168 -0.16426630287021637 -0.0711878531291093 -0.05139005409723979 -0.1153451950238817 0.07883511612869928 -0.1444659354689475
0 25 -0.002479566045640496 -0.020931586635257363 -0.2064477070819359 -0.19008046090445338 0.2914198066445939 0.03409587398023508 0.2593442152452508 0.05509932412424218 0.0848426659636906 0.2317482268234545
0 26 0.08519666259929604 0.11855536876518841 0.04451024717111958 0.06687644945468912 -0.11273194178933547 -0.025381602098314433 -0.13949302242680023 -0.11311151678618543 -0.06511374756476951 -0.02041669400234473
0 27 -0.0018565177703798925 -0.03305491776780011 0.02823676545424658 0.1491510567208389 -0.2551934359348979 -0.07614863328829817 -0.14915719779594894 -0.09334969808044814 0.05952996082381555 -0.14513229866261818
0 28 0.04509059362069772 -0.10453024146394566 0.047929070113371115 0.04668721632443183 -0.06374989351601944 0.043810645658230576 0.07158341998055488 -0.02992173607234781 0.015895204533366257 0.0716146053300194
0 29 -0.010332739593230918 0.10659289511541217 -0.04904480128849738 0.043074991145164714 -0.028822366109903026 -0.064123137541944 -0.02842797172422102 0.026313024945167043 0.044119495084160895 -0.07944466133826895
0 30 -0.01769000529303826 0.0014916104672996974 0.0791663968080558 0.02503408490534397 -0.08962999317475646 0.05657010753394826 -0.14712232895299113 -0.06243173319188878 0.08860124723530942 -0.08740661442602266
0 31 -0.014039232757477055 -0.010199416369146487 0.0795230214682916 0.05084525098077142 -0.18050275756067163 0.012194305241268572 -0.2346007056334893 0.027843404636954974 0.04937418452787988 -0.14822892600599394
0 32 -0.017779186272001483 0.07082624792246235 -0.028690007194778155 -0.019186360999738958 -0.08384944072444987 -0.006745146748221001 -0.019718237645620036 0.045755972140418016 0.08535126659108526 -0.010694606437612612
0 33 -0.08252643126585134 0.06280120534381967 -0.019513833386738937 0.09913561138440437 6.779654476856999E-4 -0.047309348182589264 -0.1007126601566843 0.055683636802611576 -0.015671869747750127 0.054512245706100346
0 34 -0.07515692200810925 -0.06097023739814401 -0.005437011289518715 0.08272130758600117 -0.02393979969959287 -0.028094508682194624 0.07033755158361778 0.004669495398362814 -0.09473532845518386 0.03974560468256981
0 35 -0.07403275400926387 -0.04833826479396819 -0.04944407116345835 -0.041975337097956825 0.049618596740789445 0.08676898304724301 -0.06159457077371824 0.057127643097024186 0.07026884896379484 0.06725168930131285
0 36 -0.06442123669617578 -0.043080818490197084 -0.05367966809546267 -0.06389260485436347 -0.01891751022568027 -0.05485178794854931 0.08148277755179702 -0.035167520721707195 -0.015086446170534928 -0.05726464327924562
0 37 0.08690360739412976 0.026826282104300575 -0.11359641505838233 -0.048736756250735654 0.0915346777205249 0.07848082822345231 0.0439742916045712 -0.07870766501141092 0.0061957043231555 0.10928926942399074
0 38 -0.08565160340896386 0.07136406940582682 -0.06727563165305663 -0.051371876535784636 -0.018041629225993866 0.048609511175705875 -0.05209819638590314 -0.0759697115935378 0.02880803979285334 -0.04551207658280198
0 39 0.06379657972281569 -0.02974871941370356 0.0230497204573201 -0.04269975074786425 0.08899507302701144 0.03668451581519305 -0.02823925183685613 -0.058483125044863686 0.06343773264294128 0.027391885237335482
0 40 -0.10945427786798773 -0.09991563487080318 -0.016566348586855694 -0.12440461310115863 -0.04271879825321624 0.04916399765968153 0.04971583510626338 -0.059883022953795266 -0.07277819454407392 0.06741049409985446
0 41 -0.024121083359561254 -0.0986566610145784 -0.1556946987367149 -0.02948218621681733 -0.031195319781192166 -0.06617263677955482 -0.011080383923769494 -0.0728846677944684 0.06542179869043618 0.019335071630730682 -0.38914180851614966
1 0 0.4374944501291019
1 1 0.48069919660074745
1 2 0.9968417320540308
1 3 1.125705962891165
1 4 -1.919808625262298
1 5 0.1357176655807286
1 6 -1.9436305657199013
1 7 -0.6857009904773324
1 8 -0.022714318358938997
1 9 -1.4218757710342513
