## LambdaRank
## Epochs = 100
## No. of features = 41
## No. of hidden layers = 1
## Layer 1: 10 neurons
1 2 3 4 5 6 7 8 9 10 11 12 13 14 15 16 17 18 19 20 21 22 23 24 25 26 27 28 29 30 31 32 33 34 35 36 37 38 39 40 41
1
10
0 0 0.0647370984943317 -0.07940175627311358 -0.03972383498489158 -0.04682729483781475 0.02133020328349179 -0.020046971745242843 0.024957517101629127 0.08051491368766252 -0.09906786224079696 -0.030024160997045787
0 1 -0.08667011104388316 0.06986811888905611 0.08302655991875749 -0.052054961357457144 -0.014719043867302342 -0.05767794771685982 -0.08838455432662518 0.09914959768352734 -0.061628822567383466 -0.0827447454728124
0 2 0.010456365582458022 0.011540041823541961 0.09335796752810667 -0.07887771310745804 -0.05713833966291376 0.0886964846078262 -0.075849173211245 0.019543783220259 0.05636505257737696 0.08758894151281596
0 3 -0.07789988578520662 -0.08966330221336985 -0.012454350413232096 0.07239420491790703 0.01811877759747761 0.0459141517635547 0.02103937096275193 -0.08485606330127803 0.04198070564680055 -0.0420985889539468
0 4 -0.06035306566751314 -0.08151671871730978 0.09345654894365422 0.05567573976463044 0.04724098469751319 -0.04848235036205001 -0.03629993523049669 -0.050489320795286875 -0.08445362930134911 -0.06244100210110767
0 5 0.0879457242961698 0.049409345075171286 0.02754040585268356 -0.013273768220496484 -0.05217402675008616 0.0719454941897092 -0.06892215530684564 0.04185857940121663 -0.07537932536883749 0.011785858677829084
0 6 0.07028306157778492 0.07531363932375694 0.005738593296259348 -0.09111044572962558 0.07468144244623375 0.06095964296326768 0.004566059608257472 0.030278125857018126 -0.0943075452576432 0.010348754543766906
0 7 -0.044680140552854616 0.01463456393628428 0.0017483134771997992 0.06513782219680814 -0.03204500069154526 0.02281058959216909 0.04841458990933342 -0.08759843565190159 0.004074757778117924 0.005390300577934486
0 8 0.09614459793268261 -0.0604135035852527 0.08942198422357112 -0.06725429149403263 -0.0763550336046455 0.0527688388866536 0.06401226757358698 0.011444895460945372 0.08398519100125029 0.07271039158133566
0 9 -1.6816679140862637E-5 -0.049745649446223617 0.07256906815348359 -0.07921243286297938 0.08514465890389201 0.06949804551672464 -0.042016451312825734 0.07188497316631293 0.08409862080986341 0.07504644153234995
0 10 2.1143146690752522E-4 -0.01104285968677707 0.024608329740318298 -0.08891640509744783 -0.03664926143925116 -0.04615083917101001 0.01726145522353406 -0.006141498282814308 -0.06624243316059636 0.046964574707382384
0 11 0.059328041057918286 -0.04508095733461633 -0.09056130085206053 0.03870154217155278 0.03140689418345454 -0.025629192903089477 0.07495502922323251 -0.03876990091165003 0.06806731542497439 0.03834563493453945
0 12 0.05949159717028831 -0.08267307969823211 0.07251326324900134 0.03673483360331433 -0.005335453651842381 -0.0029157353258055622 -0.05011528427015294 0.09769437175865384 -0.027818506697921148 -0.09578264562898967
0 13 0.05520367108973053 -0.04637313924684473 0.08306280420399383 0.06984695317998577 0.08162963707968218 0.03494588491755562 -0.05595593444334356 -0.020983783039686076 0.07806037861748179 0.09772028605369279
0 14 -0.042927205064053786 -0.019101006719785926 0.037189295756773995 -0.0791504193656051 -0.03763319881722827 0.024617258947821314 0.08913171774893101 0.04534557037249165 -0.0018391293984255464 0.07411765365808075
0 15 0.02830231379717719 0.04626861808227589 -0.050795230664809406 -0.08793801181637009 -0.016713698833414475 0.08946516293755506 -0.0891960542893508 0.056227675568205314 0.0357845792569669 -0.024513661918388236
0 16 0.009459709789063174 -0.054020368728130985 0.00396675183503701 -0.013410536255513646 0.004180869041958319 -0.0208300053603951 0.03807744404944383 -0.08007424162966707 -0.050584175885682675 0.015741794081375188
0 17 -0.012508809485167267 0.09043883276882879 0.09638034046091704 -0.02508583735981168 -0.062367856508275844 0.01350923762342426 -0.013649026232577154 0.05653585149453019 0.08412462260724958 -0.05330852876692493
0 18 -0.09020256690466007 -8.029307430981112E-4 0.010506898433974702 0.02183810212760787 -0.09631534118896509 0.08012709584655232 -0.07511322590251818 0.043934376412575436 0.09883250523412412 0.03134672345945422
0 19 -0.0366598256767195 -0.04639479712835032 -0.09433886102958189 0.09057925733165074 -0.002735816638516082 -0.0857159866350448 -0.09841085192275979 0.05641866009165845 0.0786561787841951 0.011537707488502514
0 20 0.058955149019089235 0.009009670983286873 0.06820661271235691 0.04614670441019935 -0.058161305866383975 0.053528366653277065 -0.06997564814445953 0.08428499544529346 -0.029912656961651737 -0.038259855290733315
0 21 0.04565098692578193 0.08223602643767668 0.04715770074335412 0.06996970432044158 0.08436150429827247 -0.009967300544663599 -0.02740362797276947 0.011932946791528174 -0.051595829093247295 0.08641680675895208
0 22 0.0634278024685393 0.004166575194826623 0.08991715092382967 -0.0039409478318768315 0.011044068860212882 -0.08895231696190031 0.0342529972670926 0.07535902747601907 0.05613757625989232 -0.060183179110496254
0 23 0.014790778727740619 0.004481776986891489 -0.03916271957890399 -0.08024867156010827 -0.047249066080924995 0.08942856561762953 -0.036492820284427296 0.024226462615375755 0.05136340294340624 0.0168997039021723
0 24 0.08632230928109823 -0.018459922438220658 0.09712372955616182 -0.09535713471426983 -0.09797271834625633 -0.03693531431851698 0.05048283891709282 0.004220877753149791 0.0032132735907315652 -0.007777156906800682
0 25 0.07905894011304358 0.009392558636923823 -0.0922242850435833 -0.06058329886659631 -0.08372836027549949 -0.003516527061035192 0.02542021527710127 -0.014016730769873061 0.0405120860571207 -0.08420293345089125
0 26 0.029867245585729507 -0.0642128444172143 -0.0743517470706134 -0.07473062861692702 0.06625379405734406 0.08268227261825188 0.036563758364133614 -0.025991017283961915 0.004084051476105792 0.07687346880710338
0 27 0.024807613651823275 -0.010407983822116515 -0.050021051187903225 0.09499600418507644 -0.06756292722692106 -0.03611268538295877 0.055331100710727915 -0.08121598757750083 0.09248540637740123 -0.062124565700784666
0 28 0.07054158695457495 0.09941762610596236 -0.012225849459552171 -0.09254598487003235 0.02475675312926273 -0.04758630146930501 0.09054796468518395 0.06378060010510218 0.08185398689922543 0.07905305114598314
0 29 0.0966066864598294 0.015847257390811033 -0.06600785725274817 0.03170613830485063 -0.015944140778553082 -0.056608078690327954 -0.055014254281439245 0.04180079073538027 -0.06294654486551945 0.085961475886095
0 30 -0.011463940824564776 -0.08503165942432483 -0.03149827863152674 -0.046038359520031845 -0.05896317249598451 -0.04438942659672325 -0.027972368762756064 0.0028892796873142682 0.013548294211306888 0.05154239654921284
0 31 -0.05400475143318428 -0.04551953372738835 0.048718724212314296 0.08665373911752058 -0.04506559463477671 -0.008671441901414213 -0.00682852677419469 0.04987151571093042 0.025389575888094283 0.08739017758734505
0 32 0.06904522664396776 -0.037401288194812296 -0.009822206432293474 -0.01337532154750341 -0.061592288571139756 -0.06444578568097141 0.06871521585398206 -0.0057926351737241375 -0.006865865012075599 0.07815927233151515
0 33 -0.07333910797381085 0.0925286715302945 -0.024612857930374717 0.09468645509824208 -0.05615335332419018 0.02181746193593693 0.0505706448438271 -0.07616513178224335 -0.052794313051297045 0.048687807057667294
0 34 0.06781283256652162 0.0358965325954626 0.04078075673427545 -0.0858812846668574 -0.03945331164364163 0.022915067900407173 0.053718372269224 0.05466781758753495 -0.09052354121653601 -0.09077014307260048
0 35 0.029178217166771603 0.05744451839925624 -0.011454325129413228 -0.09958440360557877 -0.04340819410807665 0.02101370449169714 -0.046029394263189596 -0.0353370720639975 -0.09677769576911212 -0.027133642503760946
0 36 0.08244682288070093 -0.055702040274011835 -0.04000875553056656 0.055265587692147365 -0.0881389864032706 -0.08814615969961655 0.07290685334994892 0.011427008986075014 0.0153352167544985 0.012216354107264304
0 37 -0.006349242781839117 0.005869360399795443 0.058438887382931404 0.05648467482707149 0.047687659373106865 0.07465320536393157 0.061703161155570764 0.02593290998975391 0.06404879942618169 0.007482625285181235
0 38 -0.0599278755374896 0.05868975133282295 0.07700302668246169 -0.05914228452307944 -0.08527623255207538 0.07510620667907666 -0.06557474323829426 0.07160717532162376 -0.08784998486516035 0.045917403361122475
0 39 -0.08878016164667235 -0.027516553835505594 -0.09905597101604985 0.05485334526021238 -0.09048399604095857 0.08880217995764789 -0.01324951996413994 0.07270032725918402 0.016231734326881162 -0.04818640915021967
0 40 -0.0753912737123645 -0.09148664880288132 -0.05427565782732019 -0.0358627045450678 -0.04008206564264478 0.08979394563360833 -0.010827421855498455 0.0786001741115635 -0.011522140340165438 -0.013434753051838343
0 41 0.026385371233549098 -0.008901599771520986 -0.07251715564778637 -0.0936604044233114 0.05275155943688748 -0.07070874245845091 0.06320228331440149 0.05592639877395282 -0.09065944629629627 0.09450541209475675 -0.07639384269714332
1 0 -0.044347316026687754
1 1 -0.0050669312477111955
1 2 -0.08157406002283217
1 3 -0.05834610387682954
1 4 0.011457401327788844
1 5 -0.0263481084257363
1 6 -0.059528738260269325
1 7 0.039329670369624495
1 8 0.02341141737997533
1 9 -0.0987888723611821
