## ListNet
## Epochs = 1500
## No. of features = 41
1 2 3 4 5 6 7 8 9 10 11 12 13 14 15 16 17 18 19 20 21 22 23 24 25 26 27 28 29 30 31 32 33 34 35 36 37 38 39 40 41
0
0 0 -0.09776111990458239
0 1 0.056225862362829955
0 2 0.09762887217809352
0 3 -0.041669754781598047
0 4 -0.0138998085541955
0 5 -0.019861863755649325
0 6 -0.003315337044849722
0 7 0.04319077296799443
0 8 0.03310059354547301
0 9 0.05497979008821017
0 10 0.027334761345728542
0 11 -0.05059811828248963
0 12 0.013807105175399906
0 13 -0.07143711549929772
0 14 -0.05819358848620883
0 15 0.040827190872445185
0 16 0.0414529343474999
0 17 0.02561226922973289
0 18 0.05823877025355073
0 19 -0.028285855823895433
0 20 -0.03969868135720356
0 21 -0.05267071854945657
0 22 -0.04868399347719241
0 23 0.07844321136209839
0 24 0.004877551680976616
0 25 0.07766474070670451
0 26 -0.06566180472227197
0 27 0.011975424860310857
0 28 0.07696625183431942
0 29 -0.08531877790074034
0 30 0.024303815424657222
0 31 -0.01049363111759801
0 32 -0.08085847289240239
0 33 0.068930108876568
0 34 0.01490378248688394
0 35 -0.03404132677881948
0 36 0.07616879485072918
0 37 -0.04942466986787819
0 38 -0.054387886077165604
0 39 -0.06249140835339998
0 40 0.09041714106150121
0 41 -0.019728045910596848
