## LambdaRank
## Epochs = 100
## No. of features = 41
## No. of hidden layers = 1
## Layer 1: 10 neurons
1 2 3 4 5 6 7 8 9 10 11 12 13 14 15 16 17 18 19 20 21 22 23 24 25 26 27 28 29 30 31 32 33 34 35 36 37 38 39 40 41
1
10
0 0 -0.048342599253872624 -0.026517233219734582 0.04016768592805752 0.04644635117747734 -0.029535878869795185 0.039178730976942286 0.006149769907950188 -0.04490718970871876 -0.028182934498970434 -0.03223794546991532
0 1 -0.03669840122555888 0.07493668325985643 0.042320981607498566 0.03193918021024141 0.0951092504060311 0.054262414533556 0.0832743977714607 -0.07396995257660409 0.05016201780443348 0.016286238393165217
0 2 0.013072388467335341 0.007751421567864213 -0.07268026658758191 -0.042214188490496886 0.026608361625553315 -0.090935947093335 0.01160679443224537 0.06383586745968402 -0.08455469248781011 0.0067597783383096105
0 3 -0.08605461335227221 -0.055720219537795705 0.06298463494275465 0.023609825195252118 0.05860632206537842 0.0035483084046911543 -0.01591816161690639 -0.0802258449503132 -0.004509121135558916 0.03614438166760538
0 4 -0.0393799428092595 0.05247962861200532 0.05805747410442564 -0.057430015522046504 0.0840169454039798 -0.002519177060987091 0.09085858711924358 2.308907523759216E-5 -0.09118964691424052 -0.06306266732948028
0 5 -0.07886532881009231 -0.050514633838666445 0.01047467353645803 0.037128985498923184 0.017897933826851033 -0.060457223260413986 -0.023157535185488947 -0.025335772835481142 0.0817751765307431 -0.07087008991833145
0 6 -0.007776431820251408 0.005480990464024938 -0.05251379456789531 -0.021995292111518853 0.07715264663486669 0.09594629749075138 -0.012717373837311837 -0.012730288663683753 0.0669915824045677 0.0335573819124994
0 7 -0.0632186983579011 -0.0028080806525496195 -0.07461928089542585 0.08292647836066075 -0.01687062860740791 0.022451205577332888 -0.03126448879661009 0.07386705289212125 0.024889013022202904 -0.06459561934498662
0 8 -0.039711426417986216 -0.031810898393635566 -0.010972079772601033 -0.08868205255297007 0.02646200217461296 0.02744911803317796 -0.02513552402529556 0.05497260778680118 -0.036329867475392644 0.020315381979392304
0 9 0.07977263565141325 -0.044888729395762314 0.044981879513555714 -0.014197746808319393 0.09746096346658577 0.09294411018615235 0.07863597631811753 0.07299539241201727 0.08377776607647415 -0.07604808117480613
0 10 -0.0029760444230120943 -0.0662824511709956 -0.033887864400216135 -0.052302541601728716 0.09594226931574332 -0.03215934658455611 0.09719035514397645 0.04875720397701431 -0.015954372352049245 0.041254671822725054
0 11 0.05519382446421809 0.022499644315450047 -0.06336926888162506 0.0461517873841835 -0.009206635915498345 -0.005038982960067697 -0.06594500540424961 -0.08214445164441993 0.03768315139978613 -0.053177214035704634
0 12 0.02778125801914131 -0.061516730942395376 0.059057327385581525 0.08908106643059091 -0.05283557866014194 0.07002146541437608 0.026609778581390995 0.011493288560154311 -0.09026811783410889 -0.03029147368492828
0 13 -0.09087007892032016 0.09921510673441312 0.052851568913199407 -0.04489817097240752 -0.08663423268206895 0.007591850772938576 -0.026922564718456207 0.06891384287124047 -0.04302906283388881 0.08189303695387862
0 14 0.028314954300615976 -0.09261881779980922 -0.06588323800184825 -0.0684081292226846 -0.05590218784896389 0.029873530690458 -0.014016251751797935 0.011864215142883482 0.06143752810730706 0.023223096125495963
0 15 -0.07757692881006054 -0.06508283907718072 0.08555004994592597 0.07244423457453202 -0.06479880072705471 -0.024083338679412855 0.004964824796295727 0.08704822540380644 -0.02309391471686357 0.023308990742947767
0 16 -0.09928355382137809 0.04406051824332721 0.05167844814927374 0.09137871542946492 0.0730942956704449 -0.004908205898994678 0.011390254799487295 -0.0725939752526532 0.06288194937777172 0.008352548834856904
0 17 0.0011867939678157423 -0.06517632544455396 -0.016821410771644216 -0.009737356317796365 0.049979932846411536 -0.013931743079038465 0.0609726404636271 0.08141767601658721 -0.06768971832191599 -0.021555648910839928
0 18 0.054882945080257865 -0.023887315424131764 -0.010009176397467139 0.011185446141973702 0.09632052756663266 0.0625003022427232 0.037598371500255634 0.08038264638109277 -0.05593675331802396 0.021107295587574647
0 19 -0.09223676093636611 -0.036182653848504276 -0.010067064233520079 -0.0704658322138304 -0.07017786271124811 0.09016420780187619 -0.09273389921532223 -0.046600814364296125 0.04599503799563405 -0.02264825585316936
0 20 0.006223532488257065 -0.022427433143747642 -0.0888899781422935 -0.09610478839079535 -0.013932126052776894 -0.09448084868878608 0.017998189380706447 -0.009041143054555533 -0.08851959383956323 0.015813146255846528
0 21 -0.06311071729355992 -0.033955105788768966 0.004257395082187106 -0.06607077706471433 0.03293907498319752 -0.0753494323760314 -0.04279795671779649 1.5768916982981357E-4 0.044377454980207086 -0.01730343136686528
0 22 0.02874531018416282 0.05806070260580041 0.0328745164842161 -0.003961691498590164 0.023251769271564027 -0.0500875322346302 -0.04689505792726394 -0.010764959025878002 -0.08176349245030684 -0.05431033404050892
0 23 -0.027264474436100677 0.01958240394037459 -0.025702715106009563 0.07570459499165291 -0.08645494354965923 -0.006787453628648383 -0.08639583379643442 0.020158300859453367 0.031066164856717992 -0.08872032185281797
0 24 -0.055747780118753684 -0.03153227524444815 -0.017735662796904774 -0.04848480886902622 -0.015309781568848619 0.022917647571945206 0.09160611011985977 0.08258664654056096 -0.02602630224370929 -0.011115888058963732
0 25 0.03324264711081256 0.06646279029979604 -0.027825984264017327 0.02757500954313458 0.03295228394834062 -0.03559599280246012 -0.039282306427637345 0.037276548278797395 -0.015842384422032774 0.02110971241480533
0 26 0.04582534491996249 -0.04182903599400999 0.06877843847346078 -0.05238289325928052 0.04137780264061075 -0.0857317013953347 -0.05518643344116391 0.0701684948039177 0.011039571607679806 0.00768417667635488
0 27 0.05935336250265079 0.04445755117538492 -0.0533078218472635 0.002410417445785202 -0.07254947460475249 -0.0013865004483548892 0.09835731685832738 -0.06635536673583069 -0.018097420171698988 0.0019233579633820418
0 28 0.01279448983888075 0.0014400280409347511 0.014368583164683561 -0.09972028996321869 0.07745529057666677 0.042361315156657725 -0.09086595834763464 -0.029432154957032546 0.08661791890553813 0.054600461327202005
0 29 0.0059649230839973425 -0.0412052451911708 0.045349920160658044 -0.022341348803706727 0.062270107989246946 -0.002057746768382646 0.034863925842811054 -0.009102921564379533 0.07960828204136715 0.03100277235122838
0 30 -0.07484368932522723 0.02693744942967504 -0.06528852349858333 0.02100499229477573 0.03639305216284556 -0.09454177577685849 0.01593546682552684 -0.027928239985153855 -0.04999490752036381 -0.09957276564569775
0 31 0.09590226235840614 0.07421302113423077 -0.008036314070962136 -0.0056581764829115215 -0.06378855667771224 0.023614155439359377 0.08390355299807545 0.06100529771240128 -0.06015757134531041 0.03193298977820646
0 32 0.07618295739856991 0.07212232045961532 0.02737261290620382 -0.06838528508982639 0.03975091468658016 0.00341740688488215 0.005269388975140779 -0.03243657098283456 -0.08376415282007144 -0.0517058978424537
0 33 -0.03557668962376059 0.061692187950285186 -7.718332720260873E-4 -0.0229722002483065 -0.011905755354999485 -0.037804115797306 -0.04084144836402974 0.008148036515479594 0.032671249125329295 0.049595651771203675
0 34 -0.059829627439072455 -0.014557836326122672 -0.04945453131860281 0.0649702202536987 0.05205726193433842 -0.0600073712962468 0.05497752590951559 0.09688980281168147 0.024234539258309214 -0.07767765295453165
0 35 0.021441180547431465 -0.022082880848625124 -0.07916616200445094 0.011924459879382614 -0.08291457794141735 0.026446626652690715 -0.05676889903750935 0.007089833201889362 0.052819845592480125 0.005249000111675473
0 36 -0.021724215705192895 -0.004578557130296688 0.08271468801529114 0.04332095633272195 -0.09814086282144116 -0.06731930216203583 0.09611353720046166 0.035608603277895785 0.02423832427363456 0.04449833944423608
0 37 0.07791409204291096 -0.08641576354353034 -0.04228803561624867 -0.07454333130730643 0.058807294002378406 -0.04227537549421118 -0.042982344533298564 -4.838860163191996E-4 -0.013341882564750695 -0.07443140518109269
0 38 -0.05891677737236023 0.035437725484371185 0.07767859101295471 -0.02038341760635376 0.031057089567184448 -0.07748476415872574 0.004523771815001965 0.04066786915063858 0.08655553311109543 -0.014831197448074818
0 39 -0.0946132180935776 -0.020494874701074906 -0.023289070577983826 -0.0044740633243149745 -0.08218825583294012 -0.0715932496161432 -0.03807789192217863 0.03424647133577555 -0.007033115480886548 -0.048084769821569395
0 40 0.0319120642567333 -0.09767573658608938 0.07562305009544143 -0.09374307448827278 -0.0930854372914808 -0.021882940307146197 -0.09870655588771128 0.07934583977041844 0.08442964341368116 -0.08599213551419423
0 41 -0.0011140570111764256 -0.037556697871773445 -0.05704027216109631 -0.08185662071023951 -0.013756345797341292 0.019565051922349065 -0.039324432150649624 0.08779027933792083 -0.05404035723473816 0.0020344218672018106 -0.009272796101868208
1 0 0.09638493508100447
1 1 -0.07538512349128729
1 2 -0.06988359987735739
1 3 0.06507020443677869
1 4 0.0749491974711442
1 5 -0.02281456068158153
1 6 0.06008966639637906
1 7 0.007955878973007275
1 8 -0.014747709035873269
1 9 -0.03745748475193961
