## ListNet
## Epochs = 1500
## No. of features = 41
1 2 3 4 5 6 7 8 9 10 11 12 13 14 15 16 17 18 19 20 21 22 23 24 25 26 27 28 29 30 31 32 33 34 35 36 37 38 39 40 41
0
0 0 -0.07094745938513414
0 1 0.015173460456743006
0 2 -0.0360008641564798
0 3 -0.030202624039757126
0 4 -0.08855288072622904
0 5 0.01811333145299907
0 6 0.07659325963744694
0 7 0.09673462273802155
0 8 0.006988727346106184
0 9 0.06263727110542297
0 10 0.06408892243715836
0 11 -0.015035468908428452
0 12 -0.010516601094505076
0 13 0.013455322345156489
0 14 -0.032533978332602874
0 15 -0.012882505820364753
0 16 -0.019430705699971247
0 17 0.03826456046284921
0 18 0.04278480776633133
0 19 0.039007802026279806
0 20 -0.06480713727589986
0 21 -0.09259758722824506
0 22 0.06422180543053506
0 23 0.031812775471668
0 24 -0.0077414557940064825
0 25 -0.08487008386279622
0 26 0.034220127624361656
0 27 -0.004325413343179657
0 28 -0.04199713070919791
0 29 -0.09841944074073405
0 30 -0.0981553388344274
0 31 0.01655169769539705
0 32 -0.029164527020913183
0 33 -0.03388776875799552
0 34 -0.025614597970422967
0 35 0.05459408763614656
0 36 -0.08664503515908807
0 37 0.07754160563751825
0 38 0.006974834017455578
0 39 -0.007052457350421316
0 40 -0.017529172500589878
0 41 0.015843559056520462
