## RankNet
## Epochs = 100
## No. of features = 41
## No. of hidden layers = 1
## Layer 1: 10 neurons
1 2 3 4 5 6 7 8 9 10 11 12 13 14 15 16 17 18 19 20 21 22 23 24 25 26 27 28 29 30 31 32 33 34 35 36 37 38 39 40 41
1
10
0 0 -0.4799149761599263 -0.2461889030263905 -0.13726087811547885 0.23170272262127994 -0.08831307580041371 0.010508439954823135 0.023419597114103505 0.034817455846631415 -0.1812009020784074 0.08085309175634325
0 1 -0.5259343795789372 -0.24984796081775953 -0.11543836046728544 0.29511570976311824 -0.09661642705778091 -0.054115954930502363 0.04810284294124913 0.010349353429909825 -0.24347910855378319 -0.05200306939660414
0 2 -1.9352400252034394 -0.9083704052916655 -0.4392746622670897 0.9716710897511721 -0.5660436241050943 0.05905993710016246 -0.19950646390504892 0.41666660819733264 -0.6949287667419118 -0.010603795408986415
0 3 -0.5892638979597477 -0.3027533550696689 -0.16819882478520812 0.42841164897335626 -0.14158290531680545 0.09592648420026761 -0.135039286941822 0.039897889494948637 -0.16298333976837928 -0.023786218342137674
0 4 0.33700191698025256 0.18063646481101825 0.055396527035842094 -0.16639925497523414 0.06125953777090222 0.04957060217060686 -0.053578555171023064 0.030053682379160354 0.16108070217351117 -0.04920918015730731
0 5 -0.7471147700328552 -0.3779128014302119 -0.25067031122723704 0.25957343201859084 -0.18841534152012482 -0.005235085386406892 0.0026200916666440366 0.10232667388388687 -0.17198541693715688 0.011853268917661483
0 6 -0.5109781930557763 -0.1301071067916249 -0.06919338669655686 0.24915448596169296 -0.19899513487341738 0.10469444804013668 -0.1435195927052957 0.13915114668693113 -0.2430650373356614 0.059423714378510566
0 7 0.1511854985902898 0.1263720949809422 0.045316549831584445 -0.03484602963763995 0.10590647188047374 -0.018987718663168264 -0.007855813832882075 -0.09899749231608787 -0.031046208280740284 0.012369280163946547
0 8 -0.16081598955212398 -0.003604883378417482 -0.13382483817825713 0.042271693651312316 -0.11325414254386618 0.08428177622874738 -0.07574560125197347 0.06690460604880091 -0.14440983079955633 0.010698557083980043
0 9 -0.6555028245943362 -0.3700145179869969 -0.23329056830643258 0.44583451192097745 -0.27836066135639886 0.01795416947517176 -0.11163504226414316 0.20626758617164462 -0.2566872267228676 -0.08270999209580626
0 10 -0.6674268619095457 -0.32262434060480183 -0.11810431468211938 0.24310628967997627 -0.24451015743063922 0.14019645653120752 -0.0902994143534325 0.09774202310669315 -0.19272398979627126 0.11104312620556268
0 11 0.2651425050885481 0.09378026017499076 -0.02783851250929479 -0.14269670245736193 -0.00484866281535925 -0.011926404262765243 0.0552181207483118 0.04797832616414079 0.0911328705694492 0.02335898254716433
0 12 -0.5852263339878502 -0.20154030015320476 -0.08250512521192119 0.3151100387789679 -0.19462193096532854 0.08161361858709477 0.021354433636378373 0.2117721009852875 -0.16068878143707296 0.025705909281777982
0 13 -0.7738559929219486 -0.31675095676503234 -0.2197533768843441 0.24080538641599603 -0.1976788925150597 0.06349246881140365 -0.04229981854212849 0.1264236649530413 -0.281520454435045 0.08091254277287158
0 14 -0.5033612429599275 -0.1818137320736326 -0.20753600834910665 0.3210600233960864 -0.0848791816968329 0.08420084975935793 -0.12270812582880712 0.11135445763422705 -0.24532587825519078 -0.006026200097556848
0 15 0.17326068745404213 0.021933711405319436 -0.021051520438227774 0.04464273432893051 0.015598327574086248 0.06135335942373496 0.046535948277212344 -0.04936190561607047 0.047248060115831735 -0.07190781674660367
0 16 -0.17711514134714484 0.00876145780393424 0.01953536346653513 0.016576595355594498 -0.13368192487624092 0.038703739460272925 0.059578421670094826 -0.037338086044815866 0.044370770799751075 0.08849550118119001
0 17 -0.22555074367008127 -0.015170202532487236 0.022645516111626324 0.10057819913999881 -0.028910812464157318 0.005132897119009172 -0.09869820247483062 0.03748969015431239 -0.002428029686925971 0.026677473928280616
0 18 -0.5155711250372076 -0.26174407555879975 -0.18187006462246313 0.14106051067297992 -0.1647538354995753 -0.006210698805724369 -0.0422926127256382 0.023879485143594524 -0.10697656979650116 0.0518815027677319
0 19 -0.3787225582157491 -0.19621156813982363 -0.1471864412303281 0.0760288669557173 -0.08980201873255067 -0.04689477554068143 -0.03754743420188197 0.027592386655710562 -0.027880701989587378 0.013330628118015758
0 20 -0.42671743133274637 -0.08592340555454446 -0.10601718563670962 0.13998030666903646 -0.10934540067770983 0.014245403137406737 -0.0069346045555342935 -0.015862455813844902 -0.20988584435048382 0.08023449677589033
0 21 -0.01170986564976246 -0.07154430449472343 -0.0795108577964205 0.10818724793791595 -0.08648562369917503 0.028924366249113743 0.010643431348787159 0.04999572522764082 0.056121695263942575 0.036798506785218475
0 22 -0.338329000737829 -0.06843176835135686 -0.1399245799084786 0.25847067476508934 -0.18919685801680025 0.01252197862307672 -0.12242027945636008 0.17120539557424094 -0.19082246395885022 0.03272806388694162
0 23 0.03538783510521942 -0.08299526220644092 -0.08770166897405945 0.004698913918336023 0.03275579944599386 -0.0031489357062161605 0.08537909717089885 -0.0026766356767997505 0.027202181862997474 0.07053258579859144
0 24 -0.06722197594403155 -0.15946025556501378 -0.13339840495546249 0.05357224564823779 0.03491281015451088 0.10064042184215582 0.03491899814619845 0.05425449973978346 -0.1278642327670116 -0.06233711839258181
0 25 0.29402507212058704 0.014712794746919302 0.14165637616694818 -0.27781346633759324 0.03180848138652978 -0.03519994933425441 0.08286260728468851 0.012853199117617713 0.1527667422839086 0.017822817776211145
0 26 -0.1272200990710988 -0.06982395041223304 0.025842614767366597 0.025991958906354622 -0.14163254946591872 0.01273880429536945 -0.013304444959352351 0.06504816094991571 -0.0024898560702835944 0.03861407598561519
0 27 -0.26992599973875436 -0.15467370126642963 -0.0523588770376249 0.14672524559304503 -0.12991575586952508 -0.022918590053731543 0.05292364434394824 0.05163793690867566 0.004927104273634473 -0.06976229420357227
0 28 -0.01135665081094777 -0.0059651702882600405 0.10101698517527719 -0.1125585824134669 -0.031051998688225117 7.74176872047476E-4 -0.06240278685314902 -0.026610454995986257 0.025647484055244963 -0.05472489661850381
0 29 -0.06722608404187203 -0.11930912040015332 -0.11645958364289662 -0.016548985573857335 -0.06619927021071328 0.08120366167942364 0.07630602545874475 0.10214539017419594 0.029065490531684255 0.08653557668783907
0 30 -0.16020321790084008 -0.05693681349158716 -0.03788046711501111 0.13661373105832575 0.011205504785657364 -0.026984850987874967 -0.03211151999691798 -0.04791367647775905 0.06333855625743058 0.04793284996525421
0 31 -0.2033154370073735 -0.11925376309299439 -0.002857591589268014 0.08975972726008236 0.006612358465059337 -0.028988768736502045 3.1370840635924535E-4 0.060419547983386626 -0.15741300879279996 0.04035598933702192
0 32 -0.0934207694247062 -0.09158570886774858 0.06709195605001611 0.10294755002229884 -0.12077156688478598 0.03493922831096616 -0.0035503663649858624 0.06288302993173484 0.01765943902993797 -0.08308064878900624
0 33 -0.010961387088985725 -0.11845502884854117 0.03263692537691226 -0.011829119140979987 -0.02056197265422127 -0.040578946304778186 0.03572686439885203 0.04032674467040341 -0.01987602435715524 0.06883859459788695
0 34 -0.12751031115040073 0.019788894054324557 0.04623346029543051 0.09144232483138003 0.035310142287464846 -0.013763481986707082 0.054506997896778736 0.030519643063351174 -0.020891376708144234 0.0294996091878709
0 35 -0.09343865458462894 0.004459966534013296 0.0893790580749082 0.006498695963454709 0.0421886713136442 -0.027980749545807797 0.09578144393138996 -0.09663398656753386 0.029399787375201436 -0.07288013340261203
0 36 0.1414700404652487 -0.05029577893627724 -0.0163952129474935 -0.20245793110824364 -0.015456817298639704 0.04713064211842405 0.09692452470119876 0.04988441096542769 0.009151606045175929 0.06997487680517636
0 37 0.03512068973019424 0.001389698865841858 -0.037236375000373974 -0.0840326389933026 0.05071032792889006 -0.0402610485276776 0.08952661323092471 -0.028217100526294517 -0.0671830926616907 -0.018475372456266934
0 38 0.06925006649191232 -0.046015167259744263 -0.047377643972365366 -0.0563424119142906 -0.09697058401858412 0.055895365405388565 0.003452749724108791 0.06393592270948152 -0.10634594833114278 0.097857547992026
0 39 -0.03767481019171593 -0.017621247934127574 0.029548890852461353 0.010297465379700643 0.015039622399849581 0.01814324508854873 0.09299564184891064 -0.07237180488323872 -0.026277436544814625 0.07960397021640282
0 40 -0.1106509807825201 0.04169821144228175 -0.009651715789221908 -0.15621306465242882 0.02600710693652238 -0.0752989451108464 -0.018514441120345518 -0.045274880591933915 -0.016067862329304138 -0.03630885246405765
0 41 -0.11977248470181179 -0.08055705867381355 0.07339997494322298 -0.1832343162212187 -0.042515871790782665 -0.09097407914015683 -0.04446165487384889 -0.02033286110270641 0.10201521455912323 -0.06339259756863803 -0.16412328783000488
1 0 -2.4813013273129907
1 1 -1.3011390278451487
1 2 -0.7952753093265178
1 3 1.4563103462696927
1 4 -0.9086534960264793
1 5 0.10732774753057266
1 6 -0.3560287583503711
1 7 0.5173823802173225
1 8 -1.0785901259663289
1 9 0.003016478690648138
