## LambdaRank
## Epochs = 100
## No. of features = 41
## No. of hidden layers = 1
## Layer 1: 10 neurons
1 2 3 4 5 6 7 8 9 10 11 12 13 14 15 16 17 18 19 20 21 22 23 24 25 26 27 28 29 30 31 32 33 34 35 36 37 38 39 40 41
1
10
0 0 0.09270588882174902 0.0016032276020710367 -0.06678254482011343 0.08107608026913692 -0.02370520855950988 -0.06011343986854599 0.007838825803913665 -0.0856359742932804 0.07567419275867757 0.09927330575576412
0 1 -0.012192544436556731 0.06809715866790281 -0.009451568160116877 -0.07537223261101048 -0.09875632326936791 -0.0863857565308158 0.07818415535571517 0.09412310365833418 0.07417583805353181 -0.06688200501056173
0 2 0.09772140653908597 -0.03971341690791216 0.013589863305169954 0.028385892740217536 0.07643321094825088 0.06491325466556205 -0.03173457622507599 -0.01366278056092936 -0.034037822629053444 0.08058192548169364
0 3 0.04860885898282206 -0.07393956836395611 0.046263166635728756 0.05957050750699735 0.03344961007151884 0.011852509965493854 -0.021367673249674472 0.034449976217925386 -0.09982830873631691 0.08575497072470024
0 4 0.054928466366936865 0.026207495233857195 0.035136753252752104 -0.01862843555782738 -0.009406107415062813 0.0886135629692074 0.06765643393047605 -0.034696383345449326 -0.034660812027913435 0.08997079456778176
0 5 0.01629442292094926 0.06825016639893144 0.07997613689744724 0.08347829436963908 -0.019923464998985778 0.04922628234093105 0.046876072421238 0.03650054380975836 -0.014969250894569363 0.07423187070636411
0 6 0.09836309967339511 -0.09837835429545994 -0.014733051457533659 0.01205501616806465 -0.07018831440728075 0.0878044932723975 0.04531413056579624 -0.0779713718412267 0.027330248927079123 -0.07076498516541779
0 7 -0.010179092204314396 -0.03389162168492998 0.0702303420709889 -0.0829411243120608 -0.08748255567210084 -0.03636799319195008 -0.023713105763099842 -0.022027158740353728 -0.012940207944195366 -0.059564439785884785
0 8 0.03465377468638033 0.0987813713705042 0.06421599352701707 0.0663020838337078 -0.06377505792028584 -0.08896253573550825 0.04273464699479059 0.08632155263307739 -0.08143410372389406 -0.07299818274421935
0 9 -0.04353349319470837 -0.08829145886696606 -0.06780264855091687 -0.08456635914177416 0.01438661996366346 0.09972242657747248 0.07367057322009184 -0.01504559349291731 0.03203678868180625 0.036969789778224675
0 10 0.019667572628130084 0.03718966813536683 -0.06470897286995335 -0.05695001860358863 0.09922002419599656 -0.01689237864657219 0.04831724888404238 0.030958971705888783 0.002330943281761967 -0.08164076190959427
0 11 -0.07615149436781468 0.07241721018530091 -0.09795825295974032 -0.0992046183582783 -0.09098359935111612 0.01954045964623022 -0.09405831847100903 0.001439256521609131 0.07367477356797394 -0.08671428697369868
0 12 -0.04578761615930534 -0.05543096127317141 0.040228438096393974 -0.0496088596825662 -0.09786715671617084 0.04554902546730129 0.09768924939224619 -0.022458314580239367 -0.027115456646083776 -0.07884164206798458
0 13 0.05828459718461875 0.018611248080533202 -0.09781036930198993 0.06882663294945252 0.0793019114364538 -0.05868280153045222 0.05581828134621938 -0.08425799316396439 -0.0777787339716966 -0.008182143775565849
0 14 -0.06422009987861683 0.06988916367377632 -0.06963271541926859 -0.07725751473730455 0.0262345295016456 -0.06207460566053253 0.09180237467595086 -0.014643476051680666 -0.052780170600902426 0.024589807326415993
0 15 -0.0015617949492317067 -0.06326435043555144 0.0031197560877712837 0.02292933149162798 0.08650091924481995 -0.019759394903858838 0.06962864748729147 0.041222541346368456 -0.0836440697619142 0.06282998242539851
0 16 -0.08461030067978856 0.02345236312871217 0.07932770883844464 0.06789062197188567 0.09531057101964074 -0.08228136981065086 -0.055330365730996194 -0.028873718905556414 -0.09417264353906271 -0.08008042660056977
0 17 -0.053401719692993774 0.04482984573311221 0.09159509253795463 0.03068034027626587 0.053822446964749 0.010750612153357044 -0.0876424324809341 -0.010859122447911202 0.0017765176946125047 0.07257338857754285
0 18 -0.034793058637221354 0.09717059058741777 -0.07072795679738658 0.06627811939153548 0.08043127658234867 -0.0644933887232706 0.021248374557901822 -0.06562261350612357 -0.04631687509354485 0.09212557569676628
0 19 -0.0994929945067896 -0.0031078940064643815 -0.030946901739851762 -0.023145266121758132 0.02058678843910044 0.014273866429230012 -0.017944816997769807 -0.013267970820833183 8.222149667627904E-4 -0.077741052093333
0 20 0.03679978270154732 0.0916360922367776 -0.03138081484973125 0.08837062517585631 0.04937337183464661 0.019615676792761116 0.03892031458479941 -0.007971782533787952 -0.027023468735949425 -0.007761786148922825
0 21 0.03822810170323951 -0.07916921838955278 -0.047577383814284446 -0.09344177600463056 0.06430695644976533 -0.08023070623533478 -0.05928326097220451 0.035905719871256916 0.06491026513113576 0.021539247592693808
0 22 0.05533977413434508 0.01250716801622212 -0.04522319807645922 0.05351489264734268 0.05466967186656399 -0.03032670407714345 -0.08335730183466589 -0.06436804798959404 0.006791269608382161 0.08168695753686782
0 23 0.07600184178680379 0.09409579532595687 -0.02852624891585079 -0.07868956226569133 0.03339440894882887 -0.0816960945795382 -0.02899076962751636 0.09870218701351341 0.012388497123678207 0.09237707769162622
0 24 6.004399959270858E-4 -0.0636438645041025 -0.06882516009729972 0.04146578386158355 0.0376971518242218 0.05043261395143868 -0.012429241564914331 0.04493413497560741 0.09234135436054533 -0.001964980683934095
0 25 -0.06802742251093984 0.07617467338137968 0.09479936418601934 0.06703249575747264 -0.08361396714347093 -0.00463288451069062 0.04459957346584167 0.04859998731090701 0.07470844443653178 0.020833095198609382
0 26 0.026052616862873614 0.0794619343628355 -0.06431567952092182 -0.030563749238939748 0.014914810239097478 -0.077662435389838 0.05761929106125824 0.012613086470183424 0.018092211371581374 -0.0564320433276319
0 27 0.09056176008678309 0.09112098536537372 -0.03579619586487754 0.07447013553593354 -0.00398968869391716 0.06858528837898664 -0.0404941262878534 -0.01862625491088475 -0.02557901065350136 -0.0024835186731816377
0 28 -0.044065418213215184 -0.0028484684476305596 0.08561147842963925 0.08519727306035364 -0.06515892247646947 0.05425750361824456 -0.05409242704703657 0.0053564361499276155 0.01289706492474931 -0.03114504487605662
0 29 -0.06290363729737154 -0.025505166963657084 -0.076415715228459 -0.08440495054962406 -0.06804991273317747 0.011683265551261127 -0.04596715496502515 0.030662750969856777 -0.015506138705160323 -0.08866619934360208
0 30 0.09431392797841184 0.052806388099762486 0.09605989195172757 -0.07559593430577714 -0.01610658620626236 0.08127438262419896 0.014625968732235182 0.07750682709222671 0.05601370584735147 0.03826118111041467
0 31 0.053064164146242564 -0.0687971654933799 0.05720250915424757 0.046456952119039295 -0.07575251955780742 0.008168159385310274 -0.02626028307701469 -0.01345672958754496 -0.01276712150859972 -0.0658782518222622
0 32 0.042035125015466045 0.0034961787936341735 0.057183482720102395 0.028317581319313178 -0.03239946069242402 -0.09953984172224213 -0.029168543596731315 -0.06879391942117648 0.004812292076400615 -0.040409713999533366
0 33 0.09286719202660393 -0.03705732384474625 -0.045005178205559056 -0.08962726411792488 0.059595968051148904 0.026708239254605862 -0.09107542133164331 0.0561794805493763 -0.07478688083751206 0.024178164705630615
0 34 0.04929649099165339 -0.04067748430563664 -0.06604843176761192 -0.030203253638532834 -0.04357094393939699 0.025032610493686817 0.023692088627732914 0.0710006414974495 0.07887113501574951 -0.05749513711938398
0 35 0.09683556074235189 -0.08534286221584536 0.057289274621692185 -0.011946042402139465 0.013318516587946317 -0.08032825124001731 0.005893239473835329 -0.016356139140035995 -0.07513560151364757 0.09849991369876074
0 36 0.06119288444504702 -0.04929860934362419 -0.0365668797438129 0.029121955611139328 -0.011100053702504824 -0.00509236400494747 -0.04713800559992989 -0.025163637421348674 0.011042796821459108 0.012942015751495834
0 37 0.029419855927273846 0.059491933754573616 -0.07611157751845403 -0.07484691602015793 -0.06603131865369986 -0.06464181165267299 -5.162616025465821E-4 -0.05728862258485764 0.09081045048557976 0.05271820205594336
0 38 -0.071360491461491 -0.02995592040153003 0.014063599715755742 0.004817922329020058 -0.024068192652168915 -0.09664430507876329 0.06357840275740922 0.052392870250076634 0.03391907889261054 0.0037467306270932105
0 39 0.08975857428132702 0.047073903293724684 0.05008499552753968 0.04384109691366093 0.0658009405230746 0.029984637299445394 0.056472342714680636 -0.09414434435076237 0.011988961338689692 -0.06673974746746464
0 40 0.08707783218784121 0.04265416125844809 0.08695328876742787 -0.010174469297848291 -0.032949798480502925 0.05800907653742023 0.017992143163777414 0.08898532740196145 0.05165288854430039 -0.05496181727927763
0 41 0.09162308940066083 0.021815408531227418 -0.008914340776085532 0.01942644615222163 -0.07537514756787535 -0.08420057815439741 -0.00864533563440195 -0.07343374407892342 -0.062197604815200515 -0.05331240110443912 -0.07172130048274976
1 0 -0.08825349807739209
1 1 0.09833298623561745
1 2 0.03174499794840828
1 3 -0.08826045691966951
1 4 0.057452756911515766
1 5 -0.08500697463750961
1 6 -0.07030595839023551
1 7 0.08970253169536604
1 8 0.07197102904319767
1 9 -0.07856789231300486
