## LambdaRank
## Epochs = 100
## No. of features = 41
## No. of hidden layers = 1
## Layer 1: 10 neurons
1 2 3 4 5 6 7 8 9 10 11 12 13 14 15 16 17 18 19 20 21 22 23 24 25 26 27 28 29 30 31 32 33 34 35 36 37 38 39 40 41
1
10
0 0 0.016644596362846133 0.06843447393197866 0.01767182729308858 0.07153489440898987 -0.050522776882320604 -0.07445445797719656 0.08092987719575125 0.036769801555305244 -0.07431442018828757 -0.09374447608776044
0 1 0.04932437760450632 -0.04494961014994538 0.0033680619060520206 -0.056122730672549734 0.09904054153410777 -0.09849067960347176 0.04911990301176198 -0.01525054516872468 -0.039969659938570185 -0.041419222693276074
0 2 -0.06403198567506138 -0.025247266638362225 -0.06009180994279341 -0.08667767476915055 -0.02821079657458606 0.008649204351874683 -0.07922774248319406 0.012386903821508742 0.09710043445798264 -0.011069041072360345
0 3 0.05019257487140004 0.03275143125847923 0.042439910227996765 0.044503656995801666 0.07078247944285222 -0.0843608944122179 -0.09160566245953988 -0.011673147898291497 -0.020991650048201416 0.04983968492521654
0 4 -0.010150724927479392 -0.09187130144625028 0.09413761651888217 0.05295984405005257 0.07931553610190079 -0.04303758855733879 -0.0712530436719518 -0.022112678114898487 -0.09321158017559501 -0.039980847721252724
0 5 0.07828266906674425 0.016109415853957233 0.03283296783814209 -0.027785609016691235 -0.07365908178867707 0.04474604679602191 -0.08382008745558713 -0.013518722017221114 0.0362385611025938 0.09994392164947066
0 6 0.026945096260573228 0.06092049897984477 -0.06280035024954755 0.030669617536112664 0.06792621232849735 0.07866692261979606 -0.03970281009204909 0.0579368980840084 0.07251166321459226 -0.012900647069248667
0 7 0.02119505587382967 0.02865186087742349 0.03674734410347989 -0.06527444436161035 -0.03432234725772873 -0.04847299861364261 0.05471326933218444 0.057172199035942534 0.030810545824173145 -0.01808620359020565
0 8 0.041898786216158806 0.05250290841391154 0.023512910739535303 -0.020904097075650375 0.034675347658527735 -0.03309765842742178 0.07722889384585914 0.07470819686124759 0.01434246728675041 -0.09293517273031604
0 9 -0.07215011005723179 -0.06504865894952094 -0.09745226928504916 -0.08071099882265031 -0.02201005795800544 0.02408912358443226 0.09336816990492834 -0.07344858703890915 -0.0076915700659547235 -0.00430785764974828
0 10 0.05454785889659363 0.00849832952143237 -0.08284485165459576 0.025360123955209347 0.03585629368532197 0.03646920457550732 0.019430912724227114 -0.03739058496713821 -0.03403515792429898 -0.0809133035153986
0 11 0.08427130528905863 -0.05391022859716724 -0.0021036806965548417 -0.011237833793380697 0.08454290422743645 -0.058585890805896504 0.01742113405699808 0.03625570718077452 -0.07164977160099749 -0.07329877368727816
0 12 0.03898150145733189 -0.028241150425068647 0.07227215610348585 0.012798768872149846 0.004547444512095243 0.07227420633257932 0.09930628090500153 0.01669509603270831 -0.004269232941615769 -0.01534330130555154
0 13 -0.0018774513816583744 0.06296097774886088 -0.01645743801144485 0.05936962308673139 -0.034422594136916375 0.018644724706382503 0.006145968679648637 -3.7080237842982425E-4 0.05791678048695693 0.07762777978061848
0 14 0.06945167881126259 -0.06955408813271453 -0.04070835192176334 -0.0650361517471125 -0.05087053067489746 -0.06885123584447439 0.09009219210095083 0.06709721170022993 0.07652972405976961 0.03079724340970897
0 15 -0.03142660208877802 -0.05413066299672295 -0.019678333169573774 0.04914763514256677 0.04754312922525208 -0.023960290190966873 0.06217367101775308 -0.04403781414391775 0.005176948844869668 0.08656123178749381
0 16 0.02247273666131924 -0.026612960484173498 0.026484005254714133 -0.047557013211350106 -0.09645236263377008 -0.02391819043533135 0.0053906229356620984 0.025888776723790693 0.09669602499258648 0.00791138534787058
0 17 0.03263158468011982 -0.05780166235518377 0.08313321458995446 0.04984833495889749 -0.06721582445051216 0.09810625407639441 -0.04837128766722784 0.0859982936422662 0.08474466928314747 0.028573816298448303
0 18 -0.05875828052880594 0.0380555457117041 -0.04114673827348623 0.022469426423586986 0.05580206381738298 0.07890107044514105 0.01204319907973498 -0.09539946462735881 -0.08746379447537433 -0.07173771681210009
0 19 0.008198229010199272 -0.09114976412141304 0.08102492998079643 0.04104520620835653 -0.02153724470512042 0.01734176498989827 0.05732787214315332 0.05000181696093792 0.025662782227616816 0.04012221571214698
0 20 0.06178104939255218 0.07215086837211714 0.039555219560150505 0.09933811824231323 -0.01444227552982565 -0.042845060901146995 0.06889953934697074 0.07949520158022182 0.07575645239811174 0.06999071486165104
0 21 -0.049624477322346164 -0.0034597404907886335 0.09106008107980916 0.061612172127922936 -0.0565597955992545 0.07502322936610213 -0.0025018295221354344 0.003902333901915329 -0.08469748975225735 -0.004955973148671483
0 22 0.010340457814623274 0.08389296798717455 -0.07643777798271177 -0.0989881622408541 0.025139380151768146 -0.005447795214160469 0.04610881495763078 0.07351922145759676 0.07783106242469938 -0.09199524921655672
0 23 0.048833757223166165 0.09271382583403431 -0.043847996210843454 -0.0017997999470265025 0.05256212360314173 0.08456268632037463 -0.09259072782896079 0.012324112426444964 -0.09411228772029234 -0.008746130535942101
0 24 0.09834493212668098 -0.03873491690110374 -0.04823481656971696 0.08960114005271376 0.03344518032661614 -0.06671425425698418 0.0914801607727272 0.024408985975250007 -0.016160811580664933 -0.06945163432796772
0 25 0.016903527238921204 -0.002721575486215844 0.008205103146364185 -0.07256774805613896 -0.046137762524265324 -0.04526520130030251 -0.03698562407301253 0.0061332420904003804 -0.08556683561107876 -0.0817362818101541
0 26 0.06942705617106393 -0.05201519786659664 -0.0016270753775106696 0.04017832370742656 -0.08002816035171609 0.058445258289310506 0.013337776791679674 0.009686943510058853 -0.03340378451168554 0.037454776132838846
0 27 0.06475672819632818 0.07700601928700782 0.05340103589136852 -0.009333969371206096 -0.09726685303161667 -0.0063084973124959386 0.058371335162889844 0.0846339133249217 0.028852351423071097 -0.04912578051260917
0 28 -0.022593128653755283 0.09907391386679712 -0.04418572012783104 0.025424863956207397 0.06637321656987662 -0.02908583004722193 -0.013416559293620726 0.012823063846298976 -0.08701533912094467 0.019280029126699152
0 29 -0.086734588725008 -0.017383819153705782 0.016497308534341195 -0.04768422387243634 -0.0573507805320987 0.0765663160960388 -0.03358933697186026 0.03893803426358317 0.04522054283559198 0.06223610936233582
0 30 0.06257064102046145 -0.011651564985650963 0.031200983196527175 0.010478879611208339 -0.06328737208530084 0.011956624716239065 0.062386802502873887 -0.0034290091502400416 -0.05401463561143325 0.042040428783848637
0 31 -0.05735101206829135 0.06809654788456801 0.011727902475038167 0.03987551437064386 -0.0629067445733918 -0.03726702706508812 -0.06250681711834574 -0.004356829337514336 0.05301242961907744 0.038434576589402525
0 32 -0.009202292009924055 0.08860892325626495 0.014601463487264429 0.03807830225747665 -0.0430096252551406 -0.0034641980541685845 -0.03527438188197932 0.07063989445568791 0.05094228734479298 -0.08309344268576135
0 33 -0.09343318165244133 -0.02430525356514178 0.0622598987480185 0.06510000277001966 0.05265904955043247 0.03894188360832866 0.07335043115924524 -0.028582104017731744 0.07904758735325915 0.09545899138373735
0 34 0.05288558484919722 0.015441459021962768 -0.03272422801751547 -0.0404439076655379 0.05684738001860611 0.03247620013556671 0.03297217975270038 0.09512257183513695 -0.07644922745491589 -0.09492431674111865
0 35 -0.06009194937294609 -0.04333014913628424 -0.0011143646684476853 0.025531909027916508 0.03637251251995864 0.07997853002664423 -0.00347862428373985 -0.06771253323779149 0.02431642994068766 0.02805763716641066
0 36 -0.043261778855750666 0.006137522389400549 0.08928490752698073 1.6230112092375333E-4 0.04382617790149056 0.013198488739311474 0.002316899161788897 -0.08917398643036413 -0.014973706337830827 -0.05676636453139493
0 37 0.09826274508168001 -0.02059503705908133 0.08551768655329181 -0.010555258597911048 -0.06429445333166572 0.09017517176197197 -0.05878161269347342 0.00609145696309402 -0.004585978228213836 -0.03885539119737868
0 38 0.025323038007086702 0.053352206857930844 0.018252443822475036 -0.0893601548472481 0.04982752603964563 -0.035851192509082835 -0.02965337704282995 0.07939403595713768 0.09903540482262413 0.05462940434870412
0 39 0.03200721740722656 -0.0785929411649704 0.09331875294446945 -0.05621886998414993 0.03982468321919441 0.06915558874607086 0.04502211883664131 -0.0295819453895092 0.0974147766828537 -0.0033284961245954037
0 40 0.09351420916577771 -0.0983940537608853 0.057467249608718206 0.024833563314292498 -0.058983271434480546 0.06671683200165007 0.026279924681744563 0.055900051633350066 -0.015049562729427824 -0.09843555273298044
0 41 -0.01867338672859545 0.011016468045235433 0.05843632154308485 -0.08835683083982154 -0.0870579205022723 0.09695179150895103 0.04232127319786587 0.06348903663102368 0.052567274451012246 0.044402580442785486 -0.05461193993687582
1 0 0.07025382667780024
1 1 0.006725507788360087
1 2 -0.023246984928846304
1 3 -0.023949354887008445
1 4 0.09227164089679923
1 5 0.05994396284222566
1 6 0.0822533071041099
1 7 -0.07100512832403112
1 8 -0.01560928206890823
1 9 -0.019282931461930365
