## ListNet
## Epochs = 1500
## No. of features = 41
1 2 3 4 5 6 7 8 9 10 11 12 13 14 15 16 17 18 19 20 21 22 23 24 25 26 27 28 29 30 31 32 33 34 35 36 37 38 39 40 41
0
0 0 -0.03954686482679288
0 1 -0.046916251108216664
0 2 0.08122298178052559
0 3 -0.034423322750560516
0 4 0.02739482735666145
0 5 -0.08138413152233935
0 6 -0.012236429828142072
0 7 -0.07166631926960165
0 8 0.030685248921320414
0 9 -0.02930501778835271
0 10 -0.09683507078365212
0 11 -0.03710759015421707
0 12 0.051545682499386646
0 13 -0.0026677312582594824
0 14 0.08962502468990748
0 15 0.053851660789265815
0 16 0.04838857430073475
0 17 0.0784530574591944
0 18 0.0638478763225318
0 19 0.08875357761387907
0 20 -0.08538795388672492
0 21 0.06717984424305422
0 22 -2.699406928577167E-4
0 23 0.05834956969227351
0 24 -0.09130000126671042
0 25 -0.042213782289140606
0 26 -0.09931592431016878
0 27 0.05055792681033813
0 28 0.020651979034177367
0 29 0.09193473496267376
0 30 -0.02910402366331836
0 31 0.03769495048383165
0 32 0.008840200710128036
0 33 0.039179017060132666
0 34 -0.050509553032632895
0 35 -0.062235117901575106
0 36 -0.0702104972534102
0 37 -0.0061202847778930895
0 38 -0.05645927946191035
0 39 0.002469125580965084
0 40 -0.04771854118725167
0 41 0.02001781389117241
