## LambdaRank
## Epochs = 100
## No. of features = 41
## No. of hidden layers = 1
## Layer 1: 10 neurons
1 2 3 4 5 6 7 8 9 10 11 12 13 14 15 16 17 18 19 20 21 22 23 24 25 26 27 28 29 30 31 32 33 34 35 36 37 38 39 40 41
1
10
0 0 -0.0679745745482971 -0.005613891945495516 0.0473244645859952 0.03899721888972078 -0.05049828968198227 -0.06882198330419732 0.06512786860799603 -0.011278936468948588 0.027572855177906426 -0.007006771300771753
0 1 -0.02102266703838959 -0.03624716039125701 -0.023616300993777792 0.057144872928037466 -0.09350831671145443 -0.062361022941758125 0.003416661002122831 -0.015548378666220317 -0.0811054211594565 0.05367400505094068
0 2 0.056698011258830436 -0.03868317837340431 0.09870453819683886 -0.06828770977533388 -0.08861431570024535 -0.01098655898068722 0.08897711561528164 0.025605150893484162 -0.015563367747034028 0.037167598274949726
0 3 -0.007390298083886167 -0.02506942547488957 0.060004890243277334 0.011814726230074225 0.054689708436193564 -0.002363679604970101 -0.005337827748674551 -0.09403029377396953 0.06522251972009399 0.0719667114152424
0 4 -0.09469596532041591 -0.09396602985126783 -0.007170449049065605 -0.012779205647947977 -0.05321124055225894 -0.03627649508742725 0.01254067242905013 -0.09633568388336892 0.07277313687932144 -0.021772204831026414
0 5 0.037256514039242204 -0.04638209784641834 -0.021879752646054917 0.0517399134274651 0.044093873835511804 0.043881072622246844 0.03434064684383792 0.014197990541452104 -0.013767432563355693 -0.05894490000260962
0 6 -0.08552178893365926 -0.05834560089064085 -0.014423417901576304 -0.0018045702794724265 0.0884538078398771 0.09599007524656389 -0.0017414275170540925 -0.030988184575416657 0.026267527951719633 0.08045631106732178
0 7 -0.08077987597302987 0.04767377300840324 0.09367915026264283 -0.0066063718044438394 -0.03230653842322382 0.03646111209194243 0.03547069698146273 0.06572069900154318 0.09544320305521321 0.08144516009577943
0 8 0.05669782421228869 0.06696714575513463 0.003475215882989373 -0.09939617474708404 -0.02713320259461053 0.006744984865015719 -0.08926676512223378 0.08366043023076718 -0.01889662914092592 0.02666372001476244
0 9 0.012095424162138955 -0.04464276991597468 -0.09675111584005386 0.05175310736157528 0.009563514328283285 -0.06651813164881272 -0.02715518807668854 0.041227864385207175 0.04484421927029105 -0.07304482508382473
0 10 0.0843288490725898 -0.01651500079601308 0.0020213020701606937 0.011340580202343999 0.00954657164663852 -0.05308651155563603 0.07998352267500157 0.015141057924904434 -0.023604302545730232 0.034389022713964525
0 11 0.05117431598967637 -0.009027920710738024 9.619292371505083E-4 -0.07460365182013026 -0.07663943288414718 0.04495515149371142 -0.08795767509581315 0.003391221254237451 -0.019416456173216495 -0.047808178631479
0 12 -0.09099539115203872 0.09831043966820834 0.05384102218427099 -0.05679732898126894 0.06292926560743801 -0.020558890040598 0.04763724304824704 -0.013076796096903424 0.08773322055960685 -0.08062522655564318
0 13 0.08578081858538227 -0.038067539145341854 0.006333347640270067 0.011040524160272583 -0.008406817254049714 -0.09457985375384241 0.01881736285508494 0.07691366883630876 -0.06634626686521669 -0.09000130657018215
0 14 0.07849767767228971 -0.09064455863013914 0.02567430985381402 0.017546627139329075 0.017417197175670723 0.02210814321952608 0.01869710806773583 0.07843258053652137 -0.04976336632838086 0.02273943520020379
0 15 0.09932084487715984 0.03961346871414569 -0.06043755631238514 0.08377750266818598 -0.05180945129155098 -0.01992754310910199 -0.019319460061867303 -0.05460634385029289 -0.0014315299323671292 0.08206497336645568
0 16 0.0574788555929396 -0.03608965991783579 -0.09233021672783609 0.03149364522584303 -0.0037978174281533563 0.0463961910000098 -0.031247635357372853 0.08779136900049275 0.009557571957732727 -0.02769382983930801
0 17 -0.0423448109193773 -4.284488322075207E-4 0.07848502028994173 -0.027884265328234056 0.0446616154370019 0.02338222404088702 -0.0846084242949938 0.042038325078809426 0.04012565860983617 0.05449901529797224
0 18 -0.07864251731530483 0.04443175803172537 -0.09741537418708325 -0.06753027132134212 -0.07900601321797084 -0.0759060953574001 0.02683201069904914 0.0361432963689619 0.09614928476019476 0.07859267616500115
0 19 0.06657718628664332 0.05484903224157342 -0.06234272201879932 0.08262319072572794 0.044959935095081435 0.012529356717938608 0.026749465499188337 0.059650787893988255 0.03861077934367747 0.06463198314848412
0 20 0.024702579250057744 -0.055181850798485796 -0.020625661574519408 0.0749663258179056 -0.05434974208327478 -0.09524240048576739 -0.08123125185328857 0.07690156304672344 -0.07314491072060875 0.04843108562468497
0 21 -0.008285219616053864 -0.00883254724424782 -0.07780513537698232 -0.0882103467373011 -0.03496996385610817 -0.03276347937964362 0.04831492156930527 0.0620372599951119 -0.09666684361256458 -0.03899179572894951
0 22 -0.014843441647605817 0.02513318361270216 0.09170227369318529 -0.07092071499550902 0.05547701883243199 -0.03603009354665839 -0.006227934128050347 -0.07987214943189948 -0.041595116907937754 -0.04578069104697236
0 23 0.04789112327031839 0.031535674469584885 -0.03178008758876089 0.030244084643953253 -0.027808904794474107 0.04618532146935527 -0.04922417930352934 0.03314452210060098 -0.04853969382463784 -0.043450170307484784
0 24 0.09627655266118719 0.0880562472303169 -0.08067094055249209 0.004704050756015941 -0.028149245112255278 -0.08160250641167954 0.05947876681632308 -0.04081290327594277 0.05052625240334195 0.007333745942486964
0 25 0.09090596652184722 0.07047294128844805 -0.01130172832779769 0.032531922712248945 -0.03378887817476343 -0.0729544334475675 -0.02896747215947879 -0.06791967615337842 -0.01795899578367094 0.07929886908378643
0 26 -0.03545109648226904 0.08720017476063048 -0.0617540336025886 0.0025954546200392895 0.01722440132866768 -0.08908921080974863 -0.0813654982110333 0.09137296541473687 -0.003207945432605027 -0.03412427700506175
0 27 0.01759513423892255 -0.009057413760257777 0.08532727920607354 -0.01656150170373277 0.0632785649672131 0.00446114211646815 -0.054938912247772496 -0.050999139658992866 0.04409129424134679 0.03930332960281556
0 28 -0.005796227613397448 0.06193516718404311 0.09028423664242538 -0.08408525031408276 0.08257061935508547 0.06869493601190124 -0.03862119439068285 0.07347155197137412 -0.05331651560657489 -0.04359377139408715
0 29 -0.021228851016483828 0.038895227964380885 0.04439245603729923 0.00853793519417291 0.0297367769721388 -0.09943849246499428 0.0052521013237205325 0.003911804452528813 -0.09165065332802881 0.09754930571052726
0 30 0.06352853929172385 0.028230281511250285 -0.05959746450697101 -0.011922947936481736 -0.0900771876302502 1.1580721879234035E-4 -0.09361157036076385 0.0663186997864149 -0.01856130585530967 0.03883394651560693
0 31 -0.01125458668833431 0.07993733360716565 -0.05370300121192045 0.09362407406615315 -0.0916615036600156 0.07308287465082956 -0.0595357460398864 0.07876610487941384 0.04512715003040134 0.04966913522192156
0 32 0.03941161903947419 -0.08626521969580693 -0.0023239616031477486 0.027400919707344738 0.0072294820155297005 -0.055779610721403215 0.03451525533870878 -0.0756744783298271 -0.0024194637307963255 -0.0775290433956415
0 33 -0.08909915436052207 -0.05198385564305236 -0.019186609754104536 -0.093810381138039 0.01419136863482758 -0.09764447833431035 0.004643628957471371 0.04108736457992256 -0.04955524595602711 -0.06569062610417478
0 34 0.03083528674676367 -0.045726358906791185 0.08178163383082612 0.005684021060032841 -0.06004104076217245 0.045303210885953266 0.09709355649362633 -0.022707282920224055 0.004333466533107793 -0.05825988450182393
0 35 0.016327668799953857 0.061233789105806374 0.026809033389713386 -0.06566634749842697 -0.06372707572354543 -0.03853107496357405 -0.043968513683960146 -6.595112856200299E-4 -0.0034479204740573074 0.06665727504930824
0 36 0.06680148633465988 0.0636334202931378 -0.07610472403092874 -0.05740114327699614 0.061051045684343386 -0.09323692459324905 -0.08157412206469462 -8.211531852891439E-4 -0.017445426015473615 -0.029832331981442972
0 37 -0.08212804772982771 0.0419256601846264 0.09599991531506719 -0.09700457943223546 0.04869176894417889 -0.0630338912365886 0.048564333327356296 0.01750973273205193 -0.028658666179755505 -0.08834571442574368
0 38 0.03259344356098749 0.05137401153043045 -0.09419481905287128 -0.0939775828097565 0.09685397168492244 0.011712155601758919 0.019670844419150558 -1.822710431377465E-4 0.05963542836306078 -0.07016226927563828
0 39 -0.04494809877494033 -0.06431461778726695 -0.0018714789297758516 -0.011294954987259012 0.004424427145375608 -0.07270795886013659 0.0662039727564839 -0.03327495122187158 0.04043715113953801 -0.05050231947813818
0 40 0.08717481185882944 -0.020606427931046726 -0.073973493542203 0.06995153886037518 0.07696885197427303 0.03477783547523843 -0.07617485050904245 -0.039252705000092404 0.057742420807594376 -0.0759604004601605
0 41 -0.07261963589410138 9.110521388769564E-4 -0.009879210130521893 -0.016645462140116796 0.07655942998993666 -0.03601985415372408 -0.07658857316748689 0.07748595479589722 -0.008663067789404622 0.05109079264790591 -0.0906674489378932
1 0 0.06792202591895963
1 1 0.09828449785709314
1 2 0.060832500457763256
1 3 0.07406429946422569
1 4 0.07985943555832035
1 5 -0.028240794315934164
1 6 -0.010472727008164127
1 7 -0.0535072907805442
1 8 0.01714045368134961
1 9 -0.008316308259963854
