## RankNet
## Epochs = 100
## No. of features = 41
## No. of hidden layers = 1
## Layer 1: 10 neurons
1 2 3 4 5 6 7 8 9 10 11 12 13 14 15 16 17 18 19 20 21 22 23 24 25 26 27 28 29 30 31 32 33 34 35 36 37 38 39 40 41
1
10
0 0 0.15514983937984142 -0.017381861668158183 -0.12641511405779765 -0.09939499097959785 0.0724031601480463 -0.12167208861717407 -0.2181489993397726 -0.06470381472495747 -0.06642427719387628 -0.19955492050347992
0 1 0.171138976983686 0.06315838388618278 -0.1666663098747442 -0.1317102476717814 0.07162111560994926 -0.18835198065016096 -0.08290530702917369 -0.06455094117322455 0.03527711873279155 -0.10904846585030974
0 2 0.5859158647049493 -0.07202735470778836 -0.34220625056841775 -0.8239727238327346 0.19707347707087614 -0.8399371349690933 -0.7424716785741043 -0.3560105780782082 -0.09891215163288765 -0.512263850146342
0 3 0.21784065084804696 -0.029067041919501005 -0.04414694569364779 -0.35006001925612307 0.14371484911391302 -0.1991661987266446 -0.29283587096346514 -0.16554987980317373 0.07689693031855141 -0.22177127661001875
0 4 -0.03377753412980163 0.0786035416344487 0.02935309065006731 0.0865088449421152 -0.009411132045652151 0.054007587817499834 0.20150083080973943 0.05025675053514072 -0.03173505802826506 -0.0022649384559135723
0 5 0.30815276586209867 0.0028596180418377585 -0.109044642507967 -0.18460200635109686 0.06943941539234097 -0.3147091061067325 -0.33377767639382755 -0.0853989975272267 0.0333515731884507 -0.12068311509568756
0 6 0.11074963739513397 -0.05055066791663396 -0.018085734839592048 -0.09021457806943295 0.09957320430472343 -0.2093434831791727 -0.1341532757259761 -0.18914099948347876 0.0031204053160818618 -0.08430411229250967
0 7 -0.13073131569590427 -0.0038147242308596693 0.02860894030783383 0.10218966393791341 -0.010158790080281987 -0.02048587028778556 0.07077157739883967 -0.08375635040655488 0.08739687794642491 0.0017247392115857239
0 8 0.08599035580098595 0.021347268255038063 -0.10690236160762583 -0.18843982136844453 -0.04397507253319283 -0.023089830295507437 -0.04125591943391955 -0.018121356085531587 -0.020736292468852134 0.012208196577264241
0 9 0.30399009510170766 -0.02042428235977087 -0.08412140800033449 -0.2722155784085122 0.1012980309692773 -0.39026685621980806 -0.29426207776066515 -0.17150816691569049 -0.05098802093298776 -0.16699280302067745
0 10 0.08841085720768417 -0.07819727588223015 -0.11392837358282394 -0.28382199287293397 0.14863476709224807 -0.25393425397157005 -0.13144779885539626 -0.18464120018064822 -0.04088703744542291 -0.17467573021454932
0 11 -0.10165192528604992 0.06315252968314773 0.06357895571294214 0.0702751481926579 -0.07074419506499996 0.17833257790432117 0.16487381026208014 0.012693520990958685 0.041005703719373295 0.01857542730817652
0 12 0.2812082297663029 -0.049215514611487425 -0.07736325866215572 -0.2524050039398546 -3.4054255565681943E-4 -0.31811193453994624 -0.20370484110838283 -0.22407837186483817 0.002715430614489846 -0.22749859893143834
0 13 0.22659765021921233 -0.07126685542041168 -0.08330431725571555 -0.29667124399691774 0.017480184719035112 -0.34602058514916645 -0.37672460731255347 -0.12402608715190178 0.0744897744862721 -0.17326732658022412
0 14 0.15694801568314012 0.06137291909641219 -0.13924465881135448 -0.24804172439704048 0.15040003700660962 -0.2017373145626149 -0.26664398158409397 -0.15338139786672592 0.06623916383792862 -0.06559508476390105
0 15 -0.10662604161354303 -0.017200371588512686 0.05809815035371751 0.005701164682280948 0.04887780322222494 0.10953210194893964 -0.03477104718337494 -0.053547370290654636 0.03744469479751153 -0.03224752066949156
0 16 0.045150139922347635 0.06910792554777143 -0.10603948074017387 -0.04993278904125391 0.10239393038119679 -0.16462120601359637 -0.07953321106059645 -0.0754944068823664 -0.0031297873065845292 -0.14024873823699938
0 17 0.11075007419370854 0.027452352302528432 -0.04319879725474508 -0.0056515540964447546 0.08028386624638889 -0.0906377877834462 -0.008303855710774107 -0.00361444323185891 -0.08133289178177337 0.015472221383898751
0 18 0.17620313845973243 -0.023005330507800743 -0.09576160710711494 -0.0867231813693623 0.05506720091557243 -0.23775977350628177 -0.20581245324936484 -0.15778291281254722 0.07821332642189534 -0.2248272912474329
0 19 0.10820392239642579 -0.08947971320639939 -0.08150681601393374 -0.09139122684617865 0.07595920769162931 -0.1516661171100461 -0.02639481194069009 -0.031015997643503726 -0.034553583399648785 -0.04515412115262894
0 20 0.15504886199814605 0.05283265629893017 -0.14051007982333197 -0.23734796618780774 -0.025045791513967814 -0.1489185222027337 -0.11698522902870932 -0.11230534909428681 0.06183045655180477 -0.09480107429951114
0 21 0.09503197716315918 0.0260965853672371 -0.11388798365599175 0.05491114808928706 0.005675962676288063 0.01766706480447855 -0.10252070623514269 -0.05037367238503874 0.0982351546183112 0.06457158115299685
0 22 0.1865265860493897 0.06946250194111611 -0.08580218133209955 -0.06619539319007665 0.008385796145230866 -0.144647990644053 -0.2252939901584513 0.01194759526599143 -0.02489691291098362 -0.18815187992550808
0 23 -0.01017657096196318 0.037289336410949385 0.02285602069242 0.057987110007992906 -0.025084130185395525 0.0816222746093745 0.012704387146905118 0.018107540480836605 -0.04897166022448043 0.07975705443182252
0 24 -0.0329609512402187 0.09008125582436383 -0.09310673552813901 -0.1194689223124485 0.024137496310558264 0.0026254566506748065 -0.08992490179374962 -0.07357661820583801 0.02283986343270442 0.049320265360932716
0 25 -0.09069156888613697 -0.05884525272322064 0.12856520507308816 0.11461265275487881 0.06009271359473615 0.06139072866336697 0.13632890150489124 0.11297895917610996 -0.009309639015454164 0.08798989764950076
0 26 -0.023995796305725584 -0.10439049554342772 -0.11949981461556888 -0.053390182104537845 -0.03210667982952279 -0.11438064500274259 0.0026370913831403873 -0.048933837726278316 -0.044203452660066554 -0.003984968045610015
0 27 0.13735017180408848 0.059243555070816516 -0.0540624014433211 0.00610015170417129 -0.02223994043894862 -0.092559824291252 -0.11309472104990613 0.004700984832752388 -0.043344910117514235 -0.15353167077044097
0 28 -0.02830865178840617 -0.09213392808473816 0.07064896730760929 0.11152504955992246 0.027279880206324703 -0.037078547967466895 0.11628748360385459 -0.008592604173757398 -0.09369543708273945 0.06614348029716788
0 29 0.12222679932113517 -0.032494617135449516 -0.08698722804669848 -0.033634972056163254 0.1041838257151734 -0.10805582006128925 0.028207495098505227 -0.07832601294129549 0.03795600118283379 -0.06596666626056634
0 30 -0.06667398417134934 0.07946694018682941 0.015273533344639158 -0.0459912599596687 -0.08562958012755927 -0.10284971789596765 -0.09727803978171712 0.04858597334002486 -0.07899228823884538 0.056613778617786374
0 31 0.050185442585499916 -0.009145913622198097 -0.0386315863651364 -0.09152158217371306 0.04008029809264655 -0.02190876450851294 -0.040340432565002686 -0.10005016932053971 0.07881981439069954 -0.047686549002749046
0 32 -0.015568970768388379 0.05377653573391105 -0.009637958508597402 -0.10506349708405383 0.030456562448471877 0.009938003849114016 0.010731830097505427 0.027928012244735616 -0.08567245656123332 -0.08215946013390427
0 33 -0.016697775673106072 -0.023558375665214785 -0.09167847481171919 -0.05204397779112297 0.05721566438995809 0.029607337339449997 -0.07942335756936564 -0.02934238514605638 -0.0727147050343614 -0.062300555880762824
0 34 0.03271984612653563 0.05002852994179573 -0.019250352043220495 -0.07696332842686275 -0.04397749973308967 0.09422559229706853 -0.06706941847424606 -0.049031739727911895 -0.034773577686015134 -0.06242918486781088
0 35 0.02514292397166406 -0.08662980820268687 0.10680809276907251 0.0728876986990415 -0.09636224513591138 0.07106026979686593 0.06478856710914557 0.048378852323720356 -0.015182560381408397 0.10249155945916062
0 36 0.046860353614800454 0.0685869223880662 0.01874494262842908 0.015093114926970665 0.029595830287933406 -0.03721572020569569 -0.1529286136330691 0.04214951129528046 -0.0783225862067042 -0.04990098564783279
0 37 -0.043231297726009664 0.07407173524458478 0.016678580500429124 0.0156295737988761 0.07175334802508909 -0.026156051298759624 0.012917168111386634 -0.01092677189306769 -0.07149322386579743 0.05693394223747779
0 38 0.02659689413747604 -0.07276427638464515 0.07938866759573385 -0.10607193743230157 -0.0017071383941280281 0.013167377963803894 -0.037970737068126384 -0.10423775670701993 0.04489878231612966 0.05837586107119707
0 39 0.08524762165435631 0.07943631828871789 -0.03674477804509462 0.015266690920667158 0.0701732696771218 -0.026169053285896703 -0.020082977820554702 -0.005069941726104536 0.014549062711486888 0.028604710266901694
0 40 0.025800900491017725 -0.08876946818579055 0.058339734491054916 0.012664499313245682 0.07790558011106376 0.06379559874216498 -0.1206572986985424 -0.005586292964984399 0.057273899821550414 0.029302515566230387
0 41 -0.08692043472959288 -0.03027859901364185 -0.02172400139186456 0.03683396675961796 0.027596569769851528 -0.07498760917129377 0.07646396937854671 -0.06241305486610118 0.011379862779290269 -0.03203464036939201 -0.11853308240108155
1 0 0.9494340687054477
1 1 -0.11054784355444704
1 2 -0.5676555125435037
1 3 -1.152665834482231
1 4 0.31807451806627784
1 5 -1.22286574567656
1 6 -1.1324664524745394
1 7 -0.6224793346440197
1 8 -0.05353439466262026
1 9 -0.7903759235989728
