## LambdaRank
## Epochs = 100
## No. of features = 41
## No. of hidden layers = 1
## Layer 1: 10 neurons
1 2 3 4 5 6 7 8 9 10 11 12 13 14 15 16 17 18 19 20 21 22 23 24 25 26 27 28 29 30 31 32 33 34 35 36 37 38 39 40 41
1
10
0 0 0.09659872368793163 -0.056620613670233744 -0.04856563177688313 -0.03331876891495586 0.05194465079240081 -0.085721642477408 0.01402287798782915 -0.0437118991643079 -6.816289437599809E-4 -0.030985908588588712
0 1 0.02741931737764801 0.05061895728242972 0.009204937257172446 0.02135679799508365 -0.03875451002931795 -0.07403762277664844 -0.04451737223050219 -0.0916360593543615 0.057119942197280324 0.03123718365042622
0 2 -0.0018971925953934759 -0.06169423381790812 -0.07102040376569456 -0.07961540377164374 0.09215013600413847 0.07870195713235047 -0.054043395255436465 -0.07766648908990087 -0.017558791201992864 -0.0993644096888597
0 3 0.0020320580127703753 0.014390328023306897 0.003654478381293695 0.04615172889445082 0.055163885462580504 -0.09705734359187287 -0.05575698479287352 -0.018597245955174636 -0.08186371882819563 0.06759511063979935
0 4 0.07841701907352963 0.0789369829368499 -0.039896623789946975 0.03827671975161077 -0.029722249272007974 -0.0597001102153818 0.08457299384188227 -0.09916078270075412 0.08236751952022943 0.06059452301511763
0 5 0.06403942475760743 -0.05181542515405035 -0.027950749726651836 -0.011263070495574254 0.027064404455665922 0.06594731904169929 0.09310620855944333 -0.07748623514255866 0.0702882584490709 -0.03989676374180182
0 6 0.03176144224745182 -0.07924241760318004 0.06857237026752523 0.06877867271623228 0.020187532176506914 -0.07094953924751868 -0.06469161884637856 -0.0893622166103795 0.009662470260711542 0.006342283080799044
0 7 0.04277146392252761 0.07568823702316835 -0.08470447305011883 0.07376420483657152 -0.07358963908251576 0.005083760153262841 -0.033948380367490115 0.04087293041520242 0.09937347691164908 -0.0010980809574781532
0 8 0.06574272912954465 -0.0923199049579761 0.020472692841217704 -0.08629917979852275 -0.0902884591818804 -0.07879440579174564 0.05735488965528023 0.04626000400725483 -0.04707015716819818 0.02076566819327894
0 9 -0.0871636816176606 -0.013583321168334243 -0.07626585226161887 0.02766085717536775 -0.09646805214799482 -0.03077974061687014 -0.022456794521645587 0.09821609378391485 0.048813368522390606 -0.03890466357026639
0 10 -0.00906220131228707 -0.0665704338558725 0.03934932663849711 -0.07072390123691862 0.04259046817005399 -0.045966176028433454 0.09719382941020634 0.09649018268487371 0.08865219824839851 -5.641698515782761E-4
0 11 -8.287821665974557E-4 -0.0828603891363138 -0.011805837817602922 -0.045334183974206896 0.09165501695515957 -0.07694964921974262 0.08659338367657976 0.033661334785766016 -0.006671183357520518 0.020511475193687154
0 12 -0.06803587524214758 0.0429056316342934 0.002310595375095581 0.0323224236248565 -0.05649681067302034 -0.009168034192485554 -0.008547815688247909 -0.07095709006571596 -0.003972314148954001 0.09438730971067064
0 13 -0.03477126325233165 0.0045701433113605645 0.08673339059218159 -0.09110297578577256 0.047219037800860425 0.06941252809114319 0.012740516672807288 -0.08335596357463777 -0.051093259429316765 0.09508430657796169
0 14 0.041143649788258976 0.08566928627971614 0.040861468006622326 -0.009823686452169834 -0.06626831183416257 -0.07634972814918917 -0.025955779370953284 0.017939993491408446 -0.05834043688718554 -0.026399361787595194
0 15 -6.944503210850859E-4 0.05725613799609752 0.05956028732209691 3.6957112865325587E-4 -0.00328378470951404 -0.004211611406436252 -0.0054968312475800205 -0.07207437831144704 -4.3174468774661765E-4 0.09239474763708977
0 16 0.07906171445167456 -0.05453473226293206 0.04185004158541629 0.05012440972476692 -0.007130081473197106 0.09099554573620633 -0.05197455004204752 -0.04280420637954295 -0.07834251386251012 0.0918043369118652
0 17 0.06503930301302425 -0.026584229551335062 -0.09470188039753237 0.030583624010009233 -0.0640027012892318 0.08128839455043237 -0.06928161563240279 -0.03234740581487428 0.05385998558428921 0.09262089040879225
0 18 -0.047694341175932166 -0.09607559283914717 0.08552974658521452 -0.0963335055735756 -0.061961773917393416 -0.09480173743015638 -0.047760559384950364 0.08035878912754107 -0.0219071451552962 -0.0871887688827232
0 19 0.06136544091905271 -0.06474659516915532 0.011508745742429497 0.05674245573602489 0.042705749209127716 -0.04404840937853727 -0.08554567371336876 -0.06649905243490277 -0.05138438724049583 -0.08151621298567237
0 20 -0.05497811081412679 -0.08076735564035288 -9.286774996797833E-4 -0.09083609689316977 0.009072809654096717 0.058479068268296505 0.09065626939310725 -0.027048680395394188 0.04664787252234975 0.06738283635059694
0 21 0.011873362420601635 0.035703699227002075 0.07919709948285547 -0.0029156394082607627 0.09228933820440789 -0.0767850356564631 -0.024786441567944777 0.021181878159536205 -0.06870344040632687 0.04829349493143812
0 22 0.03294131920746648 -0.011613378375981387 0.019992361959135087 0.08334276083396655 0.06816050711583958 0.04151127431199073 -0.04989973003169677 0.08410803720469817 -0.03241344999140513 0.00215118516349587
0 23 -0.08229610113765626 -0.08618261394954686 0.025464422319357777 -0.07403664025362136 -0.020353304576961846 -0.0177113706213963 0.025964913656695416 -0.007559065585910917 0.025411005733249795 0.02898145496650258
0 24 -0.025907127346916827 0.08450609291703189 -0.0914534840621629 0.0204701815171349 -0.06646925793233631 0.0857536214117137 -0.026613501046141283 0.08965031648957497 -0.004103575104045641 -0.04101373003175211
0 25 0.004530954274876763 -0.05048146747170847 0.08241765563545927 0.07748438357868533 0.01517162069771429 0.0532587325888251 0.09753597747995602 0.016154241218581323 0.02727860204965101 0.04713452878711615
0 26 0.02251422906194444 -0.08674886754365264 -0.07278423848200577 -0.0827352907213158 -0.09974501282059227 -0.04534941285254288 -0.0773537309438933 -0.048084275160764176 0.01952155854649877 -0.08235866398907445
0 27 -0.09035297310512345 0.06762864780097123 0.07746676290873862 0.0026438657448818177 -0.012926870682686097 -0.0709754293557176 -0.04400281110912708 -0.04460462239229974 -0.08323938868473747 0.055815996729048065
0 28 -0.08491937865508527 0.08041768659471615 0.0543141392445198 0.02771259824324848 0.043693938911949816 -0.005774997460729979 -0.09178361297168118 -0.09839198162530785 0.03344886489498425 -0.08420076467556636
0 29 0.026383239774216912 0.0637223022678453 -0.08922181751517164 -0.058389659392152765 -0.019134798122185756 -0.06272589376645596 0.09972509111873815 -0.07900655660378672 0.036048921576977894 0.03981341562865572
0 30 0.07182960672603583 -0.02996982684569204 -0.08333451169915292 -0.0937851601307207 0.08069764612321982 0.04850562631772228 -0.0244239690663118 0.09926186710751685 -0.02386846965069367 -0.048154715167003544
0 31 -0.08554641867535993 0.02884508887131679 0.028515513737698412 -0.05330352947263525 -0.05791226674722754 0.087623155553128 -0.05769606927482094 0.045036064749823655 0.021495940410315887 -0.09557268293429405
0 32 -0.023611027887493696 -0.09975930172790846 -0.047905801686087976 0.017904999682422578 -0.043739097678857114 0.0744849227463246 0.08795624067140673 0.04867072571304757 -0.06914948068747553 -0.055562028424504584
0 33 0.013360195008126054 0.09865769435188827 -0.0733921316129953 -0.04134478080955605 0.061310636822057285 -0.025070672924564972 -0.01505787321806151 0.07347243867130233 0.02579877751602809 0.06756280302867708
0 34 0.07746356741270537 -0.06628977548206685 -0.050110172051046425 -0.02280170426628673 0.044819614262961986 -0.009508039773180597 0.0011941684367196457 -0.09810987066292383 0.0958825406842467 -0.03518120680360942
0 35 -0.048609211345695104 0.033614341251248674 0.08325315002647402 -0.04694805182000806 -0.028105335293290803 0.07191178507414596 -0.019342723959828355 0.006772016765509577 0.043178502983365834 -0.08439814681509257
0 36 0.008479521782920212 -0.062411756115051335 -0.046638741841503566 0.03426821262722809 -0.04860883013095843 0.0775454483889175 -0.04861245558578642 -0.06750075297432014 0.07619050676714599 0.0954932436207196
0 37 0.017579282735892397 0.0755205450258573 -0.042255426680823396 -0.027604682302980688 0.07626092185213391 -0.06510686689943807 -0.08976301430972469 -0.007925331489826208 -0.046197904195402074 -0.005791993515478799
0 38 -0.04824276641011238 -0.09625618159770966 -0.06082628294825554 0.09740930795669556 0.07373379915952682 -0.044269971549510956 -0.050220735371112823 0.015833456069231033 -0.04061301797628403 -0.06134814769029617
0 39 -0.09813689415370998 -0.05035301523989031 -0.034686540757607284 0.029530268487379396 -0.08636307662792843 0.04110818509713627 0.006333034381913631 0.021063011683713086 -0.07027392959759554 0.06213884093127147
0 40 0.017094688229662203 -0.06596496565171338 0.07480075801690929 -0.07233177834560975 -0.05348880164724727 -0.0019608341419106675 -0.060565630338322865 0.0742904905615492 0.08765540983915514 0.01471882695035941
0 41 0.017689249571019677 0.023689995332612533 0.09260604706608049 -0.00393942342332885 0.06625909959936396 0.08996963547533798 0.01383897083331915 -0.004455366604099739 -0.015236371771762354 0.0519865865984021 0.010305851697921746
1 0 0.08624704182148023
1 1 0.07951150089502308
1 2 -0.03628479316830613
1 3 0.04220241308212335
1 4 0.08506967127323284
1 5 -0.07700918614864398
1 6 0.006154811475425919
1 7 0.07401249557733507
1 8 -0.08091204613447141
1 9 0.04234961792826652
