## RankNet
## Epochs = 100
## No. of features = 41
## No. of hidden layers = 1
## Layer 1: 10 neurons
1 2 3 4 5 6 7 8 9 10 11 12 13 14 15 16 17 18 19 20 21 22 23 24 25 26 27 28 29 30 31 32 33 34 35 36 37 38 39 40 41
1
10
0 0 -0.16498774109251346 0.05211439029765327 -0.11467188774437125 -0.019744816152695844 -0.20766772193571353 0.16565826751342203 -0.2896853067681966 -0.014515989564308648 -0.014591914700040596 0.14943996063173634
0 1 -0.27795607034350467 0.028644699096498794 -0.18913937488365293 -0.016929797826157344 -0.18302087194333636 0.15424583922366128 -0.28732267346600343 -0.009287508980452932 -0.00973431127421574 0.24568615512837605
0 2 -0.8314526787065533 0.18861486206527767 -0.4624426637740963 -0.433398487636901 -0.6566472019107109 0.4845171748560211 -1.1049506266265325 0.4418299507210148 -0.31044430000800954 0.8366815370272604
0 3 -0.24468159465383985 0.048492420036806407 -0.12290866013832864 -0.11593158908809525 -0.3028425519918312 0.055297003898409025 -0.4056156105813131 0.12924968385869726 -0.031596914094737125 0.2040798434364932
0 4 0.1503477607161428 -0.12923604005101938 0.12136132821138503 0.06089211694137724 0.021377609250891952 -0.08879483674290647 0.22693840100265067 -0.02029521472373146 0.12092886818191283 -0.08558393179268223
0 5 -0.40129123270791933 0.03829602232283512 -0.09487901472254082 -0.19862169259417167 -0.31912523960131317 0.23212862619914892 -0.39388832991993733 0.14795616782560292 -0.07418868040208079 0.36194805010677683
0 6 -0.16440505231115243 0.03691730449039491 -0.07585907173381709 -0.1480714421560203 -0.2073289671580504 0.10505437897237059 -0.2849006887875304 0.07967765536897392 -0.015863160571212967 0.2337483962328165
0 7 0.14286984445255063 -0.08773071919240126 0.09697495110458916 0.050647509509261425 0.11100428566238792 0.0557882435081663 0.14666574317986225 -0.11679288621600717 -0.05927012919756093 -0.05808443680605941
0 8 3.6913789456437067E-4 -0.07517343268661611 0.009324297552578154 0.0633255594098609 0.004120958284918359 -0.004453589902131679 -0.07909160976881748 0.003894437058826018 0.05443594835209113 -4.040021335942108E-4
0 9 -0.2396711197342261 0.12480659096360139 -0.14874130548298273 -0.17344356457134655 -0.1827086527294536 0.2224314059944777 -0.45678850022629863 0.04357036074841482 -0.09223565149188388 0.20690942020164874
0 10 -0.35449795951712576 0.0425110071054403 -0.17759484587388671 -0.09031975385176556 -0.2488670666774678 0.061199260686154465 -0.25495637811088734 0.19286437149884603 0.023513774595015018 0.24284382564616389
0 11 0.14752322560383727 -0.09015774015829284 0.012499205809311525 -0.013014118163425615 0.07763310509537173 -0.1623618105964245 0.09248627784432466 -0.10603037143403846 -0.014056547887684404 -0.07794676654881516
0 12 -0.30004025767143955 0.18123334522390694 -0.027716450375082666 -0.2067119967875901 -0.14162273285015153 0.07125391096296224 -0.2838926478554495 0.047317711298408546 -0.10220785557308226 0.1693346771920829
0 13 -0.3874987227244934 0.20747903404079118 -0.20559066868316697 -0.20887435105395455 -0.21247385279301145 0.11175506517146974 -0.5188364748210821 0.18710079217916314 -0.006613758000061859 0.3086814006392425
0 14 -0.17014667648670978 0.015656635039538777 -0.058329838663078594 -0.08904291948949201 -0.24980269486260948 0.19058630641066973 -0.24176294226280376 0.12086554280308946 0.03823668789774252 0.15317020284286934
0 15 0.04299501352809824 0.04274829655433232 0.10394608515136734 -0.06322950958894182 0.11116324029579777 0.022451564513176602 -0.028093145203964054 -0.08754022718907525 0.050774884640025324 -0.10708648074986396
0 16 -0.18772744462865723 0.0322687459434477 0.042057806621391164 -0.13904400535020603 -0.12782946265447123 0.02477534847507892 -0.054301242744401755 0.08979601344521172 -0.00532254731525499 0.11849079536824465
0 17 -0.08171630242512018 0.010332851103831904 -0.05202067100591864 -0.10159383868520626 -0.006348788497929392 0.0654295729486022 -0.14838908147230961 -0.06336919593485252 -0.042940418901681994 0.09123671342771898
0 18 -0.2783006265082723 0.053816119998702214 -0.04642304432423773 -0.006811378779880167 -0.14643716720014507 0.05802140718531395 -0.21052796423625958 0.05095187886431651 -0.07588841272548305 0.13033206556769933
0 19 -0.10984528252831645 0.10054607421950644 -0.013172108396903671 -0.12830948868800646 -0.13718356752144342 0.1269179460166643 -0.14626929916442633 0.15346551480040904 -0.12869008096215853 0.13201439521603894
0 20 -0.209472456532296 0.007609494344117036 -0.16165380433416998 -0.03184332578657172 -0.1253650548353668 0.11807885009320672 -0.15163767656776342 -0.0034743199831423262 0.028530585214623726 0.21834188311175473
0 21 -0.10392577331699154 0.048307839163026216 -0.11565163646776683 -0.04751916886319971 -0.0460348650266031 0.0036577467650184647 -0.05502704203092312 -0.07557658278808557 -0.08407985519835483 0.019361312736839453
0 22 -0.2535493182812709 0.01841071642191324 -0.13042175803795594 -0.10128482121484297 -0.1159681821162494 0.13620016762685738 -0.1458935085591947 0.04589165919929867 -0.08716133205930886 0.07717229463896345
0 23 -0.0876097803431116 0.012269788808060438 -0.031403320355924955 -0.06067415753027399 0.02970557625319989 0.037909861703921424 -0.07307404233754587 -0.014300497363721307 0.05911385916387863 0.01568190899576016
0 24 -0.023779494400826082 -0.020913783060379422 -0.11898460922943106 -0.11460800898967381 0.010809119927527418 -0.041322524061759826 -0.04278620613717757 0.0237495568475252 -0.10597511606386548 0.10405853090589215
0 25 0.10056389309894898 0.016478230560019427 0.05077354942338701 0.015268424131438306 0.11971407951090854 -0.08112547939096344 0.09681327484146787 -0.12094863220477572 0.09664274829032794 -0.13889600060158547
0 26 -0.06028733220914942 0.05325267168991599 0.024561020644642263 -0.04642264324669414 -0.06426436462851255 0.0578721488507804 -0.10250957071480479 0.005443452777276734 -0.03565673194877095 0.09413872872964839
0 27 -0.09113809283753405 0.12423790967446939 -0.0806952665985307 -0.0496876106292569 -0.12522784033758777 0.12803435749276096 -0.1821163825185293 0.0758755923934348 -0.04871830439189801 -0.007014261846700382
0 28 -0.06611621341705637 -0.05457637009902037 0.1032358114510532 -0.03013335278352848 0.09187368232843199 0.006334482769953294 -0.07105846799911322 0.09072630891099595 -0.06908307823200685 -0.10554163664834051
0 29 0.058477405478640804 -0.0429917936342933 -0.028423955129858434 0.004603959299967822 -0.07429012900515605 0.11226998911213938 -0.14291371058285535 0.04764017031123697 -0.10570825775341033 -0.05462360628749928
0 30 -0.029873918241027468 0.04740266476827769 0.053962012074965704 -0.032592038777111594 -0.05001342510605304 -0.020679629958884237 -0.13866346276128763 -0.02429455183637541 -0.07045106405599645 0.11979339724474021
0 31 -0.18350319288630124 -0.032927821461082904 -0.03953112615254792 0.044884875608038895 -0.15634615129623447 -0.018992132361614403 -0.08819917622519652 0.06679233831248074 -0.057927193877625516 0.16061513652825044
0 32 -0.10947474048237255 0.07718681026283651 -0.08654548238715869 -0.01996439722454942 -0.12427877382929024 0.11068670230420136 -0.13952552842184843 0.0776356481624263 -0.0690905133299839 -0.02562802608813528
0 33 -0.05060830857326854 -0.03908519593324183 -0.1017800910843637 0.022051531563797144 -0.10651501160717446 0.08355997507223548 0.012586098914591547 0.06927020241697762 -0.09921897852359898 0.06389063998781613
0 34 -0.014898926843530539 0.028610841411781447 0.05409375178267606 -0.08830125835082668 0.08117949536156586 0.06696272822757901 0.08684523481480923 -0.05997654837121415 -0.02445854087715798 -6.430601573786639E-4
0 35 0.07062608603597512 -0.07587023015569952 0.05606143131890295 -0.006671530856410858 0.07825897206167191 0.04246060214860136 0.04254328693670979 -0.08658376111491566 -0.06563103874839055 0.044192566987444795
0 36 -0.050076595762588834 -0.024305714707182045 -0.014987238562782985 -0.07237395856220684 -0.03591805071759161 -0.055099209578512304 0.019242646802346112 -0.015279077452435343 -0.06552147480769333 -0.03667991404887428
0 37 0.06385588489636233 -0.07085681622455436 -0.005238176770261424 0.08470969367415801 -0.04971547304798252 0.0772222451935865 0.025543315362559358 0.08414801374192696 0.023601143735038417 -0.025311904657690492
0 38 -0.004519127473255983 0.04583108270122659 -0.03486996194051802 0.021394076112265462 0.022326010614597932 0.032214923924898727 0.02496526042583037 -0.0430353461728989 -0.062188825808700804 0.02949106216619257
0 39 -0.049367165683389995 -0.012473200124783144 0.07877080873725026 -0.07351905350224064 0.053991633001441365 -0.025995768258184386 0.10267839652348305 -0.03951452118119323 0.07831902447189777 -0.0025645874697044673
0 40 -0.05097367180076992 0.08363326983437364 0.07494386799678839 0.03456896414241522 -0.06991818697503228 0.034408817622465934 -0.01874047102118745 0.02397343316678965 0.06790965844098294 -0.11445738053454112
0 41 -0.06534053079429979 -0.07495173133381959 -0.06517496858218798 0.06750510568690413 -0.06137386193987047 0.05939390189245808 -0.058250070059411505 -0.02530187510555242 0.08946853557442107 -0.017543845267021865 -0.2775632002870779
1 0 -1.2797607304535745
1 1 0.31327239755569
1 2 -0.7036425767429626
1 3 -0.6751981639863252
1 4 -1.0555313934695054
1 5 0.6558725501638936
1 6 -1.554463529351552
1 7 0.5329460817157529
1 8 -0.42874565618567323
1 9 1.1359068073499328
