## RankNet
## Epochs = 100
## No. of features = 41
## No. of hidden layers = 1
## Layer 1: 10 neurons
1 2 3 4 5 6 7 8 9 10 11 12 13 14 15 16 17 18 19 20 21 22 23 24 25 26 27 28 29 30 31 32 33 34 35 36 37 38 39 40 41
1
10
0 0 0.003940788895484319 0.09685918184559583 0.20647421012887046 0.3091653925062858 -0.37252075972242 0.018610585829683182 -0.14446956157274102 -0.16747680645494134 -0.05856544299282298 -0.10283534946573065
0 1 -0.11837683965403752 0.08096628573713206 0.23578476290717468 0.32882435200319016 -0.4480467477570929 -0.04475007856068244 -0.10746484472549904 -0.10560705064517016 0.026860397643731913 -0.1860811683622744
0 2 -0.12598096021181743 0.7335245637214136 0.7580116344573046 1.0381780497157174 -1.4884696865740055 0.2202937009954615 -0.21228157898890296 -0.3152993197010095 0.0671315569533994 -0.7681904523579527
0 3 -0.052965107527502435 0.2697216536792705 0.3428881818055698 0.45247611861970854 -0.4577669473179738 0.13898354852023806 -0.14861972364807852 -0.047834344133103966 -0.07575133809886178 -0.30919828659743653
0 4 0.0914837846719083 -0.17820030040375176 -0.08668157315171914 -0.12493647580691573 0.29259182851144466 -0.048453545259574266 0.08992662323143048 -0.012110658557797716 0.012965366485781478 0.13892789633101255
0 5 -0.0046700538821551375 0.23662991386647336 0.36085486858242455 0.464723249729869 -0.4612286583234944 -0.039653864951176926 -0.03740127140758603 -0.0908352908190448 0.026971693506629674 -0.24944410769677977
0 6 0.04666884992384567 0.2676846350742167 0.15454680083008768 0.19250434832605487 -0.272095981882948 0.1208080257006109 -0.15353215790689093 -0.17538751432158617 0.07617505196372651 -0.17924941240292092
0 7 0.019579539365897444 -0.1743514691744611 -0.17656085887897907 -0.11790072113785593 0.053939094531910044 0.024309807566445123 0.012906975086260887 0.026535141361935764 -0.07050521980469397 -0.02381824385126381
0 8 -0.020761712286319435 -0.004155385602860056 0.13459220723608203 0.12189876213442813 -0.18213837352190335 0.06763900316314118 0.03907554992983622 -0.09036196711693836 -0.04688625472741109 0.0040553980343659484
0 9 -0.1018123002275107 0.27789248605904865 0.31591323941424454 0.31981790385143705 -0.5880723717794032 -0.04199449660822464 -0.1021947946936585 -0.03628091149615093 -0.04835033969725761 -0.29140181602871
0 10 -0.08526860190167881 0.2908995818518041 0.17573584345801155 0.3098895677574065 -0.3799031465992824 0.13109128383192006 -0.1711214164977755 -0.05089780008087294 0.06140017040850489 -0.32659207309572913
0 11 -0.05508498289219934 -0.12130072568983569 -0.024806997455283714 -0.24469535946847554 0.26945983869021867 -0.039073696115330694 0.023913538882547068 0.027981782639330474 0.06921090525097653 0.10405835741574082
0 12 -0.08651923883651422 0.16196571960976647 0.1899742978162699 0.24045021338942407 -0.47541217602964253 -0.05456353395522644 -0.12908109394105924 -0.08804906997814001 0.09706789014646766 -0.3133008497738231
0 13 -0.1288526732126823 0.26517694034948386 0.23390512839093672 0.3698772335714191 -0.6154041184781345 -0.006718925107339324 -0.028373577220442616 -0.18186673308034026 0.10228757592487937 -0.2592679055612998
0 14 0.012717204815885128 0.08937778423257647 0.18960580978883432 0.23594269570951212 -0.2912592207215585 -0.013758151057199604 -0.08418566040005475 -0.052449066930218 -0.020176503761289988 -0.11173511266683979
0 15 -0.03121174011645465 -0.06181567237378531 -0.01845652591723375 -0.011960738621141604 0.03832949237501181 0.022474016742097775 -0.08170149120752428 0.04088563356246651 0.01422368985940279 0.004655509521301597
0 16 0.035401156182905756 0.03366053876384058 0.032882465158869195 0.052533920883692825 -0.2358953476072689 0.02934891346276079 -0.02685066055830842 0.01766231291553192 0.06426563626974231 -0.08357906403822359
0 17 -0.10161078538051282 0.03006763228518882 0.14054591683929132 0.1266019065399862 -0.035194421659723224 -0.023218323210782932 -0.0949336095005245 5.14359095675588E-4 0.0961671912224531 -0.1548772228884655
0 18 -0.06190553625810127 0.15237077459461534 0.15238710674902176 0.21570590727572578 -0.4083092306655678 0.02934432504641065 -0.1417867835129894 -0.009955202159280618 0.05699075557907261 -0.10869425934518523
0 19 -0.07612704305616666 0.18413884616192408 0.13851591059800175 0.12148983594937948 -0.2853781710818029 -0.0624897872611216 -0.05403713709271385 -9.86705522256369E-4 0.05365798767805433 -0.08964784476239422
0 20 -0.09932522853738376 0.15342772610896385 0.15062365246171003 0.14217007283314945 -0.3852605726550896 -0.00405401463033002 0.04170176677939887 -0.0642465300132341 -0.006002611725945823 -0.26367767367919853
0 21 -0.06076885749210664 -0.05910704379991005 0.08852987140155968 0.09912685028528731 -0.07936652038247236 0.05696281999007358 -0.008327907426235272 -0.047362048828166844 0.07706841582864823 0.004556191585830497
0 22 -0.019132872255457397 0.204806244429637 0.08133798779442013 0.3159448690459219 -0.2571323842154042 -0.00609981849213747 -0.07771710103942384 -0.07929874153269409 -0.03114997028039122 -0.19365555621085823
0 23 -0.07021920946486768 -0.14387370395585278 -0.08567177821677038 -0.04867706415934292 0.09847003376892215 0.03947091584093532 -0.06326082358475206 -0.02584960061325531 -0.07390963905037053 -0.04117481081578265
0 24 -0.014475663341911721 0.12936376977275782 0.0028940203802618764 0.08646446505460409 -0.16471272205761664 -0.03133902311101625 0.02941417381433569 -0.08075039172956382 -0.0901581868208102 -0.1555790402423421
0 25 -0.018172217875002363 -0.08948960938014348 -0.21776705003609909 -0.19324813619697628 0.17401110501104336 8.845267230015435E-4 0.13182953925401036 0.055776914132710353 0.019049433335248122 0.16663270628054616
0 26 0.02525498501610832 0.08739331463946398 0.03555390598441026 0.10851042446910454 -0.22954744559979343 0.034958297693454966 -0.031653721305730576 0.01512560405160535 0.07652825067222499 0.0037781609554845353
0 27 0.007426548477835302 0.16553783333539016 -0.024006933226808424 0.1227001881554684 -0.05580860660199658 -0.06752037903434174 -0.11561248000474669 -0.08406101511818817 -0.033137182017965984 -0.07858835811397476
0 28 -0.0470632775526483 -0.005584838504472489 0.024420542448164034 0.009073094059601012 -0.029503803602541154 0.04566756636004174 -0.02137594360240151 0.07343215860704726 0.007940517975327981 0.12089791934835284
0 29 0.06879446076408335 0.05218279090363773 0.09700813887697356 0.01648197939689631 -0.014162399991573586 -0.06676028810719056 -0.015464198125707188 0.062076128218556466 0.071535942244728 -0.10684163213229274
0 30 -0.08537149856884996 0.05601727656554584 0.01885075882468316 0.11313817723580519 -0.0344410242934568 -0.04082321054855384 -0.0072057922353285335 -0.007631263609314929 -0.043450448400216876 0.028149935971062884
0 31 -0.11324175824143086 0.06829273442505171 0.1485609503540831 0.02949624184184087 -0.25382008139736084 -0.024519709403863117 0.042321861244090646 -0.10475990830926891 0.01171206039056155 -0.17991807116114333
0 32 -0.03907900305970817 0.07677877312380661 0.05254815347924952 0.12993457822748647 -0.18430394845057596 0.09082010917644313 -0.022689465718896233 0.049571355455361954 -0.04868465261092048 -0.06103075033230997
0 33 0.009216875537802224 0.04318759756626453 0.04843671106539006 0.04492269788745859 -0.08277335123768043 0.04049441201226027 -0.10355589856451093 0.07632868006477934 -0.03542942691950127 -0.11995002633507468
0 34 -0.04447649466801533 -0.06831150637552073 -0.07113178703826509 -0.07779385208164034 0.08142022106213104 0.04245354637583064 0.09461681699805198 -0.0289642544756243 -0.0017216486675022194 0.06944393077380581
0 35 0.07683134770971331 0.045146011824026056 0.06648110568890027 -0.0794706164801461 0.07312471795722227 0.07752289730511347 0.07016432416151437 0.06668485474548914 0.034424606832698997 0.03338555166414165
0 36 0.10084898410903956 -0.13262301583829877 0.010093090451252671 -0.17506873010897586 -0.006018254735568805 -0.07749476067042245 0.013447504276112325 -0.051902663174680994 0.052851506836783385 0.08774007342455593
0 37 0.07946871654697095 -0.015800086456947384 -0.05137866072045828 -0.01530900020568148 -0.018688921285034212 0.07309400936088858 -0.0675418565306186 -0.014034434547241223 -0.07920196149509257 -0.06049272549762518
0 38 -0.027586602951391957 -0.05623381420635827 -0.013478552388376466 0.02885995024703858 0.02530400997070296 -0.05858642872345566 0.006997005801790584 -0.0015976508653313896 0.040717496407956334 -0.059737956944840596
0 39 0.04323663452774689 -0.09608261984794685 -0.06134662211900679 -0.0748521194049396 -0.08384518139569565 -0.06526883529542905 -0.02425701692976626 0.06517899167287865 0.03299525855038371 -0.0422682900010962
0 40 0.009734339974350725 -0.18181990638924206 -0.021853100034079684 -0.27104086197047716 0.12980993325793727 -0.08251470889215057 -0.028922797086997163 0.06901845047902345 0.08383870526836781 0.032891345750865865
0 41 0.03334505955319076 -0.033187753804194794 -0.02646121543271917 -0.23821389201702428 -0.0017273492221326172 0.027315728182259896 -0.07264488745268337 0.0886031965804282 -0.033186661379811876 0.01251739497359256 -0.42990926520800377
1 0 -0.37043053838910805
1 1 1.0410448331736353
1 2 1.0595991042849804
1 3 1.53794433652669
1 4 -2.104151176293177
1 5 0.08838165316601337
1 6 -0.534836339781852
1 7 -0.5691367668716931
1 8 -0.023779703277418508
1 9 -1.2583333353676718
