## LambdaRank
## Epochs = 100
## No. of features = 41
## No. of hidden layers = 1
## Layer 1: 10 neurons
1 2 3 4 5 6 7 8 9 10 11 12 13 14 15 16 17 18 19 20 21 22 23 24 25 26 27 28 29 30 31 32 33 34 35 36 37 38 39 40 41
1
10
0 0 0.06502220517876661 0.08679718560583038 0.05147100316667356 0.01955554397919729 0.04068106341537375 -0.06904792539149758 -0.023176235327817797 -0.04162576417848456 -0.08609200721947449 0.01576832937957747
0 1 0.02035444519712293 0.06532861900027344 -0.05250545785692881 0.09061405463790319 -0.07736186942621798 0.024932187707968765 -0.044399145058273096 0.05321658069965224 -1.3405520067571541E-4 -0.09904313208163307
0 2 0.07399646037549959 0.07475082284922445 -0.07756877572893026 0.07000934830270952 0.03940561100514526 0.09680552444572862 0.05656777396794645 0.02973625214836555 0.0890740308298429 -0.020803572201397925
0 3 0.062240337627016015 0.06624408018344273 -0.0659452582477744 -0.007959321360340759 0.026416855865153792 0.01592773489462454 -0.07967662993581538 0.003396114672112099 -0.03571781082114081 0.008067759901408246
0 4 0.021688761479826783 0.07033818889658262 0.019005666988022574 -0.05945723861343607 0.018035176726399527 0.037708730892882944 0.0762166684784726 0.0997828092607968 -0.014306705744402425 0.015712322672973327
0 5 0.09177742720803353 0.022173685884708614 0.005663839326498639 0.03558307636780603 0.08226950184786555 0.0520808082000483 -0.04193789975506245 0.09703768390247056 -0.010404893635650529 -0.03172934844945084
0 6 -0.09844781110137293 -0.09602001594965714 -0.02739805729526778 -0.09059278527342578 -0.05159583284392701 -0.011546347111426786 0.02229785486068695 0.057279714362819964 -0.07979538469646683 0.09566693093752471
0 7 0.018988853716114612 0.028480116108259814 -0.002308278262574612 0.007838519474236416 0.006329174523938568 0.07061859429780405 0.07508396270260674 0.07373369572422542 0.08360496196388445 -0.0748498987355888
0 8 0.08378313507411232 0.02876888697148652 -0.0781170134097868 0.026938103096179798 0.01939065833712639 -0.028714570352269993 -0.020305398935710428 0.07848829644940192 0.06716251376987276 -0.07079048680337677
0 9 0.06274870548293379 -0.02825430308050715 0.018056232394350957 -0.06789336495050166 0.09920756666056438 0.03114188079248309 0.09207366394035128 -0.06693566427465629 -0.06405910017373657 0.052688791345660256
0 10 -0.06584957759407423 0.0793949100297608 -0.0938496469382794 0.077821495565084 0.015272102021468472 -0.02095802306139259 0.09265684809074835 -0.06490785090252206 -0.01308961148647839 0.01809430957017586
0 11 -0.07298303617629333 0.009608442856584508 -0.07259040686057411 -0.048438964873111126 -0.03303294463946313 0.04147425398222014 -0.09244831601681892 -0.02261367106638398 0.09649974955793708 0.03729899146173724
0 12 0.03202092985145296 0.006540688104823322 0.059288756109661896 -0.07218412719832105 -0.04940232759610652 -0.007598037302371943 -0.08416007134823858 0.06864815950876682 -0.03938199575959761 -0.014771960691379279
0 13 -0.03280043149928782 -0.02670390371587676 -0.0351830215819983 -0.09649274200631118 -0.05560451905788296 0.03905093432577988 0.08416495008797079 -0.09907043796421325 -0.038080246857205055 0.09314756108130033
0 14 0.057619269016609284 0.09036950745021127 0.06039714944501173 -0.0702316774726548 -0.03693119376111789 -0.01285334044811499 0.04417966045618485 0.029821221365851285 -0.09915893805799922 -0.08714685967567609
0 15 0.04458560969648003 -0.053624727050114646 -0.03443131014887686 -0.016708523345006707 -0.09452401464899034 -0.08771185984295986 -0.0455693131298167 0.09627544315147538 -0.024662641772422927 0.08409599069859654
0 16 -0.01643357179893858 0.01962065595251447 -0.06299312316698848 0.09222497631709345 0.08710020741015122 0.015363162492734773 -0.06396901763086939 0.09225160475372383 -0.039753773408141624 0.013908116038695911
0 17 -0.0313276610544589 -0.0942355731501152 -0.08301066431054316 0.06168391658091782 -0.0727966407424629 0.048815877777562015 -0.020925442109214723 0.057344570386595226 -0.07331070459710431 -0.028128204193089288
0 18 0.003068162165530269 0.07537409755396637 0.07767883861319243 -0.04070550224752174 -0.08705610873973603 -0.08414585314553306 -0.05209566020268895 0.03636638132734656 -0.08583295710516009 -0.0383393387415053
0 19 0.030958945650941136 -0.042008652510616376 0.03287395728439325 0.04764221167459766 -0.06488983147310903 -0.04855406711207866 0.07860918399757377 -0.07504118079413992 -0.054665980586005775 -0.02797821322830386
0 20 -0.015546382114993545 -0.027569123094471536 -0.09301775513573995 0.02540258660209519 -0.04789240951862679 0.028664664988223343 -0.042694729049571174 0.008559272298827508 -0.03384815632445965 0.0547182221713234
0 21 -0.041155648002991194 -0.00480498396623941 0.07445969847886547 0.0291377602686647 -0.06388188675334866 0.07649467507875225 0.074719420214653 0.03364077256521578 -0.07190368963097281 -0.009387363520168696
0 22 0.07364558488909445 0.09773962955735793 0.037314051626832635 0.09711780488984388 0.023500055857051963 -0.06946019327855203 0.07190477136385881 0.004620281205289829 0.004181122263381414 0.05313550129494923
0 23 -0.07764701012015487 0.08661719664320221 -0.06889528601990724 0.02701266561648107 0.004945722591951916 0.016475352871677333 0.05690920712664191 -0.013191158349335014 0.027326451201166668 -0.054079402213064356
0 24 -0.05220334582666066 0.08058628091806758 -0.036953207501455296 -0.04647139944498101 -0.033598158171125506 0.010023373353375695 -0.026192246003893156 0.004257245556985231 0.03856556676227994 0.029166914956578256
0 25 0.04069490463453114 0.04484353571000103 -0.06121254534078959 -0.06055714632146329 0.08514905242238224 0.027234891868508266 0.013078502144820243 0.08806300624738143 0.013188373138246279 0.02722685869221964
0 26 -0.0016954871131386257 0.05902910413070768 0.06062748510305793 -0.02131923919974297 -0.02686004211799277 -0.08322586157098082 -0.06286041238929217 -0.04872372386956338 -0.04717232288886715 0.08711311222978839
0 27 -0.05251547152333518 0.025851107132068146 0.046561792538340016 0.003799554451576526 -0.053675393497768106 0.06841150700103367 0.017897149584727948 0.0554629540154577 -0.06872010417338033 0.059569288777588256
0 28 0.08386072376911392 0.09458219508325082 -0.008456057961732837 -0.06898704424543477 -0.09876533073514163 -0.021861778381472297 0.027681809337127855 0.09076208044616518 0.006051457927435039 0.09219331439677056
0 29 0.01023957082977788 -0.014378774102541184 0.08138080741856037 0.05319982143957089 -0.09668808740134868 -0.08753556574362427 0.05625142821102137 -0.034836640884798875 -0.05589164082528695 0.06022283817255068
0 30 0.09969714725366842 -0.022340819996510698 -0.08300720164907537 0.020957137808503428 0.03402776342000525 -0.0015436890318101756 -0.04760237568665407 0.05051199777183817 -0.07481453502101063 -0.05936398603871741
0 31 0.02653576771941743 0.021102593776898042 0.013462301758539042 0.06075443903264678 -0.02907144281364312 -0.06348669366173251 -0.00724698045863972 -0.0987429396782383 0.06361012816470685 0.009508718846176314
0 32 0.0010709286112246027 -0.03295877481913607 -4.856646065344494E-4 -0.0927361686171368 -0.0820710542557853 -0.09002418230377988 0.05721044223175531 0.0564920218451276 0.060309021569366524 -0.09765908438646005
0 33 0.06964734312105365 -0.07441224820677339 -0.07570562324368547 0.06496625635559974 -0.015263478088217722 -0.03743356332344469 0.05469592796039766 -8.554149905574585E-5 -0.023465593203145493 -0.09735540606210212
0 34 -0.07945740185820101 -0.07862805303101385 0.04190369292226753 0.08717692365954552 0.08602883853944397 0.03703624637157891 0.02689647460006115 0.057282028439194985 -0.0783394149735099 -0.06655154764036134
0 35 -0.09272345118380758 -0.0755695967534504 0.030558891356371905 0.02761817436360448 0.08343674926741257 -0.04142762324524141 -0.050950496899631596 0.0862507705596591 -0.029898190938207798 -0.05379345275944875
0 36 0.09909829958134483 -0.09869031611120387 0.015005135802178002 -0.05486650629389654 0.07830354382129656 0.03545101616269102 0.09777675432962593 -0.044828391494093005 -0.07415872603939526 0.03965989602573736
0 37 -0.044109497746720155 0.02445983501078981 0.07731277460246164 -0.06359135156434048 -0.06394520838201537 0.07690339473471854 0.09945048929807643 -0.007704151154571869 -0.08765360059816331 0.04338608949148275
0 38 -0.09805854076758744 -0.021687611114667698 0.09798356056485646 -0.0843351873675146 0.025091821567078433 0.08722025764523618 0.09378228987732293 0.039973215852442213 0.04874945155343965 -0.014865394172851671
0 39 -0.08200601526036352 -0.02347363048902245 0.03550973359180929 0.03507903188263115 -0.08138902704519947 -0.08439330995812086 0.038445809526561944 -0.052757828419848204 0.07481617182615379 -0.07862236532276849
0 40 -0.010795200114994186 0.06523062130990845 0.06539805095733567 -0.06867689690922604 -0.051800921460947405 -0.014046653692802778 0.07476960527307645 -0.05640014299995811 0.0991974966554073 -0.05377056692218827
0 41 -0.08002631576303988 0.023096403322676092 0.04807138005333933 -0.016747117607722836 -0.005548789328623233 0.058320643140893934 0.016181924157045436 -0.0700994072938128 0.02710985936212628 -0.08497792029775017 -0.055806033313274314
1 0 0.07467904686927683
1 1 -0.02084264717996111
1 2 -0.09552393853664223
1 3 0.0686525106430057
1 4 -0.0523431077599526
1 5 -0.09182916581630668
1 6 0.0032105445861816437
1 7 0.06919662654399845
1 8 -0.09855327755212756
1 9 0.04129644110798852
