## RankNet
## Epochs = 100
## No. of features = 41
## No. of hidden layers = 1
## Layer 1: 10 neurons
1 2 3 4 5 6 7 8 9 10 11 12 13 14 15 16 17 18 19 20 21 22 23 24 25 26 27 28 29 30 31 32 33 34 35 36 37 38 39 40 41
1
10
0 0 -0.26896152980575344 -0.016118810167930073 -0.2009409333575866 -0.22198006501016707 0.05139519033967075 0.22839454056957073 -0.11492192860404157 0.14433026571290145 0.016125693872974658 0.23578434238970963
0 1 -0.4127925788604991 -0.0532105339208593 -0.08626478987613531 -0.24749164364452475 0.09464659630041009 0.21992254520876026 -0.3003575083433236 0.056300470117618275 0.13320791598821397 0.07465311623224433
0 2 -1.378034386941561 -0.2851391032206816 -0.43953304468879745 -0.7711762691562835 0.07364762422901833 1.0099769275896133 -0.7134859136541244 0.6499146989345123 0.11407770393049282 0.6706419239263102
0 3 -0.5537871166490372 -0.05506546834766722 -0.13423616681093334 -0.37507590709058597 0.08810413251943704 0.2604933044380359 -0.28316981995924473 0.1486279430448041 0.12949052875326172 0.20133015130136894
0 4 0.21487852686666642 0.04822126803846642 0.09111557363698575 0.03602134280664547 0.05953707069305755 -0.09031012748829029 0.10221687230008089 -0.15220351351060696 -0.028419714315605506 -0.10327239576431677
0 5 -0.45942606772331157 -0.03680076484241614 -0.15646570941485313 -0.24158504044238663 -0.05132229775300948 0.4176126546064054 -0.2619097488152901 0.2920733156195021 0.12235724262348976 0.3239163919181361
0 6 -0.3744682770873293 -0.042270251887201835 -0.07947015468821672 -0.08407241527590292 -0.0016881390290941342 0.21881959061096215 -0.22379216882327607 0.09566614635508344 0.12606844561835467 0.05036610384463662
0 7 0.1783708833281094 -0.02641271336865044 0.1395679293485573 0.05950351692932409 -0.0445394378805204 -0.053569393751134675 0.10669571937277433 -1.4784801694301254E-4 -0.11170325031576532 -0.0732306029577723
0 8 -0.025692999841195583 -0.0037758654077688397 -0.016446785305979695 -0.10351786340486423 -0.0429043854006128 0.06410402650380512 -0.03729751174457681 -0.00757818441596235 -0.07979286553757357 0.07405782903525006
0 9 -0.621997891234845 -0.1416638492465783 -0.21771929917395463 -0.30911247578128737 0.06954441385595507 0.41518821637645076 -0.33242827682428183 0.3041570869257175 -0.009002947029107939 0.30126691980291637
0 10 -0.5049250869309995 -0.018220667149499072 -0.060370820494733066 -0.32468549885637576 0.08457003350726026 0.17496255167624908 -0.2925987306324832 0.2522814181498866 0.039148194997933185 0.1851224967203129
0 11 0.2738615160908993 0.09764398590709986 0.0626116388565993 0.17326173289184205 -0.01821224331893314 -0.2110297726683165 0.10726571540905516 -0.1617317998379319 -0.05241478117911779 -0.17280679800070817
0 12 -0.4123997209906015 -0.1618332800962417 -0.23334458563556737 -0.31087092566518826 -0.024965047110850645 0.22112361622097937 -0.32114243437788725 0.16790180006351432 0.029500761357894607 0.13403826689573353
0 13 -0.6279853776668005 -0.031688917693645714 -0.2454676059736928 -0.35001808688951824 0.09077356751214297 0.2807202959732189 -0.37023176834878063 0.19413291915767406 0.056955663334928505 0.30778223479374467
0 14 -0.29769029439265937 -0.14966751240889356 -0.137330536176806 -0.22589666209691128 0.06052389247133236 0.16343994065861883 -0.2698870143397813 0.15047089153969126 0.01926901561898585 0.11332980284411547
0 15 0.19378172277580777 -0.023940718372671463 0.13271068353417562 -0.009123349637699245 0.0788109135082515 0.0038432987665971336 -0.008871353715986642 -0.010099211971413133 -0.04216743544801851 -0.00520926720212825
0 16 -0.12021869906366743 -0.012582310584841659 -0.004890776634580485 -0.16159218520518126 0.03217703118103256 0.16277201416699585 0.003305794528862478 0.11032796001094491 -0.04520934063864652 0.06941351560889153
0 17 -0.1447633815496931 -0.05411516397199563 -0.08149416173279121 0.030298454257520254 -0.03845890593274653 0.09129846781560103 -0.12259547556013746 -0.03408781307922728 -0.04753958858250592 0.07161156549976778
0 18 -0.3410538941524587 0.046630494017914075 -0.1370686999751678 -0.13944783610479333 -0.06440847434245305 0.2777276698726837 -0.27176986430377614 0.20264140243017265 0.0738240001577213 0.09453837774663051
0 19 -0.26812952240514065 -0.02325301742894784 -0.13731655227752665 -0.07415817628116748 -0.053477909966001456 0.2251828703401705 -0.06392201350638729 0.04721980041648686 0.09720921058534276 0.14634053818668794
0 20 -0.30614025631535885 -0.0699481366544917 -0.17544153855531108 -0.17735341004743685 -0.0482457030641156 0.08371944696022039 -0.2138530829920649 0.03278296890006479 0.08068545868645055 0.031061551855836023
0 21 0.037355580844919266 -0.05411751767529262 -0.11587702518889077 -0.09533080235468042 0.014599851055089427 -0.03898235142524432 -0.07961848149462539 0.021730999891191788 -0.022865066532595027 0.10408580343366435
0 22 -0.3960880153975448 -0.05072507933988604 -0.08371504272318556 -0.19370051817472347 0.06586187603527448 0.13654669212762197 -0.17798505415347607 0.1522381603252236 0.023864744058332995 0.03728763350194184
0 23 0.08700583704271875 0.045845580416763294 -0.05433291995362268 0.01574750212553243 0.09257584599493537 -0.07555918927859905 0.07202182911210744 -0.11053392635349159 -0.055908440736468695 -0.11004398457444656
0 24 -0.18249000018230518 -0.06722539761636426 0.04682805535590053 -0.06918324839909695 0.020348113995125993 0.17752053063779405 -0.03557423793638798 -0.005581096222137112 -0.049117429326636146 0.05545119399831813
0 25 0.2161157844449524 0.05309023773579926 0.013753418700812411 0.10146091558941633 0.09196116672489488 -0.2755539216061001 0.15956952952044554 -0.09100096668111299 -0.08985827901407598 -0.14647122690699207
0 26 -0.12799205690057402 0.05428585176211074 -0.03633858599317144 -0.1328409224700247 0.042555356589431916 0.040983249034235524 -0.13896729572572142 0.09109019860842715 0.09744167300817885 -0.026382506625328338
0 27 -0.24307080583323534 0.07230066240229809 -0.10713940379899617 -0.1026106263872023 -0.06651779682556024 0.16802769936559436 -0.047110430578906924 -0.004823056306227885 0.1172144396738146 0.07268047537938856
0 28 -0.025774152296771585 -0.05996772832788142 0.07205794035377829 0.07511535747652634 0.004263365928673087 -0.09472872098216602 0.03115375022560424 -0.09020951601676476 0.057006102622153575 -0.026366819991170357
0 29 -0.09473290292601029 0.03029574044967961 0.06651782236209174 -0.1319227916913287 -0.05827546400410186 0.009665483969982082 0.019611116840519395 0.02167925008047879 0.10650221303708275 -0.013871520950131961
0 30 -0.14998616104695583 0.07423472113919256 -9.190678521161337E-4 -0.041540779345214 -0.030935528410683522 0.006860748859664978 -0.03814363481031376 -0.012026820914690544 0.08332848850281183 0.026369577347924084
0 31 -0.16226178118919585 0.04000215127282103 -0.07396013121199592 -0.10587308057468545 -0.07588100734515414 0.07961625677282243 -0.16531720978834624 0.06038877328247873 0.09688819756443288 0.06818660402986475
0 32 -0.04079259473589104 -0.0017739989078216758 -0.041694486615890265 -0.13180009535576587 -0.03714039028818392 -4.674906974773905E-4 -0.025418863243414972 -0.02241413305916864 0.02371248081386608 0.12154177006478607
0 33 -0.14733251359041297 0.06259228164880244 -0.04811104193871127 -0.09219737040538546 -0.006277197502981327 0.06155073964991054 -0.08574277018015412 0.06975847829120264 -0.034686064777280756 0.034683056122386285
0 34 -0.050494242426043154 -0.05879613820263537 0.04932171145486397 0.05931976689914805 -0.08824967089943946 -0.053276468418730946 0.08055428693299775 -0.09053675037644494 0.0157829942647452 0.002189547266491502
0 35 0.016624648109336834 0.06773516785589112 0.07185770424484081 -0.028489388793809953 0.06576259351200683 -0.07426514190017093 0.09736710260299468 -0.12041925676494838 -0.05209177372954491 0.041125629827416146
0 36 0.08746884926129184 0.07684250416962644 -0.0727216018685373 0.07215355517671006 0.05102611804159881 -0.11163554241717934 0.07482682423134586 -0.009691597705601357 0.02661253389449629 -0.04097794588779223
0 37 0.10340869466427467 0.024177251015560505 -0.0014873161595064391 0.12160295370734149 -0.06275185667527529 -0.11620918331954624 0.007499657766236411 -0.09310125267079178 -0.057215803801835524 0.020937053056843187
0 38 -0.08302404056158887 -0.10104833815426538 -0.03398780308125677 -0.03502245624286749 0.02826487318763961 -0.05946490053111919 -0.030493646763714907 -0.08591533932670944 0.07049853410181182 0.04130196766892816
0 39 0.027040122865343214 0.06719839846930335 -0.06729222935316827 0.08695621426456789 -0.07748879786096514 -0.027012470016588554 -0.06801321715339444 -0.02847460191799085 -0.019672302430251244 0.0894729162119864
0 40 0.053523292993006795 -0.05204863011150972 0.021135834732114216 -0.039048626104317835 0.0948871143872724 -0.102671394299964 -0.0880315251714861 0.02118045215412525 0.08182742207230208 -0.15748521999153844
0 41 -0.0061576387200116415 0.06167975495802196 0.030956334350752637 0.09835431013718333 0.005901040106280531 -0.11519301239211704 -0.016711987496089088 -3.0535244349632896E-4 -0.06738546435219211 -0.06255928937032439 -0.24715319100325361
1 0 -2.101857783095835
1 1 -0.466156627785356
1 2 -0.8267715863253421
1 3 -1.301683825924467
1 4 -0.013446621648966262
1 5 1.3728168165171224
1 6 -1.276898793407541
1 7 0.8563926702566725
1 8 0.20011404971420174
1 9 0.9167097853707978
