## RankNet
## Epochs = 100
## No. of features = 41
## No. of hidden layers = 1
## Layer 1: 10 neurons
1 2 3 4 5 6 7 8 9 10 11 12 13 14 15 16 17 18 19 20 21 22 23 24 25 26 27 28 29 30 31 32 33 34 35 36 37 38 39 40 41
1
10
0 0 -0.04853475009692804 0.012420877100383825 0.20795194891613913 0.0679468049779183 0.16587958405557107 0.08502625230793222 -0.04492835220480571 -0.23021972403911675 0.10352606541000291 0.004840046213775099
0 1 -0.1538215780858421 0.1586303747735136 0.20910684785668038 0.0869058176518258 0.16395006806443058 0.03621568278526605 -0.09637436570898941 -0.238658432494816 0.09533338297825017 -0.023687555448015294
0 2 -0.4553630452437643 0.2536472737775367 0.9107245190413773 0.2777322882133358 0.338969154179796 0.5255942550135398 -0.23180502628983335 -0.719097745034709 0.4477371365748776 -0.41160275103884564
0 3 -0.21356383014972838 0.02937481515458986 0.3414272449757478 0.15985623849525046 0.1637173041060143 0.09452757001143389 -0.02295432016817034 -0.35528190653024877 0.24528414183748715 -0.13824296239364764
0 4 0.079222871357981 -0.0203686884948888 -0.19902409267426127 0.013428936530246478 -0.04128447971524147 -0.1657848274742684 0.08788741276004601 0.10972495031524152 -0.09861044998708597 0.14801196511775053
0 5 -0.1275484102898638 0.18562634645466827 0.35238426978279835 0.16745847469409572 0.06695547391441103 0.0779328948501707 -0.10279738798946125 -0.2567307295766645 0.1010012687665802 -0.08006798447506279
0 6 -0.08922521373224078 0.11517943694706269 0.1947403601278633 0.05057603277342354 0.18028788874904875 0.060573512545515025 -0.08712250396125272 -0.2621710619983352 0.16264602142901718 -0.1622533272483265
0 7 -0.05491465441325732 -0.04853037209419669 -0.08540582582221669 -0.10855621656412352 0.08264813684230257 0.03360173330611986 0.04866078758526484 0.02549062720232038 0.042138489594102886 -0.09266943555652739
0 8 -0.12746308276573373 0.027617557506838735 0.19829058044666656 -0.03524861638277921 0.04311123526801281 0.10297063361531784 -0.002894670224465083 -0.030921953783172005 0.12339095097752155 -0.07307317297761737
0 9 -0.04284528606898864 0.19754846665564185 0.38990398067674537 0.11253861302277306 0.18030748673870586 0.23374877681026987 -6.25349783595409E-4 -0.3514278433313645 0.23071794546326976 -0.08664900653042058
0 10 -0.022337572918720097 0.09257222466615485 0.25706130907706054 0.09848670950501921 0.07832041208733183 0.053926466259285794 0.005610393334572415 -0.23738787868774128 0.14304835441151761 -0.0834643635382859
0 11 -0.006968949376844736 -0.06179615454755674 -0.1310283764731783 -0.05119828491020893 0.01264109489096776 -0.09385742774974047 0.05890631781236021 0.21925765305781642 -0.1347958888744107 -0.031775681093530454
0 12 -0.04009665904654707 0.09612185460039174 0.3102710732733851 0.19340161643266696 0.12318246460640254 0.12915284075966257 -0.06515939079847426 -0.2522897807012444 0.18091353977574862 -0.20061549189908284
0 13 -0.19251924727426398 0.1759692024861152 0.34074114805857564 0.11693269973564142 0.21928582086575593 0.1649182205889918 -0.1272342645435943 -0.31611183628725964 0.13621545971854482 -0.2222208245173188
0 14 -0.08893181603294946 0.007197852954939373 0.2582448179909691 0.07611370010590242 0.17633914782549043 0.12931484690230205 -0.12362345213600585 -0.18659308745846057 0.019575855621316324 -0.10780707299177116
0 15 0.05535782141453215 -0.09886216244915494 0.0071206419396437305 0.060050225527222174 0.07548409391564984 0.03873967822605911 -0.0804860731941475 0.12492119937468742 -0.008247799483047559 0.009765774387035325
0 16 0.005182672645090248 0.09176984682393968 0.0027482438924922967 -0.03182854202176782 0.004133762314291161 0.08290505077914007 -0.01419031805123388 -0.07983674383257437 0.13933689433013122 0.061458730510368154
0 17 -0.11452912649054008 0.08685364715790996 -0.007687204007865867 0.032008812400816274 0.0937117111376134 0.07304474645912797 0.04897655324092663 -0.028402518406551634 0.031224372097414792 -0.018476124689828517
0 18 -0.05020538479729993 0.08846962441161056 0.30267748082488044 0.09845589356863221 0.047162902282031724 0.1923368128814867 -0.01250939537572427 -0.10400433993656075 0.0732955427536258 -0.0038153443861371804
0 19 -0.1584750881381047 0.03649608393024787 0.2078881082345543 0.10467401577715593 0.15295229452814185 0.05383005359532324 -0.1058236951261456 -0.047078738821254955 0.003701660821085104 -0.06715524628190972
0 20 -0.10572092992079889 -0.019616413403352715 0.12272253314161335 -0.04509768406627636 0.023569933231889537 0.12455157588465628 0.0464043591224773 -0.14690656280774053 8.539694453435241E-4 -0.14647337419993145
0 21 -0.07463222996716659 -0.04305081417050011 0.011841955403890764 -0.011691681773879815 0.05262859797353819 -0.005226812695151093 0.04011116191782543 -0.060745020963567556 0.030178663007473332 -0.037604966029707775
0 22 -0.04374199308394148 -0.0019678053914811617 0.1724176440734834 0.060047051379405914 0.16112603909842055 0.1766282934709884 -0.05243856081087419 -0.19413397073021108 0.16881062461378118 -0.014026600929488764
0 23 0.027349015683116613 -0.09905883388289737 -0.18949444629628248 -0.07089506756277661 -0.02661290055951436 -0.08183084136820695 0.10270851428807179 0.004718755327958641 -0.001057356015070926 0.1142404429140676
0 24 -0.032864735032768176 0.1144473799224018 0.17539982664459258 0.05097508827863329 0.13016246973509607 -0.04633301657932398 -0.09648044889811412 -0.1343906079736765 0.052368122194158026 -0.0516243141414389
0 25 0.11698852820115614 0.01796686545682317 -0.14378869858940557 0.013254184936266839 -0.15466425559791325 -0.16928709782986345 0.07686180296182753 0.08644578986352283 -0.1844182923324128 0.1490259434249367
0 26 -0.03960013789079684 0.051592696421896206 0.14227441002825875 0.05890382397157433 0.053769518523302605 0.15287849661107886 -0.05680045096812101 -0.16502591328828775 -0.039319135584849264 -0.009199664060202655
0 27 -0.018724951781852506 0.09290681409096482 0.043469328691253674 -0.057999202820201816 0.07116080154387629 0.11795927022863933 -0.008551511028769257 -0.05490596025355033 0.03685782599482285 0.06296238239534352
0 28 0.05015279324432193 0.015205769747391294 -0.0895725936462648 0.075448294465662 0.00921883019092396 -0.05911986972339073 -0.07421750042030487 0.0843957927110395 -0.017713139441492533 -0.007600531748225366
0 29 0.045149354918827427 0.047594884361308855 -0.03743477248526201 -0.07292060787606118 0.05603957211990755 -0.004374251775940976 0.06121542401106675 0.04166569763890293 -0.020569361061216068 0.050722838073433654
0 30 0.04199299634975107 -0.08054433520427567 -0.05363585046356312 -0.017959616162257816 -0.07880474097606133 0.1111521369945117 -0.0523299971912208 -0.11705918036199475 -0.0053161710193627525 -0.04619368119361344
0 31 -0.06388121609688667 0.052759392415567444 0.07600450799990317 -0.024891629663518804 0.11199249102911463 0.06779062464940193 0.048709138868206214 -0.03644868413995896 -0.01984202496352433 -0.016089310210616593
0 32 -0.06037618221000114 0.07519324425794965 -0.02199179643469611 0.01968228112069061 -0.007628555783206482 -0.051363780307083655 -0.05866096313819938 -0.13937765572709415 -0.05404529908599725 0.049105581778742004
0 33 -0.10031135992154967 0.06489353219420049 0.03402087724414481 -0.008679144230814607 -0.06763376877055026 -7.170504406502298E-5 -0.08017074680150085 0.010019329174893803 0.12602528202038724 -0.10416603281709479
0 34 -0.10886376883905051 -0.0017541583640764517 0.07927311040833636 0.025815912733094235 -0.060746366513254706 0.03032741082118212 0.04275037548222622 -0.049788066658401325 -0.044477748558694914 0.015436492594806782
0 35 0.08096047741710997 0.036945798960186745 -0.08682279742374752 0.05351762729928036 -0.10013534503363246 -0.046419929879003834 0.042655929520074146 0.029541009894792917 0.037244122554998746 -0.060003301470993774
0 36 -0.038074665371130134 0.03282868453917128 -0.07537644974224131 -0.07573664919079938 0.005618324505703235 -0.10561936718162476 -0.05995008275290691 0.01897586440936593 -0.10223936870714219 0.07853868289942592
0 37 0.054883171683093576 0.045744376991746806 -0.0802486755138332 -0.026047638682616003 -0.06311459428833427 0.07764263913559892 0.06447668632735218 0.060991185388422464 0.019677062653565818 0.03499307722057165
0 38 -0.03180298985880076 0.001845664651869922 0.007177399946610084 0.018166663062966465 0.02456136189752475 -0.004586621801392425 0.009260560719567656 -0.06697854707630999 -0.044981083047857445 0.006918657484054856
0 39 -0.011790789240597488 0.027869820207831634 0.009354986232899976 -0.017944327602195286 0.09299918685741988 0.09040411521010697 0.02531118160460855 0.01596778593278394 -0.03997383602524595 0.002700060135239055
0 40 0.006854021776976265 -0.06257360635635617 -3.8352898423432285E-4 -0.054112181701010044 -0.009354818482340878 0.039234016460703895 -0.028245848542463634 0.07752431339574249 -0.09571473710316476 -0.05833701769324579
0 41 0.007049406719594699 -0.08174763808042763 -0.15314411869220004 -0.022641102426721356 -0.03859305046686661 0.013341243627272487 0.056942688776378377 -0.01928509901938866 -0.09946802353445164 0.051349293420473036 -0.24205369360725842
1 0 -0.6798739721203505
1 1 0.40969522443304546
1 2 1.3729915444121332
1 3 0.3992576513004208
1 4 0.5689705669375321
1 5 0.6896594309357061
1 6 -0.40747985500267575
1 7 -1.2266982163151188
1 8 0.6532169153164099
1 9 -0.6428264304109133
