## LambdaRank
## Epochs = 100
## No. of features = 41
## No. of hidden layers = 1
## Layer 1: 10 neurons
1 2 3 4 5 6 7 8 9 10 11 12 13 14 15 16 17 18 19 20 21 22 23 24 25 26 27 28 29 30 31 32 33 34 35 36 37 38 39 40 41
1
10
0 0 -0.02235460110886792 -0.04798606099758327 -0.0695261038981739 -0.0801687060223754 -0.03751034823401404 0.012827170021101513 0.046846424774870346 -0.013877433595516103 0.0865308658013089 0.03612409537963571
0 1 0.03326505819070352 -0.00998019212762046 -0.06496451257578123 0.03113422722873699 -0.013084074109685087 0.07957404702642366 0.09999601538545273 0.07621215251516256 0.028307848867519563 -0.016635376793250122
0 2 0.01782024736901285 -1.3209860403146797E-4 0.06372552726514079 -0.04901491227348282 0.09458338627652342 0.07601617708322643 0.06806046042517228 0.08266030472863077 -0.020748123313042054 0.04368761178428412
0 3 -0.028377000348395486 0.07771050038900368 -0.04013635523260704 0.08013307986740836 0.022078108668343196 -0.0807097459996373 -0.023711187045846162 -0.03339116127854677 -0.07838136746653074 0.061316026866107584
0 4 -0.0977875392088736 -0.01070796806793569 0.02487135209581126 -0.06715068399278608 0.0734476871785391 -0.08970989044756891 -0.03358294695914837 -0.01208648574107657 0.02215058965515943 0.08034915423171805
0 5 -0.05010775414341536 -0.06406132308613106 -0.09551490312492572 -0.02141594272955117 -0.06656756727423468 -0.0807272595292707 0.01651541584352892 0.03835383756158744 -0.09444096330726148 0.07089095680135868
0 6 0.05731525296839424 -0.02500643405569737 -0.005421964311358044 -0.026064154005996706 0.07626679900814728 0.03595141351983805 0.03176588375806791 0.07500761593241029 0.006658272440097245 -0.0940220720044956
0 7 0.06280176228847827 -0.06380238891802494 0.07863860562077335 -0.022652913901495125 0.0294500241575304 -0.05227265052040381 -0.007617805424830409 -0.01133656793407632 0.04260641411761373 0.048863308193553674
0 8 -9.244100288339351E-4 0.009573875862577394 -0.0402125017184844 -0.07625956272069562 -0.01895367813115505 0.023859018388463858 0.0017159108965358022 0.07175150387580735 -0.07664130982696164 -0.06127126119260051
0 9 0.009089876543425359 0.07809251652462787 0.08596416949474014 -0.02312619246549798 -0.06857373641916767 -0.07391915292336645 -0.022072617128453664 0.00239169874157272 0.06001104955096719 -0.02478554781032464
0 10 -0.041211350631585424 0.08057197022399934 0.045215594429724386 0.011918956405955656 -0.09186403931922832 0.050221257249815354 -0.05178822113420399 0.008292234533940474 -0.0357334749623099 0.01216901429265747
0 11 0.04574713610244907 0.026593425422091158 -0.045599292544073466 -0.010282899876113947 -0.01805725856223326 0.06353001339175976 0.0442048393651535 0.06907702769278341 0.0463658562476784 -0.0947096984884469
0 12 -0.036399678937031825 -0.09438242622296568 0.028146562038749646 -0.057273985227958686 -0.017865047299521382 0.08108628706747785 0.05136302386063437 -0.07182522359939732 0.051412603484260175 -0.05036444105777979
0 13 0.03889522762267239 0.015293271669442157 0.07862066468787719 -0.09974082885055406 -0.09929276398675076 -0.053458583647396946 0.0639292505618592 -0.012309002292280493 0.019891345634547208 0.0823039742466666
0 14 0.0760693245741313 -0.014431276524875507 -0.06409527780268424 -0.010639345621788027 0.08097496089156206 -0.00866405747206969 0.0732353017028365 0.028496861700697602 0.051247389403264516 -0.042934336628300186
0 15 -0.02557380374855164 -0.08032535445400918 0.09485257314349142 0.0889739218356761 0.08074905621326885 -0.049480420819355005 0.08250667187584787 0.01756089897024127 -0.012919636382727381 -0.015974602351008355
0 16 -0.06745667745628393 -0.05770409929978095 0.0506075085122667 0.02424134604872937 0.0028757016351520755 -0.016736742686990123 0.047514131056914544 0.026169390116101213 0.0136454785957807 -0.022126164035512888
0 17 -0.04455777298714691 -0.025377538266898408 -0.014743454601549822 0.015704943451376074 -0.03632930011227817 -0.059605254976545494 0.057629726198666714 0.0959409633357499 -0.007088070504622 -0.09703703921205536
0 18 -0.04430340130227764 -0.056741575745707366 -0.09589029718229788 -0.014215425968193416 -0.07930679999751272 -0.015513330229723288 0.03244820656526089 0.046773623637175625 -0.00997209456870053 -0.05870822331345427
0 19 0.003460589808344759 -0.07596813810796899 -0.07645780648545977 -0.05718761432722213 -0.03393040871427553 0.01486895453479391 -0.09499694310192411 -0.020247931380698452 -0.007009211056008921 0.018436212615574807
0 20 -0.006081456879013217 0.06715044890229895 -0.007906560021503172 0.01686206552231657 -0.05225597731790022 0.08530797008978164 0.0459108205956525 0.01707981902062974 0.08566119743032836 0.039906963578476125
0 21 -0.002423099063979772 -0.07435428937902538 0.07839441303295944 0.07340397698008476 -0.05336545411210377 -0.05781408942861295 -0.061746523846238396 -0.004630759369478594 -0.03358711609455183 0.07873160509723887
0 22 0.03761246616130147 0.09604056897971655 -0.05224966661746581 0.047138327054730415 0.08298679556058518 0.009651312502746633 -0.012405886529462857 -0.05461120451696418 -0.020791776377778893 0.01079380494571701
0 23 0.06150543590187645 -0.05236548204213504 0.031197458055083036 0.013742273830257265 0.07325827590420778 -0.014848902326672775 0.07044407569721643 0.08322457963422532 -0.07245144078113018 0.025722941420227737
0 24 0.09578904721622279 -0.01974317837725899 0.014053896331085404 -0.025937851362108973 0.007752608086554322 0.05923681636172692 -0.06705137115163412 -0.0961152416618022 -4.1449070288783344E-4 -0.015174933932216396
0 25 -0.09499652470915516 -0.024980419592545464 -0.04064668708716717 -0.06943648271255132 0.08407955494948564 0.029995802943010765 0.014579335683593406 -0.003106526585374358 0.05222055327859669 0.05823480000860952
0 26 -0.04279842756461827 -0.014383614107281364 -0.055384070952038095 -0.09314932082219665 0.006432786836189647 -0.03572006230907377 -0.022169051296979388 -0.029922293590767583 0.028378485430805657 0.005239836764423851
0 27 -0.06989993542326782 0.06807411293304562 -0.023281170625732685 -0.08671294419187472 -0.08767781931057389 -0.08319832566528959 -0.06335184979505004 -0.05972768866376452 -0.03762586792124346 0.008147470194491541
0 28 -0.0052526316724450335 0.025044421960285775 -0.08480823911452069 0.05246221309469468 0.09110333066629893 0.07362079527986569 0.057277449477288335 0.03068565720763213 0.06745718565780284 0.07405944447036401
0 29 0.039400146038246514 0.056759883825324 -0.05999919643192989 0.02086065039485178 0.015417968130643393 0.08270229483284823 -0.006845361679383458 -0.06926130956758013 -0.01643003864006573 0.025572365908529505
0 30 0.08031136746359697 -0.05350608335803428 0.06773560982005732 0.032010036393670546 0.018661968007019098 -0.0503362677586023 -0.002033264049456313 -0.0750089078728655 0.05229327883097756 -6.814635274438228E-4
0 31 0.07972878189953127 -0.06413968104012527 -0.029138911793374175 0.048688052931860674 -0.05390181874274735 -0.07735691451512328 0.037574069770647915 -0.09140839939670581 0.029083238619719256 0.09084982058611964
0 32 -0.07946370244470406 -0.057190052552583734 0.08699356131756125 0.09077420380137392 -0.0690519302986032 0.04891475927113835 0.09679661788119376 -0.09992464296038145 -0.017604937441919842 0.092637299536672
0 33 -0.0828607876042336 -0.04270513516996797 -0.021042641629707936 0.03098789437412629 -0.09806995234440614 7.145778173893994E-4 -0.08177868275180912 -0.08867294544384413 -0.03698782412901469 0.08320757418143868
0 34 0.08360492966834782 -0.015072043638227272 -0.031071715505379897 -0.04689907116716066 -0.08433934918635769 0.07884083223237308 0.08412225306611035 0.052494603394247136 -0.012611034717384496 -0.051164557376273456
0 35 0.04473939108032733 0.03947886391413516 -0.027615992504933483 -0.057838350654315 0.06486251990542248 0.028642623606134503 -0.05365998418006066 0.03353053970432621 -0.0532395097326325 -0.04340625732678717
0 36 -0.013034489278204955 0.02993975496829475 0.026442797037493023 -0.049154784587311054 0.05440076983598255 0.06193469469836501 0.04794994741229124 -0.06841198903545473 -0.022229692214153683 -0.08392696699151024
0 37 0.06593252275411744 0.023672450815121572 -0.01822641211738298 0.09355272876377269 0.08565049941688406 0.09821128186672083 -0.0830667747868642 0.05357062950047548 0.06185218210803575 -0.07965441659047266
0 38 -0.06510380212736694 -0.009032978685580853 0.05245968456229412 -0.07090490745941917 -0.050151941549392814 -0.05034416471005997 0.05443654500890894 -0.01018622701366978 -0.09682858587868788 0.04049148031806535
0 39 0.033353112637996674 0.04133986681699753 -0.060066379606723785 0.08070596307516098 0.06573768705129623 0.014850383624434471 0.08770570904016495 -0.036412060260772705 0.0366409532725811 -0.08037111908197403
0 40 0.04383540039032805 -0.08332233473278448 -0.07352833069781015 -0.05234649718340444 0.04577274374553282 -0.06175168576578941 0.05199235984625896 0.09119472346344346 0.0044090250577069195 -0.047632775334969395
0 41 -0.01899642053225215 0.004906555014535782 -0.0011841218431226223 0.08527335300226155 0.047200295732191686 0.07452191596493851 -0.09466662988805777 -0.010913801221050325 0.05121623540843056 0.08085721200642818 0.016919333487748992
1 0 0.07844240218400993
1 1 -0.04654460027813931
1 2 -0.015868967399000962
1 3 -0.05681797862052857
1 4 -0.04263569787144601
1 5 -0.047752670943737294
1 6 0.09404597431421312
1 7 0.0010604917770251697
1 8 0.029216248542070205
1 9 -0.015129387378692476
