## RankNet
## Epochs = 100
## No. of features = 41
## No. of hidden layers = 1
## Layer 1: 10 neurons
1 2 3 4 5 6 7 8 9 10 11 12 13 14 15 16 17 18 19 20 21 22 23 24 25 26 27 28 29 30 31 32 33 34 35 36 37 38 39 40 41
1
10
0 0 -0.20296170048987333 -0.11324184846332652 -0.04980056771877376 0.12147027833355638 -0.08891178102375481 0.3218414566206087 0.01900450555050629 -0.18004088572673138 0.047887544227420725 0.22936677602508956
0 1 -0.25386968413309474 -0.10241122621790417 -0.012025081930425839 0.24039144988675795 -0.25447889932215184 0.25417123075233655 -0.11763316470062009 -0.20318841544783206 -0.04805069881671853 0.23228301262581869
0 2 -0.8213112216632797 -0.2551784043087005 -0.357902176136646 0.8257947125226882 -0.7330958422720437 1.271235954974685 -0.40842826446462044 -1.065734921667574 -0.27537365251825846 0.9209745908576384
0 3 -0.26730306662996495 -0.05416457878588085 -0.1677835626164267 0.35109002424143754 -0.14461913627702613 0.3288347182985898 -0.09012811060707944 -0.35917780372891067 -0.15135888795541166 0.26829859815431933
0 4 0.03531276264954725 0.004776484921035729 0.04920955711544649 -0.22861614062807872 0.1966458168834045 -0.26081831494360347 0.0840006987096979 0.15477471234160506 -0.009498281392551444 -0.22608322641571216
0 5 -0.28200263452516766 -0.1466521992497967 -0.061861403064322654 0.24679988684680035 -0.34499494128470415 0.45429537261202596 -0.13485904226185616 -0.38454781999517035 -0.11775973276979175 0.26545623366632165
0 6 -0.09173951480679778 -0.09840299975783112 -0.04936285625312104 0.13163113193195072 -0.15420526253401193 0.20574924200088096 -0.1244660029388507 -0.37567281984211237 -0.10007330546362944 0.3053529153664972
0 7 -0.023244888029928093 -0.07977759506421475 0.0793441264418665 -0.14510453611504276 -0.021145706789347945 -0.1451887137358091 0.11694648180703887 0.14394488003915856 -0.05910252120932929 -0.04435226448084092
0 8 0.013203225099990158 0.007653711206689656 -0.11843323489403403 0.03172668504856934 0.021542127472649483 0.12485927127806355 -0.11547646233710301 -0.19969334782824713 0.07465610661250886 0.007990089437475912
0 9 -0.27784699870366414 -0.1366755241910086 -0.10118772592206172 0.3507917083743778 -0.2467465886902835 0.3401238981350828 -0.11020051604774209 -0.47923642479399503 -0.14056280771120866 0.3739367691855688
0 10 -0.3199506791326551 -0.15124710839891237 -0.10684303111028413 0.14971801016623404 -0.29059836213660234 0.3950087076703939 -0.11154783141097281 -0.3968757460277946 -0.09807835705839016 0.17990685749324106
0 11 0.09433902290577163 0.11542393518723904 0.15833164458160875 -0.09583167510188521 0.06834641142721852 -0.32576066467751214 0.10559637814666652 0.21677480426579204 -0.027057848874411455 -0.22102434005378216
0 12 -0.15125987398050075 -0.061283728176414046 -0.1446681141382123 0.32142782638536727 -0.28619086816179135 0.47015811631741733 -0.04080669970049325 -0.3807636238703672 -0.09475894842191453 0.2742762028032303
0 13 -0.2375535909744572 -0.05044086549573386 -0.14181882879085253 0.19717828919672495 -0.2579620611883031 0.3530006279913442 -0.1950010685205546 -0.4720735003720976 -0.10093657459144256 0.22970339676889956
0 14 -0.21138061647712159 0.009593412870118702 -0.03915825741747049 0.25596995788050075 -0.23222712398643414 0.24858355533265591 -0.10747225578908631 -0.36710677882022696 -0.13514763750192768 0.3011788256427939
0 15 0.07137407941179792 -0.048020512541281556 -0.06381798258850639 -0.14192566062650408 0.06046754715554272 -0.1501631785318589 -2.5804949287596036E-4 0.1276950048034342 -0.02649742365143938 -0.07559776734983208
0 16 -0.02548986887008211 -0.06839331614288281 -0.07410532775925564 0.06408135627926005 -0.13676000204306177 0.15319962743940332 -0.02919370173177406 -0.07983003011295788 -0.04038945469996071 0.03649428551760379
0 17 -0.13177674741798318 -0.027121417764384457 -0.024245630416136154 0.1371988268449293 -0.12087056262199461 0.05998234680237834 -0.03900818917340966 -0.19537364579324448 0.03830107411724136 0.06477183152270656
0 18 -0.24792753099570702 -0.12101612314361515 -0.1058824148147827 0.2152225599810046 -0.13696774685017835 0.2013629180299875 -0.15389475500630617 -0.3690701407784869 0.05439022999828857 0.25206348472045
0 19 -0.1347458415305748 0.05036429780269928 -0.088839805032681 0.0720216592778585 -0.023859383050462445 0.2619217244412881 0.02501044593784945 -0.2003379386441756 0.04067761594560412 0.0729000381519927
0 20 -0.13994534218133234 -0.11178254816469745 -0.04401166706169878 0.03527845666371966 -0.1629347648913108 0.13054836158876693 -0.06773578329256834 -0.20520206032271687 -0.05388224372070876 0.17699513269216655
0 21 -0.04334079184182201 0.03081954917378519 -0.06905849968931238 -0.06497780204205429 0.003844955003508294 0.06397688198932676 0.03551538779562785 -0.10256344067730386 -0.05001910534730771 0.033135874343778
0 22 -0.21308969049677512 0.04367626245067403 -0.16738079798023506 0.22677124950644995 -0.1807126411750755 0.24331014853303487 -0.10199550490057893 -0.32802632568660695 0.0052677935489111654 0.1134665888709178
0 23 0.06621781500647246 0.04681405974613305 0.10341774812601436 -0.10765004985102569 -0.03680800984895206 -0.0734191841563401 -0.019603410485489404 0.031064390649119786 0.04554747759880686 -0.034072959883930054
0 24 -0.09290377762475498 -0.1022909075516377 -0.09075285045337304 0.1355551634566062 0.01332363888327006 0.18661044429334112 -0.04131368079182898 -0.14602275479982296 0.07965760726856769 0.1626505739295866
0 25 0.16690617718604178 0.10565914368109638 0.11772826064492117 -0.22326575014479677 0.13098566763536298 -0.3913566069955048 0.07149120342933798 0.28450023449202205 0.0544814801277307 -0.18275711260435912
0 26 -0.05474133218222808 0.00999729429367272 -0.019340983829931678 0.14769361749184595 -0.12867077318276396 0.23457037178645984 -0.13951311455364443 -0.22814621800236012 -0.08752462798140825 0.12924692141892777
0 27 -0.14271755743648581 -5.34970144817895E-4 0.031832471989801284 0.08603170450013531 0.0129906053950224 0.05005113850240434 0.01896647980208504 -0.21062967648473957 0.036172587588517546 0.08584655757388682
0 28 0.10819202871043646 -0.024420863666550784 0.035096139344539035 0.04548772540343557 -0.01807897129144418 -0.024202042745126186 0.04616334066052363 -0.004081050803932791 -0.06364665973905252 -0.07738206087164519
0 29 -0.06569789203241007 -0.09443330363991369 -0.05703869383565595 0.0034664568418991946 -0.035198232424740405 0.13714559198725804 -0.06971098613362472 -0.018051443286221627 -0.018224995564409947 0.024628333212649452
0 30 -0.10285527396349095 0.018234117838935276 0.022444602347406424 0.011848833489920326 -0.07586451919614245 0.02687798390391622 0.046715350617412776 -0.06613819946518999 -0.08725457421327712 0.07347748066548304
0 31 -0.06545755258771244 0.03194162561557321 0.03216941547198666 0.021194854371111755 9.015357917662314E-4 0.10793341553620951 -0.13145192918337525 -0.16711933592114134 0.07531878788079367 0.18139493164402723
0 32 -0.11810991102197284 0.07342105750762619 0.03569617900087706 0.06556610941205324 0.022051750308003912 0.09148422809966128 0.0661232463244436 -0.09959645179549101 -0.10595778557174282 -0.01664086578194028
0 33 0.04235177700912467 -0.10327596747822541 -0.0451366028421176 0.04725173864113096 -0.10845382289304117 0.1555928292952059 0.07926552653663294 -0.046365928098439084 0.06168028577313393 0.1309338389090016
0 34 -0.001309655844330372 0.031689763782324874 0.06632463552981958 0.08357881720443251 0.06240185062037336 -0.057194498543355565 -0.09519113475974272 0.046321457281888315 -0.056895007723875436 0.04805302988450302
0 35 -0.005315654810217735 0.0720180903636041 0.07501765968683827 -0.13013744408034802 -0.05087002409180581 -0.13814355694548192 -0.08330838318554135 -0.04887697858684523 -0.05561039283894267 -0.055914923220163545
0 36 0.033133067043522785 0.10566521610923309 0.03834655549460943 -0.09241187049313332 -0.04009303180475738 -0.20034777764229075 0.1073754526033167 0.08007777281741 -0.0498603652533633 -0.15466521067175407
0 37 0.09923215805724342 -0.058269501173299994 0.08177502656659427 0.010948356382142437 0.04275934875866159 0.05856561596844402 0.021185038695662996 0.03966338144441063 -0.08155529277657585 0.030195112320400726
0 38 -0.010839986614882946 -0.08623506873846054 0.024356847628951073 0.04655153676867485 -0.034355975687503815 0.004455608315765858 0.0745069831609726 -0.08579029887914658 0.0760066881775856 -0.052724532783031464
0 39 0.08084814748315326 0.0929563848784214 -0.013851701385998253 -0.009307240904431175 -0.03276416967455859 -0.07312455142941748 -0.07875120628150876 0.03778677281052387 -0.008214419113273025 -0.06938955307981882
0 40 0.07310724755080675 0.10806695797838571 0.005927940126156729 -0.045836810165701444 -0.03260380259702504 -0.08071556527150163 -0.018337092237792455 0.00744746313737102 -0.03974831323890335 -0.062007239828522194
0 41 0.08807553450599814 0.0994059241863486 -0.007562722717243863 -0.12308455615046429 0.014813163644732475 -0.2571273149896196 0.004645761427861521 0.01758188357536488 -0.04916262025258013 -0.12809546953659529 -0.3468797926862874
1 0 -1.2886750570046213
1 1 -0.5389220763908422
1 2 -0.6632169437413031
1 3 1.168082685192821
1 4 -1.15124696203551
1 5 1.7945885810510442
1 6 -0.696267399765463
1 7 -1.7743935937956827
1 8 -0.4650527508558868
1 9 1.2894022165034555
