## LambdaRank
## Epochs = 100
## No. of features = 41
## No. of hidden layers = 1
## Layer 1: 10 neurons
1 2 3 4 5 6 7 8 9 10 11 12 13 14 15 16 17 18 19 20 21 22 23 24 25 26 27 28 29 30 31 32 33 34 35 36 37 38 39 40 41
1
10
0 0 0.04806279328342923 -0.0406039225830073 0.039259557029130004 0.09719260356089507 0.03903246564735514 -0.06466493434978253 0.0064754192259010345 -0.051093265844371405 0.012403438437133036 0.0905145467253147
0 1 0.06273582310606196 -0.05710309372735287 0.06198633503793642 -0.07276003412032679 0.07860212815813551 -0.023661274280399765 0.07849287972797857 0.04614340850606821 -0.08859010138425431 -0.03026698399072256
0 2 -0.036069124247237565 -0.06923024087410319 0.012797474237626094 0.027841707455210474 -0.09599331961168973 0.06619737679535977 -0.06547383831763716 -0.0297119971939127 -0.018412806629039845 -0.06942624669219076
0 3 -0.055724231416529275 0.01150027543943844 3.4354501457111716E-4 -0.09892840538185307 -0.07089094446888794 -0.06069835028015156 0.04070824281330495 -0.06520356683276488 -0.05799700603184869 0.0856908419559786
0 4 0.003952920446068303 -0.0889924710365189 -0.03154354887525501 -0.00589268882899584 -0.058022178434505814 -0.06588748757529606 0.08465080470893734 -0.08676145235544093 0.06257046620482147 0.09560818864472977
0 5 -0.03883376645695865 -0.08021895581235326 0.03019228667964131 -0.0028729552489640676 0.03590535475121927 -0.05502478993447776 0.0033174214426037333 0.059651684078848764 0.06942756608832674 -0.07708259286917876
0 6 -0.07375190322483738 -0.09907620680520138 0.05407637177782466 0.008259517146790211 -0.020815685718729018 0.08060713188138735 -0.05303738605166597 -0.045628563770600046 -0.06015134480868666 0.0249915268121388
0 7 0.018374491913195987 0.01545054092405642 0.07541186066262887 0.08891163889622487 -0.05089873006268942 -0.06811677869579313 0.05353732155958934 0.0907324760806567 -0.054489948124273616 0.09981177554674871
0 8 -0.051930208197883576 -0.02649062070336325 0.035378464350620864 0.028938744566187353 0.01068530384319554 0.047851056277132896 0.011004615426675515 -0.02913146851459701 -0.05991201104021279 0.07024613132729254
0 9 -0.08286695423483437 0.09460345521266117 -0.08505136550833681 0.001080407143056239 0.08164085452250666 -0.07084749979315581 0.08723265346822594 0.05990229305944668 -0.022077980362764996 -0.04482366771077444
0 10 -0.012448547076117197 -0.050435903598240545 -0.06975062430873315 -0.015668948104071417 0.03781467675563931 0.02041386876708999 -0.0016956591921743962 -0.023409558656945755 0.06520797373383097 -0.01634425108943457
0 11 -0.029401875105709067 -0.005145907412610015 -0.01223360508645477 0.08213741457866443 0.06451312742665105 -0.0036565896207612384 -0.0032875492077883615 0.01983749617434819 -0.028247665121738225 -0.012291379924003311
0 12 0.012507216388194867 0.04432274448287192 0.044988821000650096 0.08200324197522908 -0.06482216676844066 -0.016725065582557486 -0.014207938103088355 0.05946900978024157 0.08530674903019755 -0.03737108178889528
0 13 0.029226744806838324 -0.044070868128079345 -0.06428601075456204 0.008680191649843452 0.08580928900614002 0.07666770602523167 0.02725385730495808 0.0686802814858162 0.04191588235067993 -0.07343820669093429
0 14 -6.303049345040244E-5 0.0820186843354274 0.09042396203510346 0.03009633906055906 -0.02193049049395581 0.07379458060866198 -0.04771269875132606 0.09011394736103047 0.08610394594787045 0.04669266728374712
0 15 -0.00927962571720944 0.0781206896079063 0.07985248370896837 0.09415239797055294 -0.08383296246744219 -0.04143498857476411 0.0570091840568696 -0.07487203429331814 -0.09856847666279024 -0.03186876140954486
0 16 -0.09969598373797571 -0.05506544499887947 -0.06340763773797754 -0.08573157860828252 -0.016076519427202028 -0.062400059503745796 0.09385106611018249 0.028230467271420624 -0.07753937911259672 0.02317411342023591
0 17 -0.012419743204518599 0.0360691869369068 0.02168984116086453 0.06236570007795153 -0.0023320836812993 0.043288375840626295 -0.026551655725973233 -0.06113554967454592 0.029499986403922596 0.05768046866548696
0 18 0.03346452208111351 0.06330995571601924 0.03579899947309653 -0.0014717732420976195 -0.08621052978959196 -0.004894133806992222 0.0858626383425226 -0.03565163114871376 -0.06455169107093862 -0.01745199660809002
0 19 -0.06000814914034648 -0.06423565135893262 0.03129677346798314 0.04060960770304282 0.001878851234413889 -0.05443409052976096 0.008229939399134434 0.02503970540980448 -0.06622171753848788 0.09476148158041169
0 20 0.018368823212235617 0.050869953165333166 0.06672813191161572 -0.06355235592709305 -0.03481978265785296 -0.05394614475815476 -0.08441628337431749 -0.04010259110784894 0.017296127072320717 -0.05579739041926474
0 21 0.08702226919519523 0.010023347977344584 0.08550795068295532 0.03377966411927831 0.09886590518599897 0.0755745645789708 -0.020654951655810154 0.07352516431892181 0.08576615334673308 -0.06651386428281698
0 22 -0.09980733766417586 0.04890683601576103 -0.03669993671003912 0.09846778975862032 0.03690252053863603 0.07302274152695161 0.0823980730743638 -0.08990653291739893 -0.05348508157513474 0.04424013203348816
0 23 0.03463451613909995 -0.07142825737917759 -0.09664537742485822 0.09309819909698866 -0.026300037328341075 -0.08497532241267856 7.393125423046499E-4 0.091347614179994 0.00787308606324088 0.05210600696071395
0 24 0.033126833673314 0.05123132872765702 0.06910187510219463 0.05773478315339561 -0.04130318991663594 -0.09150468293615212 0.08016408414639291 0.04945919409526213 0.02497564219258411 0.06748297588426663
0 25 -0.0868788373332538 -0.0825494331323377 0.056756488023888337 0.01755391691861727 0.03796553488543785 0.01323666025346437 -0.09660726171358083 0.0742864332132984 0.002787689173113559 -0.02372639330441571
0 26 -0.09353928002341827 0.010034585096657766 0.028615944004423466 -0.029743660284650267 0.023281647595039423 -0.09026907376818853 0.06216979135655217 0.0757009657568557 0.07514753612273865 0.08329067486829372
0 27 -0.016023753297130915 -0.07904065756321237 -0.09183910151486964 0.07789137452885944 -0.05477009182469084 -0.01924636632487326 0.07971956910262269 -0.014586632077210006 0.04961527795063909 -0.09631390712753772
0 28 -0.09950466582156484 -0.011406256416784687 0.002757483648488507 -0.010998035168036137 -0.0166986365334915 0.01148955032726353 -0.02566207771536611 0.021553965821792177 0.0028605799977216243 0.026376531102056004
0 29 0.046638595446886526 -0.04378329084709417 0.07983638380567916 0.08594948114065211 0.04139624367701491 0.041080577138308386 0.04849549806878864 -0.02845805338281951 0.09676226885118096 -0.051361467903116416
0 30 0.06874451451791039 0.0796148085740435 -0.06788952433604488 -0.05146368206930626 0.04200064766025291 0.08043465905438497 -0.041645001747671356 -0.046131075928967584 -0.002556319132816209 -0.017402377387526424
0 31 -0.09510173826483954 0.0010940901036567397 -0.04103063721388871 0.09717621557197066 -0.024418678774219413 0.009677141309958713 0.06920794367688096 0.08699313005831157 0.025702205686998467 -0.09091689290764404
0 32 -0.0797985167025754 0.013928417742628133 0.028426752759023455 -0.07720731416242672 0.08168822374643411 -0.06759364345426949 -0.018675290273787462 0.03346719992667064 -0.055722299863116456 0.013971966504804678
0 33 0.03744795931148923 -0.08501811312883407 -0.038206527141299816 -0.05703132151335437 -0.012285018845949819 0.011709754040355416 -0.04163978178559316 -0.024383532662498188 0.05672861848298761 0.07169420461774716
0 34 0.00418392996296299 -0.07228861031234954 0.07383972921622466 -0.07892044171241905 -0.0015250813599551665 0.019340813373260293 0.013060880711863163 -0.05210018675443764 0.06477242288805173 0.02063263077482606
0 35 0.05810446438604141 -0.0909277269950497 -0.020907435669710123 0.09065260850220566 -0.0712697458813564 -0.006385116721975955 -0.016877305320638098 -0.06512563889084882 0.07376839482053658 -0.06809188700006849
0 36 0.08603243878970912 -0.06993410354130543 0.029346605138934837 -0.051765706705869295 -0.0970185714790531 -0.03498596234766012 -0.08226564853708411 0.024527411727733064 0.06192904046055678 0.02504885758472229
0 37 0.09281751014810447 -0.08609213931581744 0.06557183832548769 0.053784977963654 0.08958976144382905 -0.011918091027495864 0.07251263585430168 0.03695549093466783 -0.019131546183553914 0.03183145495185414
0 38 -0.09068734196791758 0.08378259462316956 -0.09831405442191475 -0.06357302576368666 -0.05868802947982013 0.07009525807297463 0.0026531502012877785 -0.00497425387503372 0.010018016401838801 0.009532800637090812
0 39 0.02507185617433458 0.03982379824094617 -0.08415843600762829 0.06344077872383908 0.038862928246075276 -0.09513827094835454 -0.056294715119974546 0.012742430965069374 -0.014046918825513788 -0.009291888169155537
0 40 0.018664000709212276 -0.09803726771309923 0.06966635414233875 0.036282465480846016 -0.07371623847760286 0.008734893472583716 -0.09415877737158677 -0.017162620949144874 -0.09615735290595971 -0.05752159618415138
0 41 -0.07148629854287585 0.08786059578574217 -0.06510903057528121 -0.010474298308297901 -0.07249659565896244 0.045978430032700995 0.05290978473300522 -0.024132892528306714 -0.08324614244740564 -0.03482905804443975 0.09713847935199844
1 0 -0.023034954443573882
1 1 -0.09289073944091683
1 2 0.07001907378435063
1 3 0.04551788419485111
1 4 -0.057642746716737546
1 5 0.022969460114836797
1 6 0.05159307643771187
1 7 -0.045070052146911496
1 8 0.08177016675472147
1 9 -0.09921729564666691
