## LambdaRank
## Epochs = 100
## No. of features = 41
## No. of hidden layers = 1
## Layer 1: 10 neurons
1 2 3 4 5 6 7 8 9 10 11 12 13 14 15 16 17 18 19 20 21 22 23 24 25 26 27 28 29 30 31 32 33 34 35 36 37 38 39 40 41
1
10
0 0 -0.020119161131317072 0.004580898079962531 -0.023969835616661217 0.08226035082013144 0.03434198029746144 0.06771860849935415 0.035665226305234714 0.050303825636814535 0.08782729920115313 -0.04721926608079894
0 1 -0.08444511304991768 -0.0454738319405802 0.06080385387115235 0.08116152155018323 -0.011019095425453323 -0.05301305193085218 0.02385401103164664 -0.0331832869842896 -0.03866175885440913 -0.06614968319845195
0 2 0.016725577113880508 -0.0897215282217768 -0.09767079136015651 -0.05673360254032513 0.09170888195896153 0.027372264556165312 -0.037946785736139875 -0.06483788511345602 -0.032608838411963686 -0.03899647280936057
0 3 0.0037859903879358617 0.0906461444718319 -0.03987685413680986 0.05530733278205345 -0.09597452285972707 -0.004347907127929494 0.020399387500766177 0.04331238679912809 0.01355254785418545 -0.06482862112045505
0 4 -0.03244876200583859 -0.09131228436296007 0.04963295244737243 0.05177610146034493 -0.013248543143808756 -0.014584793767011559 0.014508363398346404 0.0709095545850524 0.060702669084785874 -0.028313518411681494
0 5 -0.0721229329662515 0.08824264384431962 -0.050437277741774984 -0.03784413285243746 -0.006375560301012873 -0.08592826614866486 0.04300838014517082 0.09018311365467196 0.07788851755500201 0.008033405442706677
0 6 0.07668518589107384 -0.016918281672125036 0.09312369506341966 0.08418975106903821 -0.04787964181042587 -0.07239463189624717 -0.0837022815030776 -0.0754920118234989 0.05223322053770983 0.038487749599169174
0 7 0.08557676334535526 -0.0872274136139452 0.09640155143608109 0.0233871416272594 0.015616432153371782 0.03190473902483435 0.09428466265059199 0.029342215822559744 0.0660800281112212 -0.0067990707406951146
0 8 0.028819754039047962 0.0022511134147761543 -0.07583959412778761 -0.06994026469079755 0.09545644277280149 -0.0048823036105970705 -0.09262810497234483 0.06151600649212487 0.04262493071347278 0.07409464029048718
0 9 0.009335017293485107 -0.018204219406118858 -0.08989800615623585 -0.033126461739822734 -0.04404246790732979 0.07139979697176148 -0.03572513658666542 0.029758204171111635 -0.034363973537317544 0.0037313538681558885
0 10 -0.06294106632164355 -0.06283070518474516 -0.03329702050845441 -0.06125380440940124 0.012700782421791939 0.04089151834511006 -0.026748602477111236 -0.08473815974985792 -0.02491057080772393 0.08964704115509123
0 11 0.04099911911806443 0.027173703262032386 0.0374781215275768 -0.08696583945370365 -0.07170180088179347 -0.0712609909607419 0.09463743189138984 -0.05918539578696762 -0.04591898088420462 0.04701101206662927
0 12 0.040547495516945045 0.015171572495366844 0.0234610315345695 0.0762993390914072 -0.06364226135375539 -0.030658819795095292 0.05447771832541593 -0.03920851218804216 0.013950672277275734 0.020110275887469907
0 13 -0.03649694780051584 -0.06514413252663435 0.03656756083315309 0.050048999900269495 -0.05623792022915712 5.063685030586794E-4 0.05228458523067822 -0.05398010240672618 -0.058256389463848694 0.0951204598001107
0 14 0.06852730230931664 0.006748113079427896 -0.0572777649099827 -0.0775697785783493 -0.02288034214147716 -0.004132595664725014 -0.0974026610952608 0.06395025176117847 -0.045081338034682755 -0.07206478909279988
0 15 -0.0684531400205626 0.05213331277095918 0.07327509514678582 -0.09883518440955236 0.007456887886690008 0.00853222332268679 0.07564278813719225 0.04404439265259986 -0.050445130372845155 -0.04563930175081986
0 16 0.009412286978424153 -0.028021590583288184 0.05015593470833461 -0.02229829320349845 0.09592245291771985 0.046888063615690805 -0.042620485736002356 -0.07256467776284936 0.0025391381616458875 -0.09002143323715436
0 17 -0.027764326130328996 -0.08357635898879698 -1.1807635877151003E-4 0.059083802584560655 0.027587026508494168 0.0979934509093476 -0.008119421397256901 7.683359576717524E-4 -0.09906551835459965 -0.012392337138506205
0 18 0.0486015711303414 0.06901616763982736 -0.008423078022602497 0.07940041964920641 -0.004948600414116304 -0.026765073532350782 -0.01835828969119334 -0.09846556805371594 -0.021727824702468534 -0.08188857276524289
0 19 -5.478171041359044E-4 0.0977285857251888 -0.08766673466979928 0.028094895374797323 0.06192940824659482 0.06788973047998798 -0.015661334371495694 0.0267017696051098 -0.06519194040275622 0.007801588860085466
0 20 0.0708750277407328 -0.022972736878894465 -0.031484840062444244 -0.08107604500047443 -5.462522367883858E-4 0.03727478146421933 0.03636223882536459 -0.06321549497073983 0.08803549163134745 -0.009846969378463893
0 21 -0.048926744532487035 -0.07957373457149104 0.08719244098856639 -0.006039678941998878 0.018336143791409982 -0.09574949325375805 0.09343086090889151 0.008790732437258614 -0.08202570864464817 -0.024336195466649783
0 22 -0.07260366415031105 -0.034354780157713455 0.05557048710438053 -0.05433404196431921 2.9979918435003806E-4 -0.008111084909709021 0.06533042317522747 0.09298476515980365 0.06027572686451915 0.0283784909334062
0 23 0.0020514281007039522 0.03374698453781539 0.013365024782128247 0.027779118346220884 0.0058682441603491965 -0.02866907231507961 0.07576815673770271 -0.014159367780785206 -0.04184002357410766 -0.04811647630058668
0 24 0.03905963215077869 -0.035987043082686306 -0.08802348460923388 -0.05804091868173377 0.02357357191831893 0.07082265885744228 0.03829808603678394 -0.029048097833663487 -0.08143172096754778 -0.07984716115240867
0 25 0.01708518214409637 -0.021192485162013663 -0.05555321046904764 -0.005675862531958414 -0.012994062548472617 0.05392920247650131 -0.05731494410326902 0.01714727714942656 0.06586259788932287 -0.08057143573283708
0 26 0.04706086843303709 -0.020060050049003603 -0.08235671746284745 -0.03411083831583544 -0.08840968609506304 0.05979798528835379 0.013926683035523295 -0.0021535094012000203 0.0011042482541096371 0.03979477560130532
0 27 -0.0031667435024801886 -0.01802297987446174 -0.05408842890434601 -0.06603187790669617 0.09384286769141027 -0.02585635638269655 0.02660994858066212 0.009125474688635064 0.004320510667550471 0.08975257073624654
0 28 0.012676648423864033 -0.041832688928930516 -0.08378312363552795 -0.06810766635014066 0.0611700478671733 -0.0717468499734811 0.006552621371106563 -0.06751665724833067 -0.024455637774396924 -0.03875924045208386
0 29 -0.011169097816953882 0.024036275944991803 0.03404842494030956 0.08783860273811508 0.057281214456888024 0.032690171174183526 0.035257349694104184 -0.05919563056759452 -0.056689928310382165 0.061978217634216654
0 30 0.09036803106754364 -0.061456857322607916 0.032312914591315314 -0.04401500852315442 0.0023733902480841556 0.00476787319259765 -0.07303549690119013 -0.02756511566307268 0.02185105751129017 -0.07592657453841212
0 31 0.08161265310684167 -0.017427182307068467 0.0728170589666585 0.03038622974266707 -0.05799789855998126 -4.085959408462231E-4 0.0751440448579815 0.06246754584073946 -0.020817988130447523 -0.07637674605248607
0 32 -0.04568977371124005 0.08912106194681216 0.04630272484780293 -0.0705808444376747 0.03316462097984833 -0.04972873604201163 -0.09569222745460795 0.0027089011851192573 0.07770270451723582 0.080214582201321
0 33 -0.009580343265910679 -0.027712410704580446 -0.09025784562176256 -0.0686984985948725 -0.07128046768449998 -0.04328816822021486 -0.014336225159154916 0.0355693517815077 0.07906514683763768 0.08015621617433487
0 34 -0.06695562168460226 -0.011799278356598655 0.022893302982620257 0.05236432395343751 0.05589057895268462 -0.007056014217133463 -0.030126845247711972 -0.04690700730456495 -0.03495996139979535 -0.06956062986202134
0 35 -0.030691163856345592 0.07492001544425878 -0.09041145716043542 0.040173390184925266 -0.09382580954736139 0.0896710321314905 -0.04802206739037978 0.09413717700491345 0.004965105289336641 6.857283142340792E-4
0 36 -0.05256581181766268 0.045703689543682265 0.08395005387464201 -0.07785719997619431 0.09951005030311068 0.06334269832872985 -0.09405495810928179 -0.044418722530618494 0.09146991817784349 0.005914539737970949
0 37 -0.05485446035172296 0.003966777919941134 0.05228162398566944 0.044112253499561015 -0.05168553517813822 0.03215216583982517 0.055117492452630694 0.07593327489044199 0.02899481769489007 0.09203551738741382
0 38 0.01163975615054369 -0.07879391312599182 -0.0659937858581543 0.09854842722415924 -0.025858670473098755 -0.06767621636390686 0.058993034064769745 -0.06654990464448929 -0.03702036663889885 0.04395462945103645
0 39 0.07684804774280873 -0.025663664018545546 0.06360010167718079 0.026576873657402918 0.013356355893391594 -0.07459446829338487 -0.013136037601795455 0.05461693116587374 -0.03367580554030595 0.07786938421215489
0 40 0.041146303604153195 0.03816956645020044 5.563874456654666E-4 -0.07872842650557124 0.02628209265305471 0.013300746881376061 -0.0706250650639219 -0.013246695476006041 0.07917868225090692 0.025666734211210258
0 41 -0.0012825785908960755 0.04505814644218555 -0.05819146712100597 0.0031890715972931753 0.059694308066928256 0.04592982117619977 0.06509271610887271 0.013456845108517546 -0.09165772211295795 -0.07889325268740881 -0.0343232974410058
1 0 0.07080869376659363
1 1 -0.06311105191707496
1 2 -0.01649851724505432
1 3 -0.027655988931656158
1 4 0.0010265111923217845
1 5 -0.07648010551929578
1 6 -0.01454654894769179
1 7 0.024502182379364877
1 8 0.05996032431721646
1 9 0.020650332793593528
