## RankNet
## Epochs = 100
## No. of features = 41
## No. of hidden layers = 1
## Layer 1: 10 neurons
1 2 3 4 5 6 7 8 9 10 11 12 13 14 15 16 17 18 19 20 21 22 23 24 25 26 27 28 29 30 31 32 33 34 35 36 37 38 39 40 41
1
10
0 0 -0.05722312593156238 0.11407739576140749 0.31551775943449134 -0.0940933964940528 -0.27789019703062756 -0.3199829879710717 -0.18532960082226915 -0.42096145832617493 -0.18666476926970113 -0.34853701277588667
0 1 0.011574444581867245 0.21741863657986532 0.3354290149293586 -0.22843133664798576 -0.3169154734488978 -0.32731772143546434 -0.18620171208606762 -0.4022120544406099 -0.25022149847249614 -0.3312508899691462
0 2 -0.005562967942399293 0.5463769934645886 0.9869033672156884 -0.793934439294811 -1.2823505618512598 -1.1648886530191669 -0.6087604143697773 -1.5778217190165382 -0.6751745868925224 -1.6915073841682555
0 3 -0.029366867519282285 0.24671154350430738 0.39538072747267694 -0.390704988963145 -0.5489085241295139 -0.41104678155954033 -0.19186181887962434 -0.5028352877107194 -0.30008653459328927 -0.6455358210202843
0 4 9.247859354155684E-4 -0.04824421092346985 -0.22684708916266605 0.1887450023798524 0.2504543412715812 0.09852937929826175 0.08231613019072087 0.2593769806663809 0.07130431801508158 0.14435894605393484
0 5 -0.019357471995627422 0.25705408807936597 0.3336821706395452 -0.3723289159650084 -0.5775490024809795 -0.4359030890935898 -0.25890888327666894 -0.6123025647629566 -0.2485170337860179 -0.6218104358162317
0 6 0.012804586459111493 0.1273377572112734 0.17141743539320742 -0.24701832494510345 -0.3921712313933622 -0.3508953764342273 -0.15404963854865458 -0.3996266977052532 -0.18412081247702658 -0.4078192441412107
0 7 -0.06752461257656832 -0.07089612163029985 -0.12633526877347231 0.079752238312696 0.059949814892566976 -0.02948541287551426 -0.045674868232511906 0.07893277724781174 0.005185818109696945 -0.042983584339142976
0 8 -0.05205854211909275 0.1434532393067799 0.04281052189597761 -0.1584189201042039 -0.04852867436448645 -0.13423037906463148 -0.045919939373209505 -0.09823061873540187 -0.0372766830955094 -0.11073447914765544
0 9 0.07320243266126805 0.28424388800135614 0.45819456165491596 -0.35677282643734237 -0.503364123868013 -0.4851728602907695 -0.20164364536847063 -0.6222921613167134 -0.20765934316780055 -0.6227501722019679
0 10 -0.024644260855311226 0.23769416975850133 0.269718530326307 -0.3033737630612804 -0.2980599158387788 -0.36253336374243034 -0.12403285698284024 -0.35992450626451655 -0.24473772885488393 -0.5813294880537582
0 11 0.08057738267660564 -0.022760656742570325 -0.14248798684556271 0.1315168182465275 0.22699430291606795 0.16923061083926486 -0.005354833089858158 0.1903836231706149 -0.002669893052489518 0.1672186342773372
0 12 0.05626651824259404 0.19659079965229484 0.2683042233963372 -0.18752030138644765 -0.3520603403052364 -0.4196339444771435 -0.1943634246918687 -0.42663890189300185 -0.11825474624266803 -0.44052555801218385
0 13 0.04140048370305208 0.1669646939639287 0.4113232818336635 -0.38656108183361054 -0.581568687456929 -0.5413465031733745 -0.2870657541864786 -0.7048298485972906 -0.34902019600292783 -0.6221174450012505
0 14 0.025479970974428553 0.20596242309430296 0.1447038203836711 -0.10247318335189262 -0.30029560519570586 -0.347009830127746 -0.20473289759638705 -0.3089274629208753 -0.237640976469925 -0.45688542308752983
0 15 0.05245137830771227 -0.02782410659705176 -0.060896340771890774 0.12088935293711799 -0.0093494324044974 0.04111844996804404 0.06239226073692728 0.03180231943477387 -0.0573726936170362 0.1343593762223118
0 16 0.062066231521258314 0.026076872301665385 0.13876177165670123 -0.15284967794381302 -0.1462323296859608 -0.05744906964398854 0.007552312096284242 -0.1466950131687059 -0.10624890473491551 -0.1931965188296948
0 17 -0.0969932876685472 0.041669360397759966 -0.011050971788391196 -0.10013382248567393 -0.014896594817024426 -0.12195086649128681 -0.12188688646997266 -0.07103318812554194 -0.08330996738601293 -0.06052127657458592
0 18 0.07744494642020885 0.12681430876731023 0.3037661223857519 -0.3013119628252547 -0.3333990843443101 -0.33587582411956707 -0.05121262593419774 -0.29577482927514065 -0.10527067659578816 -0.4095959487560271
0 19 0.04950707164865794 0.15390443060883424 0.17049531004457988 -0.23169583195309237 -0.19502963523113115 -0.267505131354241 -0.13784886119818834 -0.19091605136897868 -0.16002648662236707 -0.1754185599372564
0 20 -0.06385348000378502 0.10204280973251995 0.18068519677186146 -0.25091039876512206 -0.3007399877451783 -0.30597532009161577 -0.20644760294002354 -0.2465400726288829 -0.07799163154440976 -0.23277950151329138
0 21 -0.07526302358354732 0.02446304451794923 0.00517766666186716 0.006994852401694574 0.0026097745553146762 -0.019545046637941235 -0.0566596708464977 -0.15019819881147384 -0.04531062437968457 -0.17697569756621503
0 22 0.07277601006021571 0.13534834826604242 0.2075562144476673 -0.09531439020098602 -0.31500943317510405 -0.3577334070058049 -0.051161603979501646 -0.3341643538737375 -0.044726048381742274 -0.33113136127988985
0 23 0.08251556625544658 0.015819900015137885 -0.02584773803449557 -0.06520179888921748 -0.010505846483763643 -0.055136953241214356 -0.0468756910051733 -6.711589210348513E-4 0.10564940107197199 -0.013360706320614781
0 24 -0.04023450271576084 0.13117080659897673 0.15623939969855444 -0.09919421809540387 -0.19520402911074952 -0.20879329204744881 -0.05496254529055261 -0.05994284906422911 -0.03366200100488214 -0.14687775738170739
0 25 0.027081770506540342 -0.1700437421273712 -0.33787352666294157 0.1578066400159516 0.22004702339917007 0.24506870974487113 0.10667167097533226 0.3055219143516654 0.13376406202154953 0.3164388756342473
0 26 0.002049866450288215 0.029940377401542945 0.12402133352437464 -0.14377587721781473 -0.16886712468122778 -0.12792406466971082 -0.07264506313549482 -0.21053374926652108 0.01397272704244904 -0.13863111356249347
0 27 0.029248702420927555 -0.003100968609629412 0.08254820820144194 -0.14960718136394657 -0.13265670854411402 -0.13170407155026864 -0.02544355899847281 -0.23195979579083714 -0.13574174280620518 -0.08840590119701332
0 28 0.09228387523729996 0.012937704693533125 -0.051052916157852964 -0.022354142065739577 0.05962771793672585 0.11922858139322455 0.035330292133435276 -9.850810452160241E-4 -0.040229847423983646 -0.008114850177420025
0 29 -0.08643985032887641 -0.050868345618182556 0.0038222585373998007 -0.13342785725413503 -0.02116023935247778 0.021557619858185585 -0.03421205172906118 -0.026210539614983767 -0.011594034177529751 -0.08873753544262154
0 30 -0.09564201071074128 0.05408611243090526 -0.033894988583595666 -0.021263298437526067 -0.09739402752406198 0.009050322986869511 -0.036977056838171575 -0.0066517878738440355 -0.11160385713312816 -0.17367513300657866
0 31 0.053643468603239 0.0899691963801221 0.1170529159862867 -0.09148656961899355 -0.13369624771635918 -0.23282015913452778 -0.015446371161016745 -0.2806902974283842 -0.05815599734214205 -0.11008634660602117
0 32 -0.04458731332476587 0.07154570555248295 -0.012128121716062309 0.021932383318214187 -0.08888650677949039 -0.11326658255127776 0.005737015388733708 -0.19240941770408992 0.008978511959049973 -0.16952949679363205
0 33 0.03849871856789407 0.08916958188009308 0.03655728608870358 0.006534237648772006 -0.01914331962159721 -0.10741240398430658 0.03134470728681281 -0.14184835920349045 0.038823530875106045 -0.18491550622812822
0 34 0.09669136871506832 -0.029368487895233362 0.08543484410493415 -0.05334572228330995 -0.0262928957971459 0.04420038444615015 -0.0814084787454596 -0.09868752576928233 0.027487098875523287 0.06610118059953889
0 35 0.028921361297846424 -0.007347860584792254 -0.09577002091760234 -0.04189938378366496 0.09192402173481987 -0.08213624188097705 0.04962483049752609 0.0760853996164596 -0.001568863923200252 0.06934538065795488
0 36 0.08461267627303423 -0.0831952872266144 -0.11929361528690172 -0.014221207232555452 0.0021167879457347836 0.10637812121654358 -0.02699516153483065 -0.024098239387040435 0.0024130261946164596 0.07365421229709133
0 37 -0.09525058974423257 -0.10638960026127517 -0.10446552311857368 -0.06439028722667918 0.10637375175945984 0.07592901232546162 -0.08166883529103747 -0.06332980525237522 -0.06989382876232268 -0.041511679239625655
0 38 -0.05496518686413765 0.050563059747219086 0.02696111798286438 0.09617765247821808 0.06566278636455536 -0.033351827412843704 0.002894276287406683 -0.06183193251490593 0.09712997823953629 -0.08825522661209106
0 39 0.09691663446992158 0.0680416850942153 0.08623210939438601 -0.07473896577563346 0.09018698514683277 -0.08319597351915631 0.022358060270038543 0.015134387364420594 0.08557528864034541 -0.0287586156967344
0 40 -0.043850757839168496 -0.09183276786092404 -0.17419380835439474 -0.056664935330239294 -0.10187317295668766 -0.015719157346781705 0.04548692267873164 -0.036203273120136305 -0.025967600813392208 -0.1091952764854786
0 41 0.07298064715845103 -0.033983886282922 -0.059085544591686266 0.061478025364882206 0.005139011540790942 0.011074463978101651 0.049493932697277226 0.07214438572876146 -0.025932574393102273 -0.012469751007098507 -0.12130010109336845
1 0 -0.05423435032425386
1 1 0.8883980914193743
1 2 1.530811598224082
1 3 -1.3251615011863234
1 4 -1.868530094091804
1 5 -1.7785955284655635
1 6 -0.9493177391479719
1 7 -2.1595807781362737
1 8 -1.0478464706481327
1 9 -2.1832857183168817
