## RankNet
## Epochs = 100
## No. of features = 41
## No. of hidden layers = 1
## Layer 1: 10 neurons
1 2 3 4 5 6 7 8 9 10 11 12 13 14 15 16 17 18 19 20 21 22 23 24 25 26 27 28 29 30 31 32 33 34 35 36 37 38 39 40 41
1
10
0 0 -0.03690078582811281 0.007455923174866311 -0.1544224835051219 -0.23574497883384518 -0.3684778901834855 0.22035251382363244 0.10721361525709105 -0.12258003559727848 -0.09416777890822521 -0.06796536647429405
0 1 0.07150536739429048 -0.1170988809453858 -0.18376255864558624 -0.21589126989556262 -0.29672131765287607 0.24657550863678246 0.003484136074262548 -0.17309000247260312 -0.04129154106905978 -0.11956352059099075
0 2 0.2604247653479584 -0.20583342710704566 -0.8145685461427489 -0.8750822953582327 -1.4851654916330934 0.9269573207051138 0.35394802777653095 -0.9766333217590706 -0.6638801151241408 -0.2202924942449342
0 3 0.08042038949692526 -0.013048297289403904 -0.35780152414223226 -0.34844792195789726 -0.4859422029551507 0.3629163279608272 0.1641451124341886 -0.4120961950011193 -0.22557009560158653 -0.00502208529078476
0 4 -0.11924428587540636 -0.05592383929341431 0.12494544085278943 0.10680238984099324 0.11041725624169363 -0.24634756049075124 -0.0776822654563377 0.06087337987901852 0.17740241385097524 0.027745298102503115
0 5 0.012263320065731484 -0.08439472325384022 -0.24329962159684618 -0.3890048388640122 -0.6144587336231571 0.3938896633513148 0.07268703678306762 -0.39855303879062953 -0.2616081314325125 -0.14224746574337785
0 6 0.08615877569943149 -0.07180299291044248 -0.1256348662856608 -0.19273069285603742 -0.41990948191943017 0.224978482147445 0.11974217062927235 -0.32895354228388374 -0.0757304607265895 0.01449300523945525
0 7 -0.08982523762112846 0.03617168320449415 0.107163852705816 0.13642152087496698 0.04477703695100936 -0.1310089321829704 0.044922388656999865 -0.0021119304807734073 0.14406508797734927 -0.056993428944751304
0 8 0.11677918451937595 -0.002214081394868263 -0.09951905346016728 -0.002577374904883358 -0.10287302903050498 0.14950011087615242 0.082747699079578 -0.02754280407984772 -0.02454378182737882 -0.09857534059020104
0 9 0.12388478001416287 -0.11238083119531048 -0.36966355669948925 -0.36363659520258756 -0.5108009392980103 0.3621944782422226 0.1718954908376533 -0.45299877701016095 -0.2938164997080023 -0.09925908772701401
0 10 -0.00910919443464419 -0.07777794741655812 -0.29882919701059985 -0.271870856567981 -0.4788878068219996 0.16903618937882142 0.1251629676842269 -0.21677058919370026 -0.20913350813677875 -0.010795179447705906
0 11 0.0255931257004614 -0.04762589235417046 0.04699309348057567 0.17292871083474048 0.210535491845723 -0.15659217478756002 -0.13994286519668347 0.1953666741877785 0.042953570708405685 0.10196588424450473
0 12 0.06048553698060888 -0.025383968447489545 -0.24671137304375115 -0.3773220782808689 -0.4336487181569737 0.25697088080411623 0.1134518587026557 -0.3407743062490785 -0.2107449672145456 -0.1240182310835823
0 13 0.011864519491831694 -0.12777047420892376 -0.28067260374670633 -0.27388638406895693 -0.657504379087474 0.33542133461852985 0.11516049759633148 -0.3004814974231412 -0.29839526225899304 -0.1318988736322893
0 14 -1.8877644408096691E-4 -0.030953779168385247 -0.14936250754799502 -0.24270256490079922 -0.40824080277169217 0.20056540894065372 0.13051483131679642 -0.24017194750089013 -0.060548692412006416 -0.04696759381399243
0 15 0.052218161637039746 -0.0658178224544211 0.10317373499613042 0.019654032753968858 0.14959960844964057 -0.12949409097610892 0.03687221720497288 0.037502673756393066 -0.045314948516360254 0.04255668967668314
0 16 -0.06485744345227909 0.018290609810267394 -0.11282177200928566 -0.16291642666319983 -0.11166095306034499 0.15799828145675157 -0.010135342801464902 -0.1198273206337736 0.0224080941939689 0.027702377904324508
0 17 0.01340268378203504 0.03650582240458586 -0.09634440172231878 -0.1599904925987017 -0.15137985358309963 -0.01390932725824146 -0.0071953803505489045 -0.17316097448643958 -0.10311042974177423 0.03284081497598334
0 18 0.07666946284121384 -0.0436770918285619 -0.24103661812945573 -0.23530135421883894 -0.38173452867025254 0.2753764548813012 0.15073632709720083 -0.2598020092923805 -0.08497637398056587 -0.03193461481907008
0 19 -0.0034276591178583485 -0.007235922980242946 -0.07449026291608557 -0.15407883716955967 -0.3195377314216203 0.15891663737892303 0.1381299092863372 -0.2306025054386581 -0.15022504325555064 -0.04125171531740582
0 20 0.07284352315661642 0.040390745891761066 -0.13275074921351496 -0.09258697136079379 -0.3633806902223547 0.20677538644280158 0.10760011929233886 -0.23408967925447677 -0.16579640479991323 -0.09587920037974265
0 21 0.0013589150472779262 -0.06495995757998556 -0.07098678293901971 -0.14617185126319152 -0.09871422967801761 0.011452785265178522 0.06505398770877101 -0.09053087347128806 0.04908721431493185 -0.11309096645702929
0 22 -0.03536254655009791 -0.009201687829929335 -0.1936663443382225 -0.24524107534183967 -0.36734570351009144 0.12044293839463652 0.09893846143860491 -0.2464778842536629 -0.1625935586730409 0.03350457068770284
0 23 0.04225172345845952 -0.0016167304966894233 -0.014785777345612863 0.06026278932269599 -0.047874379572266035 -0.12485952605484942 -0.05561783819683802 -0.05789258033839447 0.006057369222177056 -0.01691785640008346
0 24 0.0037076762761791586 -0.047428608880001735 -0.04786830118597805 -0.03956446319312436 -0.04684928503508494 0.01860614203970864 0.11476473537162266 -0.11910077035070986 0.008757131991194 -0.06087535815310342
0 25 -0.13034213215675888 -0.06406468561719333 0.06516734708026775 0.05067855611516739 0.19374438015041187 -0.09464745785026717 -0.06096709951410154 0.1531579977137483 0.0647999977481924 -0.024319593177238214
0 26 0.04457116362249269 0.01885280917950126 -0.08213260330422666 -0.13837796645056558 -0.06282408499231378 0.061029024264365246 0.13346011610968908 -0.11473432548791303 -0.15542063672990228 -0.01109338079169977
0 27 0.009346931446180817 -0.044216413896338215 -0.04670162791236309 -0.1421756411036809 -0.15114722490465787 0.19134584449546116 0.07343616185082849 -0.1103175881712842 -0.012313252710687454 0.0041855581656261515
0 28 -0.02182422590226296 0.09213264121338151 -0.02994510674092728 0.008299553473925822 0.08860424174366852 -0.15331316491352473 -0.11240528362472897 0.01279152243957822 0.04856733660950561 0.013819644927224416
0 29 0.08135600628275692 -0.007230554658761672 0.005265281415977478 -0.0488498361873391 -0.022281114138389724 0.08365837648571167 -0.07856910505058202 -0.03513657257019397 -0.07520262904818173 0.02395858777966957
0 30 0.0010009421862998379 0.008298561664624796 -0.03916706325534761 -0.07938002807351566 -0.13227979698408324 0.0998066762161686 0.08952298616578427 -0.009958574548898858 -0.025488822397843298 0.051116048092213234
0 31 -0.00937933556152597 -0.021112055150633167 -0.17442282491859 -0.018426973523278902 -0.16872537771574755 0.01959961505361263 0.018560690221816875 -0.08284236478949661 -0.15827339558164064 0.06793171062348528
0 32 0.057917664572528255 0.03810041932287695 0.03033792336344517 -0.06554847085809601 -0.12301898374286105 0.11840911649733121 0.10486692568531109 -0.14619260303627185 -0.09186736862746794 0.05310087774874055
0 33 -0.008703220124498255 -0.09415170749206753 -0.07691902474566858 -0.02343941720568041 0.03499698584209635 -0.0307222013768196 0.05497097857899305 0.042982047332529534 -0.02874864694218033 -0.04985907145661467
0 34 0.040861414445193936 -0.02826043245261936 0.02632013014606209 0.10013939413445896 -0.02298965345208716 0.054495146621259795 0.06537529256309099 0.07464056446368567 0.021457339459056635 -0.017264668621059496
0 35 -0.05101273607145615 0.07864330409440233 -0.044439784089761306 0.06870706252964126 0.06520842165002193 -0.10595473766345538 -0.03975945688963889 -0.007753887391170369 0.017049390690010886 -0.03406381306139444
0 36 -0.10212723284463023 -0.05104964046173907 -0.055102116483824265 0.059847642169814044 -0.02022820283031731 -0.15634066134798677 0.04666000250153782 -0.12248095934263588 0.040428717031779124 0.054189759144740265
0 37 -0.09073881629697417 -0.029821979784858624 0.08670563567021622 -0.0251735311330669 -0.008418555429667202 0.016491125416250835 -0.037061456432126993 0.060927613411654744 -0.05060994906011314 -0.04869884992130621
0 38 0.05152380218342082 0.05974628198931832 -0.0391882673034644 -0.009997893620184804 -0.07936689707035405 -0.06649678590108571 -0.04483054435277042 -0.051985747670142 -0.1018912514973964 -0.05701516957830561
0 39 0.00791955224962691 -0.009284807942784235 0.05894391337406972 -0.032121393472052395 -0.003214907938489373 -0.06620600677422182 -0.018805619585518733 0.07730223529555677 0.10257199240055923 -0.033694993227520856
0 40 0.012987688585218543 0.09178403319428259 0.05041840097203392 -0.0032253892130194566 -0.10606006647411656 -0.01048410540099676 -0.017382556915160392 0.04058303925630373 -0.06350493750391778 -0.029199634782041295
0 41 -0.10373042884623446 -0.03799841326561367 0.08627620587557626 -0.09834152942526694 -0.028975021309576004 -0.048864824724471415 -0.12478942208630729 0.033923079214348215 0.04483626180721248 0.08929752119008984 -0.11259386330235317
1 0 0.2606998060434927
1 1 -0.32746853172494284
1 2 -1.2422334565859812
1 3 -1.372146488097477
1 4 -1.9280144083233168
1 5 1.3814848523965388
1 6 0.5667386554265839
1 7 -1.4589397335716314
1 8 -1.0196985014342173
1 9 -0.3912658360631625
