## ListNet
## Epochs = 1500
## No. of features = 41
1 2 3 4 5 6 7 8 9 10 11 12 13 14 15 16 17 18 19 20 21 22 23 24 25 26 27 28 29 30 31 32 33 34 35 36 37 38 39 40 41
0
0 0 -0.02233995907141938
0 1 0.0651617686074596
0 2 0.011669881987773708
0 3 -0.01840681275857159
0 4 0.023239498293076765
0 5 -0.061943853704065334
0 6 0.04194489597510935
0 7 0.03141613927256004
0 8 0.06419818583899171
0 9 -0.0010289020054163433
0 10 -0.04866751295201366
0 11 0.011652595472082783
0 12 0.0381418639803368
0 13 0.043431745592420384
0 14 0.049435642902960986
0 15 -0.07506812370181755
0 16 0.046580370314420305
0 17 0.07738512495993283
0 18 -0.018640751853220998
0 19 -0.018215961314481114
0 20 -0.06027957212072177
0 21 -0.039971624261046765
0 22 0.039182518888490135
0 23 -0.078479850122744
0 24 0.0515425826265784
0 25 0.0037811867166351707
0 26 0.012217236405763865
0 27 -0.034567392653608614
0 28 -0.03731491355275419
0 29 0.011546763826337977
0 30 0.023379880739656553
0 31 0.07145465819562917
0 32 -0.06821091150917262
0 33 0.09131046621363371
0 34 0.027724877806998515
0 35 0.006363106480029918
0 36 0.09690514586415407
0 37 0.05664875994440445
0 38 -3.3060909481719136E-4
0 39 -0.08015009914609363
0 40 -0.04861376544380155
0 41 0.08105627447366714
