## LambdaRank
## Epochs = 100
## No. of features = 41
## No. of hidden layers = 1
## Layer 1: 10 neurons
1 2 3 4 5 6 7 8 9 10 11 12 13 14 15 16 17 18 19 20 21 22 23 24 25 26 27 28 29 30 31 32 33 34 35 36 37 38 39 40 41
1
10
0 0 -0.046687074225886374 -0.0766671023265868 -0.04092679528427811 0.0336777309563975 -0.014365456427186772 -0.030748335531859593 0.012613535758794526 0.033268524407791995 0.03938662713536834 0.085576682603092
0 1 -0.047178421773871645 0.033673096464866735 0.08652950539051678 -0.056626153597376244 0.06461501347275457 -0.02706357355682827 -0.027586620697873324 -0.057914634339603456 0.011342774715569388 0.07560680629974222
0 2 -0.056826076830497896 0.08310753965418145 -0.026576778715938793 0.07804451508781592 -0.019236422789098196 0.04702976140881247 -0.025906619974274576 -0.05231579677752787 0.021170184290014445 0.02620007561453167
0 3 -0.0031303708514295895 0.014496372554988032 0.06400898838842209 -0.02743008537238718 -0.0029665285167100163 -0.009071630009704961 0.08586412382089992 0.005937720107393244 -0.06882693832965019 -0.06777269402632147
0 4 0.09999396519935365 0.019617009100044776 -0.0548225499136836 -0.02717522857341622 -0.08910379662705524 -0.08267519320647478 0.07749114717325795 0.03737589363557764 -0.056226724673568644 -0.030700047413217916
0 5 0.09291647980017932 0.03436240286636888 0.029830881575907686 -0.06025181663986299 -0.007007425653640432 -0.024497210756486348 -0.09418552584063707 0.04537220525337218 -0.0644587252640045 0.056712059614080906
0 6 0.04815992934624426 0.055979335609015315 0.020030046448329987 0.013151385295886843 0.09464523792915576 0.031103554301085145 -0.061130119831953024 0.0558023615924088 0.02897796546194527 0.061330201532281546
0 7 0.039331766618115396 0.005931856407851268 0.026342190608495655 0.04136130752760419 -0.06891186146048886 -0.0193235864946557 0.023269061490867573 -0.04151548685908205 0.0673714795783524 -0.041907886418976005
0 8 -0.051375168897217126 0.029716799888037465 -0.04506978439849607 0.09616299541577625 0.009162259125538818 -0.0481128379274793 4.973612895706756E-4 -0.05357188457308426 -0.05219944458301952 0.010826902745884763
0 9 0.0391019150644097 0.09481650545627936 -0.03765572387397842 -0.0433724202276093 0.015757345164989847 0.04290790415330859 -0.08932036868743717 -0.029205413696586833 0.09469732520667416 0.08763307233052103
0 10 -0.033929857055940905 0.06091480763421187 0.030291339914882736 -0.07963418959016651 -0.02010549713331974 -0.02356093718957541 -2.1522639697614505E-4 -0.08738793679233728 0.04962738492795505 -0.04977889441962752
0 11 0.06364432392277085 0.05494995421839857 0.039750019237667716 -0.09502797709225223 0.07424313576914814 0.09026649446136431 0.0876406098978285 -0.07788611745212481 -0.05154570494240217 0.04290450392210113
0 12 -0.025988011445804045 0.01927322032365412 -0.0025249868378136972 0.0014193941625908959 0.04393829631948059 0.09187235042262748 0.0901235780268252 0.05117060425125505 -0.09609640333839485 0.06115622640628192
0 13 0.06483760810727207 -0.08687162143898501 0.03830893744348005 0.05859806257430582 -0.011836579996440636 -0.06546951838475666 0.00987651407087111 0.07935087756275537 0.01663382083940018 -0.018512364012511752
0 14 -0.02864867039018854 -0.03575400923728423 0.02006347552275238 0.01846586793654517 0.07612263154461314 0.03216308365699496 -0.014757544251651392 -0.005184001424002301 -0.03053653727864619 -0.046761196331955045
0 15 0.03465495749296644 0.03747937430433031 0.04591896324473064 0.020749074338407433 -0.001826721087981004 0.027121649502254496 0.08684342816353831 -0.057722724434873175 -0.024980921268229157 0.05145946909498784
0 16 -0.0016957833616002374 -0.030921556683216753 -0.08860654659833421 0.016812011751719584 0.05871563816677233 0.08076539215435749 -0.03269855526965448 -0.06234156707133548 -0.07407972445644168 -0.060284408564320116
0 17 -0.09883789714597348 0.05337651617555687 0.03349901806346962 -0.05270962493273777 -0.010950100409794378 0.010673278422428574 0.04578912948472877 0.04170859995215515 0.06587676136469067 0.06323634813054645
0 18 0.06999371379578165 0.06239821140891761 0.032380556525747416 -0.09076829112846142 -0.025138902910093356 -0.09937815531558215 0.09609929558677846 0.04462870010195547 -0.027375043966709627 -0.025981487091835304
0 19 -0.04230102442188068 -0.09529471905030105 -0.09744445127784199 0.09926288448523439 0.03772055629916384 -0.058697518903129624 0.04762790326755633 0.03387309227147202 -0.059610735874844036 -0.09454918332531355
0 20 0.08789525561361498 0.07967081562029163 0.020164706112033685 0.054428485346866846 -0.08809894009477254 0.017877045590153174 0.05183501865924176 0.08040837974017234 0.09385062835052928 0.07366338459811614
0 21 0.0529323254727018 -0.020179996806842817 -0.024188908711326815 -0.013056312225684708 -0.036949594848750864 0.029763042597783194 0.06924276611857663 -0.059388794313602326 0.09926828635304678 -0.07962702347054762
0 22 -0.06818895528245264 -0.012010258260120343 -0.0876571348488911 0.06847555068547909 0.07051419660438706 -3.27127480260447E-4 -0.06261756043249567 0.07410079480549195 0.07498222584124628 0.03683519051335291
0 23 -0.04199356823003301 0.039351635880944785 -0.09620547769007361 0.060364073028100075 -0.05182989612700476 0.09955185575197315 -0.030146720940883973 0.07622710066917632 0.04551846366937044 0.005783809890964169
0 24 -0.07856089662266916 -0.006728813465905025 0.013709882987156643 -0.09015031977246879 -0.04151682402276776 0.0627075037466038 0.07739860097058297 -0.0452984946960982 0.011260630666995754 -0.03574813571253643
0 25 -0.04747780397138071 -0.06680788252207916 0.07890841941660022 0.0874853314972646 -0.03848930354296457 0.012905928743053916 0.020052581717954186 -0.08378129124291661 -0.04130802788945471 0.09191879369673409
0 26 0.034993017230988424 -0.078635260276301 0.001588089676399473 0.08001253441927358 -0.010110399172164806 0.008326354787277395 -0.09337417456057742 -3.882246329312187E-4 -0.09917539125475855 -0.08917056412609993
0 27 -0.052313458035828694 -0.07906848589915211 0.049996681020021444 -0.05310060822612706 -0.009971474486996331 -0.09517147443929251 -0.06993766525864584 0.07099864905220807 -0.07159556161188509 -0.007442127545882783
0 28 0.07151944836820326 -0.029774751389076443 -0.09243069128620034 0.03063632783274712 0.04721580616713297 0.03199985665815494 0.03731593858152615 -0.07279276099930002 0.0977664668525898 -0.08120944688584908
0 29 0.05346294982321097 0.021252676619866927 -0.0778844315143129 -8.387929725779123E-4 -0.04664736767598034 -0.08346499886895344 -0.03022904943785631 -0.010409048503132432 -0.027479999122280448 0.04594098232308309
0 30 -0.04919199810579338 -0.04823244105730549 0.08647111993403712 -0.014791328284584824 -0.0537169964353182 -0.08737346145301932 -0.06383811885759305 0.039933342090553395 0.051135082482971946 -0.0382692731959152
0 31 0.003299344058437557 0.005787145723717647 0.04241033716970418 -0.06974395294081177 -0.017886059964739066 0.09165418851796878 -0.05322720408365923 0.00886663616289697 -0.05012300193843223 0.06686773529793577
0 32 0.07518615259387879 0.09890602672896867 0.07902006292982208 0.0873323806279207 -0.06661588557539794 0.005073983639197165 0.011882094313157293 0.003280706366961086 0.09341066682423943 -0.057714486949063795
0 33 3.325227027707118E-4 0.0708588915877136 -0.08710797662144998 0.01405600580007919 0.03663422027951983 0.0845355307245364 0.0593280716723129 0.0012116104039519796 -0.0192370368625266 0.01151327458599127
0 34 -0.03989260055308357 0.07560440229156105 0.02434761879279719 -0.014756835333125582 -0.09837815761201199 -0.09667833069555568 -0.08366132916665596 0.09718049984785432 0.07102474706066804 0.06697193800120588
0 35 0.04969373548365323 0.08437273754124515 -0.03365126439531911 0.03393406629186667 -0.02242098865668126 0.09499222512665624 0.058660721318595864 -0.08560424756489522 -0.02282134143539641 -0.007430245787803369
0 36 0.045447998460778426 -0.09372553261336838 -0.026877113047814993 0.048937706048782115 0.03544603320689473 0.08009639812538116 0.011831733185837712 -0.07585165771992082 -0.014070855101678586 0.0825343227165366
0 37 -0.028285281676766687 -0.004052069045828293 0.04778697322462628 -0.09972428753729604 0.08112380297503743 0.08414577082279064 -0.030723365449816332 -0.07457984921606722 -0.09203718919561625 -0.07697662932690025
0 38 -0.09378435685100689 -0.06617304578820303 0.023751457114728286 0.006929071765185847 0.08088427161858112 -0.016393005790226612 -0.06138673026053407 -0.01521209695669633 -0.012631287159239023 0.08674737104443815
0 39 -0.08539232111184002 -0.03107553666644158 0.03783899084195159 -0.08723131520804514 0.0204119133986416 0.011790191946016765 0.020487509506982245 -0.061023844386321476 0.011648484757228494 -0.07583370829678367
0 40 -0.021585663579312638 0.02060510860125931 0.06278198444233417 -0.06846965202397999 -0.013533269934292253 0.05328031148522992 -0.06770783490523777 -0.054040941437062506 -0.0074417134714551275 -0.026795260467402656
0 41 -0.020177059562834325 -0.08556236924721669 4.354818031039454E-4 0.05454335147897033 0.05130660040019637 -0.030857052141825582 -0.0489157293921733 -0.0918937093319575 -0.0850943112215279 0.007251576443691847 -0.02332816645503027
1 0 -0.08182325214147619
1 1 0.025089282542467103
1 2 0.08405502885579917
1 3 0.02986748144030546
1 4 0.008462762460112518
1 5 -0.055025555193424606
1 6 -0.09218113124370551
1 7 0.07622704654932122
1 8 -0.020870041102171062
1 9 0.09754449874162735
