## RankNet
## Epochs = 100
## No. of features = 41
## No. of hidden layers = 1
## Layer 1: 10 neurons
1 2 3 4 5 6 7 8 9 10 11 12 13 14 15 16 17 18 19 20 21 22 23 24 25 26 27 28 29 30 31 32 33 34 35 36 37 38 39 40 41
1
10
0 0 -0.08148798429525987 0.2067632672862198 -0.053260147535523696 -0.024247663775039438 0.09489048843518962 0.028167874676634296 -0.015013144605553624 -0.11132374190141454 0.024004115364540765 0.23852549563790795
0 1 -0.01828608073482159 0.1729238429730373 -0.09980988766424861 -0.10400513235703773 0.18023178769364992 -0.0823258900440401 0.07238979098114441 -0.012601902238348896 0.15024169891862424 0.26870285822482026
0 2 -0.2513820480373261 0.938930443146749 -0.07021495408304568 -0.5280697757949493 0.9175459789025928 -0.21908973895263428 0.46925170733801186 -0.33736785740384084 0.1745519384809174 0.7889595084661908
0 3 -0.1480550826841711 0.2289976749777214 0.03440635105134952 -0.15831618028701414 0.33538180187085354 -0.09546462811957605 0.05377459702053765 -0.13113879570564793 0.18416803621186087 0.24001751103233382
0 4 -0.044475164161126644 -0.11694131623537392 -0.04623789164742289 0.1254707412215297 -0.11739203588225583 -0.030832231549725368 -0.09549431708856569 0.05211771413672124 0.03844420560567625 -0.18269640179889768
0 5 -0.07680939706132602 0.24124158228520348 -0.09732371539214023 -0.2024976130489909 0.3233905843764707 -0.07635909354761322 0.20073098970512807 -0.024949731437814128 0.03003761887828937 0.2783625470523189
0 6 -0.10061998459869755 0.15097968710595114 -0.015124899167144537 -0.07346990385962435 0.2598061525071057 -0.051064682913010126 0.07435048752365461 -0.07244036997999269 0.017692373033716863 0.14780694830766988
0 7 -0.04931057814825616 -0.13896460486375695 0.08684236913480035 0.00860624317946565 -0.09845390681932113 0.0706362287230744 -0.014368773170714572 -0.04840979025477931 -0.003481740955086032 -0.16900259575363652
0 8 -0.05614176431929473 0.08341339462912721 -0.016308004595349233 -0.13606693312724844 0.13545197955410082 0.011593092551220922 0.12075616491653683 -0.06153182836952767 0.08813964005679624 -0.021605445437082076
0 9 -0.10133205447519099 0.3169863283870166 -0.058589296882037324 -0.2639156384531249 0.23172375648950327 -0.06641272533592484 0.11830235093962112 -0.1161068054555147 0.12250137849111807 0.362408954867874
0 10 -0.034563687018497324 0.3571171377910105 -0.01718205936282567 -0.16857807339068384 0.19046247591228033 -0.09447250956509802 0.07404557520641682 -0.04074486755020378 0.03573063921071119 0.1238533596775699
0 11 -0.05152589933564431 -0.11334692760457138 0.06151403165684699 0.0685786861959345 -0.16373877995344213 0.016472944081592836 -0.06762598615350557 0.09074084049898387 0.013020114261253275 -0.11204753261773787
0 12 -0.11080476913059535 0.28271437779641323 -0.03136285404187166 -0.156449015053813 0.34049050672765035 -0.05523894133781337 0.13126396655484443 -0.02313162071668484 0.06860235489907057 0.2949699761174335
0 13 -0.13740109750242802 0.3227024761124962 0.0415199401123731 -0.13663987673987915 0.29007622997277127 -0.133007267083426 0.1838568211832352 -0.16505437196347628 0.09554601883019616 0.3275190507914083
0 14 -0.010767583824290383 0.24416328363688358 0.014500609328869487 -0.23155593053224102 0.22094887698336257 0.044369520951526194 0.02089230091540969 0.017057698191952228 0.10117781771886167 0.23737895303445142
0 15 0.06934917660038108 -0.11154494480402359 0.07284769645471248 -0.04093011731238682 -0.12111114770243865 -0.03584224259358656 0.03407488366680767 0.11154744247980923 -0.03388429542522859 -0.10647267508325439
0 16 0.06262579044552989 0.07699724612709152 -0.015056899383523814 -0.07450881515997436 0.12529715061173277 0.02611996532656295 0.03472487365779712 -0.09569991186561534 0.07181097830410346 0.025763160241707415
0 17 -0.09792484796953228 -0.023913245325836097 -0.07616427145376232 -0.023454539197770567 0.029608666662619406 0.0014024676181080518 0.10773203416111796 0.01736851730666329 0.09574001142713187 -0.015851747293055447
0 18 0.02993856561031401 0.23398890676555223 -0.03979997559897549 -0.053297625762374685 0.24394026855735754 -0.02280616967258992 0.03159044586842715 -0.05184365549647281 0.012736322733808392 0.14948335626080034
0 19 0.029339408980559558 0.11294550374300562 0.046082975979025415 -0.1015989829911144 0.1740833433285276 0.008640561454887294 0.13751832572977235 0.004724727618198222 0.061387806440616956 0.10570100301966638
0 20 0.05019422212531625 0.10724612782303576 -0.0869679177314201 -0.030636845303869835 0.20178552163972377 0.05702291353908736 0.09770519888559208 -0.04441099587934851 -0.011375913852441391 0.07987042174719927
0 21 0.029785029769565874 0.06633442167538689 0.03464699890334227 0.020862164831088773 0.12782616292017807 -0.09116828790845312 0.02911296875820049 -0.07226337160758435 0.09440369391350396 -0.05965038987746136
0 22 -0.06982398459718243 0.2025985459226714 -0.08294029258970514 -0.17004767925198197 0.19331516904288343 0.02831067484243073 0.15646704050271398 -0.10612451038676396 0.04893068438046829 0.2474811937654336
0 23 0.05097201515983113 -0.127445152658893 0.051590651977165065 0.010042445502021609 -0.025436048347955032 -0.07990353031697364 -0.11586813001679834 0.004380240152521241 -0.08156040684727883 -0.11973835236750276
0 24 0.02452870509200245 0.150324387118985 0.04005076803696378 -0.08249380583706017 0.09001442500093891 0.04423419269761215 0.014593044893191342 -0.05459616856580745 0.06257892596253457 0.06006300376986937
0 25 0.0138432847716406 -0.3093880484364072 -0.028014796570691676 0.17453950078244101 -0.2432759224417776 -0.020390511169665917 -0.023599558094154593 0.023536234669507074 -0.04604528877228803 -0.17048007519949376
0 26 -0.06429869273617549 0.05116301058503518 -0.03175814195303597 -0.13556982990365518 0.13983773658226734 0.07671986147846961 -0.050424227530793626 0.01243026913663405 0.02585177030360273 0.0028205825181532975
0 27 -0.01570485699871119 0.16385363474436895 -0.07526079611346286 -0.12172495017684748 0.0022033994912297183 -0.11385897863824992 0.12069496258694944 -0.002712377590375317 0.12166345479218015 0.12235099543524702
0 28 0.07579256418744491 -0.10274809877102188 0.1024593339251741 0.00975113401990719 -0.056438741160051334 -0.06079418757148774 0.07195565435230794 -0.06098071605159943 0.03429915387836928 0.00799357852068754
0 29 -0.10405080218806416 0.11269392365817435 0.007590006403430946 -0.00659616515527092 0.07358810314872521 0.0013503388864925556 0.09801489123848563 0.04150686765965736 4.931137817999184E-4 0.016740258006582007
0 30 0.039478806210849364 0.04524406665242593 0.02588104206378388 0.033778643074550425 0.05626645146456993 0.05876553314150079 0.045927382091378394 0.014902409024173608 0.039066049663125824 0.11551130612071672
0 31 -0.08480901297275661 0.12368838798891761 -0.024058094881888408 -0.012836822343521933 0.07614953462003964 0.07617379427403632 -0.015681045063528555 0.01683396431265901 0.02040306852961037 0.09180244580412288
0 32 0.06667009075339052 0.1649517114110815 0.07556004494285024 0.027917650581032512 0.03544306842553511 -0.06131829125855171 -0.023364937215581794 0.004268493412157961 0.003785421859796465 -0.011469582152264846
0 33 -0.1069336689110672 0.053912628112984175 0.0429134734280453 0.003083045977241306 0.031038058888376376 -0.08254962324926939 0.0751066667833018 -0.05940344954346395 -0.04091576343871231 -0.00672316858325181
0 34 -0.04352555397551528 -0.007578657096064896 0.07791724520830887 0.07503752166703528 -0.0738571334745835 -0.05403443292513668 -0.04393676332653921 -0.03283111861443263 0.08157654385283129 -0.029527526073034643
0 35 0.056594902196035184 -0.08884135362470193 -0.07690995749969856 0.0535232661349642 -0.12917487619963594 0.03101294557406365 -0.0028578382555188176 -0.012037391451146974 0.023877599546338828 -0.0240854190589005
0 36 0.01436645176083876 -0.043715063439736405 0.017033732552622638 -0.024792253299013727 -0.06359774680649903 0.09927298255026677 -0.09715305529638116 0.09748117240023033 0.01326343523532514 0.03852021225721701
0 37 -0.03939521398197642 -0.02497459526427936 0.08713454722889442 0.05423168085988924 -0.09904896153575055 0.03099273216148666 0.058013450177875646 0.006837603511441503 -0.05480824467915307 -0.040880262963999714
0 38 0.0744168700309381 -0.0689698644281727 0.08704027408068024 0.03695486567834762 -0.0036192987056863197 -0.02713765428644648 0.03591263627229019 0.02034748212256399 0.09619715407916461 -0.05363888011568094
0 39 0.026096142321951683 0.07908020753962386 -0.03419455437318736 -0.04487994440292345 -0.03915366591743329 -0.06721247329966495 0.07339475470426202 -0.024068955978506282 -0.02997762648920978 -0.08980240473428265
0 40 -0.039888680341434654 -0.07550453736120868 -0.013200006580135567 -0.0986649002218346 -0.050912605020463936 -0.05291621678971233 -0.05306224881815746 -0.002744161029730488 -0.029299294858200844 -0.09616395744846674
0 41 -0.06765870757877383 -0.06306005840699612 0.03974167816538098 -0.05437194415271022 -0.11715029278423904 -0.08676322778881541 -0.008992905409244918 0.027884108965008907 -0.012955184864004798 -0.10281192001518166 -0.23999583917679973
1 0 -0.4150388673892851
1 1 1.3313725170081656
1 2 -0.21512012326338645
1 3 -0.8494476919251653
1 4 1.31498199812822
1 5 -0.33373289020775837
1 6 0.5567153236022416
1 7 -0.5038122839516654
1 8 0.2862909005876866
1 9 1.1640918119463635
