## LambdaRank
## Epochs = 100
## No. of features = 41
## No. of hidden layers = 1
## Layer 1: 10 neurons
1 2 3 4 5 6 7 8 9 10 11 12 13 14 15 16 17 18 19 20 21 22 23 24 25 26 27 28 29 30 31 32 33 34 35 36 37 38 39 40 41
1
10
0 0 -0.0840118028451932 0.03787122625891273 -0.010839985454010688 0.03318522131492338 0.022798616782882503 0.08469758570104906 -0.03604802747099022 -0.0021573547145377517 0.045861927714272305 0.028263986813485305
0 1 -0.059053529377100775 -0.07003320984250436 -0.06533944088981901 0.03948727969022798 0.07069843078643616 -0.07325721229767385 0.02732873407569485 -0.073102037337867 -0.019856455915734986 -0.08302560918067481
0 2 0.030234270749289752 -0.09502031307776215 0.08105720373018055 0.08732970515604174 -0.06902300265757283 0.051094705098725775 0.020550572492069853 -0.02406838728424427 -0.010674086229612453 -0.008388711428431813
0 3 -0.09279456585919216 -0.03332140943571758 0.024498670214330037 0.019904770459812596 -0.0790478762891255 -0.09640662427289794 0.06859557977355718 0.037132575097233916 0.05898309614450011 -8.576051334206327E-4
0 4 0.09962560877247167 -0.005711812169655801 0.08242705204097159 0.05484179641966287 -0.07640958206320227 0.019941855218706502 0.06699312730021272 0.07507872049612085 0.013061673382355745 0.0011146908069813708
0 5 0.01346689202419746 0.010939139704046016 -0.09750824612440656 -0.010800852962559481 -0.03077376776459314 0.005592779778202493 -0.08452595797962399 0.06481759611533243 0.08459668123332338 0.011596711729521246
0 6 -0.07260832940503781 -0.018106469537179575 -0.07154107581652752 -0.016837664193917957 -0.09822947464691217 0.08373159795357325 0.026753367958801108 0.03814933180341062 -0.019773870186943564 0.07637869633697648
0 7 -0.02973094411047065 0.029209373493719583 2.4785039633628663E-4 0.06633080780681647 -0.06462988058066235 -0.06436009399889323 0.08126657495706896 0.07346018605000941 -0.0628978223109106 -0.019781325329802778
0 8 0.020616855690645388 -0.038674952173703564 0.05685872673152372 0.05111522704589119 0.049190624055164396 -0.0885746671477738 -0.0077733442932490775 0.049689457544687274 0.03722222542799233 -0.08836028655463692
0 9 -0.08154220177394751 0.07036960845349936 0.0741161587972181 -0.016458692640830847 0.023063755971179246 -0.02170962707697628 0.01856752186584445 0.07961205967585522 0.018506942626639863 -0.09099488609141383
0 10 -0.03565315805888783 0.09186623899449678 0.03822411313464883 0.05242982614736742 0.008199014968438813 -0.014517560640708268 -0.03155320277505444 -0.06961789182376275 -0.012566064238369298 0.036780828445918914
0 11 0.07277993704681254 0.07437905213135292 -0.044636254954986236 -0.03158940132201586 -0.06928173132608266 -0.022152741483418538 -0.008008034134575672 0.0895590978234811 -0.005078110617865514 -0.002325135330299754
0 12 -0.02905309442641397 0.06092813426125941 0.029496984770665893 -0.07098443733467107 0.09083687912102265 -0.09581543871939785 0.0010948512324227939 -0.021598246776531403 0.07702876229456482 0.07427134126664864
0 13 0.05997132237703283 0.0018604228679878136 -0.07632447500573294 -0.06099393877502825 -0.035608013865734506 -0.09347152348527955 0.025442568878845225 0.0025241888950108212 -0.08999466648047141 0.06462494148870877
0 14 -0.057543674586570025 0.00568143080926045 0.06377410521471288 0.07633569323859052 -0.07961188671638056 -0.011214906561096038 -0.012919580639168626 -0.005220112564064721 -0.0417062594492513 -0.063984627355903
0 15 -0.02648889000013344 -0.013184761122531854 0.0135327237133626 -0.04897513632206954 0.06614849675862158 -0.021644713608853602 -0.08096306847747463 0.02111269904456076 -0.0985876209379742 -0.03716282889165523
0 16 0.06642968354330084 -0.018013823030810082 -0.0803980871042321 -0.06147768803515663 -0.07414065011717015 -0.07941773095393594 0.01114550022535596 -0.08113941720840506 0.0017283558667860537 0.026096564693643305
0 17 -0.09097827326058038 0.027224935989826934 0.09811178938278418 0.09597089626199559 0.008493729736133484 0.011331207963620162 0.006809825177243881 0.017990351296490174 0.03476581474406372 -0.042470370680443896
0 18 -0.093684349770244 0.04114802012680362 -0.020899445607312647 -0.008098483142771958 -0.06732371963565964 0.005269944857772811 0.07670692299640071 -0.09361194910332397 0.09748942483269957 0.054665048461685475
0 19 0.06260193489239792 -0.07243749846725152 -0.03418995411749322 0.031247044689380065 0.03726237615920608 0.06547176335362777 -0.01889496165599451 -0.011765944867133055 -0.08804023413961166 0.023763916221595294
0 20 0.061641995068393116 0.040931067018811405 0.0167549256404335 0.011837156752653873 0.08912501843964037 -0.026594976203060228 0.06407245063414296 0.020914195676363108 -0.004127393979592902 0.054303988546717766
0 21 -0.0368650212318911 0.052103583094034345 0.02781458403946033 0.04229878207737898 0.04184889925370745 -0.026320538772572073 0.08052248923731527 0.05087315324855153 0.04435291500274612 0.07714275016465406
0 22 0.016929966575614398 -0.09850875297742297 0.036144851316861404 -0.0859114838936817 -0.04995221309984335 -0.0150395913006662 -0.04961829729305529 0.09404883653153881 0.0732423172216241 -0.07252220487307082
0 23 0.04654833892481288 -0.004316587516262304 0.0649050383246617 -0.0076492739175986904 -0.09466672976030834 0.06014653867738999 0.04828340371912018 0.027469253775097423 -0.0758051884766917 0.027926799014272523
0 24 -0.08538924893512234 0.05517048818128893 -0.06903915930702162 -0.07803241977298024 -0.014687540529867513 0.023717314535512304 0.03241564015202291 0.07733208907824196 -0.0738872414323804 -0.0768331973251205
0 25 0.024830590199912947 0.050838647384603516 0.004748242862595574 0.07026591962319252 -0.02376945720036799 0.0812016115553008 0.009328856310422953 0.08906327070088153 0.05391666798391431 -0.020918796081162403
0 26 -0.012176248553454175 -0.02650564896245721 -0.07012932566354566 0.0070218216031266035 0.08101138337119737 0.0586840331606728 -0.034644908543850356 0.041614337060099746 -0.07986199793890097 -0.07671295985376383
0 27 0.004662523188577437 0.09494744296936528 -0.05805687766817269 0.09121425157179937 0.05039724684519649 -0.058049808195674846 -0.027126192854470633 -0.04119510000862632 -0.0355205997562859 0.030731269185675508
0 28 -0.043520980417562596 -0.08069581570973389 0.047771918070606545 -0.08979207898657728 -0.09131959804575945 0.09725847291797773 0.08252865312106916 0.022146844596871416 -0.05552636353623992 -0.05595052316667036
0 29 -0.08766919109889446 -0.045831139844214726 -0.08877344614055444 -0.017135443464904292 0.019693842577547024 0.06382899898322517 -0.09795382123359844 -0.0934684340272461 0.09280910062976389 0.016628323171320538
0 30 0.019678764119550385 -0.05606110848830023 0.08362262307788261 -0.10000882919521197 -0.013127801055001944 0.09134758532329997 -0.011517629260534462 -0.018116832065591826 -0.06950842493923422 0.03989537031713875
0 31 0.028604906815518333 0.024651063912105392 0.02686496119952752 0.018412830312485112 0.04274267979863458 -0.08744737046085123 0.08444427726668183 -0.03736956977566488 0.03924822810950913 -0.0781121219805439
0 32 0.028951002861905967 -0.08404091317561381 0.09229814335193276 0.05221187304178333 -0.022305086094359546 -0.019957223225087407 0.029156140319274017 -0.028088839897386975 -0.051327045556775364 -0.09558228648862996
0 33 -0.05856067853918412 -0.02514726212395437 -0.0055989897625130045 -0.037444340412598046 -0.09302642551562784 0.04337936014940586 0.0344668354842617 -0.09364171494805842 -0.06489789714563052 0.09381398393980173
0 34 0.029674322187079487 0.06966464128989022 0.08330438293825639 0.0017830454758281592 -0.09610060977364653 -0.08658594166198018 0.08785275319349241 -0.008432361943409182 -0.0016684557572911726 -0.028676600589952063
0 35 0.029616771845854505 -0.08813513665745379 0.041287301284890145 0.023698804006946555 0.048969524566360785 0.0888628910232092 -0.013309524013826792 -0.019930569547679456 -0.028895384458505126 -0.072098091270732
0 36 0.0793122978570771 0.07652540889643875 -0.06838517921299996 7.826514032525575E-4 -0.07401592896655076 0.09128598727761908 -0.06633919618373979 -0.07614033163544064 0.03601471830747151 0.019543430761542347
0 37 -0.09871099022599428 -0.07444740494088609 0.055866803794542445 0.026004933256014075 -0.05005849861805028 -0.0702440557409104 -0.0757333109546705 0.02915986083694272 0.08691398078400257 0.06489961798064758
0 38 -0.028173455956654273 0.05758655001070963 -0.06654556706882805 0.053507422161815144 -0.07408692223693626 -0.04273917848085658 0.033190820431228805 0.07785097889472174 -0.08327409223501046 -0.014073832107917903
0 39 -0.09232929427451239 0.010804461927293533 0.003466358630556105 -0.04456039078000521 0.043401661862897206 -0.00921917547288112 -0.08025258759050193 0.020583601216500824 0.017958330512829877 0.05469278504149142
0 40 0.022864133440796953 0.07341738810244058 -0.09620376259289354 0.0733170971043529 0.058919529510302236 -0.015088685296367105 0.068717418709294 0.08891866717545809 0.08524335120242663 -0.06727555976968635
0 41 -0.03893742633930641 -0.04013493215231753 0.009262846047301425 0.04982051797007473 -0.033174671205849486 0.09788045868779668 -0.05242961705363953 -0.012485063041962613 0.04424542238428839 0.01986046837790623 -0.0970392450690261
1 0 -0.06934578716755015
1 1 0.017515420913696535
1 2 7.844626670703156E-4
1 3 0.05797182768583318
1 4 0.029791856184601707
1 5 -0.055321961641311916
1 6 -0.0027810931205749976
1 7 0.08855609595775568
1 8 0.09686095267534228
1 9 0.04751039296388647
