## RankNet
## Epochs = 100
## No. of features = 41
## No. of hidden layers = 1
## Layer 1: 10 neurons
1 2 3 4 5 6 7 8 9 10 11 12 13 14 15 16 17 18 19 20 21 22 23 24 25 26 27 28 29 30 31 32 33 34 35 36 37 38 39 40 41
1
10
0 0 -0.17764748782645234 -0.37931298877767156 0.07472912800580916 -0.0444855236638968 -0.3422650760468955 -0.2549865990364822 -0.0052074956329587075 -0.10977838472309746 0.07238688461408417 -0.2053878554829797
0 1 -0.2046638305375372 -0.5012746318595995 0.0033303025168492507 -0.0792496481003054 -0.23699174540144116 -0.2765760833975864 0.13848592969546256 -0.10425828805264703 0.04472736478943818 -0.2586947662353833
0 2 -0.8561503387009063 -1.6460607184017346 0.137906770767164 -0.19652287123224035 -1.1219380840110331 -0.754565935658725 0.26678294848708195 -0.4937714542236052 0.3691406950632369 -0.8625649032331798
0 3 -0.27517358309986534 -0.6004886668073249 0.13401300197514668 -0.09539454723572388 -0.4591057047790959 -0.2539425105933052 0.14062331048859178 -0.18615889532385393 0.16017011881218593 -0.410194105936895
0 4 0.09235585016129712 0.24144400390151613 -0.04370075508548596 0.026987248621208704 0.18318223987205356 0.1678258965963848 -0.1403574547396288 0.06766959938467865 -0.1530141738977519 0.14621562194379648
0 5 -0.3993659015578499 -0.7143481595417462 0.1808529951571646 -0.15498784999164975 -0.524030559312154 -0.31066914330443707 0.162747510951706 -0.272690028152143 0.17713559708525076 -0.37040926312639794
0 6 -0.15530736253058156 -0.4793647921032657 0.11596308981387761 0.025216133219881608 -0.21782312982659147 -0.22272654469547415 0.05923113722438293 -0.06214874125091968 0.059922757981325535 -0.23675089732295396
0 7 -0.06633576996678536 0.03791952775310533 -0.08736733144226395 -0.04798313799269407 -0.021680712770354806 -0.012097522198331094 0.08049164906740795 0.019677996896804877 -0.09682456593325821 0.08780369340063579
0 8 -0.014869668517603043 -0.14798650715369152 -0.05046789762217833 0.04659918918984174 -0.11222085251906574 0.0565284559571647 -0.07089759793686283 0.06928088183142363 0.018310548737716585 -0.06234424302425249
0 9 -0.27615468074177746 -0.6486394374165158 0.12728979900807147 -0.09600405071596323 -0.5135115955222864 -0.2796237651889831 0.19070481875927064 -0.1874710029597142 0.11092257295348326 -0.4194281579566765
0 10 -0.3215169330000248 -0.5944087946762071 0.012334556593565651 -0.0957050492697128 -0.4339859679329745 -0.273127139707829 0.04760428165594338 -0.12157607875620738 0.09800147945238298 -0.3235962422668046
0 11 0.08635583245932356 0.1734237128208196 0.03349834108906485 0.13462911365405397 0.23502702347351173 0.1285077869080903 0.034585479942284295 0.17480022552647573 -0.1348803989606514 0.14965437095261874
0 12 -0.3586081178624255 -0.5696231744104069 -0.009367710149031783 -0.07175216790691591 -0.4859360044303982 -0.31761542411940935 0.1724924425754349 -0.20226894017336694 0.16568395934501917 -0.37469145328095754
0 13 -0.38467276341602974 -0.6723753174949736 0.16539307391883226 -0.13589501640308874 -0.6210208025934965 -0.4591691824156112 0.15632597040804969 -0.32965867855715525 0.23193624293662568 -0.3714296891372538
0 14 -0.28191532968840616 -0.4162797563496381 -0.010070419569831611 -0.0360353731956374 -0.2940670895702231 -0.3196255273576976 0.13543761602535165 -0.18996559648997421 0.029733238248316075 -0.30271511329411366
0 15 3.713079111789747E-5 0.05735577481129506 0.07536958051834489 -0.005744326574633219 0.040205506964398625 -0.05670597876545264 0.03971994246855594 0.04467022725922539 -0.11433499443494663 0.04072938607981625
0 16 -0.1923631629963257 -0.09801283637129339 0.023257835152386004 -0.0017903536795384936 -0.18764990159903944 -0.0655381090961073 0.06550515399811427 -0.13628902759076938 0.11571122698370931 -0.16699714339591293
0 17 -0.03538385968462395 -0.14176437024332225 0.09542454669579165 0.007990715409262265 -0.1164014795828246 -0.12014888912096612 0.004547352403185028 -0.05305377333339833 0.010939225980413506 -0.10052399531540179
0 18 -0.12563276801009346 -0.48892287962896486 -0.026197952439499374 -0.06813759618080466 -0.2487664762424015 -0.17632508858479604 0.05078871486264954 -0.0795535618121078 0.18704161883308976 -0.27996275629651657
0 19 -0.11522390748691416 -0.3342734817114574 -0.010195158379834911 -0.08323917050049903 -0.15236668248544843 -0.15291203568927664 0.1504724802887827 -0.01630083417694534 -0.0221933511400315 -0.08543162563190142
0 20 -0.1589960211820341 -0.3378828316858349 0.028151481311522116 -0.07811255895871076 -0.1525806713354608 -0.22676097752416405 0.0845383056574224 -0.14150925510102466 0.13815247250055557 -0.2118137587753247
0 21 -0.08977108638631522 -0.11895200703309106 0.03885907865193721 0.09046680417564959 -0.051005400363191636 0.03693893795665788 0.018101717880206692 0.04533624115911874 -0.04059659249590261 -0.05185463170539886
0 22 -0.13501058167567653 -0.44651148397695894 0.0990248886887707 -0.056783082528807344 -0.20453016825925635 -0.27898470982792967 0.03301779177953822 -0.17198893439881602 0.15766322479452005 -0.256595722941106
0 23 0.051577391918566036 -0.07866157765629139 0.07204312007660675 -6.306112722899886E-4 -0.06263651024961155 -0.04028504304143169 -0.043707973567243145 -0.0109640120780496 -0.04431217548612807 -0.08966654409970166
0 24 -0.13997229077361906 -0.22000490088984787 0.09354412470746173 0.05086093982334352 -0.0715991786325664 -0.1407090709010388 0.0404293611662911 0.014992703165267515 0.10949567108879421 -0.11963924978832262
0 25 0.166608219458854 0.10212952231029286 -0.09507095443126662 0.12396848121209078 0.08353462972458155 0.0442224526056654 -0.04450827341934834 -0.02629736475792607 0.0010614824899646057 2.9321606018581752E-5
0 26 -0.06810187507429184 -0.3022069367904 0.06602415052155 -0.0665552366166885 -0.2424458946446456 -0.028426882764869696 0.103450229859593 -0.02633537361476173 0.024880360437230832 -0.02612123439375
0 27 -0.05628186493991187 -0.28107089452189704 0.09406120967688852 -0.10926905078938375 -0.08283279427237301 -0.15568326432769028 0.06524276737003017 -0.0010759008578343707 0.0740398597197124 -0.08788628375813605
0 28 0.06378894816480729 0.1401764855829109 -0.09005481933587253 -0.07902190698346453 -0.004049712988009943 -0.011764859697804358 0.0636755346605997 0.08892754954533078 -0.09514573672631184 -0.007802887673765522
0 29 0.02885118469344409 -0.10556825634584541 0.0646445582456863 0.07562286499756131 -0.0911000140136273 0.04213031922876086 -0.030563505992279083 0.0010697907647992024 0.062489913615061426 0.029113638600450232
0 30 0.0191010714574546 -0.17325734847643162 0.012817854529285641 0.08495895533128987 -0.09839337022176299 -0.03382499978664772 -0.037921748904019344 0.02208656071969149 -0.07831249055986259 -0.09926567547949519
0 31 -0.0660181475906025 -0.2672286009627052 -0.007936523896714998 -0.041918270110082916 -0.21258299373502584 -0.10490802065825973 -0.03293336196038788 -0.06074353278814426 0.12190343461535737 -0.07280848068552742
0 32 -0.14063228262189711 -0.09935907660666465 -0.046334452392547756 -0.1063822682642428 -0.1850364058294422 -0.059259394421834234 -0.011447669615956344 -0.1181962125523715 0.06590213154760909 -0.10105220310741964
0 33 -0.11037505518974858 -1.8222801276118161E-4 -0.05984334658846746 -0.012153870597560694 -0.11321730703250436 -0.13750983616207302 -0.04012445981114514 0.03481163509802471 0.04114390031520946 -0.0454748036676857
0 34 0.08291205856104608 -0.028531086304279096 -0.060842043277472835 -0.09832364783084582 -0.012403397474593769 0.043601326570967935 0.08556040171870351 0.016022769970939498 0.06315430304584341 -0.0270083770451552
0 35 0.029701211115929767 0.015675409259688924 -0.01104643548146077 0.05982935561787675 -0.06335739376959003 0.07511664114179281 -0.020109757239946915 0.04803347480729477 -0.09566420279450719 0.05249661900368714
0 36 -0.008332382295476415 0.024167136017449572 0.05679356555292956 -0.0892821657188809 0.008197256495427265 -0.08191409775149994 -0.06942377819923211 -0.06975039651735589 -0.037642640928684364 0.07417567249067775
0 37 0.04048773074356572 -0.02846744600665412 -0.06642913836707899 -0.002504137723287828 1.2016418956988298E-5 0.01762753690085514 -0.05433506849060446 -0.049017424498512104 -0.02195517930913653 0.04449536310479784
0 38 -0.031547987797783415 0.058079020628934316 -0.07354979822177585 -0.10255924273631829 0.04626004311207438 -0.050333967323296175 -0.053787634858864085 0.05891522278961688 0.06158936058288108 0.009289046954593682
0 39 -0.03221449514423353 0.07045849806178905 0.08158418155711887 -0.029671101241330405 0.0581155311153282 0.0454569104672491 -0.023665669260194613 0.01637906862456836 -0.017828181402571166 -0.04321569225742976
0 40 -0.07929906611883818 -0.114674681594583 -0.033285390454462944 -0.018606606746785374 -0.1146119749365428 0.032800332421693314 -0.05981900008407293 -0.09659415286549985 -0.015716291555154895 -0.028615215832688713
0 41 -0.10392186304056204 -0.1244587482981208 0.07877726234594631 0.017680169079450334 0.012857670861280262 -0.09703266763830345 0.06358370757846227 -0.018178873578548426 0.04394877051456799 -0.0074983720782445685 -0.21586127189971124
1 0 -1.2595463268430613
1 1 -2.1141069167129714
1 2 0.29062966530249057
1 3 -0.4136277737147973
1 4 -1.6621975259298911
1 5 -1.2257513370680437
1 6 0.48203606444720026
1 7 -0.8091040196397405
1 8 0.6195833576408952
1 9 -1.3935997354262732
