## ListNet
## Epochs = 1500
## No. of features = 41
1 2 3 4 5 6 7 8 9 10 11 12 13 14 15 16 17 18 19 20 21 22 23 24 25 26 27 28 29 30 31 32 33 34 35 36 37 38 39 40 41
0
0 0 -0.04287985741355806
0 1 -0.08927915661674056
0 2 0.10162698122342685
0 3 -0.029001858985537997
0 4 0.09608227369226505
0 5 0.012831161971621992
0 6 0.09170753633706644
0 7 0.09786358217793996
0 8 0.09269881850120221
0 9 -0.062421521588059366
0 10 0.09603128907365681
0 11 -0.04770743335105046
0 12 -0.0953638404831153
0 13 0.06575687102223711
0 14 -0.0889107912805717
0 15 0.0741477625762741
0 16 0.04532989659217573
0 17 -0.025957862392985035
0 18 0.04351677068681642
0 19 -0.008573657873395122
0 20 -0.011242850467434083
0 21 -0.0035594984223805614
0 22 -0.07148249161627002
0 23 -0.04138722048937506
0 24 0.08621379569335234
0 25 -0.05960014491029088
0 26 0.014742815660755347
0 27 -0.061380543274855086
0 28 -0.08585166073939594
0 29 -0.025436023760409848
0 30 -0.04277010498960016
0 31 -0.06011470629599281
0 32 -0.09387956614264863
0 33 -0.020908108461986624
0 34 -0.013523654543120524
0 35 -0.09182097891464336
0 36 0.09158271819124994
0 37 -0.06384716716211265
0 38 -0.0896470633963656
0 39 -0.005879865398004743
0 40 -0.0401108493184066
0 41 0.021965861320495605
