## LambdaRank
## Epochs = 100
## No. of features = 41
## No. of hidden layers = 1
## Layer 1: 10 neurons
1 2 3 4 5 6 7 8 9 10 11 12 13 14 15 16 17 18 19 20 21 22 23 24 25 26 27 28 29 30 31 32 33 34 35 36 37 38 39 40 41
1
10
0 0 0.04194571555847068 -0.04436528607079811 0.08965285987996954 0.032506938443473486 -0.0017606743010570134 -0.09019892710465674 -0.035477074156797274 -0.08867975767572235 -0.007602183124566009 -0.059418289354540965
0 1 -0.014039280486224253 -0.07959679550494637 0.06470884824713587 -0.07401645566491435 0.017762749534198433 -0.06358162279323963 0.06536092342320492 -0.029989659044387697 -0.017656212190830172 -9.891232657978958E-4
0 2 0.06425305226930472 0.09221220013712615 -0.08734793194281805 0.09788395504671463 0.03657770737573692 0.07209501231185511 -0.09619142099261614 -0.09153625415927139 -0.04926838535293009 0.03219121426447532
0 3 -0.05792527528275725 -0.0592275209576885 0.07090538714987453 -0.0195733031684814 -0.041834422889989564 -0.09052379860869751 -0.07997926486813581 -0.09491546316299061 -0.004974234437391518 -0.09037898923019795
0 4 0.060275808797755105 0.05422454787299978 -0.04854496380785801 0.016669854683536375 -0.03723258782328932 2.01865172653875E-4 5.322615271609559E-4 0.07386666102828017 -0.06754192482844558 0.015726608134112696
0 5 0.08331972960597553 -0.08622891206712417 0.09056892662554464 0.04378110230285795 -0.07124701864276795 0.09149586507160389 0.04109104919828379 0.057862079693042814 -0.021296864070678382 0.065160073121688
0 6 0.05264981554450453 0.026259069829329646 0.03944799331968108 -0.08825279622811023 0.09775902418974543 0.04534240936033275 0.061881708723904805 -0.028233473728497823 0.07362992298806842 0.018795010196538287
0 7 -0.02696499814978114 0.074956862180501 -0.09642844635202417 0.004290334573588376 -0.07524843262342125 -0.022788739424101583 0.05095992028200978 -0.03836712727254325 0.035174031315698975 0.034739318166979415
0 8 -0.035432855608300444 0.07515300628345299 -0.04648000448956707 0.06231713956302388 -0.05588961823998869 -0.04242620664678405 -0.028245685849836468 0.016119676333937353 0.041576098878685006 -0.02984344395962247
0 9 -0.0159694139333331 -0.09921045087572787 -0.00752431956611613 0.06816670005367634 -0.08592357027426682 0.027363703533138974 0.03789856764416295 0.05032710112700712 0.034750206873634004 0.04763893884462393
0 10 -0.03994745255465849 -0.07809824640093287 0.0983701274869838 0.0654008617572519 0.008370577419906574 0.08294153516488066 0.08160984614197207 0.0590213587157936 -0.04527054005651699 -0.08574355570539248
0 11 0.021709681832211922 -0.04169405675574444 0.09349970884077015 -0.012026194589890394 0.013075339392505946 -0.07249876015013981 -0.09122230139639713 0.0685808228431851 0.02108518168205866 -0.09355114825180506
0 12 0.08701269705670044 -0.022811358221805782 -0.03803568067726272 -0.08589221652386872 0.04317631453365685 -0.0020419482348531383 -0.06141055009822384 -0.08782126567139216 -0.019186238380268998 0.04100451343405963
0 13 0.04589030401559592 -0.028847975355644467 0.03729739988625245 0.0624784899316766 -0.02809603889134971 -0.05711375324208757 -0.04154956171193709 -0.07213014612904475 -0.024675626475450418 0.027991710558448082
0 14 -0.08813327234219935 0.08543135633745261 0.08937112145727903 -0.029181702003708298 -0.05634692883245829 -0.07885497351037905 0.0456930121410005 -0.09501550198233612 -0.027857495231380994 0.08103631465550454
0 15 0.02701691450149222 -0.03399071246026401 0.048877657178892704 -0.06844884043516461 0.010900140350477998 -0.08010722917216645 -0.0058470544150422046 0.03961518897650283 6.480371499883064E-4 1.0624022417642417E-4
0 16 -0.0174329927714505 0.07610748149251007 -0.07498874548732685 0.07461864605406239 -0.003937114360014606 0.07565543109081167 -0.023909802999210826 -0.08076568137365676 0.012254115691926637 -0.07040203742872161
0 17 -0.003637250337443184 -0.04642268031911758 -0.034483404168004834 -3.270910811819533E-4 0.061483863117768184 -0.06334700066519171 0.027428172398751255 0.015418392409968349 0.022168190958716916 0.048630409262842046
0 18 0.035028884593008354 0.020343137472051992 0.08562362472740144 -0.05852367882481206 0.09976076411494042 -0.06343009569657843 -0.06174522276692646 0.037014828351131346 -0.08012366036130604 -0.0935936400193084
0 19 0.03887187071789552 -0.06932679762513289 0.01912543834367055 -0.06553015912838915 0.01587553961813331 -0.0797895794425396 0.05867813536896718 -6.295342725641344E-5 -0.10016234518408246 -0.08512994759754411
0 20 -0.05180441900236389 0.021424116939020733 -0.06314131738296015 0.049478135889291834 0.009356275039264504 -0.00830571780902543 0.04776976678492784 -0.0576493780064639 -0.022797932395242602 0.0089700844612348
0 21 -0.013003616732737614 -0.029241746417568406 -0.08905862859520924 0.03449404763815792 -0.07101509294390021 0.04826847904593202 -0.019276737814986927 0.06399115382162723 0.08275143176681768 -0.07828845193322012
0 22 0.03227551181937079 0.03681783729796161 0.06496369803678306 0.05406760971150428 -0.0071264173048360005 -0.09696255020379271 -0.02031667539137173 -0.028925433389583227 0.029808450500127207 -0.0899812430819356
0 23 0.014471384804104644 0.05038272434095302 -0.07072640179446969 -0.07237580216878493 0.017487545206763013 0.015203258797155478 -0.015369594349044759 -0.023878572774927477 0.0608430082412337 -0.015453397965987914
0 24 0.01941162523026643 0.08365480546015962 -0.09234364886749638 0.06330041126824706 0.057488891141217614 0.03472121206910894 -0.08969305725261952 0.01566698825037929 0.024143278598372935 -0.002502446883880149
0 25 0.02301764750752016 -0.07705725663742742 0.08577846753887666 -0.08760219063398582 -0.09890286862332132 0.0694879257573325 0.07280955618725365 0.08413737972870172 -0.06573099368352356 -0.011017876457255731
0 26 -0.005186989279010906 0.0818661329137481 0.027579538245435884 0.023084053719625675 0.05518637995121987 -0.05248631410847703 9.382136186322312E-4 0.017123894939577666 -0.06861271574151857 0.045563315625461454
0 27 0.05438698992867916 0.09845117746642428 -0.03109945609930232 0.01086142356081125 0.06781786035153685 -0.09193230428330332 -0.017055967912615367 -0.0709281807324113 0.0011962968118847809 -0.0054068636332319795
0 28 0.024121658053098974 0.032191277403255426 -0.09695164952973505 0.0747902249958764 0.012149233831657365 0.01668055547366643 0.09709330526375039 0.02015240499806718 -0.04964818531918394 -0.03982178647730294
0 29 -0.054995523912017556 0.0718683532334012 -0.008952871931374692 -0.03964686828810477 -0.08680588241070972 -0.07484424450246367 -0.0827163206305388 0.08160329523431314 -0.04499723603561148 -9.779391195833889E-5
0 30 0.05181829603053014 0.026274681256373958 -0.09402146262503853 -0.015495873397485522 -0.004975539005652111 0.04769223582988662 -0.03728955355207679 0.07925230817335224 0.09196770607839831 -0.03591511942165614
0 31 0.06860405770639838 -0.014248195261317154 0.09998183747856737 -0.09594621096894548 0.025722271736232632 -0.019313144434447663 0.05434224473594061 -0.08377428800459102 -0.08008210347288001 -0.05012682709336395
0 32 -0.08014736568140433 0.08066155907059219 0.02732861092439424 0.07698036644747651 -0.006541334307145837 0.01750210440903827 0.03694928928095815 -0.09106577796345418 0.06494233476557829 0.09869266823495192
0 33 -0.07506522808175914 0.0798281405664664 0.004220155615666689 -0.07042837570082514 0.04430228859789112 0.04200080924387365 -0.04702391552602955 0.09863203007538916 -0.07115529553968561 0.04331726635672875
0 34 0.01895307719190588 -0.09273220028733152 -0.02761021507220769 -0.04199128150427325 -0.011112961199026189 0.01897410745713405 0.09786902164502936 -0.02838764664133674 0.0721602076697598 -0.09431956288341138
0 35 -0.08606594437622393 -0.025558626016607876 -0.09676735172450826 -0.046737206527295856 0.009321805135087305 -0.011155881513571143 0.02899317898830295 -0.05026747409758743 -0.05476724364091981 0.07908503991120455
0 36 0.01636172743063705 0.01896852537217817 -0.040338768821627416 -0.07232350120887249 0.024875021870682548 0.05591065694245069 0.08733022250813281 0.061177689129699724 -0.06973339179122229 0.003161369103776722
0 37 -0.018324122523775948 -0.014933448282957066 0.03700249681600039 0.02755087675379829 0.08586155416254909 0.06365855427424193 -0.02458983632927105 -0.02661644358035904 0.06022720740587122 0.0768564642305613
0 38 0.013855879445851146 0.0846181220437957 -0.05029274149956982 -0.037891388794670994 -0.0362748516208053 -0.053716601824087606 0.08119630637110833 -0.09666577260568575 -0.02581574221730164 0.06966064651557874
0 39 0.009209544834452668 0.005061134802554328 0.04501300147964388 -0.0153522435580343 -0.06138948260131797 0.04208756196713537 -0.008238771964843074 -0.08101772719624374 -0.060713467794232985 0.02891316279851052
0 40 0.06928426924591224 0.0462422791034381 0.03886774797554978 -0.019394469843713583 6.90012020750394E-4 0.02714809797634975 -0.04440404404418273 0.026801875378444265 0.07049048866903149 0.09015162507372534
0 41 -0.0423832380857306 0.04370636253958151 0.0457178143324001 0.05433475907346344 0.07265568541018819 -0.023211266890623885 0.007181926733717705 0.08137264354627004 0.0017366573451832246 0.034136664349471955 -0.029140478000044902
1 0 -0.026401568204164175
1 1 0.014279532246291632
1 2 0.009098166599869754
1 3 0.03176637738943063
1 4 0.007663178257644105
1 5 0.03325563669204724
1 6 -0.07546639442443902
1 7 -0.06722500175237563
1 8 -0.07159807533025796
1 9 -0.03883121535181948
