## ListNet
## Epochs = 1500
## No. of features = 41
1 2 3 4 5 6 7 8 9 10 11 12 13 14 15 16 17 18 19 20 21 22 23 24 25 26 27 28 29 30 31 32 33 34 35 36 37 38 39 40 41
0
0 0 0.04356832503348177
0 1 0.01871319721242183
0 2 -0.012022544043026093
0 3 0.034012106554368315
0 4 -0.037674396146892566
0 5 -0.052951852498517804
0 6 0.006597661574807518
0 7 0.056931520747955544
0 8 0.04139639690060781
0 9 -0.04591139177354412
0 10 -0.0010479525516990725
0 11 0.07565690392395386
0 12 -0.0610755960524465
0 13 0.07204865087777236
0 14 -0.007028672884164366
0 15 0.04443851045816928
0 16 -0.0422727052533387
0 17 0.03189285924743115
0 18 -0.07417950343606475
0 19 -0.039300217369851335
0 20 -0.085552993902686
0 21 -0.05042739777869595
0 22 -0.031671152894074635
0 23 -0.07341894293257284
0 24 0.07087863301375782
0 25 0.011717686157396616
0 26 -0.050683637537082854
0 27 0.07708406166757784
0 28 0.04127453853617461
0 29 -0.09362161930166396
0 30 0.05709483207147334
0 31 -0.02295726509223924
0 32 0.04482461439128885
0 33 -0.02413718714496199
0 34 0.061061878467817535
0 35 -0.09767789889362337
0 36 -0.009505072087397735
0 37 0.0720719522312852
0 38 -0.07988573363658395
0 39 -0.036356465020508905
0 40 0.08389388859623714
0 41 -0.0065201399847865105
