## RankNet
## Epochs = 100
## No. of features = 41
## No. of hidden layers = 1
## Layer 1: 10 neurons
1 2 3 4 5 6 7 8 9 10 11 12 13 14 15 16 17 18 19 20 21 22 23 24 25 26 27 28 29 30 31 32 33 34 35 36 37 38 39 40 41
1
10
0 0 -0.28502271960823966 -0.05456467231893879 -0.03348850139968743 0.10107919101615526 -0.24333186175917682 0.0601236527185143 0.22107698802514789 -0.08148964501167012 0.24873402721447535 0.10519514864482464
0 1 -0.2137999549587217 -0.091999706146282 0.0774514270530174 0.2547919075951437 -0.31054583107122663 -0.006070691807785237 0.09278416933051582 -0.21147754850823774 0.3046586575175579 0.07364963186678945
0 2 -1.2086768257795393 -0.11961964284852122 0.09319750223889689 0.8465764437512092 -1.1433954739579275 0.21505511979361014 0.7058884141940903 -0.7872645307247542 1.264106119318442 0.34456653704959544
0 3 -0.36204649602449196 -0.1365399514792613 -0.048914943888945524 0.32905135496444127 -0.47458532062615877 0.03146475123202302 0.18884186087628252 -0.34598683070764297 0.3449076121228298 0.1566899310486036
0 4 0.20568680238143902 0.09824428110042396 0.0512852976687558 -0.19099704284458788 0.2442011726172875 0.031140379987958513 -0.1840301592997367 0.1403726687377345 -0.3359268734965294 0.03290407493310448
0 5 -0.5283626446998596 -0.16552177678425098 -0.030630733531320863 0.3846426274074759 -0.43846580834639803 0.05507270698802643 0.17151348920240367 -0.2358094374966903 0.5311786482712528 0.09024042874552528
0 6 -0.2037932560724904 0.020023984401101907 0.03891702376319487 0.12021101066238567 -0.24737736371292937 0.08717572471675983 0.09729828500950766 -0.27026248469248515 0.24173875511085902 0.08716125506988753
0 7 0.10439863895517154 0.03312067690639396 -0.002359453376270526 -0.0904946354246491 0.14340261129071813 -0.07101792000366153 0.02042053812762275 0.01542528570482369 -0.19944974864345674 -0.03395469257126366
0 8 -0.04901665473466761 0.04967435918594968 -0.025861536796336747 0.095662239395841 -0.14667554397972646 0.048868935208978545 0.09074919561782895 -0.10688766142734789 0.10873381692586549 0.0757317428062576
0 9 -0.3460380232419035 -0.12943304354958377 -0.014973519260857222 0.31901094382064626 -0.42350787468474366 0.15045131480632593 0.27954488053923104 -0.29397653555468367 0.4242420940140065 0.04136622325229164
0 10 -0.30767646448594593 0.011662279964232905 -0.08222827018777201 0.25867123460744096 -0.24779378545891353 0.1654800533540051 0.24153658340889894 -0.1256292371417459 0.41155651559643985 0.1754742347919882
0 11 0.12273801274167223 0.06901708888720348 0.08938298778211184 -0.20245720289715158 0.19177840993406856 -0.07892428113441206 -0.1317939039026276 0.18882794414519166 -0.2772884310087601 -0.1467498136112205
0 12 -0.4521593367268903 -0.10886371031708166 0.08831697522847487 0.3072095099117675 -0.27299893899668193 -0.0068964740634827925 0.2458621077269252 -0.2113065285631208 0.3934199655592352 0.09426431609461021
0 13 -0.3296233386245854 -0.09997364568661003 -0.007205939033490311 0.21707212481260002 -0.2971396735185595 0.16072424064408192 0.2456985030941235 -0.24947087321622974 0.39424824712546636 0.1132707510156205
0 14 -0.22983202265976832 0.021017101121038467 -0.06308048341460026 0.16473309689974927 -0.3004301777466244 0.09090471497394216 0.09201762991476939 -0.22191410463372743 0.3466057829896625 -0.014019782233022266
0 15 0.06922719213754813 -0.013625882659838063 5.730274070364369E-4 0.012697514573863025 -0.01863988880284782 -0.04800125446528248 -0.015425067219075694 0.10578875984056266 -0.0041935455838452125 -0.031774689214220435
0 16 -0.17104751655334993 0.06164592916732189 0.008132884021066942 0.13298065610998266 -0.04596825975579415 -0.023663122786254324 0.06505426923969464 -0.16420477884662554 0.010578354565345808 -0.02247249038040585
0 17 -0.1472071888122274 -0.0587652393974266 -0.02253472058334603 0.04045191329853096 -0.09580965937161022 6.484092623413702E-4 0.10618972875497004 -0.03983909799880752 0.10690428098668468 -3.0690592674102203E-4
0 18 -0.31556943582475605 0.0184463343844979 -0.0429514606972956 0.11524485973849331 -0.2260485479145011 0.01764201711518958 0.23301391061403282 -0.2268774382385088 0.2385467253520135 0.04996224350859251
0 19 -0.15748127972773374 -0.042879830905306754 0.06218165573516291 0.07338745357071384 -0.19409886996811002 0.002118168746602135 0.06774123514266048 -0.21711209081474053 0.263391038893046 0.05713078729807275
0 20 -0.22633121533393422 -0.09551155362335763 0.10369421051712135 0.05830136330998319 -0.2639718138000257 0.09987570590253667 0.11332930968974063 -0.17373486522223758 0.19408826383758107 -0.04289182930288896
0 21 -0.16844347125558554 -0.03182239449212703 0.06384749178558641 -0.013497524976727831 -0.07330969146204397 0.01141686877391888 0.0021848978324006717 -0.0026568525171744915 0.07565718191730689 -0.05019562696975499
0 22 -0.3150803133501648 -0.059725218829661905 0.042967774983978406 0.17145231922006057 -0.2954046042139331 0.0628512315339163 0.11765752179972395 -0.24886567117665023 0.17616526654445716 -0.010877315172160493
0 23 0.11186339867084327 0.08141574276986367 0.09215703840714845 -0.04055593678279143 0.027793340012373255 -0.09369001596628125 -0.10085219147641677 0.010351588690715879 -0.28905994585655587 -0.0530135243804424
0 24 -0.04984894678713171 0.061140819457302875 -0.010730726848156354 0.08718775287859036 -0.17643108729293394 0.036382010424582854 0.09796515070053735 -0.02327109357380623 0.005866735071605302 0.06819569357525687
0 25 0.18330890130261174 0.138278062314305 -0.02593587173007897 -0.23164858078466066 0.20420959144363765 -0.12031471995585225 -0.10133059641031135 0.06554262887858031 -0.3821824302440332 -0.11821809634256511
0 26 -0.23887621748719762 0.04075706282209092 0.01447399884803798 0.11425216189854914 -0.08888082710058066 0.0668847004377307 0.0117343029366434 -0.16603515352387285 0.045239128901067585 -0.04179158071212415
0 27 -0.11983892016112233 0.01760431368661304 0.04476852589851992 0.11267914053555965 -0.1009722515659291 -0.020214993078486655 0.05030224232477899 -0.06859562886014736 0.16521093211244442 0.07000072968552802
0 28 0.13695593656963076 0.043270344514861295 0.09366443979270012 0.022760986633514824 0.12251267193576966 -0.014235801640067445 -0.10529093428048505 9.649622405885402E-4 -0.02388631204308505 0.024774180552617705
0 29 0.027569129555551432 -0.06246375918143752 0.029625383663436297 0.0018189562952919639 -0.08218627318857932 -0.043836596701908474 -0.06112008814521666 -0.022114443040242293 0.08785976071246764 -0.05443193207548591
0 30 0.0401620698802265 -0.08575087737809405 -0.004899870424344591 0.10308849549652561 0.04997605284879449 -0.030835249511324048 0.022291534800497923 -0.00920412673746198 0.1281050975685572 -0.023594492866790957
0 31 -0.16979020647110973 0.034265566565743685 0.004105332741524241 0.13837006158412188 -0.07967200201025411 -0.06648149788010872 0.061446150886861874 -0.1381809797681558 0.17449674708153298 0.01066372634452309
0 32 -0.04890724050029496 0.08120616463113314 -0.08001106532651728 0.13922019080703324 -0.08257120978379875 -0.06901203058645125 -0.03038931057412187 -0.06186149530016453 0.023989144976597623 0.05612325399908452
0 33 -0.10296523918435771 -0.059978164475490106 0.011192172444029258 -0.007400946924161884 -0.003541759341196669 -0.07467785738151787 0.06146183765506654 -0.07883193327859345 0.16312206983986136 -0.01862305128579923
0 34 0.07904168164702126 -0.040221095770635956 -0.06255527496821749 -0.07856868210246866 0.05579867411484991 0.06245336176491184 -0.056375710626300306 -0.0790976232441306 -0.012576068312446613 -0.04825796163232585
0 35 0.06502537849098898 0.01637730451879523 0.011541757369811473 -0.08825320712850529 -0.03814148000509401 0.07660073602050127 -0.09111614149271087 -0.04162971390781587 -0.1219435012904288 -0.06940302167549839
0 36 -0.05718757087925086 -0.03875588237312852 -0.03836566298780083 -0.03375277700397315 0.09620986844232274 -0.029812255761704178 -0.06970350512749317 -0.027703645014875645 -0.17626376052115966 -0.05509004744451014
0 37 -0.03759764467764988 -0.03391231934122853 -0.011366563952775985 -0.004856008825951363 0.04531998786151184 -0.0017800925544116262 -0.02142896754876336 0.1038770194311681 -0.052266729054064584 0.07345377756624301
0 38 0.008189100223348988 -0.08850824627602964 -0.0722145276415772 0.09439077495606227 -0.07461870957248155 -0.034140885471513456 -0.030629265810771963 0.06393412675951872 -0.028821808445744865 0.02714054645842858
0 39 -0.056365199591984105 -0.08655770430244492 -0.03907432411196369 -0.02657183092782635 0.10250519159816768 -0.08637528309144077 -0.017572824750299604 0.031099942712551724 -0.034634955908449436 -0.03630324792175314
0 40 0.008008643657393996 0.09182710152125623 -0.008161322778351673 -0.16962585678305267 0.05819320393065952 0.030894003987496806 -0.009926978972893475 0.04675532603384446 -0.17023497900398496 -0.007254900578002002
0 41 0.01799803158723694 0.028819039240591857 0.03417749666584805 -0.224002160105205 0.10242242313752975 -0.07858837515892726 -0.13445350346545987 0.14920603713959915 -0.15925394534708626 -0.1103977066072556 -0.37073237965782596
1 0 -1.7652089746735435
1 1 -0.45158870953220354
1 2 -0.09445435672434682
1 3 1.182536334589498
1 4 -1.793479267402404
1 5 0.231487950087114
1 6 0.9029939906224873
1 7 -1.3108548941600924
1 8 1.8090520548170292
1 9 0.3407261587646928
