## LambdaRank
## Epochs = 100
## No. of features = 41
## No. of hidden layers = 1
## Layer 1: 10 neurons
1 2 3 4 5 6 7 8 9 10 11 12 13 14 15 16 17 18 19 20 21 22 23 24 25 26 27 28 29 30 31 32 33 34 35 36 37 38 39 40 41
1
10
0 0 -0.09525807319014802 0.09173737354656168 -0.03653963715581417 0.08056700705004119 -0.09258293320905035 0.005756308454470946 -0.07947520656213275 -0.022930827181611643 -0.06109614898771663 0.034117079069448504
0 1 0.0063534783924812715 -0.013597177886545306 0.08554946103687856 0.07228889454125993 -0.017864693292776918 -0.0966871343166505 0.07454501872829944 0.08487318247925911 0.0461088441303135 -0.08461787031650744
0 2 0.09227869220263123 0.06842036977976315 0.05114572207039071 0.0771754439576909 -0.013333862506971125 0.0130207838418552 0.06001813833913859 0.08086073433624319 0.06829224560118019 -0.08755814849396105
0 3 -0.06589358508398467 0.016862630317426863 0.014734016846832568 -0.07335774262022098 -0.0716561532814087 0.017080736776046063 0.05855871512934427 0.018121004428780035 0.09225514400915115 0.007238586565475668
0 4 0.04789890739518169 -0.05845996323786894 -0.028015213147117964 0.06727900607730342 -0.08036699031317619 0.09056788140618452 -0.08195332106423815 0.041219611257719765 0.09701394215964697 -0.027963577599165346
0 5 0.022930617519364437 -0.041287668045757744 -0.08412423140224093 0.09265736048918886 -0.08923919697718337 -0.053245693660918754 0.06791268267277283 0.03149440353862359 0.0871979737692827 -0.004345701667272722
0 6 0.0664901007443767 -0.035666236249962145 -0.06268160632934361 -0.09913227389333397 -0.058550391510305166 0.068586576976025 0.015435133985805096 0.06338439841876364 -0.03906866279904138 -0.07511883666819705
0 7 -0.0807101368179886 -0.06147565768648227 -0.057733587658906745 0.052871926789228335 -0.025060542560112406 -0.06946462566517625 -0.07936653401910139 0.016422638527221204 0.0897761241154231 0.09197382280156878
0 8 -0.06110188232552815 -0.0731014071779804 -0.0690462154231103 0.009264006748288652 -0.015825261912602057 -0.060906921726129534 -0.02756564587950328 0.027434682016847522 -0.019435749891699782 0.06882595443757537
0 9 0.04703575734663388 0.08551093019993916 0.023895291817386526 -0.07157700057442849 -0.04005464889018297 -0.04003974148242379 -0.058239444251541796 0.06295944049923029 0.08637517457984971 -0.00928669561489046
0 10 0.035369415822750876 -0.06443982199314201 0.025507375786207622 0.009053185830007587 0.033338465788640054 0.01909645972630079 -0.08862380877931829 -0.05341463286779699 0.08752457003313462 0.05493817729368907
0 11 0.06310560934074368 -0.02475176664805651 -0.011688932986901492 -0.01600587909829333 -0.06150659404596942 -0.041149352620689264 -0.06451163067696927 0.014949184636991282 -0.010342019458830967 0.06088422081751508
0 12 0.09232709327175594 -0.05687076470039638 0.08314744116638056 -0.06798830603067882 -0.00727818534511124 0.01992672714819628 0.07645889492006853 -0.07728902632330033 -0.006197955269599011 0.056012576056627426
0 13 0.06855181871929644 -0.08143985994474055 0.09482632283500947 -0.092013927306173 0.005746194902951999 -0.03892319084371772 -0.06005105436603362 -0.07056580779040138 0.033852667129200015 -0.06712708000909219
0 14 -0.022869312832673745 0.06837704395320081 0.028463581030225546 -0.06221645061389979 -0.01341914183518993 0.06941457683867198 0.08038616055036238 -0.014678531287463357 -0.032637581693734055 0.050464823619917575
0 15 -0.06336643730826254 -0.02603337479168756 -0.003018576147707425 0.05770711927278365 -0.041809396299196507 0.0636858996364519 -0.06619080482194072 -0.01397632996509159 0.07868621875059803 -0.007238876998361444
0 16 0.05462138234159239 0.09864134679410233 0.0678372987117007 0.051148257021706 0.05051105331253082 0.0846685379306773 0.046221057671543594 0.02844723708275975 -0.04618788598557865 7.234569074119616E-4
0 17 0.03815997545271588 0.011656037761133003 -0.037238980310005734 -0.010098282223471412 -0.04580876430427138 0.028503890408265543 -0.012098016094338464 0.0628136047411743 0.02816326561556665 -0.002668361548158184
0 18 0.04999839908105224 -0.0823880494177746 0.0037591529639928673 0.09239394746557605 -0.002829122210962097 -0.0946150247210514 -0.0721430912412666 -0.05415205287545245 -0.016243621802832706 0.0920399610259432
0 19 -0.07324824133930763 -0.0016541421708053492 0.039537905714129004 0.05510282323061861 -0.09431604389684714 -0.06656570964242284 0.08569387961936692 0.01800454660285785 -0.09014823094393745 0.09189688762277473
0 20 0.027946998873057266 -0.07664424833692064 -0.0037956614755945426 -0.005615706245535476 -0.06214715275705425 0.08380836883986156 -0.06219011560290838 0.028526206068564708 0.02113915010350082 0.06714266444860656
0 21 0.07392015893969144 -0.06801806523785542 -7.247751562124905E-4 -0.03523001636952252 -0.07489583571310182 0.03709448326906303 0.04553642980737101 -0.008011040235107111 0.05174959533130571 -0.016847282793017324
0 22 -0.04749043109443136 0.01920291212806484 0.022359094032699946 -0.04964221207708362 0.029618019292887283 -0.09041068973398823 0.06846582100348649 -0.010373220415935412 -0.023426305127659176 0.06925562806111375
0 23 0.0961641232595977 -0.05326706763476889 -0.09979014090600245 0.05738905975284371 -0.04619461633937902 -0.07330072188118113 0.07956263740630401 0.027542882525471622 0.09022222089725851 -0.052417626569376596
0 24 -0.03295817838962473 0.04449610929241878 0.02253862809819675 0.08382947797743266 0.07542571252664933 0.05841031042892582 0.006248426513316637 0.0805843187183334 -0.08004626794527309 -0.03646495404552135
0 25 0.037203057732145405 0.07638741278903259 -0.057748191841686426 0.033756575975337155 -0.06501341890073344 -0.024608994391965996 1.4585663285628052E-4 0.08241885155427972 0.053088977078118174 -0.08235500642974623
0 26 -0.04106707659206141 -0.09513923332305053 -0.06060987946137948 -0.044570884576963204 0.06955452936324502 0.03746230079877397 0.007000695596369548 -0.05857640156263384 0.017612207698604096 0.022805487697541083
0 27 0.012000662532598797 0.004547729420380451 0.0554385630071217 0.022832330198959864 -0.009010836964485902 0.07830454189047131 0.04814575216373339 -0.06659881208624843 -0.09823318740041677 0.04723790235770528
0 28 0.06816410873487536 0.022581493277406144 0.039268918970680335 -0.08084392783607786 -0.010764229903261835 -0.018896743394497758 0.08339311877597513 -0.07592973908522702 0.031873903421170066 -0.059194032510140736
0 29 0.010238057329391965 0.006505620155195298 -0.009900353594223695 0.03459744395725532 -0.0654586085493543 -0.02897675111719345 0.03858774250126468 0.015351049964524592 -0.09155723721322548 0.06402216115079784
0 30 0.07161414223655149 0.02860203351822407 0.007223122696401339 0.058770863510543205 0.07332241686554358 -0.09568720039578002 0.017648862821959967 0.0048450215309432335 -0.07847959917747055 -0.005034402902432567
0 31 0.032097100114893966 -0.05105230997227759 -0.027046834678840816 -0.044026091967663494 0.023967244579292616 0.002993130411593213 -0.01977196650164278 -0.0991688172537347 -0.09338217517521633 0.04623130643919604
0 32 0.03521707021913873 0.06080466136765307 -0.08252341003740592 -0.06436881881129028 0.0595882871170551 0.03672673351334605 0.05006529047105919 -0.048931982101461116 0.006999360443122285 0.08687433130720505
0 33 0.03246943496482887 0.01426242307813222 -0.04960356279189929 0.040531903907425434 -0.007287667915172195 0.036938505043086906 -0.034639732419975096 -0.046859533875811016 0.026285308214029426 -0.03702685516601514
0 34 -0.038582502115614446 0.039838510468810276 0.004757365435914979 -0.006216883266102012 0.0972706272907798 0.06943649512257169 0.03746433505954675 0.06658995148591704 -0.05541550555498869 0.06228773984441218
0 35 0.06136427830948407 0.012974085038124627 0.09873569540239144 0.02721477616881602 -2.2341494994214498E-4 -0.051771205751733766 0.06780893790562689 -0.013571029309054095 0.008804167053800452 0.09925017599705697
0 36 -0.0037718544575017186 0.0637204140133819 0.0772918780461541 -0.04495000914952731 -0.043329693953872414 0.07489679131421922 0.0736486095148811 -0.013745254544134375 -0.06218141935948664 -1.7072220449197503E-4
0 37 0.07557357377653365 0.08864507593348075 0.06525443943870411 0.0734204208652655 0.088708113346686 0.06282760241992165 -0.03512047044656327 0.03939067442093547 0.056903099648256975 0.09762545584225654
0 38 -0.07939863950014114 -0.0054561672732234 -0.04475446790456772 0.055398501455783844 0.06343307346105576 -0.009843873791396618 0.013034355826675892 0.06158134341239929 0.07470884174108505 0.01792195998132229
0 39 0.013538159731975986 0.02559015265265843 0.04199280872041429 0.01686138502057767 -0.001583103469013719 -0.01649998265218378 0.023989018355068593 -0.07778265166963023 0.0014795112554408041 -0.04602019485381125
0 40 -0.08978833513140802 0.09407153678258966 -0.06318949938548823 0.058734676415667056 -0.03691976974811018 0.08468519374450473 0.016855068616698367 -0.06749913264334569 -0.030486097219334395 -0.07245639993722931
0 41 -0.022550714631280236 -0.04622662607714906 0.06065176383548322 -0.046920473210060404 0.09900653861563027 0.04499189308659082 -0.046874660581677725 -0.05285732213488179 0.06295420670573501 0.05901588875116403 0.04830998182296753
1 0 0.06576326489448507
1 1 -6.141543271951415E-4
1 2 0.0026134313084185206
1 3 0.007102280855178814
1 4 0.058651696890592415
1 5 -0.046504180878400726
1 6 0.021528940647840566
1 7 -0.00912157911807298
1 8 -0.04641807079315145
1 9 -0.0914890319108967
