## RankNet
## Epochs = 100
## No. of features = 41
## No. of hidden layers = 1
## Layer 1: 10 neurons
1 2 3 4 5 6 7 8 9 10 11 12 13 14 15 16 17 18 19 20 21 22 23 24 25 26 27 28 29 30 31 32 33 34 35 36 37 38 39 40 41
1
10
0 0 -0.10103301239588938 -0.10787494133337895 -0.08626826713327516 -0.02899562312483185 -0.22261366774590302 0.025158196670849856 0.13175313628039673 -0.05044473891474435 0.1686095274706257 0.0011246207469698991
0 1 -0.07383226398103948 -0.08697974676607884 -0.22713568151572763 -0.13099053975980648 -0.23950106636057522 0.20050167579646544 0.281051428237376 0.02447697089080277 0.15672716167772988 0.047256169622913624
0 2 -0.051549900348916024 -0.19601180496681708 -0.7544138473702354 -0.4099282911103734 -0.9353489210019684 0.424607239219971 0.980502361911187 -0.2426549955337274 0.7862971085926976 0.2857437782676946
0 3 -0.11428521212344842 -0.027052013212896457 -0.2456418360768842 -0.035752126000729634 -0.3750169061756348 0.20637900310705848 0.2197799942463033 -0.02365825910858097 0.18722024347742022 0.12667615032545812
0 4 -0.02778287556415296 -0.056255657298593525 0.09492296114287196 -0.002545806618385256 0.15846006988187922 -0.07412045370974002 -0.16292242371842766 -0.002720870682726622 -0.13529078917214063 -0.06772680770603283
0 5 -0.13530339080238338 0.04754775583228626 -0.21912677265218272 -0.16877292889661846 -0.4294448988094531 0.10032060057490141 0.32940243702285005 -0.10942578515514678 0.37647234977229127 0.14009840383146305
0 6 -0.09162094126107852 -0.05330966853929348 -0.16595295227025958 -0.01762675124153536 -0.24196643497703405 0.07619619935230645 0.1507494533795698 -0.04734391093383844 0.10894724462224248 0.06699674558989659
0 7 0.08268867196010395 -0.00795468473869743 0.08997839009250609 0.007720258740078623 0.036384207044805654 0.02465716852958285 -0.009402264573129211 -0.04758739361800538 0.01532090526016849 0.05258949436918321
0 8 0.023120717474103932 0.016138085368995796 -0.15531071723368242 -0.038422690059017245 -0.02276223122333343 0.05108284882286216 0.031150543507824566 0.06256528835633458 0.1480409641702672 0.02019790101675931
0 9 -0.0667633515332809 -0.09088779549696326 -0.1701341816516632 -0.06722089365236739 -0.3475796442020867 0.14305692034561632 0.3201479935693716 -0.03459471237855147 0.1955515044189253 0.05976312745191727
0 10 0.008246132015745186 -0.0393267079945709 -0.17708421191669452 -0.17534750677418656 -0.18992363859045128 0.21146518127450914 0.3463107609478571 -0.1286693888481143 0.18313327864622694 0.12077371315600864
0 11 0.11474264941296082 -0.048457518509692016 0.02786391468881591 0.06100485333676371 0.1027265066401926 0.013648938162398871 -0.13125640044164594 0.014459204576712861 -0.1903472679802718 -0.1096920771402582
0 12 0.014639668622212923 -0.07740854764563823 -0.27573240076188144 -0.06630466332239492 -0.3581334176864624 0.15079796841504814 0.32064032725311176 -0.045925807943820784 0.26935529789996177 0.06572124639808598
0 13 0.034814780584712546 -0.11030098827920862 -0.19055982938979119 -0.21374937149409745 -0.30447812276277175 0.2738076082636281 0.31288656069533083 -0.07200812825372599 0.30954790583102426 0.11992086027360459
0 14 0.010383313169944454 -0.0437661315276466 -0.19706211267133075 -0.18523477363255514 -0.24355489381371753 0.07022764497339677 0.20915983399742488 0.047284760916301856 0.21163288787121737 0.012395001516326542
0 15 0.08968457861118066 0.10408503343067066 -0.05392894070992587 -0.07796271398920902 0.07409455856838175 -0.07168623875490684 -0.0432358642125093 -0.01901433144941602 -0.09528916819167778 -0.08671479105235488
0 16 0.050575563869160955 0.011090916374547177 0.026063910089637363 -0.0960895131928565 -0.10952549523435302 0.027911041307426176 0.1594278291813301 -0.0159582097361343 0.009584274983969961 0.0025740673643805316
0 17 0.021674079140926 0.05527488187958388 -0.10609864105246129 -0.12762869463489257 -0.016362692585978403 0.0056706898050108085 0.075186752256922 -0.05367323020820975 0.05530127144085626 0.03599788244129317
0 18 0.03164591673933446 -0.010671961724070311 -0.06892979403335599 -0.15831789973804197 -0.24764570001190175 0.16812201170664612 0.1856875082450349 -0.10413695417378858 0.1124999237781709 -0.010225411273826273
0 19 -0.05768679140590918 0.05142018828193793 -0.21143309140228259 -0.058715410470981264 -0.17026638174193107 0.15993270981071242 0.24675234664246162 0.06850739298399965 0.1870049208709282 0.13434939298892395
0 20 0.019096066301462357 -0.02333269950503466 -0.09499084188567399 -0.14539493272789747 -0.12693488412781712 0.16379110008674438 0.05237294029375457 -0.04825733076424431 0.05574175261261354 0.06617378515562555
0 21 -0.0627162613735997 -0.05746370409535334 0.06299635621639055 -0.022055032185415258 -0.1349772228305204 0.11753064364571852 -0.05056192414212391 0.04431834984026037 0.04272240817346277 0.033351779888898314
0 22 -0.02197483201598022 -0.11891586575343568 -0.115869045917724 -0.10362279620100995 -0.10120625542962587 0.09334180567988187 0.2388485118433502 -0.010714249375415555 0.24812875536159676 0.1544702629405955
0 23 0.06438633116048655 0.0017417247742163293 -0.0024294318050320173 -0.06044255513718432 0.015564754635684238 -0.03266531065776991 -0.09614585048981796 0.03584395432467791 0.001280546343087139 -0.04360915718020651
0 24 0.06249470848145129 0.046536041950656595 -0.10933022471798844 -0.12061749394378944 -0.1432537171066634 0.12578586634528494 0.0984360072997963 -0.029600035030735862 0.10221217195526892 0.053111297124242084
0 25 0.11068948969492075 -0.07452759803515648 0.05727104821992669 0.07944728293160351 0.0610133944123765 -0.1946929838734188 -0.28393139917363674 0.1107858906861436 -0.21666555474989926 -0.1071989776127551
0 26 0.06189086556000643 0.06259671577447716 -0.11648886454093466 -0.12886790304731027 -0.07034264304555271 -0.028698909794123453 0.10449493899649512 0.014784680688791886 0.09728814381782096 0.03371813181934436
0 27 -0.01916076771141955 -0.1071402939945824 -0.04672435356900798 0.02373426964710591 -0.16055272849146007 0.09870876404893163 0.13459252508460218 0.019079160073774085 -0.007593323536542892 -0.013325180474670437
0 28 -0.01754567738855891 -0.02952355295521929 -0.0605205324936974 -0.051175727294579816 0.12429291903005062 -0.09650592623984035 -0.024748703986575766 0.01587970025841559 0.04872509017783574 -0.016764988681672213
0 29 -0.03846482079305569 0.01721307129860838 -0.009822508439482616 -0.0865493545679196 0.003493737653091028 -0.05530193176254524 -0.03559199005067155 -0.03821360052624954 -0.011853081854561706 0.03098148697349569
0 30 -0.09923041394306875 -0.0917204502645226 -0.06179791288554916 -0.09656280767082992 -0.11528590180159475 0.051115036280744514 0.08606936498809181 0.0669520774061238 -0.055866445706773606 -0.013067871795435866
0 31 -0.10230116046556874 0.059774534315962406 -0.11182191524562622 0.006833656682084196 -0.08538590638295245 0.0603894956769722 0.03458349644950768 -0.02373384761298141 0.07966351301442672 0.04681850046941567
0 32 0.033278965683394925 -0.028957952473938075 -6.929146508838861E-4 0.04390933335591092 -0.0921960555963613 -0.059180178327597484 0.09083747575660524 0.011963257911549617 -0.04938069869172513 0.06337214139283859
0 33 0.013971981270527473 -0.053006592258847726 -0.06742149296057963 0.04503037359616484 -0.05860351002019304 -0.055235376679790976 0.14078920059347994 -0.017470550921338455 0.0874906502328655 -0.007503146068822502
0 34 0.020538052080387913 0.08566583662589887 -0.04424952588254184 -0.011798612673934296 -0.05301099526705193 -0.09073879828480219 -0.10189267605900934 0.10131476429207395 0.01325951475196369 -0.056684530238985106
0 35 -0.06586958850890448 0.007630434524623971 -0.024108217891128034 0.07301863557404857 0.04817204759305144 0.07144548822862937 -0.11325556286104962 0.05300029121777667 0.03350413239080245 0.0022638879882428417
0 36 0.0459385392861994 -0.06886731370281013 0.02440023486830689 0.05486070155603214 0.0332400433454395 0.0631316129917023 0.007223977839023314 -0.0024799267342096 0.035733549569843585 -0.09393684678998666
0 37 -0.001955024750078553 -0.04255716692354162 0.047223724886215214 0.08813934626613759 0.052696403836486334 -0.10911897078402627 -0.05326505288313467 0.013594824984788305 -0.13791334188896517 -0.05849919343549099
0 38 -0.017064824115843036 -0.021314329610572495 -0.009752491743587652 0.016519469184980963 -0.05668814665195176 -0.07092021718871744 0.07908828604824167 -0.04966508320316516 -0.07451911946692587 -0.045425031493304804
0 39 0.05267807825078033 -0.05293282191196231 0.09966236358238079 0.07042620156624323 -0.06214065157990965 -0.02832308604669974 0.017399946910999844 0.08817256326890498 0.0794170634855218 -0.0525907656090206
0 40 -0.040370322071693346 -0.09160658226563348 -0.08527134253327441 -0.04476027443866124 0.013373823536956465 -0.06278981686245184 -0.030311574750582892 -0.05542875867404659 0.047246864440385776 -0.0954738813110008
0 41 -0.016542523768188835 -0.03549458335309718 -0.014575604154301324 0.10899691917820238 -0.07822825548253116 -0.13597526088816964 -0.1767606766400895 -0.006902758852735498 -0.06797916956889938 -0.11092566595100989 -0.22000725567614962
1 0 -0.2530202277849353
1 1 -0.30319721087162244
1 2 -1.0671319096326388
1 3 -0.6823468238085179
1 4 -1.4054018981236245
1 5 0.6668070453008909
1 6 1.36161739271598
1 7 -0.36765293556131784
1 8 1.0720180073292942
1 9 0.3830712078310266
