## RankNet
## Epochs = 100
## No. of features = 41
## No. of hidden layers = 1
## Layer 1: 10 neurons
1 2 3 4 5 6 7 8 9 10 11 12 13 14 15 16 17 18 19 20 21 22 23 24 25 26 27 28 29 30 31 32 33 34 35 36 37 38 39 40 41
1
10
0 0 -0.09890074212934691 -0.04144718421963978 0.08693239927729399 -0.01979888854853937 0.04681444861443722 0.09827055075733748 0.09804123775231897 -0.004947204201383192 -0.0027819689143663362 -0.16405601728257718
0 1 -0.09105711153309888 -0.036898556407759575 0.17964387324530942 0.04469795776286431 -0.15101132490508393 0.21244268271146546 0.10169957818917912 -0.01864444657759844 0.1930399644587596 -0.27510430832028576
0 2 -0.18944221721471885 -0.6079875953089723 0.594933983136611 -0.10322131460943015 -0.33245313647683095 0.5576050891581839 0.12315724429419478 0.20711227898449758 0.4813653968672406 -0.8818541658927544
0 3 -0.14791687486185456 -0.18331893832678114 0.271044364942122 -0.046738223563698625 -0.1850217587750354 0.23170856405982326 0.06726310978838008 0.07988900077039214 0.15193106505748802 -0.33241889462026125
0 4 0.05009050918234621 0.0916294630303035 -0.11284307996398035 0.023620038653587375 -0.03889408273071823 -0.060343845746621966 -0.13068081474117063 0.005454589168740696 -0.13604670612162612 0.14224092877740674
0 5 -0.17312442216549953 -0.23923716519194377 0.21505147055880167 -0.11402146110672516 -0.14571276369221342 0.2045352321671275 0.06793376700583184 0.0027777561254241807 0.1989213796833525 -0.39074208434765123
0 6 -0.015536380806590944 -0.15282647709135466 0.17565670358884364 -0.0176747062036421 -0.07659016642564358 0.2048536579685503 -0.04867644391058721 0.02465732236011037 0.1863644468717117 -0.2906053340310082
0 7 0.09385168235921593 0.09170062325523208 9.705687573362377E-5 0.09273442257452083 0.008463622710368556 0.015933587085496616 -0.06806590687124955 -0.036495194833350876 -0.09186898112951003 0.009321090169255829
0 8 0.018515015014470056 -0.016870973478067097 0.06660504331115613 -0.031797568474206485 0.015965343472247134 -0.057007669265369876 0.07331449852223457 -0.06785559860238502 0.1121585946652373 0.036748005662701
0 9 -0.05191025945637799 -0.208845693089367 0.2457249997556436 0.022010903463018188 -0.07373253466793928 0.2765355157118844 0.030165519988568798 0.06025452065029007 0.24915627173771623 -0.3512603084324726
0 10 -0.14935194128552232 -0.1883465632138511 0.24358275137083066 -0.0247618268057352 0.010935168102742643 0.1597835942519932 0.03912573890917235 -0.04696001197291646 0.2511123211040901 -0.3547604282703634
0 11 0.02467376853941688 0.005896893847692715 -0.15631346407917526 -0.04882015694430291 0.07884034328600878 -0.16068357552233475 -0.09311241075927817 0.011024703729923957 -0.09496685924391718 0.03845841939614852
0 12 -0.10941900623413167 -0.1449254233448584 0.13038565605982097 -0.02992258105234535 -0.05718677155649498 0.08889842348706316 0.08074987502845059 0.12606348237628837 0.18362228697241012 -0.26007099057820554
0 13 -0.15389418023935816 -0.27310443655770655 0.10941738043237385 0.0012700455010729204 -0.1884093634404209 0.15383197726941555 0.06142406746896285 0.10353359657589628 0.11077975561751101 -0.4058109560609056
0 14 -0.09863989351060787 -0.18116735120062222 0.22861367713907854 -0.11514448216257095 -0.04738129164878782 0.157260246441384 0.09204546912093466 -0.0017357083782186696 0.07223287423253366 -0.14482328483836052
0 15 0.02696024219747512 0.07540199548880595 -0.12228438887490359 -0.08352081082474723 0.06152337637986582 -0.09212596318503076 0.07286947950293499 -0.03161450946381983 0.017199722801100836 0.008955414629905296
0 16 0.060390884129487586 -0.06900261943597978 0.09932546112675304 -0.03387563108531891 -0.12474633073505123 0.1281778502152281 0.04044997713979947 0.012929991798836273 0.09914091792462427 -0.0572094617257325
0 17 0.0733745266103522 -0.13550353041990026 0.11643642378091897 0.014016244184658529 0.07502395770539744 0.04384530824992434 0.1118275422548405 0.04451116526390596 0.09430862953817909 -0.06245892662470754
0 18 -0.09096121454613193 -0.19318953752333912 0.1755003087038368 -0.06746928318814356 -0.03638377910747081 0.06262308210401313 0.03819355921400668 0.05909016117710802 0.18024771741451764 -0.25586180810923503
0 19 -0.09210417501010097 -0.03086021069865583 0.17053182142344547 0.008933173356509293 -0.04342544333370963 0.04225388167922431 0.0982571252604513 0.011288066287808287 -0.002855689923834907 -0.19407085879585687
0 20 -0.07377006369408458 -0.027742637534862644 0.004160478742328615 -0.03507957626351292 0.04243939218050122 0.1453334904312886 0.06923902461409305 0.11097533028709537 0.10245123023927118 -0.2223324427494676
0 21 0.07846692231356228 -0.045541452076926774 0.05873716583458558 -0.007544264224535496 0.027144915572867703 -0.010561596640596279 0.0713629182200301 -0.08316336317881785 -0.019560004829602573 -0.13893013348337954
0 22 -0.05828771633737299 -0.021303396641619607 0.18085732792073336 0.07140179635363364 -0.13849127632621877 0.12154940114014762 0.08618278242127234 0.007442943069288681 0.08067595544050857 -0.24517375884671191
0 23 0.0869876660886914 -0.07575790549517888 -0.08801015486970673 0.1032186876539307 0.04054753906534187 -0.06652204132757168 0.07054219348382323 0.023794064585648957 -7.073271957184212E-4 -0.06789130097794413
0 24 0.02000524365942857 -0.05873845232778077 -0.027618586137870396 0.042889242657543736 -0.036483508919186156 0.041289471074528634 0.024574645700701826 0.06889579107012997 -0.036266749498281584 0.006714477505913468
0 25 0.0058300471574774995 0.15965760537208165 -0.14327969437532176 -0.019617736991848482 -0.03466395648335135 -0.0847318316012737 0.014868520731375585 -0.0591873795247157 -0.025630715682391853 0.07590812989741264
0 26 0.031034575991545348 -0.03184142251633639 0.09982419883767799 -0.019881972805306247 -0.04660610237895339 0.016864874686480003 0.10179459160322783 -0.02065163266051027 0.13025386542150685 -0.10962014326674151
0 27 -0.05960904613115476 0.034758077961047365 -0.02331520600226 0.03681290928064629 0.04061367167529145 -0.01670299427084514 -0.0072309937398025055 0.041531610386490316 0.1255545566057014 -0.1527771315027488
0 28 0.10492114677401479 0.10811481773987344 -0.09499124069546096 0.036558921315471074 -0.08577144317387515 -0.04567009738042576 0.06637806339923764 0.015958072214493156 0.013062542100068913 0.03268883207064712
0 29 0.07470383235287771 -0.01864476152703593 0.08126466600566479 -0.05485311603173893 -0.05775444845454765 0.06741319376890163 0.06692658389885182 0.09326829875042816 0.016933906939561063 -0.0030583612364780597
0 30 -0.060175317749520986 0.0670781210886924 -0.04158325334198145 0.031484916250832155 -0.03859345228106728 0.10704196987730658 0.01812669564006727 0.07379743617969452 -0.012455277098442612 -0.0030559509383340524
0 31 -0.060104298041891234 0.004758441311644806 0.12306424309431836 -0.051310054384935876 -0.06816202003898429 0.11041433744576669 -0.06020304778433978 -0.050746706053290465 0.083741006258524 -0.1890167793553347
0 32 -0.027170059024838256 0.008155159388112516 -0.03872872711264353 -0.031812694518135606 0.07741552335273132 -0.03580647710095847 -0.08403496271511615 0.04198257478645571 -0.025719212890025614 -0.0055900647866849425
0 33 0.0021759828811365473 -0.03834071425215508 0.10571281495360872 0.09221188907799979 0.02214749625492798 0.07461588921199908 -0.06938863404229909 0.0795990177461386 -0.03598500202180052 0.02699452810993019
0 34 0.07177307648306334 0.05028158442005471 -0.07387695895287032 0.057590360160248155 -0.10016923083937188 0.04092386801851245 -0.07825811757341514 0.03590291051036783 -0.040880409345908225 -0.08821749814523683
0 35 0.09527230079890232 0.09137593604287676 0.032256192586588545 0.01002489552403614 -0.06323107250792755 0.010167866690405064 -0.07054138728235715 -0.01993582631338798 -0.030783758973508143 0.03938715843804025
0 36 0.06888288162046163 -0.08544119646986344 0.01888444527440911 -0.05306145000671934 0.062300175639661726 -0.08515081648970961 0.07702766302000065 -0.0896060069464086 -0.022968107935568985 0.07107855403138481
0 37 0.02053080361356634 0.09790363971004572 -0.033827577467324114 0.0880163617066433 0.06842288346018847 0.06544214476758492 -0.019587924571554702 -0.10091927723345802 0.03950588097923261 0.0010086343862735863
0 38 0.024419082174359206 0.056849199407001436 0.06500721500026714 0.024098359778606235 -0.05902664952706868 0.05923049341763866 -0.0712851871625386 -0.02502510710080541 -0.0038066746701228135 -0.018819816078440854
0 39 0.03268474920116072 0.05579311183720801 0.03501324700193947 -0.012385201626578394 0.05358055361735322 0.07358929322133027 0.05886629661117941 -0.07658120265244321 0.05193792893689154 0.0666952508123555
0 40 -0.06129849099714227 -0.03240012484653215 -0.05529699051430827 0.07158270878221505 -0.017605118700802478 0.008311857978525723 -0.06545664585574722 0.07916731941272528 -0.04155678056597343 -0.03300343110454777
0 41 0.0693466505473821 -0.008260852412419686 -0.06129018764965019 -0.09274473054858887 0.07505361406930627 0.04073037337970753 -0.030000213873181324 -0.0936447412058406 0.009124420662130957 0.05932690597064515 -0.14025643787977465
1 0 -0.4674283029381678
1 1 -0.8860438413748157
1 2 0.9043636806299952
1 3 -0.1911018549998775
1 4 -0.5090733565657918
1 5 0.8032184137085838
1 6 0.22155206403673955
1 7 0.20874340825193427
1 8 0.7364038024337366
1 9 -1.3684551154277342
