## LambdaRank
## Epochs = 100
## No. of features = 41
## No. of hidden layers = 1
## Layer 1: 10 neurons
1 2 3 4 5 6 7 8 9 10 11 12 13 14 15 16 17 18 19 20 21 22 23 24 25 26 27 28 29 30 31 32 33 34 35 36 37 38 39 40 41
1
10
0 0 0.023359754787925353 0.031485324665519274 0.07839485203094261 0.08162321406692742 -0.013424568970205577 0.0707947332322781 0.019843968648952735 0.08238046582273652 0.0748480976799374 0.08043847154257354
0 1 0.046761083997975274 -0.015637923136614097 0.050618972704239984 0.03426619555712317 -0.06055751669712438 -0.06198512659780417 0.06077977435661823 -0.010811278408290463 -0.08573053143929829 0.08040589733931289
0 2 0.008857785009406802 -0.027303542270066337 0.037016442961248085 -0.09848876550463642 -0.0204278705592285 -0.04434803470904876 -0.008455668758700347 -0.06935954190047568 0.049568278712265906 -0.06359882789334292
0 3 0.03578206994006715 0.008937462568074234 -0.009524806041463541 0.01774164301027571 -0.04991729045419202 -0.06216567368208985 0.02612990545025706 -0.07740578321762609 -0.0768604037569443 -0.0787978509935122
0 4 -0.06412629663320168 -0.056403202267318354 -0.03433645423797947 0.09643256222281109 0.04768292621055651 0.0026178194739209207 0.046385372995011394 -0.0388188679544852 -0.08193139615843076 0.0016152060523512619
0 5 0.022432073757474556 0.03837104510824892 -0.08363969237784666 0.005353343349453786 -0.048390054766740916 -0.08233688440582708 0.04605195817220142 -0.021243114521233245 -0.09730325816213894 0.06432343632845892
0 6 0.095273704777007 0.061564043594361184 0.09506220454223924 -0.09498992390690367 -0.04385207887708292 -0.05881117417977953 -0.07115044599222015 0.08863310972726395 -0.01104933620052403 0.09763515528420531
0 7 -0.08221919652565525 0.09629263442391427 -0.058233047535321124 0.0011746821623854732 0.02199717050825784 1.234710703244203E-5 -0.08402455152441186 0.03644131098774502 0.02034794861903925 0.017319110880545035
0 8 0.032551324044035754 -0.0700759007258774 -0.09258846064629679 0.09215528686472271 0.09639958144603336 -0.016561127351510593 -0.01683462724729416 0.06207136619325045 -0.03663440996849221 0.06684116324017081
0 9 -0.011296797437647521 -3.9002746704685083E-4 -0.09983068100891514 -0.0771644002709952 -0.02972173755449153 -0.02808973339509284 0.08582145545869829 -0.02676614641182079 -0.016145327492517902 0.07986853368483487
0 10 -0.0073234223803217155 0.02568431588188722 -0.04034408972566404 0.08373145669549462 -0.0895873421036805 -0.061705297174479076 0.0913785416507382 0.08828008216500353 -0.07442611769854061 -0.032416118155413086
0 11 0.012411516054168197 -0.026268632780186877 0.03242057111875334 -0.09689049930532258 -0.05079265568622115 -0.05711620842865131 0.035869242157352696 0.017067004186686264 0.03719312523524728 0.07036691738711037
0 12 -0.01294666839088609 0.03187323986033628 0.02303528495121507 0.06483620281292576 0.0858898256894294 -0.02233454028491383 0.08199682774616421 -0.03966743470032921 0.09415035798054744 -0.08040410720158446
0 13 0.025336653021007082 0.047262537065346624 -0.017222961837079602 0.09061932934263994 0.08984629971276045 0.061157829373674984 -0.04117672211163797 -0.06972150272451912 -0.031726731033955194 -0.006601303793902348
0 14 0.05818632224135321 0.08686087192139984 -9.266163223444233E-5 -0.08573562876417447 -0.04868838867716423 -0.004000363396822027 -0.06993445530107299 0.005798905352507187 -0.07221281983309753 -0.035260564590662846
0 15 -0.08582619835728625 -0.08386125642649739 -0.08493866834812415 -0.02221091408978098 0.00467628893209778 0.059070562845462755 0.009275738357180081 0.06204091467192376 -0.029116328480637377 0.09028897923202955
0 16 0.004236735408544464 0.005448574413298029 0.09103830298155619 0.055344042280844094 -0.02377197754854294 0.06224273968735394 -0.07936855280290736 -0.0964352416237437 -0.00502131043956505 -0.013684352966264737
0 17 -0.005547028897905793 -0.07568823035204847 0.09817763372199911 -0.03290457738694391 0.06563325840324283 0.014492890107616237 -0.03529855148526027 -0.0572670675365761 -0.088739451832589 0.09115328692985451
0 18 -0.037049949071686294 -0.04018076783044227 -0.05865700075138045 0.061868338062427586 -0.07253005293993224 0.03298609744724446 0.056859383719985016 -0.052448511301654364 0.02078192328806537 0.013253688045659531
0 19 0.0034876364167013485 -0.04003729943011762 0.029828661295610622 -0.07992246970578593 -0.06652594728745923 0.007487306395494422 -0.033505798117012334 -0.08218340411103066 -0.06781745677979835 0.006288318538271819
0 20 -0.06543531604274809 0.03510846015174963 -0.03984093202439935 0.008388727316831641 -0.004558333991966134 -0.002610180861731754 0.07747714215282847 -0.06259284346801267 -0.09772493069354496 0.09444080758714869
0 21 -0.0839075658298007 -0.09462824259411846 -0.02871105872814148 0.03492535135318726 -0.03404573333558883 -0.010121606936864721 -0.051498752212887564 -0.007609103686903016 -0.06213621870389612 0.061949257349332834
0 22 0.052441137235775086 -0.07000769519427065 -0.0364041659251402 0.04337576940053896 -0.09025706478656961 -0.06447810956192146 0.0013158136281426257 -0.05649174435875197 -0.044107094988988335 -0.019722799592775602
0 23 0.05002860226505434 0.08266598400182956 -0.007379742732629859 0.050513904803329755 -0.0424203174079779 0.05207340560994476 -0.08427950042359487 -0.014481134802962767 0.09706408426435184 0.06893225544943868
0 24 -0.08199984666102865 0.0778982172495483 0.06773597025988505 0.09924944095911245 0.04242313464014909 0.07527703130257987 -0.06094836224746259 0.0695889704071869 0.024225110620407 0.021940929388657944
0 25 0.06360464409382395 -0.05657937813794795 0.028983648476491788 0.0529778875687392 -0.0273581352350806 0.06922685890806134 0.06247860131426562 -0.017714928199102434 -0.0010183209041099302 -0.04025309056977806
0 26 0.03708869232390098 0.052820518348919134 0.007179022650168637 0.04395451275118522 -0.04957941903605153 0.09732143069150836 -0.04264631290284091 -0.05465131615933277 0.013938493908574018 -0.08520320617821156
0 27 0.010688670747674382 -0.04367223710089954 0.09019544917890254 -0.0725575352449412 0.010235477708237213 -0.08796386880564094 -0.025395542799876346 0.012867017618489135 0.07162022470219431 0.030172037277723215
0 28 -0.015457295601800588 -0.09338249555959506 0.06865514818921227 -0.08656979552318482 -0.004051408801838643 0.08456596837236395 0.03874091413218771 0.04585642438734043 0.05787562246113476 -0.03653455894307683
0 29 0.011810273979718613 0.04243083865594531 -0.09546781987845047 0.07405350370950164 -0.08227486713065559 -0.011310651025633108 -0.0030500727258402486 0.0061615523782172915 -0.057928366575471554 -0.057269084678470236
0 30 -0.039761235889319506 -0.06724620607922167 0.08606792513294487 0.07583362126538624 -0.01908318790448027 -0.04863688989089042 -0.08665690629388988 -0.06656252948457399 0.05710884154770328 0.06390685940362797
0 31 -0.019888433456233198 0.06955446507921244 -0.09328664739706798 0.01460396033216133 0.07735810399400045 0.03788949272617586 0.022463411258580042 0.08771948198575343 0.0139685043877959 0.031148888741366763
0 32 -0.025122520444225603 -0.021459223642815287 -0.03108140889830689 0.07803940136625999 -0.04644618132600395 0.02157710373969966 0.08065394004122703 -0.009876200218571978 -0.05427201866200537 0.09705395145193838
0 33 0.08460256185219571 0.010837207468028626 -9.97395621713937E-4 -0.010896044829596468 0.05415140357933919 -0.06578236247349542 0.02511634604861054 0.009523470453391223 -0.04978273450669035 0.011950971968769047
0 34 -0.05441774327331867 -0.0025094627195943182 0.044003708952603915 0.016921700579956536 0.014663198300623863 0.013385158741891539 0.03637318290263631 0.011975713567911892 -0.005188166610836028 -0.011721624603981767
0 35 0.02303962640600531 0.007398128672310387 -0.07590855735948877 -0.06694195020100714 -0.04151778746474663 -0.00414508667107029 -0.029082495514416183 -0.035082134987355997 0.09547742585029662 -0.09507260195422566
0 36 0.07354217160030531 0.0010355698647104847 0.014140953691555422 0.017914871527603914 0.07904537968801675 -0.05146263398128493 0.015899131532925888 -0.08276001617845226 -0.01398243426807555 -0.04459710614219483
0 37 0.02731726021392273 -0.045258237709929636 0.0017515230573365056 -0.07917909153344223 0.05464982855361259 0.04174518157507415 0.09646676006145836 0.03593899944884192 -0.017263713956849374 0.02949968457943799
0 38 0.06209492443351754 -0.08116561166483456 0.03092112326362709 0.0014046841739968293 0.03815906423610971 0.07675000309915263 -0.07134217910940288 -0.05548230026875185 0.08696856542835416 0.036746797419976635
0 39 -0.058195025149499154 -0.003865561754210631 0.04816960009604052 -0.007028285119481741 0.07412663168877581 -0.09996113536113488 -0.07092788807310617 0.02163210030485018 -0.07385124316403466 0.047415757383707687
0 40 0.05477599544156094 0.007024757308784268 0.04426431554645938 -0.03005857081784457 -0.006200950062734093 0.06429121964123177 0.04796832334247929 0.06756113360104576 0.011087054021079155 -0.056358665178198986
0 41 0.08592797726042449 0.03714405304976716 -0.014042474062164745 -0.031102805616582692 -0.04089474620937335 -0.032805167734338 -0.09460575462633697 0.08852917160210455 0.0890451943766553 0.08839260068580461 -0.0891842842102059
1 0 0.02028679847717305
1 1 -0.060166578739881016
1 2 0.027749335393309576
1 3 -0.07092340290546532
1 4 0.09206324815749957
1 5 0.02951603569090348
1 6 0.03255485370755208
1 7 0.004248452372848969
1 8 -0.07912944257259345
1 9 0.005109459161758401
