## LambdaRank
## Epochs = 100
## No. of features = 41
## No. of hidden layers = 1
## Layer 1: 10 neurons
1 2 3 4 5 6 7 8 9 10 11 12 13 14 15 16 17 18 19 20 21 22 23 24 25 26 27 28 29 30 31 32 33 34 35 36 37 38 39 40 41
1
10
0 0 0.05687669098383117 -0.006541347576493349 0.09176873270364798 0.019590390177535482 0.04974991367625593 0.08792939611119426 0.028484523676483284 -0.08897604537523882 0.03362165913593164 0.04994299782193034
0 1 0.05127934797341079 0.0327628849475477 0.06376940131348886 -0.037746982167042836 -0.06482913691403765 -0.015276748207020952 -0.08803849468143989 0.07502762384905697 0.07269266853574348 0.027989139349687372
0 2 -0.07973585590500008 0.029947357656311163 0.09546322319266916 -0.07062914212248955 0.019845917992910817 0.08925891170428625 0.006409344702272249 -0.005087416252123914 -0.04841415688524081 -0.027329947592178706
0 3 0.00758907253756053 -0.004577243390693307 -0.05900998220679091 -0.09156060520706913 0.08778354552290737 -0.028207303402010633 0.037035661986247935 0.027688597386116922 0.055930850699596045 -0.004286597238154866
0 4 -0.017568916081699314 0.09211943412647078 0.09222458267069518 -0.08761468712811424 0.008240680544152506 0.08115974091153513 0.036523112898493616 0.09309919311914648 0.026754825217941477 -0.0038817491700116886
0 5 -0.022796218059061735 0.07739164592887558 -0.09315694489284014 -0.09878195391301751 0.07109014270857121 -0.04681447498557359 0.06821811500196243 0.07011059458748765 -0.06829079635525591 0.02970604703824076
0 6 -0.037778271841849086 0.06991890597372567 0.006617764247080718 -0.037080417970376665 0.032621998032087485 -0.012743298263853675 -0.09838428876698689 0.07328276859990251 -0.012850598406462736 0.043151354763506754
0 7 -0.05280569541108886 0.02945205249576164 -0.06152027279846976 -0.012271849698630873 -0.08349574313858636 -0.009697740636253782 -0.010224763679029804 -0.040695348878399124 -0.012945586486318723 0.09196834143209755
0 8 0.059399850915021396 -0.05719982064299555 -0.054465451729957454 -0.024329608966878767 -0.07119439188589861 -0.007748990238258776 0.08221788914519373 -0.09326664030718701 0.0807142957055151 -0.02318197181270594
0 9 0.04180698324622176 -0.07433365022851453 0.016956477283911933 0.017891733620940608 0.01904167245639982 0.09830839579117502 -0.027573520050060717 0.06847120908823588 0.05805020164227351 0.021816942015296666
0 10 0.07648193481352981 0.08621859763007025 -0.01208656382454295 0.08715306953816537 -0.014793558343465907 -0.05676827380923577 0.015479649439697667 0.004489186291708829 0.03561588431704254 0.06209809952056194
0 11 -0.09808123206805228 -0.056768433119185016 0.08613830175968118 0.045302711077967114 0.08669961207736283 0.06248011139437159 0.04739872831969611 8.604985761470985E-4 -0.006537482474039222 -0.08193209807842675
0 12 -0.08974603496200984 0.09627951578351325 0.05823514361983919 0.06030556894413133 0.08023925029125006 0.03857245093115897 -0.032959532651049284 0.04255704489607839 -0.045891845736789116 -0.0014774905911818645
0 13 -0.031558187793269354 0.0766066445369526 -0.09590515763333568 -0.018365707718764047 -0.0671027797338778 -0.04762554383087646 -0.06588421254194188 0.029246516254451384 0.06651529107078011 -0.05039014023879736
0 14 0.07886742041238552 0.04236211436263783 0.03000283796143276 -0.008687748382564529 0.004357574386307117 0.031330978804358756 -0.07963174647837759 -0.0030990485048865268 -0.06447322567529191 0.048070820778787465
0 15 0.0944480375548159 0.046038287082634154 -0.05374676711651885 -0.06905956464134806 -0.03909533500853536 0.07925947277363699 0.03315741905165233 0.03263851410295256 0.09269483397584038 0.029685693115225103
0 16 -0.014216501931084053 0.04819546780719401 -0.016211299374939696 -0.07113084876068437 0.06985125688787026 -0.07436199189876477 0.03719870595133388 -0.08752516036744543 -0.0968985597992706 0.07082485089406684
0 17 0.0879943132192559 -0.023047830123861853 -0.0073241091446236565 0.024918415145594862 0.007080126989263166 0.034233186472807514 -0.04389651382848163 -0.04242353952952759 -0.0021527582631545787 0.030772357999424235
0 18 0.09987764656926695 0.07132769955697893 0.07670940627548654 -0.0019155168847914 0.07299186095606106 0.09470983949074645 -0.04462314509104129 -0.07930089623115426 0.09747231573003176 0.09136238173415415
0 19 -0.08869928049499912 0.07713735251598051 0.08076596968562809 -0.010683394740464138 0.07499370996300068 -0.08675819494237993 0.017010820371915203 0.05125461168002187 0.09821611356264835 0.07434414513570908
0 20 0.061785580717773896 0.06342888045165034 0.0177439072051404 -0.04622711635399791 -0.0305203176722046 -0.019494525208520325 -0.040463252360542774 0.0013254711543987932 -0.027317316233568777 0.0056047307414560325
0 21 0.024352732381768927 -0.08440192796895352 -0.016135721040548404 -0.09605344813259943 -0.09826094059682319 0.09533030406396752 -0.030925986680986662 -0.06688688214418395 -0.04807391622928358 0.07784386719351313
0 22 0.04366703017974971 0.07931612220626386 0.07203164852205658 -0.038071521692594514 -0.03801833239113308 -0.05537194241583666 0.09015372556920248 -0.09648563171430977 0.08798869383533715 0.02195761574325594
0 23 -0.07857032399962817 0.07513458182327555 -0.08980783279455845 -0.0605959929311919 -0.01399612999136609 -0.06554245329325303 0.09399960794150605 0.047559284124482126 -0.030863587190257603 0.09889102664186843
0 24 -0.0532483747674943 0.007016459169106308 -0.03566195493660221 -0.06327199664306449 -0.03668179883981393 -0.02741496276920581 0.0762082001258742 0.0730711745405959 -0.060131204739851785 -0.011799194620329068
0 25 -0.03407322160481808 -0.09846242404841266 0.04769482008665407 -0.04180126863875477 0.09385228040552882 -0.004177494704302622 0.06989982935943742 -0.03595892454901662 -0.04394256860435143 0.03370021111340842
0 26 0.0036985097246084726 -0.0741259226636619 -0.07999581446869823 -0.09068727733458806 -0.014700682181812228 -0.04024102983639127 -0.019239072597073813 0.04822415000997244 0.0992309856781053 0.011503051026710481
0 27 -0.07104059825452406 0.003475890637101803 0.009079442207309874 0.0801302521138746 0.08717407196771418 0.05803305899317307 -0.0457749163935158 0.0514477095773563 -0.08329806662098443 -0.07978348995936624
0 28 0.03361554760035953 -0.004799235618506916 0.02381392388047397 0.03338124385793642 -0.07209767894794265 0.03766337336700105 0.0700175054622071 -0.03361100957272049 -0.024562316984794788 -0.041900395839997245
0 29 -0.02279010769511955 -0.08481282410636856 0.018444898746427105 0.07382523627734952 -0.023276853725379704 0.014699633096337263 0.027759109228009234 -0.08539979356601746 -0.044841324409663604 0.008239277667048534
0 30 0.04726796878976102 0.09049649494066443 0.07236632155711827 0.06817615743651229 0.0030255627646495224 0.01394812091469183 -0.05938117378707174 0.0064541478716464385 0.014551323561380404 -0.06149572102434774
0 31 -0.05615300565860727 -0.07923577464811683 -0.08061287452698232 -0.012133663359152329 -0.02195440540116104 0.03070966072975745 0.07380548474169155 0.09609397707154432 0.0706219610337037 0.0038272371005067573
0 32 0.01028899445501008 0.07152490984168365 -0.04948339509197664 0.00928418060540361 0.0077311209716577544 -0.05439970214131169 0.01913609179447133 -0.017804411146335762 -0.05665280398995431 -0.08797462026037602
0 33 0.08334644237456469 -0.05574068025720785 0.008299806555805207 0.06004826479148536 0.017198821326215023 -0.03879147307515378 0.02533548465098899 -0.08983759077574563 0.054933290063974835 0.07452813168172256
0 34 0.05118014056693046 0.009333641803958286 -0.028498436924999794 0.0011570834925166563 -0.028153263937669475 -0.05875060153088917 0.09281447485424278 -0.006439377185867807 0.03502022531488694 -1.9332949589600954E-4
0 35 -0.034425376547762204 0.0889012296614564 -0.020536496111882258 0.029182274368040082 -0.036313696797244326 -0.08146635952096552 0.08130542488068347 -0.030199371962748835 -0.06393618894795 -0.05664356525425226
0 36 0.06910956308462343 -0.07833516190788875 0.04475178560361829 0.07183474395754788 -0.01578786762794998 -0.03714978520857426 -0.03579610521339422 0.09397791238822088 0.03277856811356193 -0.04177926884577606
0 37 -0.016233051002245466 0.06242108238158149 -0.0765282634157969 -0.08154149278472057 0.08956820162917777 -0.012650357417857224 -0.06678700307366667 -0.019116690593407547 0.05760388736449929 -0.08166311461011057
0 38 0.02014920688247298 -0.09354504850089605 -0.008651132459767435 -0.06306902128341214 0.0786652179752744 0.049915489424633065 -0.06630942213981035 -0.059858975793949776 -0.02117017444880343 0.03531477438651887
0 39 0.06066138982386748 -0.007905758475618547 0.0012618798879404879 0.07933381222100491 -0.017503569638039954 -0.008192274741022092 -0.08561069364757394 0.050463546785266794 0.008339361132567408 -0.010231698031709684
0 40 -0.05931953574791741 -0.04283200473138213 0.06826099242982153 0.03537475374319828 -0.02449645644550206 7.792677511081526E-4 -0.06741125121731438 -0.014759745419788379 0.04169884676636459 0.0347770913588978
0 41 -0.044537556170526627 0.08738520037137737 -0.06435526771233796 0.027595367004846282 0.011662794471580362 0.08651175941655465 -0.05591983028487218 -0.011923040520841402 -0.060694541800504695 0.03499221711501469 -0.09215581417083714
1 0 0.019027262926101678
1 1 -0.04487987607717469
1 2 0.05773289874196063
1 3 0.013282942585647045
1 4 -0.013363045640289685
1 5 0.028253924101590958
1 6 -0.011709297075867672
1 7 0.04665051028132491
1 8 -0.09813772141933498
1 9 0.08047010004520407
