## LambdaRank
## Epochs = 100
## No. of features = 41
## No. of hidden layers = 1
## Layer 1: 10 neurons
1 2 3 4 5 6 7 8 9 10 11 12 13 14 15 16 17 18 19 20 21 22 23 24 25 26 27 28 29 30 31 32 33 34 35 36 37 38 39 40 41
1
10
0 0 -0.029195834286551738 0.0864591222390456 0.06255480967148859 0.04517075397870114 -0.008853687472914979 0.052531573017743534 0.045067299294294094 0.08085822884290335 0.09213125000593145 -0.08588103058160536
0 1 -0.0027139628599452 0.07216605301091247 0.02831246218358627 0.07998807449174573 0.09690800425823373 0.05690254971322632 0.07020204217665012 -0.04644906819962412 -0.06472636186308077 -0.08997919620155076
0 2 -0.042597687668168814 0.06748810663551902 -0.052646351895493576 -0.004723572299145193 0.02644220401595017 0.010405581127945571 -0.06572478475897503 -0.022845099601116737 -0.0642090074971902 0.09740588275693177
0 3 0.059676116720991886 0.03543002204349372 0.039653371255531714 0.09251172296604185 0.023993852477885526 0.02998151417024028 -0.0030381311172515456 0.02859622119541283 0.03897326605164001 0.03079148610849517
0 4 0.09225715669681281 -0.046495435257039204 0.041630565423057035 -0.0530764723136952 0.046879189689710346 -0.06048741129132404 -0.002001524161427489 0.045892465829999486 -0.024985762750881515 0.09536936799117678
0 5 0.09367379011783943 -0.012507597439810593 -0.010361368107996613 -0.06334592850801349 -0.040968332142059485 -0.05310256315065652 0.04054253793983748 -0.0613762416498601 -0.03853896056016073 -0.06935548675406396
0 6 0.09605695941889644 0.0735735374018027 0.06902853468168886 -0.007938763833493475 -0.0652206290578357 -0.05747105406268779 0.08874809659554878 -0.09621918736720972 0.039655997531798645 -0.07769943993731385
0 7 0.01281791832492249 -0.04162013880180981 0.0014330016735380267 -0.026183950336420524 -0.006777374520444527 -0.024136738604551546 -0.034368589001342466 0.03410284200134032 -0.08395333185690386 -0.010538078568700582
0 8 -0.029279563317728952 0.03754687160105275 0.015335503926396267 0.05835019895586801 -0.055473046399618954 -0.006137688948245657 0.08161733162477156 0.05767357062044849 0.04026567531348672 0.0821186895362681
0 9 -0.0364497764112072 -0.08026578421421124 0.030469006989301214 -0.0054865822236943715 0.0031061522595953513 -0.06594176006570299 0.011920143433635353 -0.020763080702642243 0.09896143196064727 -0.07875958084959628
0 10 0.02612323163635945 0.06988079865730511 -0.06443187088946682 0.008853109913992163 -0.055880866389079666 -0.0772463422224852 0.07881930362362344 -0.07741760544966189 -0.047231204678369956 0.023298904261578317
0 11 0.05752883323702727 -0.028116151421344708 0.09770075355952004 0.08490079695868649 0.06165437328490153 -0.05132073471170453 0.06853384128235004 -0.09342795262550722 0.09669136301846307 0.09361191863819636
0 12 0.0721685907625491 0.02416472420419152 -0.04184563224625939 -0.05034408756945506 -0.04519526068231605 0.08440292037415016 -0.030561682235615274 0.02571447905525705 0.041717963256291214 -0.011750713588804909
0 13 -0.09801728560140006 -0.07169616942626343 -0.07255067202622402 -0.029101030284229206 0.02191809460000167 0.0849799034620356 -0.07138435105364296 -0.028160113026487892 0.00900008147307579 0.04928154422891816
0 14 0.09086395525577717 0.06962114884785597 0.022197523846249838 -0.059355678013391804 0.018562131996973468 0.09466059272918327 -0.09984556619690607 0.052538678747736677 -0.05579933301479521 -0.03993550771619654
0 15 -0.09271596226470698 0.003957338773683309 -0.02060647419621393 0.0362156520516775 0.03237936978911195 -0.012157337929950898 0.020274600554048675 -0.049348466751508384 0.04940967579003595 0.013472556356765246
0 16 -0.08862422825641661 0.0915344885662066 0.07975516296538104 -0.015448280412212594 0.09845282033903495 0.09076172327715226 0.03322009797372477 -0.032312694244637764 0.04058508932518256 0.05669608914046687
0 17 -0.049366464894345825 -0.03880269843427889 0.007533097110764505 -0.022483400979501803 -0.032968122104072184 0.03255942415437115 0.031971365411771785 -0.07361582976575955 0.04366921507331643 -0.00988489952566886
0 18 0.00804236125281114 0.09743139534860866 -0.012712159814776731 0.014805504967957722 0.06715777532718954 -0.09969403231054898 -0.07331055036781493 -0.01711392723252973 0.08849862607196281 0.03853692013038315
0 19 -0.020552049444184255 0.01188637688560867 0.09983890712238332 -0.01995284358826627 0.06203955220190903 -0.009070880378060035 -0.06452632168947126 0.08426107514004365 0.08072265291737857 8.271980151197312E-4
0 20 -0.05535266958462279 -0.08809191834937344 -0.007878132780018449 -0.05121403211481427 0.0893879012463177 -0.05292734900313574 -0.09616880126344544 -0.05266706156558871 0.03368738283671481 -0.0075899310836144455
0 21 0.08992464208894056 -0.03283168422708347 0.0950665113442935 0.09976931059321886 -0.013290223518281352 -0.07566530820452616 0.07580736246221818 -0.08940028865020964 0.03534604414685621 -0.04142956898139791
0 22 0.0108178759881753 -0.06553960067930606 0.02595543510321773 -0.031685192919576284 0.0018306842718575356 0.04742968198187888 -0.08591431023308466 -0.04739495045302556 -0.02935498734956124 -0.040467979541324715
0 23 0.02072058416145051 0.030981009398771284 0.0541436155248831 -0.01816448817871755 -0.028650886957495316 0.06639270359916463 0.0164450680843904 -0.09239603895362622 0.09025707424101273 -0.035349524973853984
0 24 0.0036723075793705286 -0.015825357994250066 -0.07985779044351574 0.09213176876700273 -0.08467590132238655 0.03297441285949416 0.06661649531933904 -0.024897740250241353 0.002587403998659575 -0.05921859021571472
0 25 -0.03729786726802857 -0.016990851244928055 -0.07704738180316217 -0.02061194602367347 0.051986003794571606 -0.00825318656620022 -0.09147473664924959 -0.03185834680930294 -0.03942417269210112 -0.0832568452974392
0 26 -0.031168154616547216 -0.024271087314154338 -0.048085822547164626 0.08153865902777319 -0.094373663530912 -0.06149761085196633 0.0970592570370133 0.0323033477962534 -0.01956367529491397 -0.09652473188630396
0 27 0.01157221826867718 -0.06608968401227776 -0.05973611404221206 -0.030365329731189866 0.08559047127159583 0.04451278168646567 0.08715152710922605 0.030191138260321528 0.08755001645778553 -0.07992636134640656
0 28 -0.030604856094094607 -0.0526927373605374 0.01366300388267481 -0.08743917045437759 0.03116101200887085 -0.09696257754826806 -0.09776287582958186 -0.02317190442842678 -0.052149676275176735 0.08054821657224041
0 29 0.006663663122809021 -0.01471988161517813 0.09455552435626802 -0.09208802225947585 0.08566029688912981 0.08243339476345322 -0.04978335648519271 0.024517338568635055 0.07001600800618292 -0.08343477569061745
0 30 -0.06846473530372198 -0.03385816246104025 -0.04524974355745039 -0.08424331708047701 0.0361118715718396 4.54865110746024E-4 0.021548615844131494 -0.08239522122251366 0.02437513965916826 -0.09173203388839463
0 31 0.08564630799947237 -0.05262491551653598 -0.029837849123429284 0.038703260415328664 0.00750385737471839 -0.08900803984620625 0.02182216365559612 -0.041940624005730474 -0.008316236887343112 0.050861001733980456
0 32 -0.09485793761500287 -0.017033589610197235 0.04150299736491255 0.09723866294096029 -0.06223956455000122 0.07438575763182598 0.09894952474507158 0.01257582224630941 0.03279533868488196 0.003708068579691629
0 33 -0.03104110891034035 -0.08429773689676207 0.08466830115450923 -0.09967281508483793 0.06090697520402408 0.09215765388999377 0.08710391124187634 0.021941250374165538 -0.0808859282944781 0.008599900406377925
0 34 -0.024067361416729122 -0.030099758048474836 -0.042218547024867444 -0.08964578563888645 -0.04198720838152465 0.07211178171709942 -0.08791063739660342 -0.05657145713775792 0.07792234608539096 -0.03341009511094149
0 35 0.03300877305886568 0.030120113248575935 -0.02433388486675309 0.07306443285972357 -0.06671718480821402 0.08090008447957292 0.05178415419526861 0.08320975155364498 -0.03557030665179969 -0.0026777719790311207
0 36 -0.041878007424205964 -0.008719970533283744 -0.07049523571932204 0.09785485007118833 0.07953761143655441 0.05471975797580109 0.033498731847968304 -0.08921925816316044 -0.015664807172756035 -0.09165147274895552
0 37 0.0969152005445858 -0.03604063420184082 -0.03908485166740932 0.0399901786728597 0.012384011077708108 0.037735296612065455 -0.0903787412600677 0.07939282641008 0.09279062373439685 -0.054545416475589706
0 38 -0.009047919884324074 -0.08096079528331757 -0.0089111328125 -0.06068059802055359 0.030196815729141235 -0.005381894297897816 0.09772733598947525 -0.07265231758356094 -0.03734949976205826 0.044650644063949585
0 39 -0.08996682493407093 0.06313161968297228 -0.033892763785871444 -0.010526077548212156 0.09075474845118083 -0.07897115059744725 -0.01724508171897313 -0.08900243031545639 -0.08910406877624734 0.030962914642294358
0 40 -0.027086082783772145 -0.08680146746376104 -0.02951118225934716 0.012466765512816856 0.09155614094666843 0.0933269989806151 -0.05213141305340318 0.034106179572273666 0.014808427728915328 -0.06928615246177008
0 41 0.05638882105109108 -0.05646642468492305 0.09268157314926098 -0.03674772640204806 -0.02152456477272878 0.014543815554519031 0.036358726647658136 -0.09289103202677483 0.0027644559231204653 0.010546078667780737 0.07573466002941072
1 0 -0.09651362895965224
1 1 0.032877922058107516
1 2 0.03093348816037764
1 3 0.05219898372888529
1 4 -0.06881724298000519
1 5 -0.02488782443106308
1 6 -0.002971768379211303
1 7 0.037781130522501434
1 8 0.09174671024084474
1 9 0.023435002192861498
