## LambdaRank
## Epochs = 100
## No. of features = 41
## No. of hidden layers = 1
## Layer 1: 10 neurons
1 2 3 4 5 6 7 8 9 10 11 12 13 14 15 16 17 18 19 20 21 22 23 24 25 26 27 28 29 30 31 32 33 34 35 36 37 38 39 40 41
1
10
0 0 0.08213645718046475 0.07123393436889164 -0.014192735977111185 0.006750629541490894 0.051040534891619145 -0.02068537139916934 -0.05117239292575324 -0.0883190327206296 0.08999629304883189 -0.058425970546931646
0 1 -0.02003903140582478 0.015658421702668478 0.020119691809954553 -0.07958260758900933 0.05254899824391196 0.04986168043633811 -0.06201600145182208 0.03299966441131083 0.09852974824815437 0.07268004000489588
0 2 0.03461702139648225 -0.06440235556827527 -0.022881932235268097 -0.03451016007383283 0.024668716390531566 -0.058008474366091446 -0.049693185971380886 0.032921887566187025 -0.011591049641221906 0.02635596720410577
0 3 0.017945929966975825 -0.08835256256632192 0.006485536888153977 0.0559752756116033 -0.0835751280090365 0.05118267055654804 -0.05984736610566054 0.015403645039109098 -0.04176073254529022 0.029566469246509002
0 4 -0.09613431952390888 -0.07152261397669941 -0.04467609111134758 -0.07545675272162254 0.05869897686751426 -0.04125956630755204 -0.05849528027599239 -0.005075117835359521 -0.08703788805596516 -0.025121478131845877
0 5 0.038805889401165236 0.05665789379978188 0.0019667448510152525 -0.03180011007127339 0.001346784527059863 -0.009875654436337655 -0.045591625794784374 0.0033934749624981923 -0.03232436096532272 -0.0990688761793985
0 6 -0.0072261139976667705 0.0959897538099458 0.011531991134121152 0.055257596070465174 0.06869282387582154 -0.05115362707569074 -0.02005808161103826 -0.09978826270918079 0.018851371860099986 0.019232788041789742
0 7 -0.0649942451773948 0.09812022151012874 0.01988112553277294 0.05957017570723478 -0.08210853103151919 0.051115997303110915 0.05587422883942074 -0.047876963451810264 -0.07103237884953277 -0.06639604847132419
0 8 -0.05829107073185047 0.06670299230015932 -0.07590773733364455 -0.004975984390294934 -0.08203997070284473 -0.04209386022573577 -0.05006158190282409 -0.04307594533911663 2.1454081781045197E-4 -0.013927204568711363
0 9 -0.03316905033170667 0.02304337739371547 -0.09926850512594673 0.0019291824435782373 -0.024575728744751998 -0.09475782658984983 -0.07691288047728015 -0.02522344093131037 0.05912849990613281 0.06123927912670421
0 10 -0.09350303042821752 -0.09849439533533942 -0.08008187616735842 -0.05503083479621362 0.07994343568737577 -0.0017983148392470454 -0.052265730948906367 0.061938208229320724 -0.0818116166001803 -0.06224618427941963
0 11 0.08223788008158493 -0.00200970917109131 -0.005770228534146249 -0.05083365545381765 -0.09337028668503064 -0.05524398291387146 -0.04028045808996352 0.01124934654385375 -0.05394326084368383 -0.0869429552807229
0 12 0.04175075065981295 -0.08921658205102416 0.07159708916814496 -0.08895523833584332 -0.013593550212591206 0.023153908038540925 -0.04964855907111735 0.004056350201089158 0.0561755517710547 0.09102143807228036
0 13 0.04514416905260487 0.03969275705791655 0.03331458146029205 -0.08122092114110838 0.08310547067965086 -0.01127182959334466 -0.08270327831947645 0.07084625128070964 0.05684871342509634 0.0772427525967028
0 14 -0.09680681317043084 0.049326456979656465 0.0914437869928068 0.03837386778354718 -0.013221807433152275 -0.020838780349533615 -0.05004690848515492 -0.08207860336801885 -0.08413250967737447 -0.056567940909467554
0 15 0.04585486247290737 0.043117601422823816 0.03886373655523923 0.04360702985594855 -0.05536034806720285 -0.03757085184057366 -0.014151027519412884 0.09568374125505948 -0.03899440106059376 -0.003873767565170444
0 16 -0.0033746045288200813 -0.049112848773693124 0.04498354762188712 0.049220476734514004 -0.06753049581625538 0.06616585280179003 0.010183093524019046 0.05752509543647493 -0.05851781695892984 -0.007634442073708524
0 17 0.07394621500989856 -0.0615472171467114 -0.028197075419745882 0.01668224873422775 0.08999629486692652 0.020623220110157194 -0.035810284822409305 -0.07666253988237001 -0.05502455505386504 -0.07333593713371785
0 18 -0.02021745137783897 0.06705662100990659 0.07277203846721013 0.05443373898081665 -0.0742387820995969 0.04416282996672034 -0.03742190392301447 0.07424475103676967 0.042304224337447384 0.015110210687743885
0 19 -0.05075196027754685 0.06045328998186536 0.06761267802890253 -0.056416561830378645 -0.08538119498628988 -0.052048379172314314 -0.026203989978671984 -0.05704528069581317 -0.06688931808292344 -0.017806290882081136
0 20 0.023269258600650763 -0.020927502228774077 0.07681714666396745 0.04402006828423818 0.0724497566621063 -0.07980920426031084 0.07113023284071164 0.09834441786261941 -0.04282882411420979 0.005561880929933258
0 21 -0.06850075636290777 0.03145675713662583 -0.03822072367976341 8.050503022607838E-4 -0.08690746327694458 -0.021424695895237003 -0.0682512122504327 -0.07290171513153026 0.09765662587448777 -0.0011052299413415075
0 22 0.08125056965815391 0.06418435226345731 0.021919280449302164 0.03431950732035009 -0.05529374257098301 -0.019538642964818994 0.01626357772827925 0.022374442395838825 -0.0857074187626411 -0.021476360065884357
0 23 0.081091623159165 0.029650059195278376 0.06469128056199906 -0.012153312243554584 0.07848071058533679 -0.014135155558641319 0.022202970815638132 -0.05242239590136608 0.06493814443508497 0.03627930817172647
0 24 0.08534682903365134 0.03811683491035326 -0.027170342445124954 -0.0997405601816437 -0.018960641658411062 0.005980560378880452 -0.061547316705661846 -0.04454292701952421 -0.02888657526435036 0.013072471238443161
0 25 -0.04953224356535401 0.07483523815692758 -0.046043124302776656 -0.0664816395944969 -0.06548254328383034 0.05330842588866978 0.06030544996350283 0.01327632831511948 -0.09873201609300729 -0.03537846724842537
0 26 -0.03968246755803698 -0.075099077236291 0.08190157826153449 -0.04813032289644491 -0.05389701362550707 0.02508025990440224 9.47757109977119E-4 -0.041235227275374285 0.018297224853460466 -0.06185693570896974
0 27 0.09804610015426957 -0.04973376372838345 -0.08887598763818054 -0.029210204349574692 0.09468557531871569 -0.013529341844841431 -0.06783617749822146 -0.06789177453549147 -0.032523434681436474 0.09082224339716416
0 28 -0.024613435399756977 -0.0623941634959979 0.07191216540318501 -0.08885823184694923 -0.0977386578007938 0.06329863553486026 -0.0931887448427821 0.010394848958091538 -0.019234622757495552 -0.024095616394498
0 29 -0.0178079867678838 0.08055924171196906 -0.09482787255585798 -0.09067097343952833 0.003309378259402196 0.0752470068754957 0.08163113796106793 0.020502385274474247 0.06913425188990911 -0.01995088953217634
0 30 0.02686247261537297 0.08935903218614555 0.07869796243635875 -0.06557301537100214 0.07107590577737875 0.06395988163942345 -0.03715319495804874 0.07655788730944996 -0.07304352824931468 -0.08032748292526455
0 31 -0.06411532160436947 0.08588346688080464 0.08383450706021936 -0.0697687486702599 -0.0658023748691628 -0.0812699950770548 -0.08302464934825884 -0.017030419121484803 -0.062140935143720676 -0.08756424196991244
0 32 -0.09144876106880168 0.018485885032624407 0.02082208923191547 0.0011673419090924562 0.09167326113664451 0.03216295583519974 -0.012691827244786775 -0.014420700204387654 -0.019920474691232277 -0.07593209201535144
0 33 -0.030470947062077782 0.039854708315505055 0.041364839851031045 0.03538027018063795 0.0064322426868533384 -0.007541350389525425 -0.08438920902745041 0.08867958842840004 0.023656290629208564 -0.062166989159525066
0 34 0.08889396070039152 0.042181009151315514 0.040234878897958515 -0.030780447407350118 -0.018707241998479583 0.09754409458378027 0.036057710654951385 0.06703242411831048 0.09883136441288573 -0.03886494316700032
0 35 -0.04791974049347408 0.0032017396247030895 0.06440023651944052 0.03657462458970183 0.08003157157481436 0.05735129733048156 -0.05038597089130966 0.013795682753917269 0.06449516488741518 0.0498448505141985
0 36 -0.00832678511588423 0.010357294084743902 0.09894520728077165 -0.08067841258286393 0.009627186441693511 -0.00999177257350253 0.007042593355750004 0.007083357758847523 -0.08376995948370866 -0.06686202780962242
0 37 0.051704536327492404 0.03961484112036714 -0.044127391267366874 -0.07904210988934726 -0.08049554706648225 -0.04391781480676206 0.07410290503811288 -0.00874063541044954 0.09810722916203486 -0.09562714017691874
0 38 -0.08190629631280899 0.041554082185029984 0.041570164263248444 0.08563246577978134 0.08370587229728699 0.010463523678481579 -0.08078841865062714 0.015219288878142834 -0.041594214737415314 -0.08417031913995743
0 39 0.07882420103851767 -0.050884634692749536 -0.06545143708245955 -0.033924284134773115 -0.02438417293662781 0.032282717217716105 -0.08590081632472321 -0.04816239741925661 -0.0924169972888748 0.03893488702179175
0 40 -0.0193099920081344 0.06009416305248747 -0.09774299892725401 0.025310926569967206 -0.07520244356102762 -0.08977633766570223 -0.08141062405073414 0.027986886114912343 0.0014534984349391512 0.07930116854155868
0 41 -0.08216223260056528 -0.03531055195143697 -0.045048491075173 0.0014586244870025983 -0.02532739450710266 0.02265097809499885 -0.08669783803214247 -0.03968415140788459 0.007914485769515832 0.0500890780665806 0.045398592948913075
1 0 0.009739601984620086
1 1 -0.033526856452227125
1 2 -0.02328609861433494
1 3 0.017353957518935308
1 4 -0.0720371529459948
1 5 -0.07117475569248177
1 6 0.008361494168639292
1 7 0.0077257393859326805
1 8 0.03449967503547708
1 9 0.06057261675596296
