## ListNet
## Epochs = 1500
## No. of features = 41
1 2 3 4 5 6 7 8 9 10 11 12 13 14 15 16 17 18 19 20 21 22 23 24 25 26 27 28 29 30 31 32 33 34 35 36 37 38 39 40 41
0
0 0 0.03244808835260232
0 1 0.04565065595286161
0 2 -0.030858856504899675
0 3 0.020226893122463743
0 4 -0.03088622913965101
0 5 -0.08385433863133783
0 6 -0.04963861251180633
0 7 0.06902936256764053
0 8 0.0091489409947923
0 9 -0.08496966116839588
0 10 -0.06321255934469519
0 11 0.07331221619172731
0 12 0.08395193425606833
0 13 -0.08296564440150175
0 14 0.06992638608498211
0 15 -0.053424187466595226
0 16 0.023584399800275487
0 17 0.05074440756822549
0 18 -0.08542301044557167
0 19 -0.02564086620705714
0 20 -0.05407546795941965
0 21 0.08155647958842226
0 22 -0.06813104699690371
0 23 -0.07063953258368766
0 24 -0.015297198662191721
0 25 0.0014816786997290542
0 26 -0.06875647350519806
0 27 0.01453703461607889
0 28 0.003088865426218927
0 29 0.03484964217974826
0 30 0.07739955107377
0 31 -0.009120389883102539
0 32 0.08533299774830559
0 33 0.017229725483242468
0 34 -0.08832136018582046
0 35 0.0797027670232984
0 36 0.09072027350090507
0 37 0.028425798929728442
0 38 0.07110173879885764
0 39 0.005250962321855737
0 40 0.0818594072385268
0 41 -0.09583639353513718
