## LambdaRank
## Epochs = 100
## No. of features = 41
## No. of hidden layers = 1
## Layer 1: 10 neurons
1 2 3 4 5 6 7 8 9 10 11 12 13 14 15 16 17 18 19 20 21 22 23 24 25 26 27 28 29 30 31 32 33 34 35 36 37 38 39 40 41
1
10
0 0 -0.08519658799018731 0.03270032384503969 -0.027124053983240932 0.09846523924497866 -0.012980897415577713 0.011805396239360142 0.05089275744828853 -0.07041619027907232 -2.475097212760306E-4 -0.03516197964742286
0 1 0.09766630532588165 -0.06312848012267627 -0.09271909397482858 -0.03930452474568949 -0.07383998872550827 0.06759143001931771 0.06924737433306678 -0.06693328830884121 -0.08000506437558758 0.05452488686933686
0 2 -0.044566140908185475 0.06586797642612194 -0.043639734059739435 0.054328161141247784 -0.043706690238676064 0.05011238396356992 -0.019951216407709357 0.0332300765365398 -0.007950714231272358 0.03174021324578423
0 3 0.062274411974590285 0.09177045403118976 -0.06866185030790783 0.06607078961848396 -0.08429652424066282 -5.282788219385811E-4 -0.011674899262603835 -0.020725092450770925 0.017066895438170363 0.06567411377530585
0 4 0.058726910038449404 -0.08955682142854446 0.01646069867404186 -0.08743653694313064 0.015534513812820207 0.02845622665182339 0.09069132192484085 0.032945890915874514 -0.0688910556021285 -0.0796494238680425
0 5 -0.09885178209853636 0.09654667265279929 -0.0671740827759145 0.08404348858701056 0.017022648361847557 0.06126084656788465 0.08662243641046753 -0.05774488900157407 0.08275956723824612 0.0070952076640861785
0 6 0.06666177281355255 0.021295198525744487 -0.004501173649224295 0.03390732392081584 0.09683394934594881 0.025816396003914267 0.0669706431457649 -0.07994999847014782 0.051496968651657496 -0.01609769137562715
0 7 -0.07283472951837255 -0.020206614915469996 -0.09712681154253974 0.007872373822035275 -0.03452708275809502 0.024139500138458395 0.04285445441137378 0.03192069482158843 -0.07258506260679602 0.03471167432249537
0 8 0.06540800930035409 0.017202084713562486 0.07992094999878196 -0.010634392707322493 0.015869914572386606 -0.04179210057568966 0.08529601669915175 0.033584644541122984 -0.006448783491766089 0.08090819985149815
0 9 0.08610944569758558 -0.04548160342977204 0.0854899863743494 -0.019251475569369653 -0.022178206773819625 -0.02285785190446186 -0.02930854110904984 0.07650472675070177 -0.03281799205538798 0.03743511236931564
0 10 -0.020079357632196905 -0.01510890342904206 -0.07015983236457568 0.07691402719203022 0.03285724073664255 -0.06002126908949035 0.04651124498008489 -0.023164613342245222 0.024208985421394557 -0.06380160109929955
0 11 0.05305328521255791 0.09109087665484568 0.0016514741605487173 -0.0917103111926261 -0.023155850049210086 -0.03461088089521645 -0.05381795175026383 0.08563551250904308 -0.006074322002753803 0.016757985979743862
0 12 -0.037925287791138025 -0.08874946426256045 0.0832324334637581 0.020751087165677896 -0.05386136644156751 0.0786306445740972 -0.08224736287051324 -0.0542344892802975 0.0830110171340268 0.06015039012512267
0 13 0.04203837444590768 0.06000053900665089 0.03225248089336721 -0.01675833962671919 0.038100051645359394 0.0998883984578223 -0.00439688789783091 0.004094406322919144 0.0031019327401870206 0.024431761379441825
0 14 0.010551407186615203 0.09748830902015605 -0.06845003308803975 0.07385789999900039 -0.050577802742039324 0.0725904589376741 0.0079400848938739 -0.08254426334951805 -0.014741581058574918 0.006170484458726748
0 15 0.08600039939775907 -0.07547831270910922 4.158723163629096E-4 0.03376010045244223 0.001127771864289155 0.05081015212375115 -0.0963607724062683 -0.08982004018576818 -0.0669693556593431 0.040837057642838036
0 16 -0.05948958360013574 0.08652270879428642 0.09269193361740515 0.031899528750902455 0.09804606467139508 -0.057927812354115406 -0.00783294619860308 0.0012752948348852939 0.07977667530351534 -0.00804850825783221
0 17 0.026937520399971906 -0.0996410624165817 0.003007419303890967 0.052752509653000615 -0.06438805141199315 -0.06663537408474852 0.0050888993969532715 -0.03891005004548076 0.09065604569177417 0.017699659448393044
0 18 -0.03302641143615954 0.05680415642700522 0.06847217818336504 0.08213899046767646 -0.06887312777656973 -0.036035656509806197 -0.01857353098857875 0.0029451640148289546 -0.08419253466559769 0.03001756076454865
0 19 0.04337634814574782 -0.03248049941980301 -0.09664997315388854 -0.048507025605006804 0.07999737747734034 -0.07014130662738141 -0.01515948663363248 0.09433094300551338 -0.0632766284076708 0.09234319250913504
0 20 -0.08977149820807158 0.09639729184163616 -0.053960251229674065 -0.019152737272170203 0.026913445168545068 -0.007892124788168866 0.027762699476107922 -0.046822649300509216 -0.0924290748948383 -0.0574731848837518
0 21 -0.02681082196623066 0.05092197586514318 0.09907448788847574 0.09704709271030296 -0.04681079649325195 0.03083333223465786 -0.0695167921926919 -0.09233200726797372 0.07000756945681727 -0.023544029967817407
0 22 -0.07157221224705143 0.03801140406872709 -0.05736138681372325 0.06106862803486137 -0.0460175552232066 0.06246965841113263 -0.08157706649487685 0.08507008044386781 -0.0867130464592045 0.006445346197954726
0 23 0.01667968342772271 -0.05978197290611429 0.0862221635307981 -0.021588672144234933 0.0992717527480954 -0.04394382385062252 -0.030793079407566894 0.0370749228722578 0.043269300506208745 0.09338660629148698
0 24 0.013916895759358863 -0.08545584040249278 0.018521969759292566 0.06350271258572193 -0.039438597290696896 0.061086022209031914 0.0021862562860396613 0.07605229015261936 -7.590490774083362E-4 -0.010110602063078063
0 25 0.07389751853691878 0.0925228160370523 0.0571257666233821 0.013836656142526249 -0.05304401561888079 0.010719847769830398 0.074789521060583 -0.03348430569816671 -0.06712726047258788 -0.06620545859166077
0 26 -0.06392121960223944 -0.030516258461742714 -0.008800844099647234 0.06669573846282253 -0.02548164163772488 -0.060866033008209114 -0.048371189718187955 -0.042397959710865345 0.009978284613041356 0.07244554044688463
0 27 0.07542920368716324 -0.019114433866643583 -0.009242057341801096 0.09849735456097673 0.08690712436313221 0.05561178971763019 0.021937353703287088 -0.0511748786653339 -0.06665831681748693 -0.09648345462928264
0 28 -0.07888206041573234 -0.06662347357023751 0.08716825569969934 0.002025424290946347 0.07047469896797146 -0.04346482238580129 -0.01663656098819238 0.012450979834657197 0.09246330197744806 -0.04590759961418407
0 29 0.03360812794549691 0.09231101049872818 -0.013791780169661257 0.014399284944888244 0.0349612689326107 -0.07950652232982838 0.0765594476595095 -0.03760457473602267 -0.07336237177250438 -0.03241689030891538
0 30 -0.05607408277026117 0.09130048573323093 -0.07493408077648897 -0.028621122096293517 0.04622571189662205 0.04330293255506762 0.0693743878011786 0.01922215477545228 0.08586214472231123 0.05610868917580197
0 31 -0.011097970718022496 0.08370524224848053 0.00886437195578682 0.0930938535509073 -0.08229952048766168 0.06230310422746446 -0.0834278320056373 0.04870228353026324 -0.04643496521545551 0.06480005900091741
0 32 -0.003780085943271904 -0.07825651575102328 0.06446450560736192 0.06814870318594722 0.01170870705894559 0.09869347891641916 -0.0949582649260077 -0.01857583446114707 -0.05442289366884569 0.06801042507244075
0 33 -0.0739225393092499 -0.048083785212772644 -0.030360299114423398 -0.02843122483400042 0.010676302261858056 -3.6007580823623067E-4 0.03528697649390506 0.015573490504396381 0.04199954716112988 -0.036363997880408484
0 34 -0.09718899466143298 0.09470702874681158 -0.058229899542090936 -0.05607055688068044 0.08030120860237273 0.08360508241127076 0.05241289339876219 0.029606599891656676 -0.046536747609040814 0.061608925968817986
0 35 -0.04611128026893611 -0.07838273450547736 0.0849109206209127 -0.04408923198532115 -0.015086689250676737 -0.08406614431368689 0.05914567727655451 0.022511643918007352 -0.06891321326492715 -0.034714058164708406
0 36 0.07824785744189565 0.03283059075762946 -0.04347151473446685 -0.03165418381279795 0.06294981416811656 0.013291292335967035 0.02649668797636116 0.09445386465605514 0.06905411533660365 -0.06294166047363965
0 37 0.06707926606431337 0.0020654714132505173 0.028687472746698046 0.08415224286262696 0.020630005637008994 -0.09742155405877337 -0.0881709860696742 -0.0293836621789374 -0.03918315308002539 0.061410025242250275
0 38 -0.050571925938129425 -0.024434160441160202 0.045050185173749924 -0.04555860161781311 0.08584976196289062 -0.0568697452545166 -0.022630060091614723 0.0019346654880791903 -0.026664774864912033 0.05466466397047043
0 39 -0.017395156415585172 -0.010832590988874406 -0.055346504229447015 -0.0731522731795421 -0.06021385805251322 0.05052937359221023 -0.07694164970130768 -0.031916989709933015 -0.022443067709516443 -0.08497323099228771
0 40 0.08643102093811621 -0.012043531200238761 -0.06473944167915116 0.07337398178476835 0.06503060007363212 -0.03365848268050124 0.06355302029813319 0.020658469631384253 -0.07807136801678935 -0.0778066677870226
0 41 0.020789284808856553 0.04933799791829473 0.0074894956465125445 -0.08730453946890322 0.08809377741562911 0.0135678025223879 -0.0034151275293486066 -0.038925264876795096 0.03672585281234988 -0.014776009051438334 -0.06245405599474896
1 0 0.08634434640407439
1 1 -0.09514723718166318
1 2 0.012820309028029518
1 3 -0.014176833443343854
1 4 0.04122881963849084
1 5 -0.03669681400060658
1 6 -0.057548768818378296
1 7 -0.020651418715715793
1 8 -0.040376193821430234
1 9 0.06619862467050582
