## LambdaRank
## Epochs = 100
## No. of features = 41
## No. of hidden layers = 1
## Layer 1: 10 neurons
1 2 3 4 5 6 7 8 9 10 11 12 13 14 15 16 17 18 19 20 21 22 23 24 25 26 27 28 29 30 31 32 33 34 35 36 37 38 39 40 41
1
10
0 0 0.011469063775955125 -0.07597725672983298 0.04881020173734372 -0.005292823779334774 0.09125000422772271 -0.09574107077581583 -0.0476384511954281 0.06582698418117792 0.037259796097075255 0.008132289861194172
0 1 -0.07631291616782318 0.05211192953581355 0.07583658706200934 -0.03220971858017488 -0.06255967949079862 -0.041262737138656504 -0.033593526949779 -0.07774430447130937 0.06439388723239223 -0.07371003036045853
0 2 0.028007326599032246 -0.04591303284440991 -0.03183808280090191 0.04380366984379183 -0.08795712468869529 0.04416806259465111 -0.019083539020788277 0.06670747394862238 -0.06501969022446724 -0.05046853367468489
0 3 0.059485349219811655 0.030516496313575517 0.0014474753623165025 -0.04587165431315942 -8.141746638884021E-4 0.045461770565565454 0.03623574494412538 -0.05499811297087963 -0.06615417258087086 0.07241987097205255
0 4 -0.06098725623571857 -0.002164567047959626 0.03370335101522615 0.09691955500020717 -0.08829458864264547 -0.09390757037061753 0.019848087477451735 -0.06460312153396117 0.06419224991278182 -0.08595523060758677
0 5 -0.00939412459442115 -0.060501472001598375 0.013300318714795001 -0.08146674237450971 -0.008412900129630816 0.054443307649416336 -0.04300092359937632 0.020266481730375163 -0.06343233576432526 -0.05577509270917428
0 6 0.08460212513193531 -0.011437633764481024 -0.08700524059565876 -0.07978316124398738 -0.043432538565520235 0.051497296092398885 -0.005743801123112564 -0.004026533588014435 0.005015506526587376 -0.014093815983160052
0 7 -0.061717085964253036 -0.026685298552253024 -0.05734944579935897 -0.012712072732049457 -0.05046535786782755 -0.029943914049443174 -0.02365768779289231 0.03955084833148029 0.08461360765701868 -0.035163951119308076
0 8 -0.01398578182810396 0.07207641464404399 0.06247720896059144 -0.01977341856013252 0.09047677770399391 -0.04307970373322354 -0.07818638000085387 -0.028715731585468758 -0.07549616644299227 -0.02493900210481068
0 9 -0.010201924771245855 0.08467520015895105 0.05747740795687215 0.07211777980119478 0.01732337942536661 0.040042470990015636 0.0022668561688884013 0.09106956500174862 -0.016856116031881665 0.059125981000599535
0 10 0.05305487998827482 0.09613866968440099 -0.024787987101110166 -0.055017038601371866 -0.0703541580664724 -0.008650660127944777 0.024623750703234044 -0.018968913625412646 -0.07527603506513238 0.022517810335627664
0 11 0.069104759106162 0.0035895374874086792 -0.06296007216150883 0.04798653506704558 -0.026482092594333793 0.013460616448624688 -0.08910385427506909 0.08874346004572375 -0.06914223423239454 -0.06260527796260827
0 12 -0.07220237228873805 0.07869157826634611 -0.02582071758992818 -0.03402264073192932 0.023259762254292674 0.02651964892699135 0.038578759810793894 0.05670259332617853 0.07568400423586505 -0.0679765398459619
0 13 0.03212571605307875 -0.07647719227289486 5.185487762768315E-5 -0.03729171246444148 0.03367600148676297 0.06773714532596549 -0.0763766051981698 0.09378323213746559 -0.0022225977624980523 -0.057133864558315796
0 14 0.03859572085016495 -0.02870892837874673 -0.07463484021169305 -0.09116718303872066 0.02122206560726214 -0.09862709258789205 0.07769602616352778 -0.09501967562230297 0.023923538684087305 -0.09058881460552909
0 15 0.06773065174703004 -0.09450555460065992 0.04229794575428502 0.018307735018787734 0.09117841419063233 0.07681171015334358 0.03469076363615493 0.01887318498151717 0.043206091816793024 -0.07481320097594404
0 16 -0.07442014451781417 0.05672418185433098 0.03263474968594769 -0.049079694930848156 -0.05233055981062907 0.019629418777301427 -0.08316961226229008 0.012929557161609187 0.049149485401962276 -0.00553936544462297
0 17 -0.09754617586211735 -0.03042499763270749 0.01364827510549489 0.04365877900121666 0.002144912882747039 0.07867811086248437 0.0753025108286835 0.014304311376430392 -0.06819990161322338 0.014108486206461365
0 18 -0.08007641744555946 -0.030163822419503186 -0.014431636848483037 0.026616702994214363 0.04379855848059913 -0.06299451810452948 0.09033489971279741 -0.009903871228759563 -0.021717295812418692 -0.07278868994014044
0 19 -4.7659967916642E-4 0.08712153765878643 0.024592152519264103 -0.09990035631813324 -0.04463189736069044 0.0611853502763696 -0.047721888997028554 0.030790324099355178 -0.03881324845765365 -0.05540866781253609
0 20 -0.04303191677195195 0.04075636269450118 0.03681135671925342 0.013890272305851903 -0.032312017174774485 0.04243560963182302 0.08720544456659324 0.0157101396559732 -0.05084319621981336 -0.04282140194564308
0 21 0.046607279043491934 0.03682802206387801 0.0157159875704696 0.022139766088891503 -0.019488711085176334 0.06311360282993102 -0.03100202272929152 0.0997024916537803 -0.009895364060102248 0.016751773266740384
0 22 -0.0796812906733899 -0.04472490948811051 -0.05147761210505839 -0.009182329896233155 -0.001711014019907694 -0.023293909256252812 -0.028584014802473898 0.07663211541794422 -0.026102127385602254 0.047442662124005684
0 23 -0.014352742200771634 -0.08157529364649148 0.006712753293798425 0.004876443186261144 -0.028508223694983483 0.09193626370000052 -0.009271401572052645 0.005304488854926457 0.05965777559581749 0.05592835485934089
0 24 -0.010057246211972244 -0.07376462490334613 0.012323833635293808 0.0023519976926554276 -6.376716230203816E-4 -0.058470540515064014 -0.0021469124160075808 -0.07971932119753136 -0.03039005515118621 -0.0962222160785899
0 25 0.07673764975530825 -0.044677746213125674 -0.0863681715586991 -0.09920441618129107 -0.0347299302937476 0.07393652019637491 -0.0830134163213542 0.08098121034547595 0.09187049058749523 0.05305014711491425
0 26 0.02565921874824707 0.04525020391634478 -0.07657587548255267 -0.028953499602137545 0.018518583027067586 0.08691292763843596 -0.05621442418545792 0.0024860890121177264 0.01954617929489278 0.05766784402517486
0 27 -0.02857715617376319 0.019051978084619073 -0.06683774173884904 0.04340733025279179 0.0897819061208878 0.09635133755405781 0.07228899837204913 0.08120557631605228 -0.05800391678913756 -0.01412684342964039
0 28 0.03780897107482771 0.037668951943782766 -0.012600652544772335 -0.014510275132516702 0.04074938584758393 -0.013556809751560471 0.03337590071989417 -0.059006544808994976 0.030599677674143337 0.024641653108189394
0 29 0.02513478352574654 -0.07914727293398512 -0.003733058232790952 -0.03210098529379204 -0.07289528246423428 0.040080107641097776 -0.04799965764251054 0.05890559978650099 0.09907145844441113 0.00794032881653515
0 30 -0.0011000492414861786 -0.03588563276248306 0.09160707247155304 -0.07512761701002724 0.030205038696140985 -0.06552714909785998 -0.028855533188169354 -0.05340203745525549 0.01910815594550813 -0.07918275560770441
0 31 -0.050200561287928276 0.08381917471981691 0.04329619519927785 -0.08922718870351076 0.014545547480481544 0.05350340781796723 0.025915316221058405 -0.005249264861565264 0.04386424723926955 -0.029809513600061902
0 32 0.09205639845671651 0.0938485419192463 0.06924676966693463 0.04157229895287864 -0.08237532982466925 0.007724075463383527 -0.08581072559502011 0.04243867323424512 0.042725645225455494 -9.327023010870235E-4
0 33 0.07503404033829986 -0.08932385178840607 0.08101081770811792 -0.07698734601760128 -0.07071656834269037 0.05597304127099985 -0.07152617277491141 -0.08734167379265108 -0.030824922296946125 0.0824740210942154
0 34 0.08929709472254148 0.009101798323641441 -0.024884440055166525 0.027176935981243266 0.07952952557273284 0.08299778869517241 -0.06357093631826688 0.051948436298321146 -8.303200898771893E-4 0.08505667656350711
0 35 -0.0772931478363513 -0.017493609619247823 -0.035587327128023295 -0.03823669019051527 -0.09938883605321269 0.011078046447530252 0.018780222776942797 0.04815399549811056 0.010388877878504609 -0.05286102653150242
0 36 -0.03957939243658519 -0.05071787622510457 -0.010564078470542155 0.06687706376578932 -0.0273797580152391 -0.03535131666972586 0.07234845917498349 -0.09141248347698977 0.018726391416167876 0.07143804462145065
0 37 -0.09836936265996007 0.018864945021641117 -0.0240596286639247 0.04243728483437845 0.05314298923653853 0.0708520858535666 -0.09585663289782921 -0.030773664510807344 0.055920624559771634 -0.046206001722646516
0 38 0.013876575045287609 -0.034211210906505585 0.08114128559827805 0.014966738410294056 0.0011792362201958895 0.0588684156537056 -0.03817080333828926 -0.05507519841194153 0.003352987812831998 -0.012329405173659325
0 39 -0.060817723407857585 0.004793131182804284 -0.09931544302910343 0.07730227706102687 0.0360761114815491 0.04507640700831126 -0.029935579704017428 -0.018444634539352665 -0.06836659997183811 -0.066174676136472
0 40 -0.06915442370920696 0.09790758593878866 -0.010920559955590773 -3.1036159655209114E-4 -0.015290596998608842 -0.037233172729972966 -0.09589628142666884 -0.02200508196346662 -0.057514525504022966 -0.05994397927833488
0 41 -0.07617954649300834 -0.08093276963993469 -0.09342918031068605 0.0074031718764471476 -0.07236435783156879 -0.08359249627338981 0.0021386199509801232 -0.08238429486846366 -0.09416824566349002 0.06131153583997535 -0.013760340400040077
1 0 0.05885478109121356
1 1 0.026058573275804815
1 2 -0.04205961152911225
1 3 0.007995903491973906
1 4 -0.08380357921123414
1 5 0.0994039103388783
1 6 -0.08412546664476477
1 7 0.0769635587930667
1 8 -0.09767194837331791
1 9 -0.08166362345218654
