## RankNet
## Epochs = 100
## No. of features = 41
## No. of hidden layers = 1
## Layer 1: 10 neurons
1 2 3 4 5 6 7 8 9 10 11 12 13 14 15 16 17 18 19 20 21 22 23 24 25 26 27 28 29 30 31 32 33 34 35 36 37 38 39 40 41
1
10
0 0 -0.05073196248981735 -0.1401584817063287 0.013384069079406664 -0.17026427872114427 -0.2831112253770499 -0.2918214864548858 -0.03667682967769212 -0.22629466743904214 -0.008110786518556233 0.17304435786279215
0 1 -0.09333766781671606 -0.1736384519308065 0.13481513295673853 -0.2798363489087569 -0.3151752094549251 -0.3137877686471272 -0.024011486258014983 -0.2018558779803 -0.06181482576361736 0.18227058028475437
0 2 -0.2889210375409794 -0.42403412233474946 0.26637440499066084 -0.8640236868679322 -0.8943366996737406 -1.0033639533137482 0.08217076526708486 -1.0202885508931987 0.08169312029732974 0.5588383784685734
0 3 -0.04741717371117974 -0.1875551170602537 0.16533749079589885 -0.24917037748558207 -0.2720850552748582 -0.39426302214729053 -0.026441098640584474 -0.38281937120880677 -0.06834471503185471 0.11301458238029989
0 4 0.00488117763997806 0.03064885990597799 0.0026371551957615627 0.12604014387996107 0.158399653347479 0.24335735211730747 -0.05531576916593617 0.11496576920415888 -0.056277289604917784 -0.17194126940247778
0 5 0.0044157599853571336 -0.27989377742916677 0.013810128392925045 -0.32149378472114637 -0.3441175680713582 -0.3447247470859882 0.09638766145102143 -0.41794839612778567 0.04449752527013488 0.2779113206368062
0 6 -0.03431377784942299 -0.2013644704131897 0.08144597750931727 -0.23953112895394574 -0.2873579487739073 -0.27163215782629846 0.07404995321392051 -0.24039168296177807 -0.026923869068732398 0.04189887243375071
0 7 0.023911740042566815 0.10268740457523871 -0.042602581465523856 -0.019047517525891778 0.00779269019178415 -0.02062665751287114 0.007649638607452263 -0.03096155280728711 -0.08596917705559701 -0.10677190400136122
0 8 0.06361494781877688 0.013993531288933915 0.08782297756160085 0.025946151984424196 0.03995147189277526 -0.055375973427521576 0.0826150410651841 0.05872113724733886 -8.221593161322237E-4 0.08495705862836775
0 9 -0.0025633492545602756 -0.18661036227938696 0.20248007444368749 -0.29253647941120053 -0.27958676274211575 -0.40774471725974465 -0.014474605313842731 -0.36292920405132206 0.06678897013809786 0.20154439064756396
0 10 -0.061487274035555796 -0.22730419669675628 0.17658183015044185 -0.3500973827943535 -0.35443748259709573 -0.37815998571233 -0.07262999115532255 -0.2961113977581399 -0.021733694061015683 0.22545319995760868
0 11 -0.009504921303896697 0.1195718637166018 -0.129417121007176 0.2108287373454631 0.14079054401107607 0.2184240686195685 0.08220083228079504 0.15871633507143323 0.0055010180238009515 -0.09162598980629497
0 12 -0.037340583628036786 -0.07249558899612518 0.13427080355495943 -0.1884589639539923 -0.23345283150726945 -0.2989627461796941 0.11464663643703621 -0.2834542120379017 0.0019866250619980912 0.058883734684292574
0 13 -0.0624679153424079 -0.1595742253854157 0.015257621337214242 -0.31175260700888147 -0.2703228961078951 -0.4067836124569794 0.06806779355414588 -0.4490864601662135 0.0996499229963761 0.08073738684786325
0 14 -0.011129027230371511 -0.18004906122025596 0.11494640663084836 -0.20168302996719414 -0.1848400551630534 -0.2682387831614593 0.03767273892872774 -0.1553508698037984 -0.008885595450638727 0.18320858843548404
0 15 0.006308853699341565 0.028781287081681234 -0.03458058371047877 0.0428993003413591 -2.104611130145178E-4 0.04818630771810629 0.08536573569505236 -0.046441082474588 -0.005498891342565873 -0.09841737324978406
0 16 0.06881227457961388 -0.04583043604660833 -0.05213562938958453 -0.09795813962263744 -0.15050399790806707 -0.11810849898144533 -0.037933209403191906 -0.01826096934102011 0.08040643470223562 -0.033100852186349665
0 17 -0.0926593967309324 8.050446393596941E-4 -0.014221975309068508 -0.06490751261852057 -0.12568839676683452 0.004650815301595579 0.05591117978765425 -0.13373579605895855 0.04250494523140878 -0.05070486443715996
0 18 0.031397854940322587 -0.21951013567235078 0.15191072626687724 -0.1752357571572422 -0.1966612180548509 -0.3137543686468307 0.028766091615979938 -0.29629581053570425 0.01047062712282677 0.046641929328042106
0 19 -0.12745859124697875 -0.18370526334237272 0.11308186488669117 -0.17721088564642956 -0.05067794339314124 -0.1553324641708058 0.10704345691961828 -0.11556861994356049 -0.058812484412113425 0.1080048965682529
0 20 -0.027545919025396333 -0.1360749412906626 0.03275720237521239 -0.07548490204529378 -0.26243953224069544 -0.18358932234012768 -0.07696751345623819 -0.259544719660605 0.10893695800753517 0.08483650640649715
0 21 0.0030288853548950936 -0.02891784893226017 -0.0015897673241995407 -0.016055009414029195 0.03448252081536685 -0.08608832843432553 0.0574792718661452 -0.11140495446578552 0.03795229324148798 0.018390878779013107
0 22 -0.09076830053867509 -0.16863255917329423 -0.021911750330879512 -0.20242753388665727 -0.1961488832013122 -0.11327963639529004 0.024151554039893233 -0.27706690547319673 -0.010593791708399755 -0.0026484778831512026
0 23 0.0027606923034368125 -0.09659125323929954 -0.09360630590974357 0.0645765083613258 0.01867885402810371 -6.924334875775532E-4 0.07930870499644566 0.044755194803848056 0.07395217567209281 0.02248535478638781
0 24 -0.008210113950556522 -0.05725257016247375 0.09905408140032725 -5.741212267389988E-4 -0.15278656189499 0.015033019872844703 -0.010905062274550497 -0.1413252985672344 -0.050920272862956216 -0.007136184193464607
0 25 0.009795459995873793 0.14701600551513178 0.029382956158528494 0.09899942615203954 0.0029395160336816457 0.09027591788173538 -0.05070734386089174 0.1411703016447047 -0.0056267147154149015 -0.14834256860640677
0 26 -0.06935784175640855 -0.024672882050244677 0.13183410994283457 -0.11495022660993656 -0.21015339095287083 -0.07291744041473845 -0.04641731222195807 -0.16035686776924674 -0.06786358060495548 0.07498696354596522
0 27 -0.10823545120250318 0.016090653860966503 0.08229579424928446 -0.11607149356594385 -0.19124658560329216 -0.03420505705613703 -0.04259553734671853 -0.13810889284856134 0.10823436976231701 0.06809612406394819
0 28 -0.042295002652324686 0.004409689976816798 0.0040277223492840636 0.06549928985869943 0.11643045697154228 0.05839093702487621 0.035198562148581136 0.08300099786691102 -0.09552057802833429 -0.0186283019126279
0 29 0.07476887370261363 0.08016349945769476 0.005202454027694728 -0.072453093390582 -2.2871338463773336E-4 0.059692699679871335 -0.06455422977682723 -0.08853258354663444 -0.060895389216438923 0.07139541729424298
0 30 0.011619484872757161 -0.07300487861633441 -0.08208855006048747 0.05361032814555369 -0.03112767940858649 0.024466798790298352 0.08808522957978306 0.04091151454493847 -0.06457739493166023 -0.028623566617859714
0 31 0.010308136364125848 -0.05057130560703918 -0.040741817162302726 -0.17374074927473507 -0.14138717955749736 -0.06390514737458611 -0.056282054801222996 -0.13267168267596685 0.09998328953617863 0.12003146188025351
0 32 0.07800337655669078 -0.07032925612136147 -0.06110238795058396 -0.05791498351935027 -0.017613828364436028 -0.1624661966241715 0.05832824423612684 -0.05513458485849585 0.0894820076303021 0.08294959906301996
0 33 0.013064896261104695 -0.026216256091413405 0.009326197043323013 0.047386396016758016 -0.05673079546200712 0.03147265090295692 -0.08490926549053264 -0.0968057559339105 0.014143610799351607 -0.02429817142377262
0 34 0.04000373716253095 -0.015414639683748422 -0.03063064050348001 0.039210588875212164 -0.014559339547472738 -0.018515500887519114 -0.0552790788870339 -0.03839466933155439 0.0683954493144992 -0.039696313283086315
0 35 0.0769174522530798 -0.05431441540365568 -0.05485744417889846 0.004070839505636453 -0.010358782757092386 -0.02522427880990888 -0.023123562381758753 0.03327355125395734 -0.08680160020228324 -0.024032052267635152
0 36 -0.10419049730208207 0.03752576506591612 0.049345458377533784 -0.03993015488451826 -0.10645310055153168 -0.05472733817966172 0.041992395236005016 -0.025429346784378713 0.004086734879325416 -0.0074675444554645806
0 37 0.008688467995291355 0.0902484931065961 0.015791604978039504 -0.07768911570228877 -0.07306150960673531 -0.05232247728289638 -0.09462334442460993 -0.037265886802420746 0.06286832222177144 -0.07804573288259628
0 38 0.023253474346245143 -0.042741810138140525 -0.08313502918264772 0.028574471554951655 -0.09943828408938672 0.0483519889076861 -0.004477383823101454 0.021797122420520537 0.03188455229793739 -0.09194153020842513
0 39 0.05757953651042405 -0.05947399257065981 -0.035252432449526944 0.043287010992628154 0.039204270963960945 -0.027631981601649726 -0.011642395703000725 -0.08680513408375035 0.07396170383036528 -0.008151015570434985
0 40 -0.028529677930211904 -0.007890880248351547 0.07218245115684266 -0.064252799579583 -0.048670341019660536 -0.005104300563698566 0.08252757733572469 0.07046845780792897 0.06486795753563133 -0.09146696656682513
0 41 -0.08186290732513782 -0.010807510806688805 -0.04590252739630147 0.032519515910346054 0.04706543269509794 -0.01910253777482496 -0.08485320581824991 -0.05367243463634101 -0.036186728499398635 0.06473304445726533 -0.18875150323377832
1 0 -0.3322234645570417
1 1 -0.8145918642523414
1 2 0.44455578820486147
1 3 -1.259271273012835
1 4 -1.3073205809410744
1 5 -1.472245928861369
1 6 0.07960490187119425
1 7 -1.4638750916139585
1 8 0.08327359149805502
1 9 0.7793851875045601
