## LambdaRank
## Epochs = 100
## No. of features = 41
## No. of hidden layers = 1
## Layer 1: 10 neurons
1 2 3 4 5 6 7 8 9 10 11 12 13 14 15 16 17 18 19 20 21 22 23 24 25 26 27 28 29 30 31 32 33 34 35 36 37 38 39 40 41
1
10
0 0 -0.08131803877377841 -0.06528550269115495 -0.09081490575970916 -0.08855581142425978 0.08308981430304112 -0.03283502318976647 -0.05453548932308718 0.058323282713203306 -0.003488410410997351 0.09085381095841512
0 1 0.065479618745209 0.004359171872421108 0.07447431965428565 -0.03375408588363437 -0.016867100832168906 0.0803757518665621 0.06212066196244033 0.04790138807609107 -0.0038198238539665893 0.054641776120241854
0 2 -0.016188287749223252 -0.008910174223583554 0.05588199763609296 -0.08051783950600147 -0.07507565374979504 -0.04145643596123627 -0.09082782346920268 -0.09464673240406864 -0.018194955898640626 0.05643937899707219
0 3 0.0830282764526209 0.011576969746803683 0.027806917866068013 0.0816813168306256 0.055648954821913135 0.011949281472592128 0.027784676175618007 -0.06768182543834618 -0.03580435326077691 0.08359178262163912
0 4 -0.0464293074637364 -0.0388952848146245 -0.06859100799004152 0.07708934942321753 0.08061430348761922 0.013596873644352385 -0.03769929965293981 0.09143764953374549 0.0801989026314372 0.07343877789163153
0 5 0.028603225723918706 0.08169612010005137 -0.09963965162835038 0.004777327522941899 -0.06327217737104411 -0.015689698008174404 -0.05449252657609448 0.07376137972203067 0.04298525475255266 -0.06988261979173183
0 6 -0.07838592601277516 0.016481943652564366 -0.0662266411169003 0.0652695624044421 -0.09405602180310714 0.04685024204758166 -0.027667393528799673 0.090975561183235 -0.0013211043266545767 -0.088399018613053
0 7 0.06346338316201784 0.05504464757915883 -0.03838446488190271 -0.03532088276574141 0.07849672212773175 0.03057904318197358 0.08852461279097502 0.03431263055413611 -0.08775819388761757 -0.035082476300039904
0 8 -0.09209062577074223 -0.06059698827103131 0.09239864164584138 -0.09809812192519454 -0.0708537469551342 -0.024778375376219956 0.05260779725847188 0.013862030368635819 -0.0841469138718752 0.016301067989523
0 9 -0.0364745204069388 0.079701708488905 -0.02964506365122119 -0.02800740151839912 -0.08445746546903214 0.04548478461730087 -0.027463574854744446 0.059763043266037756 0.09692157677898514 0.08068625834536197
0 10 -0.06031720308624852 -0.020024227231358504 -0.024892271008713766 -0.06963825033253605 -0.0033895214737702834 -0.07563278715588664 -0.058545893310817027 0.017770946433009357 -0.03731186365039194 -0.0021758386148780493
0 11 -0.0041763666151566825 -0.024349601634279548 -0.017969333661331122 -0.010359692887893339 0.08548986983738183 0.039119388212459194 -0.09952542675073145 -0.08592183308696483 -0.03514148301214865 -0.07413294690363084
0 12 -0.09131184101719339 -0.005217051856008842 -0.017070617736338167 0.07725989769460324 -0.07765579474899356 0.02922832894884335 0.08711513967772365 0.020704013937342506 -0.08942156536293613 0.06755716531511025
0 13 0.09380612910454851 0.06434141634758891 0.02978153653929875 0.04356453412733738 -0.030829354843874567 0.08752382191127407 0.010022214910859887 -0.06296467544581451 0.07301465517785455 0.06742865572539462
0 14 0.061575892839510205 0.09405458120428238 -0.0677867396474083 0.09914592830797415 0.06967351024398899 -0.025639177336094374 -0.008344844404496758 -0.019749681858709057 -0.0499216476007398 -0.07141532626720275
0 15 0.08489544182212803 -0.09247099456731173 0.06291575683777682 -0.004773134976222965 -0.09521092353837013 -0.05734199293800661 0.09016168900780208 0.00680214156087276 -0.09810437187390991 0.03420597784745945
0 16 -0.09285227745775634 0.003900321100702059 -0.00964704119145499 -0.08776603079328568 -0.03470586278222628 0.049273628030548036 0.07443926132437205 -0.031462771308948825 -0.08702232952370326 0.0812995285178679
0 17 -0.09297669920944933 -0.04820629047718592 -0.0033921508609631385 0.04163795414691346 -0.04657387858225563 -0.05665720659344357 0.052152489881036 0.012589025939898002 -0.05500749746941631 0.03146377924667678
0 18 -0.07068677790254359 -0.04912119477020609 -0.061295880122792565 0.024907521203693526 -0.03145640689930136 -0.040447707097823214 -0.007622360491463653 0.08553008174889001 -0.06634357795191766 -0.04040968787733116
0 19 0.021669486385846478 -2.1361417106458843E-4 -0.06569344171096067 0.05397300414010244 -0.04286137936639499 -0.01836604211252256 -0.05194565845458875 0.018344907548982315 0.019205866623318704 -0.011841325258308862
0 20 -0.07037417939409067 0.08625775599831224 -0.01859940119591238 -0.05960795136055861 -0.04503110295414101 -0.04330489018297683 -0.06491131458803207 0.005991037436856049 -0.08931208591473473 -0.006490896927956188
0 21 -0.020646575502278382 0.06265488971478589 0.008857030295016086 0.01295470620603356 0.06016993802021731 0.07307637688677628 0.08089250460341257 0.05335162857982669 0.007971848708444543 -0.0487016588425927
0 22 -0.03572773163048945 -0.0807872215515837 -0.07303669139672431 0.020554697934905157 0.03996406111116386 -0.04218332157238236 0.06968258934999039 0.02816147051278998 0.08701739060353204 -0.023563144831018523
0 23 -0.009490710091755445 0.07626691733860136 -0.07178751322523305 0.02820979787619571 -0.03721093539863411 0.04760930988749887 0.07057293264229562 -0.09891327774264644 -0.09173719469427812 -0.052695767209260995
0 24 0.07207766436195567 0.02438944213326874 -0.036084767761254376 0.04721334905540138 0.05683708702042184 0.048799732854264234 -0.08414513957927776 0.09977337074917698 0.07390801512679454 0.08903119326665684
0 25 0.08351946263604379 0.035884721396297024 0.08163384012388264 0.04303589924332032 0.03257857046684164 0.028694236786621807 -0.06126003971842024 -0.04536698877063239 -0.03977194989336992 -0.004551931606713953
0 26 -0.08184353680580031 0.0627904345789792 0.0091642148314648 0.08450680160647996 -0.07291587144993375 -0.09663837735140075 -0.09310072870367807 -0.04232213872602275 0.04804003324836409 0.07159066439645766
0 27 -0.06461750792914857 4.711347598876304E-4 0.03804740214909152 0.03921047885305714 -0.025763260387590838 0.03395744192818766 -0.011951637821341383 0.028808419049718224 0.0454475292543454 -0.0615926394974424
0 28 0.014954647015139093 0.09841874345212138 0.08974698172615651 -0.03839432321894169 -0.08790592512563186 0.03361308127688036 -0.02775378893509475 -0.05730613495924266 0.03168166086114567 -0.033718351224427595
0 29 0.09783913387764481 -0.08280502826236857 0.03896029749799564 -0.010160068590444547 -0.0586200289160512 -0.007589359226363262 0.04517316378751742 0.08830053138251749 0.09672871855832023 0.028782916265923615
0 30 0.04340055057312684 0.07212054864141172 0.0256789453439666 -0.08555363038471309 0.0673351425628194 0.08273377671410806 0.0905954870814695 0.08540965344733809 -0.07174203203651743 -0.02506332429908574
0 31 -0.08820714080208802 0.07523895307924343 -0.027529512691876284 0.07425893112694132 -0.020480346110421533 -0.07922591100998162 0.00909643045849749 0.09568708214493188 -0.03552713297957558 -0.03405883966979166
0 32 0.0681005410582065 0.032508616117678676 0.027710655583557283 0.006764725033579454 -0.0788560558899868 -0.09745718448019966 0.06594273250271712 -0.05330094221443796 0.09219305826607621 0.005256867139464142
0 33 -0.046866651862802665 0.03181883177391922 -0.051553139880111426 -0.07034110096371386 -0.0949794922881111 -0.030495409822800856 0.01170767610396728 -0.07128654160824056 0.015797709581637544 0.09694471414335662
0 34 -0.04849144330665849 0.054221750402848524 0.03542565841396342 0.0019676276816414933 0.06382895021795643 0.006716569288723814 0.09438376558351677 0.0645128119835382 -0.07120030189185676 -0.08413061278841451
0 35 -0.015162582650952845 0.09799315904582362 0.0935872162069208 -0.011539141658435982 0.025621006225608523 -0.012083717287103304 0.0160709787940244 -0.01736065136034655 -0.0160141531516072 0.01571232832094454
0 36 0.021809532607280083 -0.0727489403928837 0.0841640268425476 -0.034549815050414524 -0.059442875222716574 0.03127909937433731 0.060022035283870616 0.025857088257826757 0.0436293760481915 -0.057494371333049306
0 37 0.005650024328905074 -0.04535682126200427 -0.01049043645903845 0.04306544793694755 -0.06702811676870057 0.06151829583109317 -0.034182399400834715 -0.06733146794241923 -0.06866856135056303 -0.06387324286872019
0 38 0.09142039756769078 -0.06293520120555193 -0.0606185858530839 0.042661943696387795 0.04780218331277141 0.09977906248623983 -0.09172584383235563 0.03272891706315303 0.06466338878675813 -0.054072146153824094
0 39 0.005495571768654782 -0.04833530943966572 -0.03517819948076683 0.08456347325664856 0.06953118913099145 -0.01650994840065932 0.025439267028198206 0.07156479458827464 0.0932333093818052 0.037112736546900844
0 40 -0.02945822219628686 0.004231757121351049 0.0404315296633194 0.059503880390442916 -0.048445413692236906 0.020887251307866974 0.015035857548053875 -0.06814739379740206 0.06537810098505789 0.015359288085270614
0 41 -0.06438983475262369 -0.03586836293349908 -0.008749127376812132 -0.06723255203755553 0.05445369530747712 -0.07375455188209262 -0.08318818514860132 0.02195463521627115 0.0985930932503502 -0.05409817183756717 0.09732391685247295
1 0 -0.08129671216011182
1 1 0.010349315591156288
1 2 0.026935290545225324
1 3 0.028226708993315832
1 4 0.08559341728687392
1 5 -0.08652406930923473
1 6 -0.027623564004897887
1 7 0.022016173228621476
1 8 -0.057833038270473355
1 9 0.04172578454017658
