## ListNet
## Epochs = 1500
## No. of features = 41
1 2 3 4 5 6 7 8 9 10 11 12 13 14 15 16 17 18 19 20 21 22 23 24 25 26 27 28 29 30 31 32 33 34 35 36 37 38 39 40 41
0
0 0 0.07023022624067482
0 1 -0.037288101814893435
0 2 -0.09021200851107754
0 3 -0.05556941215090869
0 4 -0.007055319003788931
0 5 -0.025442092461997672
0 6 -0.039026933626593735
0 7 0.0478531955336062
0 8 0.09059048696054352
0 9 0.01743359336840844
0 10 -0.05185683247834765
0 11 0.026686000044408083
0 12 -0.05749117290607588
0 13 0.10106583516049285
0 14 0.013319118488989642
0 15 0.0070647723624842635
0 16 0.012039149415743841
0 17 -0.06542797951442399
0 18 0.06933553325638643
0 19 -0.02592042606433895
0 20 0.045162038777730194
0 21 -0.02133763404455918
0 22 0.07090428121017293
0 23 0.04059038451899121
0 24 -0.09228737005694092
0 25 0.09533469154262611
0 26 0.015982748104814367
0 27 0.04018461272206399
0 28 0.047859011595824154
0 29 -0.0013007746379704438
0 30 -0.04587236518938429
0 31 0.019531272565431253
0 32 0.08285150116957045
0 33 -0.0280031927798929
0 34 -0.011343616391290797
0 35 -0.0018704005699028612
0 36 -0.06575217780258616
0 37 -0.029550049251347105
0 38 -0.015257316374456003
0 39 0.03282700106501579
0 40 -0.04437217535852958
0 41 -0.038460928946733475
