## LambdaRank
## Epochs = 100
## No. of features = 41
## No. of hidden layers = 1
## Layer 1: 10 neurons
1 2 3 4 5 6 7 8 9 10 11 12 13 14 15 16 17 18 19 20 21 22 23 24 25 26 27 28 29 30 31 32 33 34 35 36 37 38 39 40 41
1
10
0 0 0.028769925091585435 0.08404879030495123 0.08190198551512705 -0.09173304222256692 -0.06567507274042567 0.033341429770554314 -0.06561393129376775 -0.015591488561739147 0.05201127698378402 -0.019521921149953683
0 1 0.05114182807029564 0.06704411430105195 0.021991099978631662 -0.08072783350430915 -0.05680306308410767 0.0018811228521915778 0.06921303899301742 0.0398384496731963 0.02665147212883725 -0.007419911166313828
0 2 0.011103956839090573 -0.06089364345632306 0.011739867958043099 0.09642759720854854 -0.017482781006977526 0.057295098530048195 0.05973730074704591 0.005573062552756996 -0.07477311892353589 -0.09864515154516583
0 3 -0.09928194693698897 -0.05424190762312694 0.06623671781679603 0.06569498648974609 -0.035411426475492926 0.0557443708087586 -0.02399569482465353 0.09857101626254615 -0.01668012622964199 -0.05034172168960044
0 4 0.047825322397101404 -0.06695296085811084 -0.095853324438191 -0.04679140422670264 -0.09283744600936122 0.06713100519131103 0.0820527178955227 -0.01779548803498378 0.09892869705059319 -0.016816135246683187
0 5 0.07409885492474237 0.09335546057004329 0.07243271067811266 0.07517401811001848 -0.07243629886634448 0.03580521296489481 0.03319989393838898 -0.06312570083292131 -0.09011807726122177 0.06029317472117615
0 6 0.008691996702498945 -0.09679958973081502 0.022014476731324884 0.08544320677715901 -0.09093916928416462 0.07565712990383161 0.08604840367437128 -0.060283427936810116 0.07167889756716388 -0.08612456777789966
0 7 -0.019906054073119073 -0.015503373055276598 0.03654192102924754 -0.09133548661647901 0.0027011249281661764 -0.029899139016859647 -0.03000713419937701 0.07814862823823199 0.07204329317444137 0.08616753548483612
0 8 -0.09937024013932451 0.023642648314793124 0.02412068192240642 -0.013990563066813792 0.0883680534691417 0.02512956588284783 -0.016533175775939046 -0.08303860578105882 -0.07872249421222804 -0.010001316634823437
0 9 -0.04233819085398808 0.01369324895055265 0.0714323557305864 -0.004744522446003244 -0.00691338142526075 0.01901263653151935 0.0587397243677648 -0.09608227607208313 0.019107312626763198 -0.07792541834341794
0 10 0.06233281054273602 -0.06143134556483872 0.0029150101648761696 -0.06672615293472918 0.003764930932544924 0.0807080515406191 -0.04667804840048202 0.04358237649009064 0.028905215263068374 0.06711066111121945
0 11 0.03299489851372067 0.08903210510017974 0.030011305036686284 -0.07032121610605299 0.034514439580253735 -0.05449610399197574 0.0959440538123056 0.01280879502144805 0.018201836413971 -0.06017391769963648
0 12 -0.074188504165981 0.016721639854276434 0.07392562159169398 0.014175569471650093 -0.04657068575464958 0.06730218858735611 0.07184290852677708 -0.09514731492765893 -0.004730285905331158 -0.037044305559855814
0 13 -0.05759595792425033 0.052466317921670946 0.061067242467045375 -0.06427828945189784 0.014307522254256981 -0.029927707853488607 -0.04643384207455305 0.03963599286027293 -0.05586632144314998 0.0112440478002282
0 14 -0.02626265445183488 -0.004235480807793209 -0.06757606956162117 -0.01998509984624803 0.014180773143615768 -0.004818818092127122 0.07680719800586858 -0.0789454229099972 -0.07363677485715768 -0.0824837001307704
0 15 -0.018929737287498947 -0.04996970912755372 0.07633156965344903 -0.0942586681444899 0.062116396597764356 -0.029560617652327207 0.02956781196362139 -0.0796321860239465 0.06809413536337255 0.0716802883699743
0 16 -0.09370466910879711 -0.08782243749583236 0.0955105459022141 0.04555859239276404 -0.08565430710755961 0.0757681102670212 -0.09752363236291439 0.013359048431468257 -0.004648190903283995 0.07172029534908307
0 17 0.02589511190078287 -0.030234770555961243 0.022480710438730577 -0.07476921951105445 -0.030123903078770227 0.027602962433333166 0.05202203107842981 0.026793050537642762 -0.03205385528869798 -0.03939086280369894
0 18 -0.04498193728992754 0.05001495479212457 -0.06391542004243228 0.07057191163408462 -0.07275305742976532 -0.09074422561093971 0.08089112775669013 -0.08745998592084876 -0.012616880662990777 -0.04785274767920982
0 19 0.09808631125284599 -0.030058640929521697 0.09566875805493841 0.0931609979131946 0.056157771021082575 0.0081591292575125 0.07254464196482563 0.010130272440779893 -0.08988510770424821 -0.04498383719227713
0 20 0.01832504683932629 -0.08715745743752837 -0.05962821789930331 -0.0747405991375259 -0.02900914595120042 -0.00214432707215912 0.006806033675158032 -0.08392889024855105 -0.05851668344485714 -0.026391275134505954
0 21 0.011633856946756897 0.009908594099652031 -0.007198294143740578 -0.057248668052658956 0.06353255659563692 -0.0752523939395499 -0.0011433787432073863 -0.06152840885041542 -0.0030654462346053507 0.04058942393116118
0 22 0.0945216736965591 -0.07471914367548142 -0.05802646595797192 0.006285136925876474 0.08631118861509278 0.05454487868962005 0.07544168718639895 0.07725557907493684 -0.06807834572297501 0.03167787869629694
0 23 -0.046413036700662935 0.03453462315481945 -0.008996774267331201 -0.03517872056762912 -0.03155780093632935 0.023584794824585035 0.040736929235885545 0.0960667519989816 -0.020790304009617722 0.07792445196083346
0 24 -0.026414997789977062 0.048015288401941 0.0030534265196702644 -0.04579605551433317 0.08472619136400408 0.051442022019379995 0.0796808648599612 -0.0770162213878252 -0.09354765574764742 0.06418445858699563
0 25 -0.02725167831496989 -0.05710035382282713 -0.015560831348398387 0.07023939820782822 0.005590816864013242 -0.04689790860671102 0.07248854330997191 -0.05648105712350788 -0.010183386393340313 0.09736919190472432
0 26 -0.04454153064208541 -0.09667537458621357 -0.08881089627806799 0.06083963143059375 0.08648871147636376 0.061706871568714704 0.07752299243899052 0.013093523799105689 0.0332712100346689 0.025767044058311393
0 27 0.06240771207228881 0.03390958179420541 0.014311981491682054 -0.07907543656735871 -0.04075096538410379 0.06744496917985697 -0.007986689992843795 0.0895955841484313 0.03734258596215925 0.09849952933352768
0 28 -0.04555333710820072 -0.07852365727389497 0.030062477424556176 -0.035878922784819224 -0.01729899574509633 0.0873326230589567 0.0525735102609104 0.08985500657165313 0.042723918604859405 -0.017737579937274272
0 29 -0.07136455339802278 0.06714735914553985 0.04131049490963579 -0.020243597325459724 -0.0793718196100896 -0.08390511272527984 -0.08074185263200526 -0.09172494828453334 0.009098403035064184 -0.014855132168023326
0 30 0.08539997755367668 0.018042823213475008 0.04438447432006903 0.05505120642347635 -0.05955402762459811 -0.06377689832492961 0.0018918487766395452 0.06963005498473873 -0.01685417160085866 -0.06790610232042749
0 31 0.06088143539451143 0.046486692713951255 -0.010581480065218552 -0.051625699835897904 -0.04300990037464797 -0.046987636136744046 -0.027557460509479253 -0.08248573794567972 0.08263760112505593 0.07062911443962912
0 32 0.042702836424728906 0.06763858712740752 -0.0825386060326274 0.010971652970862058 -0.030939210824939483 -0.06824850747140036 0.01990867560527579 0.08223675962826371 0.09846823601941729 -0.03688913666116757
0 33 -0.05325596501849607 -0.03863858263491878 0.026393152879379867 0.08045198019938639 -0.08194819850189419 0.09178924652975112 -0.01626495925506327 0.04188331454544572 0.027172402905431596 0.0554857218288881
0 34 0.08933654229439197 0.0761357767126103 0.035528679435589475 -0.011712827660324646 -0.01909635463187186 0.06784783989401963 0.05463520559351349 -0.09686657365651614 0.07017240025758716 0.0013712789169705354
0 35 0.09390280742110224 0.05302725270939399 0.07574221645602246 -0.047336214068037126 -0.06301403249911845 0.07550778797073174 0.010294724588499579 0.07418950747012261 0.0756788429478363 0.014986593035000613
0 36 -0.004939508786691081 -0.028037602394241034 0.016862268368153837 -0.06017302343752694 -0.008374662290712351 0.049434067298094096 -0.09803825036714861 0.035310566159688694 -0.01834166607249808 -0.01248231159497376
0 37 -0.06662015914716858 -0.09561149786338626 0.09517747778230176 -0.07700808642214503 0.09379846263224387 0.09355158521334574 0.022849113625010155 -0.043850385631194935 -0.037540758591853844 0.018735708960461922
0 38 -0.09990762174129486 0.089508056640625 -0.06667016446590424 -0.085213802754879 -0.028287386521697044 0.036053359508514404 0.03622562438249588 0.05130552500486374 0.016650700941681862 -0.08111502230167389
0 39 0.024310719084253612 -0.009175737919834046 -0.030698470053748036 -0.07262502740714492 -0.07629285285519687 -0.07401421364775747 0.0037373955390268185 0.06352956519661596 -0.05349331242257245 -0.03600075695822762
0 40 0.06738055335672513 0.022757471680047218 0.050383789594289644 0.012159836349629617 0.07447722611666883 0.010591190263215812 0.026920061373386008 0.049720785714151894 -0.06413109285258546 0.048619761714071646
0 41 0.06881597909871623 -0.008509875769196654 -0.029741356608297322 0.07190266837154743 -0.0033053648758575175 -0.03742854769103512 -0.0918632765348662 0.07132633524466025 0.02738840685056162 0.06137600494245469 0.0021877647377550823
1 0 4.436016024556027E-4
1 1 -0.0879139974713326
1 2 -0.062311451882124176
1 3 0.027902668341994587
1 4 0.05608652159571705
1 5 -0.08066141605377118
1 6 0.020404446870088393
1 7 0.002382040023803706
1 8 -0.06301146000623711
1 9 0.0193782392889262
