## RankNet
## Epochs = 100
## No. of features = 41
## No. of hidden layers = 1
## Layer 1: 10 neurons
1 2 3 4 5 6 7 8 9 10 11 12 13 14 15 16 17 18 19 20 21 22 23 24 25 26 27 28 29 30 31 32 33 34 35 36 37 38 39 40 41
1
10
0 0 -0.24946907729363296 -0.282249768595037 -0.15406153759502264 0.06273081510659444 -0.01512203285352091 -0.16172724210839567 -0.03478511428712158 -0.20712962525338235 -0.03435417172178807 -0.2802143613234683
0 1 -0.22654684486495547 -0.19449629310185176 -0.20329759380119813 0.15248269687994814 -0.017391650604551834 -0.3266517920443867 -0.004960650452201181 -0.19313930733934603 0.012973283982088676 -0.3052892203608302
0 2 -0.8858202876936336 -0.993664414958013 -0.4644469117842698 0.7369108465909913 0.08458470662347699 -0.9356798512079738 0.02646955351127228 -0.9385454699535433 -0.3155811851663441 -1.5432350808013153
0 3 -0.2611415639998336 -0.39506223887388703 -0.25312473815615305 0.2147250010514595 0.0742614951157425 -0.37879160033934506 -6.534903391070122E-4 -0.4292585102404631 -0.04583805575680983 -0.5855710894881927
0 4 0.05851850836659172 0.09071542697318948 -0.005601730029191499 -0.05940117117187515 -0.10849267257387746 0.07744107090028196 -0.050856657378559995 0.14563981318993968 0.10208525095377291 0.17949205259087425
0 5 -0.26622219849554407 -0.4027920240505161 -0.231619754641212 0.3397827521854738 -0.041779664124463704 -0.36122584806599867 0.01893727861068212 -0.2994935521284793 -0.1944015852605156 -0.5363777490121558
0 6 -0.11232918466699054 -0.21809733680907734 -0.06469574816546197 0.07311251120378143 0.01956874419675871 -0.15722756302073995 0.06060426849919641 -0.25297875877619624 -0.09284016332681079 -0.4246534919976663
0 7 0.12695815290513926 0.1287971698474514 0.0011499896213224012 -0.13410498742236857 0.021519174854113296 0.12004903750316033 -0.021536983749750653 0.12311386436719798 -0.0642134461556864 0.08068532049208281
0 8 0.034668246316508174 -0.05161638748337226 -0.11346555018300347 0.14222150586037133 0.049493153880029395 0.02829398313627506 -0.09852501123789918 -0.03137916858731495 -0.06227159675239406 -0.026385538641627775
0 9 -0.3188378882671592 -0.385244450326527 -0.2647698893466926 0.17084566856405112 0.02669744175884001 -0.343315165593715 -0.047370951619181416 -0.3560504217649627 -0.1919027856983391 -0.48547896203807905
0 10 -0.2537672081346486 -0.35253643402243817 -0.25341319018073005 0.2035057143268013 0.03504104768748209 -0.38213075645596895 -0.07553371167921602 -0.40017033849898886 -0.15359678003422703 -0.49389458139024484
0 11 0.10795033377783354 0.11467531413020193 0.09733565129411864 -0.03675154391152485 -0.10520383013286173 0.20751119597502407 -0.04202705916599974 0.19633308186470855 0.01689885524356563 0.22222449336675276
0 12 -0.31975003813816266 -0.4111797337283099 -0.12123361160615329 0.290126880173157 0.1305515443133809 -0.37260624184683877 -0.009719732839058932 -0.2897746017468296 -0.15867470378916823 -0.5000998582677233
0 13 -0.40776388456731455 -0.4484554330615535 -0.16592848667784016 0.15288741570453254 0.14980886407475244 -0.42172320701976496 -0.11973374605942295 -0.5013142512370894 -0.16863341872872117 -0.686799637120939
0 14 -0.2833586184534701 -0.291162736126089 -0.08253758324351947 0.262776103954447 0.018319101902151184 -0.3445762483913068 -0.09139721943202779 -0.213663597916021 -0.06337176759320895 -0.44619137524997005
0 15 0.04464942549353658 -0.00722132905834795 0.025697650794768708 -0.07147673213887099 0.06089735803708987 -0.054215162953178735 0.021149640550676377 0.07831600035687174 0.058591119216540845 -0.033921004231343484
0 16 -0.06827624645748101 -0.0516837063306719 -0.025414964718981786 0.023207941270906758 0.0617700816022387 -0.19398583812184023 -3.358520694707392E-4 -0.11186282402610287 -0.039365785590707 -0.07498695527872579
0 17 -0.14200162801313038 -0.03293312214745171 0.0472306090572598 -0.009701126416743373 0.09497665897720547 -0.12991716824489405 0.08832758893106138 -0.03310881007898781 -0.07680640383345554 -0.07102814745506075
0 18 -0.2515678410397464 -0.1563486264396442 -0.06300997136384842 0.21508048929743176 0.06816235911307354 -0.26548601723983895 0.056165435621590445 -0.31539483833920534 -0.06124392389863553 -0.2826880634525896
0 19 -0.04949274715994531 -0.22423886659733758 -0.049060381390918055 0.20142850659998282 -0.0354736717070172 -0.2227037089674817 -0.018457104941281707 -0.2202368519112491 -0.11793559550751921 -0.29444083647592717
0 20 -0.26683839084647154 -0.1030992142314072 -0.1929188112326939 0.15532760247927951 -0.018611426621499283 -0.20210381965789387 0.025010839743853486 -0.2958844561078399 -0.16097424392689957 -0.3539612730374533
0 21 -0.02359845808808206 0.012396465112791617 0.06299632588503988 0.11489138498322095 0.049607188755093755 -0.07061547146834 -0.024288828989055843 0.008392616025815836 0.027593401010824053 -0.06059537722247621
0 22 -0.2629955363837426 -0.15418282569498587 -0.06777016199001457 0.10413366399680116 -0.041632018513499056 -0.14384496968573127 -0.019706058264378736 -0.16097458845981608 -0.06855213746951794 -0.3693886139469279
0 23 0.10815034926576553 0.10025923054591986 0.022999342212384935 -0.1378170996605247 0.022265263253130368 -0.016754924622362354 0.052027830937121766 0.06504688322500139 0.08445495063989154 0.04865336789277716
0 24 0.020475766109292037 -0.10805696581608668 0.02048325328509341 0.12098898479939596 -0.005870326225601927 -0.18644787501275217 -0.07720190107073488 -0.12964787271110018 0.03667317516560821 -0.10773335649625852
0 25 0.09964006591516457 0.002422358510428324 0.07787110187045804 -0.11728260525716588 0.032309682156639985 0.1449459569050285 0.08701308743360923 0.12667265641441444 0.11290445651361299 0.14307856179573034
0 26 -0.12712531834358476 -0.029366967882018855 -0.11761375126732374 0.14075407788141342 0.003931555713827008 -0.07237665476480708 -0.10752475569373901 -0.13853558843135502 -0.03800754028055804 -0.2416849498245141
0 27 -0.08751171226069547 -0.019690565206412762 0.0035347452046256625 0.02143113463472661 -0.0502767661183668 -0.022292809409290387 -0.06839749643200688 -0.11234656660798992 0.008807660698767839 -0.26149336886047436
0 28 -0.0816670137677027 0.004119186446060184 -0.01221467918971339 -0.08664367560431464 -0.006539166353002972 0.05898209516581914 -0.036192628465087306 -0.056684263965331286 -0.012373538997886527 -0.08526337745958332
0 29 -0.015880919470831065 -0.05128591436939946 -0.0780162014789008 0.10876671211821066 0.0016542300935387855 0.0376631903263162 0.08892651562695916 -0.03829692131202767 -0.05441909328578451 -0.14601352823705194
0 30 -0.11558740425103615 -0.10597148424508336 0.03487347054823935 0.05805930037727067 -0.02077387706216077 -0.019082077894796462 0.05444698614222348 -0.0044263921296856645 0.032656712355735966 -0.12227568548603542
0 31 -0.12481323228145495 -0.043587702162750444 -0.144137823484294 0.10243636131247953 0.1082600037050781 -0.14634404454954175 -0.061509693371684646 -0.20945852059802275 -0.11546055854516486 -0.1163344367766369
0 32 -0.1217768913397119 -0.07495706637702204 -0.06846325901952573 -0.020026631090843527 0.09407162500441373 -0.14256258795556034 0.004305693038535874 -0.07423462554745057 -0.11348832133341322 -0.21770592629819643
0 33 -0.05840132405021514 0.028770947232659078 0.025712489269395226 0.09366863279182946 -0.05570872157661524 -0.0030033303289073105 0.015361422493742132 -0.13212811035489366 0.06309363066776652 -0.10668611472837694
0 34 -0.05067100076707925 -0.027017060378591758 0.05210049947295385 0.0462482028120344 -0.04978323189340603 0.047878166122470804 0.06976768878210655 0.039315733807492294 0.08769483353881537 0.01783711975341887
0 35 -6.571162538401536E-4 -0.009193803379260504 -0.09507198193860546 0.028044072138834517 0.033950909127663575 -0.05962372849958555 0.0038523345349470864 0.06761538223661112 0.05807036275791647 -0.07532294962731595
0 36 0.05683486561095585 -0.08539787025518354 0.08602406240632535 -0.06222071326711732 0.04243269020344763 -0.05888081770056778 0.023928876445413434 -0.042867266882320565 -0.098722666583104 -0.10014211950429483
0 37 -0.08166997075753464 0.0436100810490226 0.041269765362838134 -0.012589416328012238 -0.05348198398312321 -0.05232838429468381 -0.053867959060013425 -0.031404401174791846 0.07450944874589292 -0.015385917111456452
0 38 -0.0909609791423778 0.03682479993563066 0.090616861108435 -0.013395343953493578 -0.05719780188656188 -0.013943568119201845 -0.03967499418291507 0.024741423510698378 -0.030686863360699146 0.04834043048314444
0 39 -0.09475289285182953 0.06351988017559052 0.034246236085891724 -0.06515772640705109 0.06412466615438461 0.03848113864660263 0.09240765869617462 -0.025966590270400047 -0.066607266664505 -0.014188545756042004
0 40 0.06878896178655303 -0.06505601382364716 0.07239755694282389 -0.060739738809218104 2.452639967912517E-4 0.00433725202251082 0.08209605589281224 0.022681074255842763 -0.0347841410931272 -0.03707647060553333
0 41 -0.017574358940706455 0.0498859033701127 0.07385867062341764 -0.10672468257989698 0.08013513595949055 -0.09235191174515403 -0.0919194709880803 -0.11314023635216602 -0.035256818253280926 -0.03865397686950788 -0.11092110825689845
1 0 -1.3207213261147739
1 1 -1.4210791466151926
1 2 -0.8053501514849148
1 3 1.063389188111442
1 4 0.16023060263735384
1 5 -1.411355463778826
1 6 -0.09303300942135298
1 7 -1.4446645195216936
1 8 -0.5696836780399828
1 9 -1.9888805076616938
