## RankNet
## Epochs = 100
## No. of features = 41
## No. of hidden layers = 1
## Layer 1: 10 neurons
1 2 3 4 5 6 7 8 9 10 11 12 13 14 15 16 17 18 19 20 21 22 23 24 25 26 27 28 29 30 31 32 33 34 35 36 37 38 39 40 41
1
10
0 0 0.09408870726127216 0.024761246565571732 -0.06240727117090748 0.37736778182094494 -0.29793650694698465 0.09737074636899323 0.24834842656437003 0.19080701254813692 -0.17243231294245367 -0.22142720452347833
0 1 0.046203062918095714 -0.14514813370835583 -0.07412897713410815 0.3746947646078593 -0.24453267891571892 0.044030435223882725 0.2594640277019531 0.147449284073031 -0.16347582973761068 -0.2449116300145083
0 2 0.3897018469311417 -0.27527938543560426 0.0717897205267464 1.2968142436907932 -1.0140718016327268 -0.06363409072498076 0.6697849663573753 0.5860826080656701 -0.5030755780759807 -1.0527362942810163
0 3 0.12694193776940343 -0.09993182887968263 0.0537292956266734 0.5011971044435234 -0.39872247966771834 0.06458941456780842 0.2514550602990453 0.21767324041910885 -0.21329612228879288 -0.3640006455188765
0 4 -0.14395062858345045 0.07615926982962162 -0.03366494870673706 -0.24713466238674617 0.20188620523763395 0.05420883508885134 -0.1738789821954034 -0.17259336709173417 0.08123446197533817 0.19869527438633847
0 5 0.15873524120659344 -0.19845797299077647 -0.07768063239239618 0.456791734233171 -0.35528890515941264 -0.0015123190704944304 0.32633732081293193 0.13861906985379338 -0.1234223411661964 -0.26341468916701827
0 6 0.1275595265194683 -0.0716370249600201 0.015122529193767897 0.37956804543797834 -0.3194939578063088 -0.08221178652569415 0.12963953365424377 0.1588838073428932 -0.0871035857192646 -0.13385719351555062
0 7 -0.03904390388200095 -0.015939900780739907 0.09622233513832579 -0.1495634336814167 -0.01770384560542663 -0.0743317003233931 -0.15511680171470746 -0.13385379417470983 -0.023713738175851345 -0.0410017132403613
0 8 0.06581479639086177 0.014294367631045185 -0.0766183870801876 0.12864294880571212 -0.1563071904446639 -0.07403376529065188 0.09268784019992907 0.11287913265868525 -0.012657771052683097 -0.11996853962811724
0 9 0.07135055439404783 -0.20371942663489287 0.08435545736680816 0.5765659237081484 -0.3419407192300515 -0.04543733654512362 0.2341078830599103 0.11922714255071964 -0.092399886715281 -0.3028915561116167
0 10 0.17719016248187194 -0.10635995700309006 0.039050081926114484 0.4374633865287308 -0.21632956619945753 0.040276635202634 0.21798659073473844 0.18286557935683914 -0.14186760981472601 -0.36841628710439456
0 11 -0.02903983925252666 0.043934571840350774 -0.1090346908114212 -0.31930954365747427 0.14573144677242159 0.02382232957144598 -0.12793652969390945 -0.12534060586841964 0.10268848554662958 0.24476399842574229
0 12 0.19282048106372873 -0.16176441613593076 -0.0012630586397045622 0.33237005259198754 -0.2787496174564036 -0.06028910343733808 0.3362970349633785 0.14247887846214274 -0.06255694385436648 -0.3794464389591244
0 13 0.030327549011212703 -0.06825681985018456 -0.011076898565547172 0.4171365789388735 -0.3581057804539035 0.08614278989200577 0.31072381416927874 0.16924984819993777 -0.04997833522173801 -0.4413974112622756
0 14 0.13889536069427308 -0.13245715416102344 0.053152838419537614 0.3955654445680489 -0.13923988556544917 -0.04028503222430948 0.14891306780707317 0.053976882825877155 -0.075944802406911 -0.17183558425583004
0 15 -0.11016899096043202 -0.02816991953737163 0.08439397465378688 -0.044218704539511725 0.07706955226734825 -0.05194160749024996 -0.15356502266788216 0.05796417600343066 0.07768171735973042 0.030626962599550916
0 16 -0.034140589752270904 -0.11416740736180163 -0.003788675826636035 0.16416660890191867 -0.13925129529221286 0.0035565427264619537 0.08078083862073118 -0.04833230617839024 0.03966116043642101 -0.10012434972689584
0 17 0.11826046753812301 0.05476687032413177 0.025507576056746743 0.1851705055908504 -0.1151147510965572 0.03242714122204778 0.11364933178946283 0.13250025516631658 -0.024328104569669516 -0.20232453364545688
0 18 0.053583675146400195 -0.026752300294631288 0.10083625644258867 0.2826228886319309 -0.15855163640601969 0.07482466282889143 0.23319168587661612 0.07814197212698616 -0.1967752539084014 -0.21476584615512315
0 19 0.06130745559162445 -0.008542972104365606 -0.04157300531073921 0.16824215396619152 -0.0690154713474975 -0.03529226506577213 0.10146525750704598 -0.015124244344952742 4.4158886781351956E-5 -0.14193425492805875
0 20 0.11074701926613985 -0.14676400056428557 0.030197921630163504 0.20730156825871593 -0.15756719135548133 -0.08162359284628305 0.19357915382357854 -0.007095931710816357 -0.02482053801368474 -0.09227455131108545
0 21 -0.08258218832615109 0.06534795929900745 -0.07116870926701449 0.08544633404809132 -0.061409161278624134 -0.09839629559624168 -0.034117025640748325 0.032228848663683744 -0.03608287904436513 0.02096994510575921
0 22 0.17565209781354615 0.022564156964931362 0.06281239440110589 0.34332381327282524 -0.16266818145798292 -0.06743372713929556 0.10546978618910495 0.10910414697360402 -0.01165379870026393 -0.28408669448122326
0 23 -0.11418283949779262 -0.04207803456378043 -0.01766731502133185 -0.13475248669809198 -0.030554717408464518 -0.014231138809929322 -0.04712195453058272 -0.08899043930575769 0.029410432378368958 0.012201657268040522
0 24 0.04267108380719401 0.023740288349899035 0.10160544181946499 0.12441772836409429 -0.10466189021197603 0.031075169280168093 0.13381674876836186 0.15054181707231937 -0.02320670408642553 -0.16952268629133224
0 25 -0.020808538737440704 0.02045076929984025 0.02706833732134955 -0.3750141730166676 0.12123371253519127 0.0022953736441613127 -0.1359891380790408 -0.16296247703594283 0.15090324138563477 0.1744324380397805
0 26 -0.017023482240620755 -0.06170458891907352 -0.04377679929282545 0.07170066358251835 -0.17595891150613732 -0.0891034532311481 0.1677070572586499 -0.009685194697389836 -0.07475413179422938 -0.17118759636068007
0 27 0.08985177743073293 0.05897481038043318 0.08908731012778923 0.2291534480674205 -0.19673249043731197 -0.06797508122376643 0.020926318421364686 0.11168989842747964 0.03577936417191501 -0.11119484306208828
0 28 -0.06012117243359923 -0.013811697689899902 -0.022007013167398736 0.004166055774138537 -0.039835456682725 -0.07400644491315657 -0.1337695778752914 0.041509065446729006 -0.0171415221636975 0.0698700002103636
0 29 0.0680512712050419 -0.10177799483874783 -0.09406045663227035 0.03132792219549775 0.004651556395368697 -0.05430737066170652 0.1212577251945621 -0.05621052636044218 -0.09602792596955075 -0.103668972999348
0 30 -0.06938464091507544 0.04627873503199951 0.02694677160423475 0.1322899965891777 0.045430248289441255 -0.018078929822017826 0.12118090054914821 -0.03162414859376055 -0.002295929327572688 0.04001753384877353
0 31 -0.030593610779770013 -0.11630597137020725 0.07770932673280154 0.21025658775665396 -0.06275716525761989 0.06007788322004794 0.1537071674744379 0.13197889258553538 -0.0331242867648948 -0.13280189007722282
0 32 -0.028891698851607722 -0.05381536279039228 0.0466839605163793 0.03273402318509775 0.012443351271749543 -0.004970369359723584 0.09376725228529745 0.12821652832809463 -0.03809627926536936 -0.09161062254300593
0 33 0.07851293548591622 -0.08796960983399663 0.03881725524458 0.13828572207309778 -0.11101785463193785 0.08321426255652804 0.12717409227362808 -0.036897607923873414 -0.039904679618360375 -0.12104733120876482
0 34 0.04104100838540166 0.06821843654553121 0.08550435736134265 -0.003766157150987928 0.07125998422003743 0.013412414340436662 -0.11254414259216786 -0.02094388388726062 0.07973199230352981 0.09042532456350087
0 35 0.046828655802968765 0.04972698629793983 -0.08059819235401622 0.028811533280623778 0.06561958878921514 -0.09609223837376665 0.05772764630042909 -0.03714301722941982 0.07954414865716977 0.03222349416279127
0 36 -0.06284706900594463 -0.0578419687106547 0.04258663316960694 -0.14316443043570354 0.011603594594754336 0.10279916533306473 -0.11257462882308995 -0.06103489116404055 0.06412707344475528 -0.09849128979050027
0 37 0.03738799652118033 -0.08018516262203468 -0.014904231799608487 -0.0161991823192074 0.04226114730772094 -0.012903329748595286 0.05383598552962498 -0.08972354637185033 0.023794335787986606 -0.03109881864363568
0 38 0.06177484550108753 -0.044588376633010865 -0.0651539154844021 -0.005054493300089678 -0.04037199296661906 -0.05417581542283193 0.07979188187498786 0.10367820206330387 0.04592671245223019 0.06754303060385007
0 39 0.005286195221996466 0.04361577339134343 -0.07985965963393286 -0.007185807948863323 0.017221271256494124 0.07812779820539481 0.05167198852391483 0.09014720715278719 -0.04806063212338713 0.08399856412073593
0 40 -0.09721698590862535 -0.06634986771314744 0.029510931513753145 -0.2683341576342066 0.11273231355272606 -0.0438007969749902 -0.16748170675136562 0.004070484439074964 0.07676257399217465 0.09237887068285305
0 41 -0.015697225004070527 0.11987902640297118 -0.04032088095195228 -0.259065759200372 0.06945063845852738 0.09501156604369683 -0.16415119543877285 0.010712990051461053 0.10450361568776576 -0.01474771724748466 -0.398813431274471
1 0 0.49026367634261553
1 1 -0.6015529048785919
1 2 -0.015497372491880929
1 3 1.9832040740794241
1 4 -1.540173632742131
1 5 -0.1673389115904373
1 6 1.0946547561430706
1 7 0.7145984363934224
1 8 -0.7984378107237581
1 9 -1.5537715667739802
