## LambdaRank
## Epochs = 100
## No. of features = 41
## No. of hidden layers = 1
## Layer 1: 10 neurons
1 2 3 4 5 6 7 8 9 10 11 12 13 14 15 16 17 18 19 20 21 22 23 24 25 26 27 28 29 30 31 32 33 34 35 36 37 38 39 40 41
1
10
0 0 0.052177793788135085 0.0020958442830938733 -0.008923530204775654 -0.060830494638314025 0.07003588396556647 0.06243532272894042 0.004870490372988079 0.0665812688535136 0.012113631605532275 -0.05132798679626044
0 1 0.026759844308706423 -0.0092764947496178 -0.0607523500381788 0.03076842126361149 -0.0798361154232725 -0.07868744772376976 0.0805000895279963 0.037430714414694435 -0.06514716026357156 -0.07677365450428134
0 2 0.03706655733276771 0.033303242203322043 -0.012318770031241927 0.060320351475057044 0.0051825753755787235 0.09479427081391995 -0.015430560213637003 0.011688792474485407 0.07796722680887493 -0.08375441738555825
0 3 0.020635700272745364 -0.0053425270649519 0.07926074811706203 -0.014800789774341022 0.09878988285303919 -0.016186561438529052 0.08472581618878672 -0.04489319045087109 -0.08540779877780275 0.08551949976696867
0 4 -0.07765503066274403 0.06257973107363936 -0.08605920060675984 0.01961237431499913 8.148265831096404E-4 0.047838470864007186 -0.0261300812028662 -0.04688681623278445 -0.01722268600677968 -0.00604064359440397
0 5 0.07039202565921793 -6.427173658926223E-4 0.05945340041300336 -0.05388091527457427 0.050142154726421986 -0.02592546003730519 -0.02963544058661864 0.04950806956315625 -0.013435798964888338 0.031648078693863387
0 6 -0.010527762142441182 0.014331801261355942 -0.05738978345158352 0.021952905616849924 -0.061642014494942055 -0.08971226023278368 -0.01070711529549743 0.044408990470434825 0.004020563569878279 0.00829257209943108
0 7 0.009116094567257807 0.08703097720639441 0.042091209609234084 0.03661269442538857 -0.04692831896975418 -0.04077573316835619 0.03175082017416936 0.06346727313507822 -0.0937327730867759 -0.01969662817967649
0 8 -0.0801706885353126 -0.06672398119784999 0.036946744069019266 0.09727751124343761 0.05448862379864184 -0.09011364339938535 -0.047997491396312486 0.07381318169614401 0.08438329382885928 0.0014010327374918182
0 9 0.07299467739187468 0.03742741633821969 0.06637274219862715 0.08310080873518078 0.016806704620881553 -0.019071831607865814 -0.01660780140535498 -0.027872236428086932 0.024043026251742587 -0.07056375767962633
0 10 -0.07346591303575385 -0.07240830132571853 -0.059684464640458366 -0.014066641367634384 0.020746623951686926 -0.005224844644065029 -0.05778464108005679 -0.020965402601730573 -0.088688008794101 0.026751184299616367
0 11 0.03730178383723027 -0.0788176852614422 0.09049454069844157 -0.023399684642648307 -0.08112513893116342 -0.09632221163899277 0.06968027025163083 0.04090090857912238 -0.03605753435898781 0.07748297929604835
0 12 0.0654663688537749 0.007410866120739054 0.01980341961326303 -0.06909773689003071 0.05194601885840952 -0.0612353690625116 0.014153071238250324 -0.048147822677780165 0.07046391248478129 0.08446414142877276
0 13 -0.08285501288991266 0.069784674365504 -0.053934759915348345 -0.030052581796146907 0.07716682386253167 -0.04048821892354429 -0.036964848418457055 0.05662330972939536 -0.0826402932041101 -0.015824109018742715
0 14 0.05617946363171253 0.05355046126644007 0.016405983237167774 -0.04812773291557299 0.0715640029139764 0.04655144184210112 -0.006066953860781544 -0.02500440736168885 0.08136155340866383 0.023436742026246588
0 15 0.06823614549802169 -0.046656970059428905 -0.060711834101732115 -0.00888041366793413 -0.057846207239970776 -0.08727998863083837 -0.027332981699838447 -0.047455163288397696 -0.07762390566439416 0.0737743047141676
0 16 -0.026223428740747536 0.024850095233069913 -0.021334363181182443 -0.09362356383783425 0.029960460321668252 -0.06875389332256426 0.07401618632781393 0.012968368609356039 -0.07094964747459487 0.02272321981006074
0 17 -0.007795214701107882 -0.04598156221401061 0.057799260978274175 -0.07928388923856271 0.09285833731865584 0.0668467865264337 -0.07919772166834585 -0.09161311052448665 -0.08967778753634865 0.09696228704149071
0 18 0.06555017109287237 -0.05719338686523561 -8.442995245709897E-4 0.03168072427294762 -0.06121670430136819 0.08126876350684309 0.03869325355684642 -0.09321033274102708 0.058219611200975296 0.0833630983085606
0 19 -0.008238673737811616 -0.009329309994445846 0.05627167030395022 0.005431412697445746 -0.014341670738274448 0.021222544087628758 0.04298739360721887 -0.01725102753804567 0.07627141909561122 -0.017916441169550726
0 20 -0.03375128218498993 -0.09124861313335829 -0.07361647465600943 0.07954901523035925 0.07064795571030359 -0.03682030026691701 -0.05309498942331372 -0.0876436578222305 0.05677721509111856 0.04246476335389558
0 21 0.09762849990706687 -0.02596042405037087 -0.09372260423229987 -0.07305547358376739 -0.09619496046959876 -0.05296541357189589 0.09770686089587674 -0.008900411161041448 0.05569601830597372 -0.07374234248123221
0 22 -0.0930142921949784 0.0937881916059818 0.0647059245297364 0.0775582597713187 0.020030318432374763 0.07966182149352827 0.052859325807115165 -0.03567727330713484 -0.049717349311627954 -0.017107633867442434
0 23 -0.08965426784958243 -0.07331474705572495 -0.06617075688001808 -0.042987172633921086 -0.031271637599994954 0.03963425309112824 -0.0649316575856896 -0.05925461628952738 -0.05554007643721905 0.09979158350962046
0 24 0.015468450895223203 -0.0798935852803586 0.021346652677916605 0.06468718735622336 0.05362011289132372 0.04742843496529539 -0.05117140711248918 0.055332385500675325 0.0020313930947990673 0.08460213695547374
0 25 0.06324552061203315 -0.07138817675590245 -0.06484504707137523 0.05209614483736866 0.07323501974102542 0.09630374708940906 -0.006695974376876453 -0.02902527149653481 -0.04450627020756044 -0.02520389596736515
0 26 -0.0053755168744739614 0.01929471982259239 0.09065568128932924 0.04567961713530001 -0.06268571800444495 -0.014021300073796103 0.024428940470650567 0.036876349589487094 0.06849096555978723 0.007797245091813487
0 27 -0.0029610643243569317 0.07733803535981602 -0.03936213980108313 -0.07501538173737454 0.041002744945227244 -0.06852067594377954 -0.09504775412296892 -0.06126946895197497 0.05090420550358969 -0.08743288868600875
0 28 0.09354301617478852 0.034475965759245934 0.02100096180781305 0.07929805604778442 0.01866651325849052 0.07050306570617665 0.062495396485126475 0.08910356969469105 -0.0028261482580478883 0.018906791241737227
0 29 0.039006896558557165 -0.00951828934743489 -0.07205106229180346 -0.005794546945476117 -0.04267737987783976 -0.09189842504303103 0.020384694641762312 -0.08289104592091963 0.09604050879192098 -0.02696490260589482
0 30 0.05637435347300443 -0.02455035279571912 -0.03983504054805296 -0.05222021887232373 -0.015677994175093222 -0.007773794048467283 0.013502913537371698 0.08429339123376235 -6.784460318423336E-4 -0.0841944204282564
0 31 0.04734771793234394 -0.006130297686936626 0.0905381437921026 0.06756731353155127 0.06313369206781397 0.06131967538458688 -0.06325715972361538 0.015459476590817573 -0.02338219296040521 -0.02082948406485105
0 32 -0.0850778584106788 0.07964663301661366 -0.07869298861686973 -0.0910315296958266 0.05195941902843528 0.03613876381492974 0.03713306622916092 -0.02615585178465475 -0.012882091192121619 -0.08282337866146541
0 33 -0.020061298634690316 0.09314865148306001 0.06537479085991854 0.010372896695498141 -0.07471476094742101 -0.012419667194161831 0.0899264117785284 0.010372644195881504 -0.08547149268017638 0.06406503545727688
0 34 -0.08185209076755463 -0.08355773380265387 0.06290143450361584 0.005901694099589944 0.04668295728837653 0.05058746687041933 0.09256404296277282 -0.09699155767827992 -0.04830569504501487 0.047948486748794455
0 35 -0.09393375469544901 0.058355278361646445 -0.037862201016383684 -0.012438860087552099 0.07398066671123403 0.03114184632386294 0.04576020429326973 -0.019018526782342043 0.05956419027246773 -0.011821757452536136
0 36 0.08924927185518446 0.038925406198384874 0.05820099558235165 -0.05376393916927977 -0.03359006640783037 -0.027714701687779057 -0.02758673867706782 0.02509636092691151 -0.04609420887284813 0.03572974555552146
0 37 0.031241816633605247 0.003892116906435908 -0.09937677213922301 -0.05853673914481954 0.01902838931784731 0.07323163723995904 -0.012437002615031332 -0.007611749476651522 1.9991603374167407E-4 0.05157717090850709
0 38 -0.06644950062036514 -0.08881979435682297 -0.06918148696422577 -0.05618855357170105 -0.09602145105600357 0.02030717208981514 0.003866511629894376 0.051503486931324005 -0.03585850074887276 0.008862185291945934
0 39 0.08075166570495562 0.07834287572295272 -0.09794550323584716 0.030448655774549943 0.04159642306837996 -0.09475527142620492 0.06494404272442 0.028391759572614403 -0.002246662529370287 -0.0847890028412721
0 40 0.0117834681731612 -0.05099498252915856 -0.015832411806553908 -0.007593872742821596 0.009322385228680527 0.09919366586205133 -0.08985470102454453 -0.06601366473080196 0.021475910918537008 -0.04480712546840851
0 41 -0.09470389260760004 0.02740303070917721 -0.07281865981272226 0.0631405602761124 -0.035734831773937326 -0.07788682591010136 0.07768827532122037 0.02717295164820088 -0.018803854202852036 -0.006543099998044847 -0.08364038169383976
1 0 -0.009173584170639605
1 1 -0.0710738822817798
1 2 0.08032242208719334
1 3 0.009132498875260311
1 4 -0.03601299598813042
1 5 -0.06711801886558588
1 6 0.012507009319961156
1 7 -0.06405864655971437
1 8 -0.04141295701265314
1 9 -0.06029721349477728
