## ListNet
## Epochs = 1500
## No. of features = 41
1 2 3 4 5 6 7 8 9 10 11 12 13 14 15 16 17 18 19 20 21 22 23 24 25 26 27 28 29 30 31 32 33 34 35 36 37 38 39 40 41
0
0 0 0.09657869312720933
0 1 -0.03727562935412592
0 2 0.08495283307629935
0 3 0.007956567630792527
0 4 -0.006811494438558385
0 5 -0.08612699045800572
0 6 0.07299717704960948
0 7 0.09392810632002972
0 8 0.01883259259239472
0 9 0.09841841760939546
0 10 -0.02169877415468843
0 11 0.06814368864036847
0 12 -0.015234636245292312
0 13 0.052507643352576426
0 14 -0.01394251119454686
0 15 0.05885926242100739
0 16 -0.0015237068798438329
0 17 -0.007655972353938485
0 18 0.06949585149429538
0 19 0.002643983838876308
0 20 -0.06971003706415586
0 21 -0.04782015587655292
0 22 0.0934916156023716
0 23 -0.06384891004735004
0 24 0.03515671403379078
0 25 -0.027565249663614854
0 26 0.04620984327552001
0 27 -0.08517661651404354
0 28 -0.03126365466475742
0 29 0.07779845754856077
0 30 -0.06337192373002547
0 31 0.043846809032661235
0 32 -0.04700451539978796
0 33 -0.020396609585540102
0 34 0.0390615696993495
0 35 -0.0749923667582034
0 36 -0.044137224953856934
0 37 7.903874386419155E-4
0 38 -0.06187402975148462
0 39 0.050016276197698266
0 40 -0.08767031482015673
0 41 0.05444691330194473
