## RankNet
## Epochs = 100
## No. of features = 41
## No. of hidden layers = 1
## Layer 1: 10 neurons
1 2 3 4 5 6 7 8 9 10 11 12 13 14 15 16 17 18 19 20 21 22 23 24 25 26 27 28 29 30 31 32 33 34 35 36 37 38 39 40 41
1
10
0 0 0.15324666885403104 0.005989911623419921 -0.28600656324541 -0.2031801720824453 0.07866811339144546 -0.3530306904750503 -0.18744333721642636 -0.2050985201800743 0.1403451800264624 0.18372436088941477
0 1 0.08378455810530788 0.08478220945584615 -0.453694435785276 -0.18350815666421874 -0.048042792288475904 -0.3075061452801789 -0.2813739824185823 -0.2506978706283564 -0.020790713930926165 0.3737176411715729
0 2 0.4051005811590637 0.1689640668134645 -1.5419754892987518 -0.5802755000280156 -0.09281980357621014 -1.3606317961280026 -0.814898797654167 -0.5656992132374442 0.27395320039342863 1.2448211902117958
0 3 0.22779564574093664 0.13487600140161174 -0.515973910694795 -0.213761373412163 0.07798887370564925 -0.3687786835826639 -0.3975331931463603 -0.29775348286011505 0.10947309544988282 0.5040157960216426
0 4 -0.10525005108128159 0.06972740069607075 0.1299587971787372 9.451066539809767E-4 0.07257618327999707 0.2221131420293899 0.12978585400167003 0.06520699226314508 -0.09748489081397255 -0.28423703357880437
0 5 0.2677514099383926 0.06966644583541325 -0.6940507777355922 -0.17542974012342127 -0.04798831956381873 -0.4716909752391618 -0.3850547693165844 -0.3497519791740679 0.1504487587231128 0.4291936086265804
0 6 0.08499890428480059 -0.05390574292971708 -0.4419709899904363 -0.15080438152585968 0.008481379540520348 -0.333193693046394 -0.25074285574947414 -0.23739782002857968 0.0748108618790147 0.29587468704021547
0 7 -0.05007457860773146 -0.01641626717208923 0.16892142519559886 0.031258706467412474 -0.06028944090625583 0.05381353645257781 8.19038118539553E-4 0.05643853061289343 -0.004162546904160444 -0.13385275964164836
0 8 -0.06284616927301019 0.015722926651439376 -0.014437100245693713 0.024087857869975377 0.03956624819836798 -0.15640023447531445 -8.087649473169943E-4 -0.04268476270732196 -0.06749635014854803 0.055078410431440745
0 9 0.22552760406068853 0.0786872823505553 -0.6334483949975792 -0.12327215869655404 0.09315601104860807 -0.5813874047442177 -0.21604988643921505 -0.23833293364363248 0.09716078262443259 0.4422133856137475
0 10 0.15047536998134659 0.03483229921951096 -0.37857778527440966 -0.20850951066528786 0.05682789034411594 -0.447339738658111 -0.3091053095760249 -0.0958354312119402 0.092830852961468 0.36948691749560175
0 11 -0.07183119793367851 -0.028992630683376475 0.2967102752070756 0.06918291725136512 -0.06084095056905811 0.29105133664815697 0.10185620093634232 0.16711599795349233 0.024719447818820326 -0.29779760508738
0 12 0.1630959881389808 0.07451616195253037 -0.5411385602976891 -0.2221911021637482 0.04835625544624418 -0.5112020756264809 -0.28496870174464894 -0.16623103430524863 0.06540520539255404 0.4585897677727681
0 13 0.09817549303947092 -0.03946297485318068 -0.5840603391125732 -0.2589621121536463 0.05738534587154209 -0.4797460692002106 -0.23366387621989038 -0.1581616881650618 0.07227456453611489 0.41771528973961314
0 14 0.0886001692738296 0.04591874066554481 -0.5065453544217282 -0.14358782520283048 0.08236863898790181 -0.41947819466726877 -0.23833675558794595 -0.15041077685359264 0.04582663304483753 0.4158712076705332
0 15 0.06052442654869088 -0.09009566261439153 -0.013885073800596693 -0.03748700550793681 -0.07937161925440725 0.16571573707554124 0.13565266018013727 -0.05557971138899359 -0.06557581346367936 -0.11950493977202466
0 16 0.10192686138653465 -0.008096105272114422 -0.18144936917189594 -0.03239867365758158 -0.006010973985710362 -0.11518859000241634 -0.17276936202348397 -0.0923480504433287 0.10228324805445853 0.045613548321622316
0 17 8.927670933099476E-4 0.06525253777619307 -0.09561040538641345 -0.1261815913968239 0.03488296062355895 -0.17296639716561163 -0.08198806327239094 0.03667943124450162 0.07593828876771319 0.12969376476864766
0 18 0.19535776290562484 0.01878988577484253 -0.3413612301002589 -0.17261460931686465 -0.06562385625672035 -0.21896485756696077 -0.18432970623871694 -0.09632867468381844 0.08477784039266943 0.28815441553494864
0 19 0.027809492009366523 -0.07074825778764877 -0.29952160884849344 -0.07050059077385107 0.07026233164380674 -0.20282253208470685 -0.10482612873119977 -0.1842545403022469 -0.04085570346150401 0.17887866577806275
0 20 -1.647765171083118E-5 0.014884331224129937 -0.25524272978532064 -0.09795558294208763 0.08933426044982691 -0.3100950767321761 -0.16427511019599772 -0.04328877527881445 -0.00755048277249546 0.24691649807856667
0 21 0.11441567142001914 -0.012629260060214267 -0.059846663709265405 0.04105776398312497 0.031742601616422526 0.002793605870934316 0.04801870477297624 0.00195514150675159 -0.06107013698291479 0.12271323901305141
0 22 0.15619462255855807 0.001997267545646099 -0.4028553211010572 -0.03799936460847374 -0.09087780124597261 -0.22600997245240648 -0.22927457611043062 -0.22991280528019667 0.0265219409100082 0.2563246514248351
0 23 -0.06431879150770498 -0.03295335265157619 -0.016651536030138338 0.05407515886115066 -0.08031180391853192 -0.021042085858107965 0.01809417457963607 0.027665953436909543 -0.007876530559099076 -0.007857059604473162
0 24 0.14104888948520286 -0.031466469889354746 -0.18656030454982309 -0.08912701648619227 -0.01431117970547107 -0.11388043193016693 -0.07975407124649288 -0.08699195270529649 0.037005423860120575 0.099404272255722
0 25 -0.11217349247345373 0.03285469342129181 0.18969951880428426 0.15551010997705259 0.08999693299002788 0.16085818795387372 0.05389544875425868 0.14183532124308554 -0.013514773615190677 -0.2700636981931725
0 26 -0.0013601608612566253 -0.019122034228117674 -0.19679870335942312 -0.02978415101498592 -0.060969865792732565 -0.1830850649673748 -0.08925425780491432 -0.01686254243728901 0.09847403302592715 0.11646927662984877
0 27 0.14713807328028697 -0.005889215658505031 -0.2031753257212642 -0.12690236444747438 0.025286371835021505 -0.1612257269717324 -0.2039230725850001 -0.08718336069014895 -0.02869491981440091 0.07060823369666845
0 28 -0.059871380399527975 0.016484910978579723 0.08160109348534794 0.0018268082837670108 -0.0985266259195598 0.14850804431660033 0.13466245928134926 0.13610530564304726 -0.030747608552206724 -0.00973391889096118
0 29 -0.05356048018343063 0.037412152807619815 -0.053422588570780985 0.030991444543465946 0.09049277404211446 0.0016220788826200427 -0.01832280127571767 0.059466702125406994 0.01053160469093583 -0.01124484840954573
0 30 -0.06324945931400322 -0.007916008522583241 -0.07026418085113775 -0.023037395566538416 -0.08217549790281897 -0.007697545868526173 -0.03758144963732969 -0.018608261934743835 -0.07991565499975625 0.008222911059024878
0 31 0.12596452151062185 0.015602972437791369 -0.2612358661360921 -0.046290588229099316 -0.06811373076689016 -0.21939606566526854 -0.06936570120981146 -0.1076217387234512 -0.0592982997349296 0.2294140906496816
0 32 0.11084960462974075 -0.015158938077548286 -0.05091446699064619 -0.09929801806230479 -0.0913520452364888 -0.18487613213439377 -0.1417107343508464 -0.03964477522994077 0.008024327955186986 0.1469923744510005
0 33 0.03172468566329699 0.09349107702287517 -0.11253823316795297 -0.09945624841185033 -0.065514144851731 -0.08882666424198166 0.017787996826941332 -0.12300054385654467 -0.037673708019923265 -0.027268768026826883
0 34 0.07815922574160605 -0.0232128789866623 -0.008892816397573349 0.0283641776663375 -0.05253103121273508 0.015661427257336987 0.03787489987955944 0.050833005159992194 0.058486158643116126 0.07917221519644897
0 35 -0.07104251115195881 0.027231676773881972 -0.02288853758507851 -0.07630402101443656 0.01618777429091285 0.01110469170496615 0.06365831169141263 -0.012825730218971182 -0.06438422837708703 -0.04457320170494953
0 36 -0.03492146816788218 -0.10802979827813944 0.0320593338971535 0.09520232192759663 0.09846678251825432 0.03560061334874785 -0.04691212264310323 0.0560597428840049 -0.019081672420755386 -0.2209402005541224
0 37 -0.09590946206068139 0.0075175461726937 0.05674113804620882 -0.012864778258857118 0.053251276681276834 0.09882727944955463 -0.07405334014153883 0.04578502226958059 5.620814264289705E-4 -0.13151591531922716
0 38 0.09483838285734082 0.07527693566968091 -0.030067571490238986 -0.037514374585032546 -0.0780033321793028 0.06128018238866659 -0.004987970432777936 -0.04300479997844237 -0.09554308218056422 0.05152858568648552
0 39 0.05279117123522929 -0.07821747974585005 -0.08319164680939045 0.03997312056600556 -0.07409893830012892 0.08825906039944624 0.04603644197576458 0.043795020131467154 -0.04491606763998534 0.05902289235054442
0 40 -0.0637047735776114 0.005195288953596032 0.002996235320548516 -0.013312984224996998 0.10015372379894105 0.012986673322112903 -0.008194856844686798 0.06328476084917128 0.013855443089724565 -0.15071983165706035
0 41 -0.09965264594458435 0.05066014697478601 -0.07229519277072323 0.11702198531172119 -0.07277715235275722 0.08859279650131946 0.06186653268921783 -0.053807595467489755 -0.007562643526370403 -0.262888955029608 -0.2978680438443372
1 0 0.6633626603174513
1 1 0.12274704786143656
1 2 -2.1358622025766283
1 3 -0.9711001832063662
1 4 -0.09211015114463963
1 5 -1.9928105103049112
1 6 -1.3236035947239715
1 7 -1.0571353893672268
1 8 0.3067999218641019
1 9 1.8766855618909477
