## LambdaRank
## Epochs = 100
## No. of features = 41
## No. of hidden layers = 1
## Layer 1: 10 neurons
1 2 3 4 5 6 7 8 9 10 11 12 13 14 15 16 17 18 19 20 21 22 23 24 25 26 27 28 29 30 31 32 33 34 35 36 37 38 39 40 41
1
10
0 0 0.0053980366906238265 -0.05582588425847279 -0.0808696707689063 -0.0336730320754036 0.0356715680152402 -0.036619810203364946 -0.02032242180983143 -0.00646693195140739 -0.08535969875974729 0.0787084146470122
0 1 0.018057032996318622 0.04827436577970453 0.0033568616887531162 0.01374377723451262 0.09630780059784219 0.03760427513999964 0.041143457813502614 0.05656712172974327 -0.05464404064773769 -0.061504900402034754
0 2 0.0752148359436506 0.001794265361823469 0.06664323704796245 0.024708763336531443 -0.08020723335075995 0.05023124674286625 0.005896709211342361 -0.048522351219959424 0.04382786171142538 -0.06447893586075373
0 3 -0.004153486609226823 0.033874214401723966 0.03526966328443238 -0.06023142527410279 0.08122426470703788 0.03592659728257617 0.03142942709585745 0.017861737434550534 0.08424845717465697 0.03132278072776854
0 4 0.090624606065164 0.08164747383689687 0.003553284218276881 0.018153335364871032 0.05659411688778727 -0.004893529813595569 -0.08988491210835753 0.08999968042371488 -0.003368681171568585 -0.03515920381046131
0 5 0.06331140868505106 0.07984791116164498 -0.06788744162825869 0.007504733887671176 -0.06615685067215846 0.051766042815047576 -0.042965253588876325 0.04670954626023953 0.03213669973811658 0.04449618562622821
0 6 -0.01640320503697656 -0.02618547700830945 -0.03372024081636618 0.039741917650382756 -0.06474955732482496 0.04023840517573799 0.005429068234470793 0.03606651142900685 0.05651618635429225 0.0768081724020012
0 7 -0.08444802332736119 0.060216391101813094 -0.09729082496445086 -0.07857379688634389 -0.06125706256225173 0.032073962819445384 -0.002727799637712223 -0.07565240489478053 0.009997410089727475 -0.03933226614882162
0 8 -0.006323866481138521 0.06944127340223208 -0.05407654849894467 0.033487734783324896 0.08616395398578393 -0.012695166029900881 -0.03867061734720564 -0.08697636767273112 -0.05676277743998938 0.01320558594829486
0 9 0.0758570422753945 0.09118634934202666 0.07625523734950573 -0.03971626044243668 -0.09444166081126547 -0.07640161071302339 -3.5826839509971636E-4 -0.06525152508783687 0.05731908564280909 0.05623926892098077
0 10 0.07382081366532721 0.015526215395491655 0.08379318671742914 -0.08860142383026104 0.04645933314636236 -0.03543053432558962 0.09152920511401914 -0.04871005606230159 -0.08693901253356419 -0.09050113449584526
0 11 -0.08425870844416398 0.06295130815579987 0.006596394202925299 -0.053385608436595955 -0.09980011730158818 -0.06202766832085946 0.03360762843871984 0.017433032320856672 -0.0974353116217529 0.0340406349991741
0 12 -0.007672637895298502 0.06509095440059776 -0.07227744380353894 -0.03957789065235491 -0.061531968502535096 -0.03174000372979751 0.07302428885584686 -0.07303983201421216 -0.022000103670752013 -0.046571001777346493
0 13 -0.05944603366761675 -0.005191075585632454 -0.04695726679960389 0.02669971143171045 -0.03361690003515961 0.04835014818317368 -0.059902300043933945 -0.041527782188023124 -0.09025371124147308 -0.021191084767672945
0 14 -0.02790844341152943 -0.014806464168113738 0.043895240430129684 -0.06630833396757348 -0.018789099481335673 -0.0694095010814717 0.0404052313330087 -0.009222073058446956 -0.0930345009118687 -0.06519365337746713
0 15 0.0122540894689977 0.08133724816489347 -0.08351840887613314 -0.05265274019214812 -0.09156938648506212 -0.06768011781357564 0.0067833339228221675 0.04824148819313051 -0.017944847628762972 -0.05538848337075836
0 16 0.029104527199282283 0.05717527429492037 -0.031156496238649887 0.04700545978814866 -0.07550559312482626 0.028977324306314386 0.09397501492114978 0.03353051026463101 0.06517570189172597 0.06054897760484091
0 17 0.007235561101817686 -0.0917417850082773 0.04587751587152353 0.08273898654213752 -0.020359299221693328 0.052849508101477434 0.022032526719973727 0.07147042230565914 -0.02840017514013201 -0.05814779105311021
0 18 0.019697897107431056 -0.0427065774346862 0.09526184461239515 0.097172962376157 0.06786029268055305 0.07494842797803693 0.062057260898413624 0.041011111516295794 -0.027015324209341197 -0.0878266653451822
0 19 0.001444461541784168 -0.07252260141528459 0.017327659382061125 0.08602789035160718 -0.09612591665941804 0.0922383905858051 -0.05922911960192117 -0.03396765276027015 0.08029669321629339 0.06343535211222796
0 20 0.05671434022879101 0.013958312299419701 -0.03699938234432625 -0.020297242150951213 -0.0015851089575257273 -0.09594102241720631 -0.07544884670496814 0.005561246929077867 -0.09970555027057332 -0.09562202720685588
0 21 0.08945732768318389 -0.07987548937464631 0.08054252043733626 -0.008569985569592778 0.007231594357186608 0.049052568963434455 0.055844323924863985 0.024010881201127425 -0.021847350890117308 -0.09964675823121345
0 22 -0.018845325008829135 -0.05714168296775591 0.012342003833265445 0.049026797009328944 0.06921955874006853 -0.09948166650273768 -0.009563465077959389 0.022277174397655863 -0.08626456545129964 0.036356402402322886
0 23 0.03503224766642641 -0.07094254843236011 -0.06430969825259664 -0.08240725612266783 0.02753536949857298 0.033949673449875505 0.06588674395355847 -0.0400650079702398 0.05198475615635942 0.010237307951966637
0 24 -0.09271546111825668 0.09586302805660193 0.02256057852840097 -0.02101927888886731 -0.09044418779737051 -0.04445923283899964 -0.09248451852016167 -0.05677702379632441 -0.09297979543708382 0.05137044806878414
0 25 -0.08729761547019768 0.07530070046550394 -0.0011135209621128755 -0.05643621717448632 -0.06625095475878576 -0.06465957582039743 0.08423382819493563 0.054243899535127656 0.01658263316349814 -0.024378787992632923
0 26 0.04384662517106209 -0.02384649938143895 0.01649040012134614 0.004458224010789485 0.06436005784461818 0.034114931408851266 -0.016730838535211793 -0.0983490943122966 0.013365014956964317 0.02873743004567163
0 27 -0.049857215934925245 -0.09214661009325002 0.09054563021612066 -0.0074456113632261145 -0.013456309824407004 -0.00830435116967558 -0.09506436110944022 0.02957797145531644 0.03444833874723113 -0.058571534406968426
0 28 0.04166683346790909 -0.06025068392898624 0.058441418667679164 0.019758868415275445 -0.064083309042719 -0.08346904888197092 -0.05086936796742221 -0.05802812797204344 -0.01664610259795567 -0.010780693360972739
0 29 0.028072212846184552 -0.07061871389005953 0.06330993745340587 0.015248469157141653 0.029812440042093925 -0.06214704178234435 0.007301825922534156 0.08494777293261124 -0.0942510502494384 0.022445954644452766
0 30 -0.04851588528167087 0.08050506835123665 -0.03265858119553433 -0.08287863689582194 0.037690363003842764 -0.027781418515804436 -0.07841551110720872 0.07564436768642133 0.07070788597020641 -0.04210331898016253
0 31 0.04394947322471256 0.0070234303192670605 0.07682033088934531 0.02065400796231617 -0.03765611952152037 0.07703404503189416 -0.05458029440209723 -0.07130862608659833 0.08426457763825457 -0.05120598039078394
0 32 -0.05918404894654687 0.08172855848699637 -0.03374151855305673 -0.09927945599517446 0.0728707291335149 0.030350694697703552 0.06688030525156971 -0.05941262372709291 -0.06835087134531108 0.07171512943779329
0 33 0.088923162391807 0.07787478854342858 -0.037298484189924534 0.004560568497730228 0.049187665411751055 0.009330328569491914 0.06899022547190022 -0.030110494027254735 0.0321419874291098 -0.024975958635059615
0 34 0.04834616013513351 0.08687474719468144 0.06199217740652415 0.09638249988640735 -0.09639250042103255 0.01272337839479562 0.08086122814623171 0.06293618382909616 -0.08211523901417797 -0.040906000222183325
0 35 0.00990769150636689 -0.004099430331232469 0.030898764576492085 -0.009408988509476881 -0.0228062988021645 -0.04341858670213378 0.09311627976197931 -0.07365796145270699 0.07778844151462529 0.003952237039636681
0 36 -0.02777186508746717 0.06077138863390987 -0.07944530574400092 0.05174409489449647 -0.08713136830633685 0.027113613191939757 0.08932562150523189 -0.01038571795441916 -0.06911534373503121 -0.0986042520257532
0 37 -0.08033292507530328 -0.004248395778974304 0.0660930514984419 0.047625232198829165 0.09601769426437382 3.364157499925724E-4 -0.0636583789443305 -0.09403009356230503 0.07415085719540697 0.07883992702337596
0 38 -0.04726004741803684 -0.08301642235515166 0.006836543626836803 0.09350240316403334 0.004436990141829101 -0.06062313407446472 0.04521439943303924 0.06889131258649332 -0.04679494091965345 -0.048732832573862316
0 39 0.0667237769467565 0.008634204360781089 0.07655611260904258 -0.0720420885301518 -0.029370660585410394 -0.024455422938890713 0.03837641700598252 -0.03550212352361519 0.05644997197182941 0.07367138334441656
0 40 -0.06264110385135634 0.09097517844769604 -0.03665975248856453 0.014896309478771018 -0.041471928194149854 -0.05848313415632429 0.0782832937771281 0.054503363188541175 -0.07662455551008346 -0.09055191655268637
0 41 -0.09822290219210981 0.09868301440954638 0.014121847208702049 0.025434024239700478 0.04066145380084766 0.041596816413069886 0.05115247745187828 0.059668419135709784 0.08025032776623264 -0.045506861067917403 -0.07723067700863062
1 0 -0.02534719184040999
1 1 -0.05327185988426206
1 2 0.00756488461047408
1 3 0.07192599773406941
1 4 -0.03248980641365089
1 5 0.013744151219725631
1 6 -0.051905713975428945
1 7 0.051770191639662046
1 8 -0.08971399068832454
1 9 -0.04475948214530963
