## RankNet
## Epochs = 100
## No. of features = 41
## No. of hidden layers = 1
## Layer 1: 10 neurons
1 2 3 4 5 6 7 8 9 10 11 12 13 14 15 16 17 18 19 20 21 22 23 24 25 26 27 28 29 30 31 32 33 34 35 36 37 38 39 40 41
1
10
0 0 0.13588023422711726 0.0863705714014232 -0.17098049343495406 -0.26711606678868405 -0.18415263867859424 0.11717894730232468 -0.23075757082160728 0.08068706421388666 -0.350082667066614 0.05354568342348985
0 1 0.05223444782553744 0.19101447728801435 -0.41976157902828953 -0.27357922506162674 -0.2180637868250901 0.0581505980568226 -0.340838805690341 0.09504432230664396 -0.44266753846136575 0.20190707714326375
0 2 0.3054072578168836 0.4362771686513553 -1.2366613935630286 -1.1889883241116932 -0.5543529880422129 0.0762288935097697 -1.0657694183233717 0.40092221517277216 -1.3308036984619431 0.42284280269719904
0 3 0.13556468215793238 0.2065839065088913 -0.4768241379738831 -0.38646052726578833 -0.2055279232809126 -0.00650579301344828 -0.45109028163262893 0.1881750792515174 -0.5321863600007416 0.11005326500700943
0 4 -0.01625627200403036 -0.08440757744075007 0.21738325013102155 0.09918791396498948 0.03784004235763232 0.03127220177324902 0.2272878086193149 -0.021252566545571373 0.29824987405130304 -0.13199982089605033
0 5 0.21052078810554958 0.08475123968795202 -0.3542562249591968 -0.4285732818346721 -0.21045915951775893 0.10652559106356702 -0.3742347117885578 0.2305166147795961 -0.4183053100512165 0.06618440450982531
0 6 0.14555017789010533 0.12221054023002254 -0.3606098243694048 -0.3267700904715553 -0.05178136018897499 -0.04109149365094713 -0.26962621481417154 0.14889971529135038 -0.3161027360776015 0.11809746200091226
0 7 0.012165375823334419 -0.13083194575265986 0.1553468245208836 0.11694916109234565 0.05015746282746158 -0.0916870274867836 0.15193656701544475 -0.06940919208780286 0.003266731097702396 0.04420436941908886
0 8 0.014980804668909347 0.01195548573263503 -0.16127242040651782 -0.11751320603005982 -0.13005115461254538 0.02741674848018491 -0.020208115759575034 0.08055014122479276 -0.17426686190126853 0.03822706921002344
0 9 0.1755222869458423 0.08523300946358066 -0.36933112290057885 -0.47715975057033877 -0.12730816133555753 -0.01031935040958123 -0.39116842673879937 0.2339698186756966 -0.45264402917737334 0.054298252698416406
0 10 0.12984889060067442 0.09919076208020128 -0.37606532817910965 -0.4075345993776008 -0.14326727308547635 0.07290489538758345 -0.24597079974154443 0.15457248297880188 -0.32093123973688786 0.021895252190916394
0 11 -0.14672983149393273 -0.013481603011989522 0.27759164686312965 0.2722635693522538 0.12200228429132323 -0.026394919275270417 0.2566321268360659 -0.11788497952718952 0.14041872935815974 -0.12844375992411017
0 12 0.18512967940612943 0.043005509527075984 -0.36682035858559175 -0.4360859499686248 -0.22587221254457854 0.03398511445832825 -0.3795578600408898 0.1796940325898633 -0.48994534291153347 0.20518075118308
0 13 0.11223565771316571 0.09781284708907469 -0.4601475882077713 -0.5480493246863221 -0.24747532565445554 0.04156632923999764 -0.4791377384709839 0.14569024780517006 -0.5940826660980549 0.053722218325602374
0 14 0.14018219195331572 0.07708902306641334 -0.36451041389980715 -0.2574484941520462 -0.03137769825383419 0.11719765970056148 -0.22582714391324862 0.03934949451594518 -0.4016418691904344 0.11952234531251647
0 15 -0.06412029194564993 -0.11689875230808318 0.10217224659968416 0.003876146661348474 0.08083315158077387 0.06783016057867615 0.03269795977851866 -0.04522287925126501 0.058101584696065564 0.07301545358701296
0 16 -0.050622185731461086 0.040815903552009335 -0.09195191255895238 -0.21182312499304629 0.028449097988207796 0.059149107830404134 -0.2088916007826778 0.001763705690569783 -0.20694227147736946 0.026953194490907467
0 17 0.07891828936284884 -0.03425119863829671 -0.18258867185215064 -0.08625329680056527 -0.07887661285531263 0.05997618406593125 -0.05610439511562347 0.013984176870638059 -0.1899906072968559 0.11663393231122995
0 18 0.11517359107067442 0.16546594637379236 -0.35748418782411884 -0.34795180663228314 -0.09221541651938088 0.033787365092627045 -0.2804372645216657 0.12998207303611936 -0.2337840378609156 0.06996810683711495
0 19 0.07498546923086892 0.0626961526654331 -0.2303458038065356 -0.2161464716016801 -0.04711871552644901 0.02220889620428934 -0.28548158924341394 0.1455440846998523 -0.2455736169084051 0.15004552785429665
0 20 0.029116408456244768 0.11098760897413155 -0.21062665757897583 -0.2390277977078623 -0.0822833890010298 0.06645906413538578 -0.3022971586107738 0.1282240349817816 -0.31675688774199817 0.05990169458387349
0 21 0.0407914061572132 3.778478607780217E-4 -0.05156779261749103 -0.08838155252935118 -0.09235836822935778 0.07816680465406227 -0.049755629128626695 -0.050482816943115044 -0.012344704362036383 0.07170205758850565
0 22 0.03389417506315909 0.12802959961819566 -0.3524618755368235 -0.2578747875416675 -0.1097978678137858 0.026087898927240148 -0.24749479378139594 0.0712114435437574 -0.3568253232271685 0.026614692756188316
0 23 0.032340915134153624 -0.09969320241389241 0.05892248165924847 -0.0314063743500659 0.04089538057915846 -0.09601935956446864 0.06848114728683642 -0.06018073935943141 0.051726342745227596 -0.09635369856214109
0 24 0.0073309931853789145 -0.017920177192546485 -0.21610117674870688 -0.11963959350086437 -0.11544269887902153 0.07214541696353909 -0.17029604361360523 0.060963320043377296 -0.07585191531078089 -6.441959993165464E-4
0 25 -0.09038674923977343 0.017526138286102777 0.07885548358218936 0.15671811216929302 0.045756105777152715 0.06624568576803459 0.09000891422698983 -0.10805230391786604 0.16969561903527036 -0.1630220880203618
0 26 -0.028807086779225173 -0.013647948512093035 -0.2298329158215534 -0.18889729478658412 0.03829149305220378 0.09296373345935767 -0.06374771672960894 0.10618634317459354 -0.21856556747667572 0.030757455387912462
0 27 0.06986786384625676 0.08423682967702373 -0.16240144571599444 -0.10194396968646117 -0.13959092218712707 -0.0410850098099392 -0.19305204779632493 0.07213054338833871 -0.11825554638118517 0.09521084232805117
0 28 -0.05504733309175406 0.06483559999759643 0.004141410804913086 0.06321403486129447 0.007739245285633722 -0.09988866870872992 0.02103641087612529 -0.088128176355918 0.014104727004343646 -0.029523509160024008
0 29 0.04740979411674726 -0.016959190361916714 -0.1192013931341296 -0.04826433398525656 -0.025196620299454544 -0.0715655034193276 -0.013869605185673681 0.02204500656867295 -0.11517124706424084 -0.012582859890264477
0 30 0.07173021265851127 7.547081201847993E-4 -0.009787129601776882 -0.07206745205113321 -0.04106350106428772 -0.08403281123671595 0.022568901095138025 0.0036590595901156873 -0.12436663467484751 -0.06664530411177742
0 31 -0.05660872183851165 -0.05024209218667967 -0.11428919490668735 -0.15356152442995477 -0.12873810776138683 0.03314092691108218 -0.11152081041131295 0.039757797183835236 -0.17854400823763375 -0.018353810630663898
0 32 -0.011330462450098559 0.08700347627272062 -0.0890158041922158 0.0034224298678392382 0.01846188678617866 0.03137279654280764 -0.1183191000835965 -0.06264739232505925 -0.18813146814136256 0.03189114652390464
0 33 -0.05121551609724635 -0.08180921438698473 -0.0011597600149459318 -0.0919955037729885 0.055502702065823 0.053706808811972054 -0.013775325893852908 -0.053501488012394925 -0.14582884907552965 0.04004625665123839
0 34 -0.02613116448867764 -0.03322047909267232 0.06849900137151306 0.015663630297817217 0.03800626392541581 -0.04110698244641858 -0.07409022942486003 -0.061793201592663244 -0.011919381387461849 -0.10045731612985496
0 35 -0.004301218202938018 0.08199753027031059 0.024654404309336124 0.10133063426651626 -0.07770385750801294 0.04434923461519196 0.014164835052589073 0.04108142413340907 0.11993627863794172 -0.10702025251370684
0 36 -0.09742144519136768 -0.008007744162157174 -0.10237810248900955 -0.10694656300836446 -0.0987749025103688 -0.05920962777502054 -0.09628609917575161 -0.04939169218505898 -0.1256290576871023 0.06293418354560397
0 37 0.07044656654282026 -0.08245743289386728 0.03412027822592275 0.11215412077593533 0.0619250561618567 0.07599062680839354 -0.013118543999089759 0.0025123742520723326 0.08487312607554008 0.07184369729126863
0 38 -0.0881248190999031 -0.0027050196658819914 0.07784419506788254 0.06166014075279236 0.027642840519547462 -0.023744141682982445 -0.0750565454363823 -0.06642843782901764 0.034060992300510406 -0.00733533501625061
0 39 0.057825303862218194 -0.09361026122430181 -0.05151366492420403 -0.07313303004146729 -0.004777225997522454 -0.0589625667265913 0.02879375862820651 -0.023903301916713575 0.06781273781502743 -0.015575726153454312
0 40 0.07632370250946405 -0.010072711521819884 0.01873549258551423 0.037044199422017386 0.020939231918204206 0.04516695415660656 0.07053731050391034 -0.06283541645568758 -0.028050197767721243 0.08008393186655569
0 41 -0.0754450637441655 0.05244125176967803 -0.006323856850286294 -0.019571511637686684 -0.036724487811973204 0.04667573425178919 -0.022117443393932595 -0.05973258369100654 -0.08280123888682442 -0.07162076417563111 -0.28706363811744057
1 0 0.5098726993548565
1 1 0.5438859131905699
1 2 -1.7928303779696735
1 3 -1.725388699244651
1 4 -0.8523444231136774
1 5 0.12283226688660652
1 6 -1.6423905786496513
1 7 0.6579574116645338
1 8 -1.8430711435227418
1 9 0.5331616036935172
