## RankNet
## Epochs = 100
## No. of features = 41
## No. of hidden layers = 1
## Layer 1: 10 neurons
1 2 3 4 5 6 7 8 9 10 11 12 13 14 15 16 17 18 19 20 21 22 23 24 25 26 27 28 29 30 31 32 33 34 35 36 37 38 39 40 41
1
10
0 0 0.08634304636047938 -0.1272214139149383 0.017883521418176503 -0.29928310677447295 0.006009263053178974 -0.03193445616986132 0.17148735171888616 0.15715637608691088 -0.13906262029647676 0.015926620813577215
0 1 0.14788504740207278 -0.1938192502138335 -0.10349933321951982 -0.2223610381955756 -0.03751837279675964 -0.17251977172056002 0.21799497228548825 0.3052008724908833 -0.07680423235410638 0.005613826689504847
0 2 0.5375494550392669 -0.650547371438035 -0.009286253900451465 -1.1236800623393224 -0.2834108119275483 -0.44766036750698907 0.7132480320228628 1.1067707320555615 -0.21666296949581934 -0.0056270670854677496
0 3 0.27332429896239996 -0.2197409697582712 0.010902495442588554 -0.37203484682900995 -0.08073457647882377 -0.10870659044732962 0.21857645592087352 0.33209432872511196 -0.11061692571430365 -0.02995888131029002
0 4 -0.11363963525954814 0.15238298460307767 0.09242882210146576 0.22466047936094963 -0.004561654534715328 0.14613075259811842 -0.06563814172972192 -0.31424306723491297 0.0855388220097904 -0.02854986504383589
0 5 0.24501649836738862 -0.10880446979844242 0.08776510972927347 -0.38344400513233806 0.009595200553196443 -0.16457735437137327 0.3070220556946387 0.4022063873199251 -0.02168886825961312 0.03471636892332076
0 6 0.17164264392527767 -0.12901448863017598 0.020945008538928805 -0.27618606098416665 -0.022158860675675407 -0.15395057178837332 0.2472382682014946 0.3057488520205556 -0.1414909519283945 -0.03473930175353002
0 7 -0.0698707647125006 -0.02472268813597517 0.022581230406604445 0.16538468920725266 -0.045306910269470826 -0.05254524713996491 -0.10666001706323072 -0.25536484598403036 -0.06888729212505257 0.04272426888811202
0 8 0.15821073693918744 -0.1501360819095669 0.00679053178525132 -0.09226003731709266 -0.08698860463914261 -0.06110142376432462 0.14890573297496076 0.2206016963757823 -0.045919188162695926 -0.07423311806473873
0 9 0.28889363362063797 -0.1586900042528154 0.023204242525975634 -0.39221129196373167 -0.12293668142824338 -0.17567344590436804 0.3572321983994836 0.41445977111656707 -0.07282479940285409 0.06460715546446841
0 10 0.25611082611669417 -0.1482740929170591 0.0878034850675972 -0.4400472431737438 -0.002303903497661703 -0.21256336176640295 0.1420025406077389 0.344306439524438 -0.1160790602696715 -0.059395401006486555
0 11 -0.059071607743304916 0.07222300792645922 -0.007866958043442538 0.13924042177789844 -0.06392048714158496 0.11104938748634191 -0.09929348172034476 -0.3027334735794173 -0.0012558929896094926 -0.039070313206775266
0 12 0.1499458173469622 -0.08822167362698387 -0.03081997989270476 -0.399720568413699 -0.12192392325729577 -0.02575269903220123 0.3153105001858252 0.4454137576603996 -0.11516589027070862 -0.05071506045393431
0 13 0.1863552854956973 -0.14497263418126366 0.01729820719706546 -0.4734845839452819 -0.12810655365897952 -0.1919995846701528 0.18308427515037973 0.37375613215505044 -0.09232074715933436 -0.03414158573395355
0 14 0.22911271505093475 -0.15317720421215997 0.03552481625390597 -0.23863950741913043 -0.08009607613624506 -0.19054889751250767 0.19401438435649274 0.3830787921214839 0.009746709294063963 -0.0751022637153022
0 15 0.01887018566146033 0.12176570461579696 -0.087873548306325 0.03899864972058005 0.10260208098698949 0.0910740855856311 -0.08310167768610639 -0.12367964570149552 -0.047501265148159555 -0.03462538973899579
0 16 0.04673394748836515 -0.12463845552842633 0.027051701318235172 -0.03421356716013213 -0.06848748039100713 0.04827133716069097 0.1743757178425496 0.1254932090500069 -0.03559605158168758 -0.054349580326452845
0 17 -0.009651772570389008 -0.15155254781673078 -0.08036705179915388 -0.08221343875283597 0.0015286868619540186 -0.12975080053512733 0.126369510860701 0.012577635899591105 -0.08435572382057406 -0.05705930248786126
0 18 0.18351136037186272 -0.20307979620404085 0.04250022322750465 -0.166418102620589 0.03361950319822736 -0.13274760808495306 0.10424839790419656 0.34787302639372514 -0.10803180922294478 -0.03888786384310443
0 19 0.11955009712350066 -0.13505878882227013 -0.03485346084010972 -0.23339328250425206 0.026722617116345278 -0.08537288023065213 0.20043973873722568 0.19342985352148498 -0.0760797289972007 -0.09316016536756606
0 20 0.0597183309145299 0.007259872300268946 -0.014862739681916632 -0.18379787480750595 0.03485630808137308 -0.06541414999815735 0.186658316386241 0.13212484975607572 -0.1268221244726919 0.08546568718860788
0 21 -0.05141444210537527 -0.11533871243042437 -0.0898335809282131 -0.03215360407365887 -0.05427998256558598 -0.04414638228117292 -0.0068245006647282575 0.025320086896267843 0.039122685703157835 -0.027689238388188812
0 22 0.20419632554344178 -0.06038300483624319 0.0748590615364327 -0.32992124032533565 -0.027953819690525482 -0.11851521006797731 0.22877053054539223 0.19434257937792318 -0.023565118652649517 0.02062231441846998
0 23 -0.04355933956743956 0.03460413246395735 -0.03656331682931653 -0.033647323416322185 0.02341201447342252 0.057211022402095524 -0.028687188658504108 -0.08873902755255514 -0.06556946885742156 -0.03901570924839527
0 24 0.039292506037854114 -0.09672634542866004 -0.00341769717692034 -0.16856722272451058 0.04112695117868333 -0.09473276550116289 -0.02850198353680672 0.15513083125901098 -0.07943221362682266 -0.06886073295571642
0 25 -0.22590113649391705 -0.001389413952954014 -0.010268214478179388 0.10474603290671938 0.009922687566657113 0.013010459096860202 -0.1691509160317111 -0.34962789435968794 0.13445342246711756 -0.08343895645249305
0 26 0.15562160648456727 -0.03391281994957283 0.06942462073276479 -0.1818832045151902 -0.036761190259273935 -0.10058756775075477 0.14034050792590405 0.11716838027923311 0.04531312260283822 0.06096579779724923
0 27 0.13258230614328895 0.023809560814785496 0.05740465324418816 -0.06315197249054624 -0.1089674967916607 -0.026711260584427743 0.08652456644983242 0.191417501283877 -0.07901066030313798 0.03543798982519918
0 28 -0.07433478276441048 -0.010432130786707891 -0.003730488458838728 0.13177523744892217 0.012486001025620792 0.08147937394683226 -0.06600158752554953 -0.1370028716554562 0.011828851060646418 0.05622170615304235
0 29 0.02018291024161047 0.011545032017198751 0.06633656481502774 0.016957718427324922 0.07870521892316328 0.056685278687045225 0.03410008276641178 0.0487882357602666 0.037538414465289445 0.08230982549901025
0 30 -0.037150675784013584 -0.12419966351577173 0.04798138755685116 -0.13948793317182495 0.022819166485785795 0.04790796560758516 -0.04052180861022794 0.06992419107500521 0.041448351921125295 -0.07946395878452342
0 31 0.1362227450129663 -0.10307270199593567 0.05762801503885801 -0.19567011382616212 0.025181736318182015 -0.11187834018311328 0.15401210074263982 0.15213328702214476 0.06554463311868476 -0.025062505437888464
0 32 0.01701849939608935 0.020822012058537044 -0.023076971467820125 -0.18450779268041548 0.0027500783218664783 -0.1260904183019016 0.09875644004296186 0.09460983325624533 -0.03650016220624063 0.017350714791023156
0 33 -0.06675024015151314 -0.009369795511334744 0.06832390344406887 -0.09748848712481409 0.05249467583638839 -0.018763533660390075 0.008660017168331544 0.05422087797238451 -0.08212202081791933 -0.08922134794724969
0 34 -0.0451148085777689 -0.05001215365299026 0.08958437161958815 0.06544315275362611 -0.07389589790292263 -0.0130530469947168 0.018250680326956502 -0.036628550810364424 0.016474571264353328 -0.09978895246324114
0 35 -0.09000246283681762 -0.04370438676717715 -0.09413229551984308 0.11619554444322294 0.05585461896408555 -0.04582922687870147 0.009681596326021127 -0.09649576646140469 -0.05963145618153494 -0.021002199654557793
0 36 -0.07363525033006947 0.09850054848848631 0.0383194254946485 0.006672630026494769 -0.027794301487327425 -0.013237588340504222 -0.0647650462740669 -0.21908248197519345 0.0656188910928872 0.09564785712259355
0 37 -0.06952578990486831 0.12282691960664495 -0.027723474229171242 -0.03052081854248411 0.043820344902261915 0.05120217300367989 -0.013665745067897726 -0.1663758922695749 -0.01646454287019861 -0.06263333948537897
0 38 -0.06993552056515441 -0.09596340642203921 -0.07476450684140461 -0.05182872106330063 0.07603793555917784 -0.01635948166460025 0.08730248469062453 0.04915467388281212 -0.05583515540285199 -0.05401842470182012
0 39 -0.012274602489689472 0.027740279459171076 0.022988443587090943 -0.08951319269049816 -0.07211385567842556 0.08091096465144572 0.04687764443020328 0.04044838378531934 -0.09478606422718833 0.051789640935382894
0 40 -0.11982055382341165 0.03801968101287225 0.08707927363538842 0.05072407482758988 -0.024575544039935903 0.006772621890397426 -0.04737544598723725 -0.12122947090773999 -0.03162973851595195 -0.02062999913525247
0 41 0.004254336037946165 0.03606741088377868 -0.056267870849758914 0.004476292964680621 0.10764956499367162 -0.014026865735842284 -0.050891219858006195 -0.14803032488435092 0.025688778126426778 0.08723108896098915 -0.29911186070446383
1 0 0.8831880375687815
1 1 -0.9591399148626302
1 2 -0.046080086866669256
1 3 -1.6925864533254442
1 4 -0.419599284394649
1 5 -0.7906571024177823
1 6 1.0781630256820856
1 7 1.7299962128929394
1 8 -0.4894368687473609
1 9 -0.14648594748331814
