## ListNet
## Epochs = 1500
## No. of features = 41
1 2 3 4 5 6 7 8 9 10 11 12 13 14 15 16 17 18 19 20 21 22 23 24 25 26 27 28 29 30 31 32 33 34 35 36 37 38 39 40 41
0
0 0 0.07574252288835796
0 1 -0.06609157110381214
0 2 -0.07480967816471829
0 3 0.035006071234353155
0 4 9.585510766119842E-4
0 5 0.06609549574276888
0 6 0.03431176913032967
0 7 0.06515239169167707
0 8 -0.02859350664746889
0 9 -0.08443247100285582
0 10 -0.016065204242834422
0 11 0.012613028029598758
0 12 0.04660931534248086
0 13 -0.07197446950630533
0 14 0.08518227952045586
0 15 -0.051757288515211136
0 16 0.09903812071417367
0 17 -0.023450043362847648
0 18 -0.0773405828361593
0 19 -0.07853526539779684
0 20 -0.06064256887676005
0 21 0.05994346215892037
0 22 -0.06745629932196369
0 23 0.06950904984918362
0 24 0.0701247501861708
0 25 0.003321878616218614
0 26 0.0464357676559949
0 27 0.031127839229314825
0 28 -0.07371228057629427
0 29 -0.06859700688935629
0 30 0.01797784198444752
0 31 -0.018481896775565654
0 32 -0.06981095716251043
0 33 -0.04470083998833798
0 34 -0.06131813679402003
0 35 0.09416863661004489
0 36 0.021000074602877804
0 37 0.09178573337228751
0 38 0.056204431489322776
0 39 0.024555705234047237
0 40 0.021875583305789002
0 41 -0.005848103668540716
