## ListNet
## Epochs = 1500
## No. of features = 41
1 2 3 4 5 6 7 8 9 10 11 12 13 14 15 16 17 18 19 20 21 22 23 24 25 26 27 28 29 30 31 32 33 34 35 36 37 38 39 40 41
0
0 0 -0.09296383842369765
0 1 0.019414476800739648
0 2 -0.03871178695955146
0 3 -0.05197667992023273
0 4 -0.017335420754460318
0 5 0.02315229164182995
0 6 0.042167192688916645
0 7 0.01804988202672
0 8 0.029320837531799423
0 9 -0.07994220207808955
0 10 0.04102829645631569
0 11 -0.009663106890779158
0 12 -0.07121402811272967
0 13 0.09602038947389634
0 14 0.07733780548073528
0 15 -0.010264170217113538
0 16 0.012774927409706798
0 17 0.008312539853861049
0 18 0.008600939148950191
0 19 0.04046352839682003
0 20 -0.018630642567383508
0 21 0.018363020487439215
0 22 0.030375851699334336
0 23 -0.03874985838247172
0 24 -0.050657529952550386
0 25 -0.07935689030934523
0 26 0.08191684619643914
0 27 0.09780350658221977
0 28 0.05776710217371209
0 29 -0.040749073949235395
0 30 -0.059944986565046814
0 31 -8.924367595886737E-4
0 32 -0.09143791758534493
0 33 0.04674651992857546
0 34 -0.025580637639225034
0 35 -0.02560277255464007
0 36 -0.05130258740847858
0 37 -0.05169630526761737
0 38 0.06302772309848159
0 39 -0.06376072218454577
0 40 0.09002694570252037
0 41 0.026083558797836304
