## RankNet
## Epochs = 100
## No. of features = 41
## No. of hidden layers = 1
## Layer 1: 10 neurons
1 2 3 4 5 6 7 8 9 10 11 12 13 14 15 16 17 18 19 20 21 22 23 24 25 26 27 28 29 30 31 32 33 34 35 36 37 38 39 40 41
1
10
0 0 -0.07398085666071155 -0.1220561459216951 -0.24689598261029597 0.13069791089473037 -0.3716552185634213 -0.06976868708065911 -0.2706309399540069 -0.0813269025700308 -0.02408220091451773 -0.025102774366952928
0 1 -0.13328960289128436 -0.13281299811819167 -0.3382410439481071 0.15477411593422255 -0.4127742722053782 -0.06042302161302939 -0.19348437935569437 0.08269229704404091 0.02072007095297867 0.037453336096256326
0 2 -0.30154009246162083 -0.9733051083337568 -1.4320345277287834 0.4931986206598749 -1.3957357958844525 -0.47236963393303555 -0.9352880309910196 0.15459817509632395 0.2714329379070004 0.11055547785316498
0 3 -0.07039469824636149 -0.3110912104590927 -0.41721662363911394 0.06661032830375954 -0.5661040317616461 -0.05990301431035135 -0.2330806652540393 0.042107729619389925 0.09682172098620744 0.00814667481320511
0 4 -0.052846238295161156 0.16035261593491718 0.2675587323194227 -0.049156488900467754 0.17898241344481128 0.08588442831452861 0.04810455899536456 -0.015670594924303755 0.02223354975327332 0.00329527420747597
0 5 -0.11052218948398411 -0.3605591759490785 -0.6092311427068096 0.08164844587831376 -0.49007226402929915 -0.11512976262139868 -0.31740696592505696 -0.03130643848272533 0.030775793359767916 0.045455765170320704
0 6 -0.11534090313653746 -0.3159483670981595 -0.3718758826783093 0.09754075411924341 -0.3052126328432006 0.0028932819015335238 -0.1816250372036409 -0.004775264175891154 -0.025220186188676393 0.038735262961841606
0 7 9.499962790309635E-4 0.01521858726281349 0.02349632671900049 -0.05694974261598435 0.12489868084854289 -0.05429347807807963 0.007022318810879106 0.07408764231464521 -0.09809348441299137 0.05271332651871704
0 8 -0.09980205633125112 -0.060019505286421505 -0.21583371565078058 0.12312290620188292 -0.14910065733426853 0.040340639487741234 -0.0035913422107931724 -0.040355150338146434 0.07204463925570442 -0.015325451589106849
0 9 -0.04039135917380605 -0.33115718020990276 -0.5447869959127492 0.243533097681616 -0.5344859896644906 -0.21722515531651815 -0.2846178084221664 -0.05070691628881697 0.17154279431044728 0.09938516006075206
0 10 -0.12932796676036273 -0.26043672302804777 -0.4737327558876714 0.1736612011380056 -0.4748300281508881 -0.20614502101228777 -0.22691899445581443 0.09519628879893065 -0.011258697577531049 0.008009938633083953
0 11 -0.04805348575712949 0.0671752119358608 0.1658662527103441 -0.13993464101601816 0.13889601912057187 -0.003922352040367293 0.016138988062334908 -0.0414992671865005 -0.09232259586630968 -0.11113973377838014
0 12 -0.026179410733222667 -0.21188314016295937 -0.36389836501612116 0.17398838184558968 -0.5428403348573361 -0.13824257716571284 -0.3687723380645501 -0.07244149593324838 0.0783133429138148 0.040430731286207604
0 13 -0.17297011373276347 -0.4340298693295435 -0.6027312648340891 0.21017148679544262 -0.6594998057415546 -0.23265300022676494 -0.43143986927168415 0.04088673987770186 0.028991232212055025 -0.05088118269061458
0 14 0.03223013793336603 -0.18267773929916195 -0.4052732591253363 0.19665833580180883 -0.41612635278273036 -0.1437640592576761 -0.16682210195993347 -0.03086774331841174 0.14491560152455088 0.047833957427548854
0 15 -0.041142803556437325 0.06726927682750222 0.0703834152058408 0.03569476619583689 0.10565092260385249 -0.01239038872401358 -0.02751500062889539 0.030871026516300738 0.018101726182489612 0.07211107314681516
0 16 0.06405317545311455 -0.05659809024755059 -0.19592981065881784 0.10250181372738858 -0.20197241473679464 -0.04180613705717906 -0.16842650712103283 -0.07343129974597488 -0.03822833718018093 0.07384556588275029
0 17 -0.026930050266167804 0.038954558624457056 -0.08302793688492384 0.06835931198212286 -0.03851246788206455 0.032093785019382357 0.010326163230864034 -0.04412423961441059 -0.08232195071173289 -0.014729730230827754
0 18 -0.14227279273978027 -0.23520621747795775 -0.2536225674940412 0.12000618648568175 -0.4449570241403858 -0.11232045996025099 -0.25494667673992394 -0.06911619052801152 -0.020758404388775412 -0.0448385241120602
0 19 0.04499333001390991 -0.21485718106192003 -0.2543519686768907 0.0077953834056481855 -0.34266713934544313 -0.09115400124079906 -0.06369474758838349 -0.009116347539046155 0.035388620287485614 0.06977896473160053
0 20 -0.051895629699784555 -0.21117757292743372 -0.30735968609166037 0.13047683457871362 -0.31036512014823925 -0.07181511837176886 -0.1293827850609178 0.09051471160505765 0.14154921648745705 0.04257070865842819
0 21 -0.030497398831104548 -0.03571934725965921 -0.05050265226228964 -0.016824692557760198 -0.08887627864251871 0.06515808081794199 -0.05508323924167003 -0.024805958320791462 -0.015066206186642301 -0.0689466407726211
0 22 -0.019671957648953672 -0.13790861691197218 -0.37559424806791053 0.04392378690617716 -0.24831799446393688 -0.06750296184038594 -0.1406283704973911 0.08035216227546527 -0.022817210736388115 -0.04093843029651486
0 23 0.009718522112177379 -0.0495014729275746 -0.013786183125088008 0.011978274896322251 0.06156827101439154 -0.04366203821482189 0.08171283880387885 -0.004336261127218358 0.04028605429291273 -0.045983931979356234
0 24 -0.05106229084513494 -0.11423793093593324 -0.16907777233376364 7.197340839857384E-5 -0.1139498203312899 -0.07069170256326605 -0.0645916811911877 -0.035853695415655175 -0.00819662659235654 -0.065101252555834
0 25 0.06387862376351293 0.03399736797918639 0.19364833897432687 -0.0055138428560357194 0.13965675306981837 0.07254774584976438 0.06665643286294645 -0.07237319251524331 -0.11330296027008072 -0.10507976511841526
0 26 0.03424008600153429 -0.14288261249717282 -0.16036562084661324 0.10734634661443486 -0.2649838459430251 -0.12954534596896486 -0.07197513346465677 -0.07717277107646811 0.03072417912597151 -0.030962631840801228
0 27 -0.08567301253726682 -0.19306873325154614 -0.1712558607135986 -0.016932854349951777 -0.2132578921334487 -0.005902732657475266 -0.2002760548746023 -0.043730412146326635 -0.013072011537713778 -0.021129238907212446
0 28 0.08181512962711786 0.03166384782140725 0.11357965093915752 0.03533465782448287 0.0016147258307123821 -0.01543489284780685 -0.03914171794291126 -0.08511514612889434 -0.10094851008291177 0.05032785997969373
0 29 0.04676474944631699 -0.06243550824386065 0.006753949205456152 0.036613326881691055 -0.12010094009242576 0.07270103506011645 -0.08402204026839424 -0.04930077325266845 -0.031627499907396155 0.061640669602966755
0 30 0.06889142569633253 -0.014646309545858818 -0.114431646503992 0.05166883632717958 -0.11628630188157843 0.03138146891937577 0.02720490273932244 0.05991203140415741 -0.05740923610210107 -0.06755615849876132
0 31 -0.06031909806325733 -0.15739325847081245 -0.12648297142601833 0.0843462519239372 -0.19006156571318686 -0.04856190458920004 -0.05255599018283164 0.0645649742911544 -0.04956569101680529 0.04201185091094508
0 32 0.026666608960462534 -0.16578395025018616 -0.12037638160992883 0.04397719371148427 -0.0976815805003007 -0.008737550286473581 -0.013801171575819914 0.07179989032395015 -0.026385330027548063 0.0672840251084443
0 33 -0.08836280889894212 -0.11182464994369143 -0.14959473757647618 0.01713817540870521 -0.08952456917344258 0.062411603928773415 -0.0241967477939547 0.04539657295611674 0.06378006389419563 0.06061026906996854
0 34 0.07471442703496828 -0.048031107323712206 0.0406629668262219 0.0346545300345172 -0.09333694791263787 -0.046366769970169044 0.08878808639483973 -0.04228686109561215 -0.037858447427312904 -0.05956008222893871
0 35 0.021811383651265188 0.02858064349248858 -0.09282787532661975 0.014967024260024015 0.050104660418332 0.003976556119305885 -0.06836524879197446 -0.030751985272467253 0.07158257051492994 -0.048678879352446774
0 36 -0.037337326141202144 -0.006731138476712568 -0.07413940839863249 0.002662947336934453 -0.0642255038157198 0.06023735623131863 -0.014931834277843104 0.01509889602502224 0.03190120772290447 0.030030361273886943
0 37 -0.0037616816501373535 -0.07136210583008 0.004837334925429915 -0.07372520251256692 0.11636433397813599 -0.010140931730695092 0.03837866236717506 -0.019555845263311732 0.07995468660110434 0.07099283088695076
0 38 -0.09260809164771892 0.010117920536732581 -0.09797490476918981 -0.07637320229468268 -3.515322889081669E-4 0.024059518975425968 0.08410695236238173 0.041055458934475014 0.10149644833081246 0.04060534214950793
0 39 0.039828424402093054 -0.011818016217923425 0.02429596732811827 0.004222463680148669 0.0876541464398348 0.06294391248802318 0.0854249955735881 -0.031166638287656683 0.049354006448583135 -0.021041000716920107
0 40 -0.03262411388574633 0.05652950829714701 -0.05537468917110095 -0.011172344673199481 -0.009628377125460528 0.058689783841866176 0.024162104343945525 -0.07548079203763777 0.08532160977890393 0.09558239529903502
0 41 0.046113913278261025 0.01923687554209846 -0.049581495678275044 0.054784843836642574 -0.033163300104660655 0.037849435780921925 -0.020975535804593617 -0.05090513076989341 -0.017255071173336294 0.02798494962355042 -0.10552972136092341
1 0 -0.4441859309739202
1 1 -1.3649285023726714
1 2 -1.913236487936339
1 3 0.7011173773544561
1 4 -1.975258379067882
1 5 -0.6872101346544592
1 6 -1.2754942709549637
1 7 0.07939172768683771
1 8 0.2949222101564172
1 9 0.10822678264647284
