## RankNet
## Epochs = 100
## No. of features = 41
## No. of hidden layers = 1
## Layer 1: 10 neurons
1 2 3 4 5 6 7 8 9 10 11 12 13 14 15 16 17 18 19 20 21 22 23 24 25 26 27 28 29 30 31 32 33 34 35 36 37 38 39 40 41
1
10
0 0 0.03210256876648119 0.09136043730778808 -0.09262639084068722 -0.003014306634913448 -0.4080735267715055 -0.17262461709728555 0.0048357765114396345 0.1566610677416201 0.0634832248100023 0.10361267785655415
0 1 -0.020595276951001624 0.07898778069932468 0.09092238026347749 0.08803274054586013 -0.4991761978151635 -0.13781096423805592 -0.0943684780977669 0.13740756253716593 0.15309254739300798 0.17888528768491183
0 2 0.11059563631477941 0.18009798750194422 0.07395603173432112 0.12600952091189768 -1.5662058840187532 -0.6457386018197838 -0.3787537285919336 0.6425249831961899 0.6192393688289896 0.3007314519157574
0 3 0.06379522487382863 0.07816147192470738 -0.07155600038981667 0.06979159904949504 -0.6015378230760037 -0.3073378940448367 -0.23423515689698896 0.3176028389721157 0.1909401358420382 0.07910912651169616
0 4 -0.0861559180923096 -0.10260841829736272 0.001633801838539857 -0.07568190251588838 0.2724437313875623 0.07176791319684935 0.11465312890127509 -0.11784173436834103 -0.06902158063836328 -0.12372434719930639
0 5 0.008718464092523933 -0.01888902287120047 0.09674926640902859 0.08504780826577095 -0.6658077175305803 -0.3105640876592112 -0.22479801291199808 0.37547990095097306 0.23705463319444114 0.23781869483493273
0 6 -0.028822109255192616 0.01817139927059424 0.015203752343557775 0.10159306191894359 -0.41881540552856816 -0.20025105765857357 -0.07299679353729813 0.21512897242712392 0.11259786895931292 0.05463426143970739
0 7 -0.047560063695207946 -0.0034373172853800226 0.0019291517109422348 0.07302029142739191 0.1537798199849215 -0.026828622419179667 -0.01262790538848103 -0.01919918020674704 -0.12343660962226957 0.03551918339137539
0 8 0.03652702913013621 -0.05867811715907417 -0.012746757502420143 -0.052474639063371825 -0.21079077410834424 -0.13473753660797994 -0.07563191557117391 0.04817737731576524 0.03252733668683797 0.06527340363188268
0 9 -0.019977008705389203 0.14026737390676647 -0.006103986186965768 0.12757144731518757 -0.6602676832427707 -0.31318369075331276 -0.13716077939184732 0.19795744632268056 0.15444710645606058 0.1891317737375836
0 10 -0.007884954203794958 0.09357355828922005 -0.041198232056346706 0.1446426330159623 -0.5237694658771017 -0.31250661289518805 -0.08353524172772739 0.2562854680825689 0.09555050054064827 0.07079326327854653
0 11 -0.051380327181592834 -0.10285991149510051 -0.045750569462337 -0.12436896474745877 0.2986725771300437 0.03332858477233661 0.039083923802862464 -0.05041763792068694 -0.034302677583642374 -0.1544653715220738
0 12 -0.046354944101783827 0.09408291162052915 -0.09680836219285333 0.16060882418985095 -0.6203207594075774 -0.2515874824916099 -0.19111389719158245 0.29968524568178845 0.20803269808402192 0.15411950171079333
0 13 0.05914405834247448 -0.030892180108757807 -0.022338241795308845 0.07075717232183903 -0.6397158801430136 -0.24530775514106448 -0.22400097324944082 0.2588671824638017 0.1768027745276205 0.17004122934093055
0 14 0.018800416987906497 0.003128627749612796 0.052679816650208974 0.08211971471326371 -0.3614779568280322 -0.14022513760215793 -0.04458440511250787 0.2585397567408358 0.250133603980616 0.09892083449977085
0 15 -0.04480233473983657 -0.05359487066675225 0.02965478478012357 0.07535915524947763 0.18004790082032343 0.0493278549681865 0.06277015557219447 -0.11678879330690724 0.019150735189783493 -0.020448023196912885
0 16 0.025907813714361818 -0.08264426284080582 0.07450303887252065 0.08658378113360746 -0.16138935745159522 -0.1261024012210626 -0.057337420316248645 0.15065321175943736 -0.0014971087827600163 0.046387156950100865
0 17 -0.04664870941529367 0.09955136015932425 -0.05319704500127132 0.03740433380625208 -0.12418324668990101 -0.010135800876126345 -0.06226320784519486 0.05441930185610218 0.012971274607666686 0.024213409127456165
0 18 0.06938033849624038 -0.05327701462975378 -0.025566573677179377 0.0881387470949662 -0.4742545327682388 -0.22978383036914962 -0.20170822197147528 0.17344612101555948 0.09579024218956526 0.18306551242312533
0 19 0.07848540565506223 0.06206612724681124 0.019172580632188282 -0.055404684219420866 -0.21924019171004966 -0.138727014220311 -0.0907083326235383 0.05000298046464058 0.12775392558047588 0.0020389361978866783
0 20 0.08725104725037722 -0.050174669181455106 0.006960968844771031 0.06988803698493261 -0.21540440368269825 -0.05067416787820273 -0.02428853699373411 0.0675175350622288 0.05842289696873669 0.1663075569483174
0 21 -0.08482297701743731 -0.07767825953414323 -0.011302493333193983 0.025477019519174377 -0.08127422856704307 -0.048130418601392194 -0.06351244166181086 -0.022076474046928106 0.06236087794388561 0.02090265155727635
0 22 0.07304282847409897 0.049148654143057004 0.0687383301795811 -0.022643190795022656 -0.3565433408834654 -0.19457425899806005 -0.03566415284982277 0.24660302702221332 0.09907157988422022 0.08047342422239155
0 23 0.003213211411517923 0.015469316238517486 -0.015112018100635689 -0.04587388871596521 0.08739085424437117 0.12681179152400215 0.00152010628215328 -0.024522641777901366 -0.01522778356431716 -0.02665263916655434
0 24 -0.05483930274374773 -0.030297644033047123 -0.0028808750305551363 0.0691722890101143 -0.24760083767127214 -0.07239697388075841 -0.08294985845826497 0.09346818406158648 -8.15054509678536E-4 0.06294251802481482
0 25 -0.07229995535291546 -0.03107121569120015 -0.01058371318513525 0.01695054597005674 0.12441392429215961 0.10641111169803981 0.11301863584358006 -0.22387248144519648 -0.168576404362983 -0.01670818099234742
0 26 0.0987820637385363 6.475518535310669E-4 0.025548839595910828 -0.03391494570683277 -0.10834835754172951 -0.09126998530637118 0.0013404504956958036 0.047060223350998916 0.11096611311531855 0.07805431924419069
0 27 0.11023813259836458 0.026103339392239168 -0.00625079525301929 0.04333079884482586 -0.11963598748423825 -0.025500348366530676 -0.012122632728019377 0.17865617985281312 0.07966616502910126 0.06461277389715671
0 28 -0.017351005969946532 0.007285263127422049 0.05161000282959437 -0.09930274488068927 0.09217428763462242 0.018770911117482744 0.02472474313618751 -0.07722384019579193 -2.1310929733074708E-4 -0.10318806782634923
0 29 -0.016739742982949897 0.0766037204154786 0.047162105938288956 0.06009146499428408 -0.13292029410349754 -0.00786779028207469 0.009945303969146937 -0.03291125171716241 -0.031169446824451632 -0.01168486837141604
0 30 0.021759496052345895 -0.05317313994399793 0.004604564484048802 0.06464499674675048 -0.023985750030421523 -0.02979358697050393 0.07779207692619448 0.045452357422051254 -0.03462552299664951 0.07424775902909954
0 31 0.058585789350681074 -0.04332312972548139 -0.08088991081467728 -0.028644178185323117 -0.2655864724643491 -0.012768934232697352 -0.13174500985255733 0.1797821316921418 0.0706534159074811 -0.03811794283649897
0 32 0.07037625328271628 -0.06626976016719552 0.010977987486448973 0.04209793095221513 -0.04493599946269151 0.041635289183138295 -0.10988070978283342 0.03274213428555253 0.007445808213931697 0.07008765641893551
0 33 -0.05538640058805675 -0.05692866344255546 -0.06401592243238584 0.0536425027255542 -0.04296070646558307 -0.08797833190170028 -0.028651244129259627 -0.005914245028507075 0.12512649334823925 0.11772005914235145
0 34 -0.08794387253165399 0.09096556273927213 -0.035242516334690936 0.06947564537053305 0.0019652743776873752 0.018397690647892408 0.03606956084937449 -0.05722615771387282 -0.07223826927910176 0.018654405442330924
0 35 -0.10483321543811486 0.034933449486838804 -0.054748603254722056 -0.07462600972362086 0.09755812316655037 -0.07080785759505524 0.028956828804876083 -0.10638744093240723 -0.005533212797459111 -0.06838585960613894
0 36 0.08321170219811092 -0.07380325380482122 -0.01947007805136145 -0.08349802916391569 -0.01897786184954415 -0.06848596372581096 -0.08980094905154927 0.06384103500178315 0.020358657631129658 -0.015541674526617083
0 37 -0.06097435328081558 0.01624022037998275 0.026709494492857967 -0.07055886712825789 0.03253723950699249 -0.03413407086268369 0.07171223687844598 -0.09507250688330421 0.031502489223313584 0.056399076366588106
0 38 -0.056574709713459015 0.015961676836013794 -0.04404538869857788 -0.019724344834685326 0.061903081834316254 -0.054030220955610275 -0.08969913423061371 0.051677603274583817 0.01316327415406704 0.008856421336531639
0 39 -0.05980191693012797 -0.030402377460894414 0.026521608897222746 0.05952976559961025 0.10552899741421921 0.01358395628980526 -0.055348337316720314 -0.0772712683150509 0.059302956451334946 -0.044985871634278085
0 40 -0.07208541826671884 -0.008950953794855264 0.07474694954266062 -0.10843549683426144 -0.01300385468892873 -0.045260145109797825 -0.05318243239001468 -0.15651084756131353 0.03454172638351069 0.012786979297919557
0 41 0.06029330830487915 -0.02695567284716341 0.0484452489651464 -0.11180014139936949 4.846904537426383E-4 -0.0065474251933313275 0.007671821307343576 -0.03403936929330036 -0.007910399549667895 -0.0076414703002614034 -0.28625461601309266
1 0 0.09564781811033864
1 1 0.1553041916590188
1 2 -0.05000377719930227
1 3 0.25173817686509936
1 4 -2.2364133290705612
1 5 -1.1082827462303493
1 6 -0.7290341643263828
1 7 1.0593821560948604
1 8 0.7880841950352939
1 9 0.532684147158419
