## ListNet
## Epochs = 1500
## No. of features = 41
1 2 3 4 5 6 7 8 9 10 11 12 13 14 15 16 17 18 19 20 21 22 23 24 25 26 27 28 29 30 31 32 33 34 35 36 37 38 39 40 41
0
0 0 -0.05949933823489202
0 1 -9.125844416864522E-4
0 2 -0.07788176926707858
0 3 -0.022362514722615055
0 4 0.0689763453139761
0 5 0.027835237983809175
0 6 0.04962516626994649
0 7 0.03278620175923245
0 8 0.04414803483234142
0 9 0.03523812140963004
0 10 0.08110365747340825
0 11 0.06278360336697701
0 12 -0.0862110109059562
0 13 -0.023459204026257306
0 14 -0.021307002608405404
0 15 0.03297499902586368
0 16 0.019489797086793808
0 17 0.07035972487815423
0 18 0.022324464683889458
0 19 0.043350544666296564
0 20 0.09397269832917132
0 21 -0.08064861340609486
0 22 0.06974713130026211
0 23 0.06504747695211247
0 24 0.05143973536791324
0 25 0.003202770355675985
0 26 -0.024770165191990722
0 27 -0.027655297152583597
0 28 0.06963090748259577
0 29 -0.08073012658817266
0 30 0.009568821333830566
0 31 0.03488458610308408
0 32 -0.017777816683898162
0 33 0.01078166727990961
0 34 -0.09290585076956707
0 35 0.04990465586518906
0 36 0.06829142705612483
0 37 -0.025613816766322735
0 38 0.026239300991646838
0 39 0.04915281987463285
0 40 -0.08272395379833371
0 41 0.06785213202238083
