## RankNet
## Epochs = 100
## No. of features = 41
## No. of hidden layers = 1
## Layer 1: 10 neurons
1 2 3 4 5 6 7 8 9 10 11 12 13 14 15 16 17 18 19 20 21 22 23 24 25 26 27 28 29 30 31 32 33 34 35 36 37 38 39 40 41
1
10
0 0 -0.35925702000384263 -0.07548925545613744 -0.012726577116274918 0.250732967139563 0.21930096886718475 -0.05795233877443031 -0.05584157525426074 -0.04741971687485643 0.005442415549550526 -0.07786164823049381
0 1 -0.22195049404697195 -0.04973000042181218 -0.06452034301057392 0.1083725776393943 0.27805618434138146 -0.023595205403589656 -0.07454226568714771 1.1040814505268783E-5 -0.004539686118238882 -0.055507528076987764
0 2 -1.347573824962713 -0.6573686661277086 -0.40626521559839585 0.8548763595788825 0.9174134373492914 -0.3505240325810802 -0.6863880530503027 0.030297692971375263 -0.09302026612616533 -0.3830769817815845
0 3 -0.5472191961288904 -0.1571912007325969 -0.12839520375299648 0.37599191977635543 0.2959029361043624 -0.1352047882697828 -0.1845932826997108 0.050588409456875094 -0.12971306183069506 -0.03953433266252114
0 4 0.09165989551218313 0.018594430138801687 0.006441566107531603 -0.049867683642322344 -0.09873352041750713 0.011715797378066693 0.13668224538015666 -0.09838336962586273 0.07408538617269343 -0.014022809838061596
0 5 -0.5394359686450729 -0.2873629218395091 -0.18608919066446608 0.23595094695630248 0.3550957894921896 -0.198395646359886 -0.14289052250919618 0.005402626821271717 -0.027938051435918806 -0.20171000226164162
0 6 -0.30652835065623396 -0.10728247014223044 -0.12533004978047976 0.21066389240320374 0.2413447426076733 -0.01734917686634677 -0.1852860123743908 -0.08281791712531078 -0.11027743706189512 -0.07946867361122992
0 7 0.12558744529782626 0.05393813667984495 0.024125346111061454 -0.012119695518254479 -0.02244158790070616 -0.05054584609031085 0.04296877833384709 0.05753366754327346 -0.039087616705563356 0.030128554865711896
0 8 -0.09868279855644187 -0.10227040662507035 -0.012866971193202365 0.14350604776104983 0.006312147248821394 -0.11757974588050288 -0.0024363378499000607 0.007933368549036833 -0.022965840919342374 0.034717313712315165
0 9 -0.6041357056457263 -0.2813394838427215 -0.07471938512059696 0.34760139879455126 0.4320318585559108 -0.09659190752224375 -0.27290127216222615 -0.05081997959697091 -0.17031028731051126 -0.07987382360573496
0 10 -0.4651464819471072 -0.2688255940694734 -0.013502704152826932 0.32126336934137206 0.31351348209572305 -0.14074558643470872 -0.16350022797464756 0.1153913148381839 -0.09294212414295304 -0.1310854627936737
0 11 0.306061066621318 0.04656122919363998 0.1374745944996863 -0.18451279521458847 -0.08330060120501012 -0.03867050705797974 0.10525543360067716 0.08410920327869277 -0.06918328537851241 -0.025405667185095574
0 12 -0.543121621357258 -0.14492482265001658 -0.009963163053645039 0.19426378768359515 0.20776776521678253 -0.056022853023037604 -0.19403533233174686 0.10615525051331763 -0.03515071000512426 -0.2223661075670599
0 13 -0.5206809041715568 -0.24046583276682776 -0.1818408861732013 0.2631265340716382 0.21310711614915673 -0.04399721060791814 -0.2700609522258516 -0.026120009792712635 0.012047012731106446 -0.18351376887457838
0 14 -0.27977564732847 -0.20378015018891635 -0.0917563180536188 0.26010387989170225 0.2937833926784855 -0.10904126411650406 -0.13114370521841015 0.0882273661270767 -0.1097555599068326 -0.061344340186044434
0 15 0.042814991655973474 -0.01439480993425375 -0.03300449172879238 -0.01228299875752661 -0.07467677425379377 0.07792191349885813 0.00988937318184904 0.006513218581025128 -0.07314534426278453 -0.05046842167083426
0 16 -0.19942139177776255 -0.01732399151496916 -0.016475326026405824 0.1452777913113859 0.030763774715838618 0.014048551592707485 0.018995577005756957 -0.036322819843437416 0.027945853042254314 -0.009738882727551912
0 17 -0.1150567022290006 -0.08349159866299737 0.049790730705858495 0.1309249005802871 0.03857332797964694 0.04442078676935971 -0.06415631578945499 -0.01571039762077454 -0.09037296928196112 -0.06536046299576187
0 18 -0.3983782930277122 -0.21794343657655285 -0.11267868538751664 0.10846404365781237 0.1996344437822489 -0.1249150739622537 -0.2147324073912834 -0.05797204258163794 -0.11158881111798642 -0.01055040938784293
0 19 -0.1850793358207386 -0.024817132709449175 0.03443313833976912 0.0955924356551772 0.0639723242240602 -0.08618695939476817 -0.0027691666803242093 0.029990880327111474 -0.059773984094938094 -0.14422192752354926
0 20 -0.3139179582414681 -0.04201751263123686 -0.11039809435465421 0.11206921299583834 0.15424197076369864 -0.04007653187506697 -0.13042785162319498 -0.07662575951958865 -0.13337748118760487 -0.0010973603043758532
0 21 -0.00613918942968137 -0.019053247275790205 -0.06196862988530741 0.02844268663259124 0.049989843243939326 -0.058412383463295546 -0.01687737799979218 -0.07967183310859564 0.02769269473573657 -0.014106826310232556
0 22 -0.3399677985434441 -0.1982635469567346 6.880085773728192E-4 0.17838038579496548 0.21402060494223682 -0.1565750111877029 -0.21118722992169933 0.040927611406481185 -0.05765149794416385 -0.05074271277340261
0 23 -0.03804892488129674 0.08475549315895049 0.019278663229727957 -0.04136074635849824 -0.006121977665328518 -0.08121429211912949 -0.05099994931969793 0.04127934020583154 -0.06768876587882225 7.20304690714981E-4
0 24 -0.2210153181910427 0.026017313217021047 0.06547950269034901 0.14139911087596319 0.15517636299534174 -0.0790270363229508 -0.13996075324771828 0.0799257271780531 0.0013316144210276195 0.03308925530007094
0 25 0.27692076621950884 0.14348816738708775 0.08884139582368293 -0.2422987124477662 -0.16136783366087412 0.09724049850120278 0.12440510141972555 0.05385683733021591 0.054080648436533395 -8.230265316644458E-4
0 26 -0.23407634325405685 -0.07657624035854582 -0.017064925938015865 0.16282892672243288 0.05432965865602669 0.059494102515941845 -0.11338938371178482 -0.01464894434783611 -0.005843464758965303 -0.09714969370723715
0 27 -0.10271254822893164 -0.16591351280193417 0.004523753337862895 0.05687677439391228 0.11442241533786032 -0.09728989457658938 0.008145236971694982 0.006051411636046616 -0.0025850792026336617 -0.12508430173884366
0 28 0.04680365011592326 0.049404321290614964 -0.031550834612978564 -0.03155353506098852 -0.062184733618684554 0.0634099790820422 -0.01086025920007118 -0.07018351167439742 -0.04629812608201293 -0.07842251642305213
0 29 -0.004776336465024066 0.014273760099228223 0.012442271099198307 0.04014961459742184 -0.020853421859632678 0.013281451983811213 -0.10632408356020429 -0.059144061172044154 0.07239327344076038 0.008402631026523014
0 30 0.02279462528013231 0.04869519160727856 0.007658636548952729 -0.008397146675135221 0.11860563044403936 0.058514648840143464 0.06538087726288995 0.020617535346982276 -0.03333225176934768 -0.019642373492887225
0 31 -0.11523321391719205 0.012294686327649523 -0.07229292676914603 0.038194826401979645 0.02971685933230645 -0.01962201446145172 -0.11575595457701264 -0.04997858234627227 0.007585155381637146 -0.013858521653581065
0 32 -0.18598730810493888 -0.048644500232999315 -0.015311806481798173 -0.024221290619987772 0.03887208773182216 -0.10044840650496274 0.006595312974286589 -0.014984500277759848 0.023442911073095995 -0.018383438896021925
0 33 -0.11446873114831604 -0.013867835320593817 0.04558916498955649 0.002355505194906577 0.09166662493727938 0.05195569148821274 -0.006495189512564728 0.0837160724334293 -0.025918701868148552 0.018209876748402798
0 34 -0.06848485197774104 0.061769761024008066 -0.00659687615973041 -0.03678832713166156 0.015224859714833726 -0.008339083093810314 -0.04130468486194547 0.07883130562378518 -0.027968170900337853 0.08765419545669251
0 35 -8.727345930277877E-4 -0.040220480188611976 -0.07683405567614536 -0.022964241092886976 -0.009794047282079787 0.03957505605067221 0.10111886336752174 -0.03501363045540016 -0.019361632971955332 -0.022378203667624663
0 36 -0.05130360453482715 -0.069631959477383 -0.01381693846542713 -0.06608054873183773 -0.14285595469994417 0.05194814217107788 -0.07455396541876955 -0.06517381805225143 -0.012312802048155526 -0.009509728744451952
0 37 0.11492617345397935 0.1082098962265029 0.07829459663582485 -0.04688385024826776 -0.10134297095841792 -0.06153592092322409 -0.046228939701228454 -0.04637414257896515 0.07613357780124759 -0.05738942532077387
0 38 -0.08463471382856369 -0.08062814176082611 -0.05535223335027695 -0.075617715716362 -0.04805219918489456 0.017687594518065453 0.09230692684650421 0.0367378294467926 0.05968501418828964 0.08719654381275177
0 39 -0.05700172421348785 0.03301318307894377 0.08629021405046926 -0.01856233497498047 -0.055047662205046345 0.07912804061291694 -0.08132605509216335 -0.09687169377495242 0.006526140126072887 0.04466039456378834
0 40 0.0477536560917123 -0.06070871449278642 0.08268768110644878 -0.12901200840706298 -0.015816866617630772 3.683004264379756E-4 -4.0627426074316115E-4 0.022096264914920352 -0.07829959762072494 0.0825265550072754
0 41 -0.10290853532379031 0.0080326871780195 -0.03536738049000166 -0.02399043042245802 -0.13197870824619354 0.0017821821433498233 0.012609823666939655 -0.031325977122157456 0.061741292971060104 0.008807615376254322 -0.1881026600481771
1 0 -1.965703230295178
1 1 -0.9926165394485494
1 2 -0.5824446356405526
1 3 1.2392489351651133
1 4 1.3237810721268937
1 5 -0.5641361187581004
1 6 -1.0032419994964514
1 7 -0.026232691349496833
1 8 -0.3232118952709533
1 9 -0.6006849901028264
