## ListNet
## Epochs = 1500
## No. of features = 41
1 2 3 4 5 6 7 8 9 10 11 12 13 14 15 16 17 18 19 20 21 22 23 24 25 26 27 28 29 30 31 32 33 34 35 36 37 38 39 40 41
0
0 0 0.020651018234506754
0 1 0.010658448827012904
0 2 0.06058923457187703
0 3 0.03399494172295897
0 4 0.06271227411723344
0 5 -0.0422329828547253
0 6 -0.07370469841755466
0 7 -0.04800560205899211
0 8 -0.021790081232611783
0 9 0.07454589693355987
0 10 0.0692802072269795
0 11 0.002546262710098917
0 12 -0.01789650179370295
0 13 -0.0438226205599344
0 14 -0.021896125996755358
0 15 -0.08013959250245604
0 16 0.007315074671983098
0 17 -0.060651271956949304
0 18 0.03820438537666026
0 19 0.08428857744422644
0 20 0.04239453735079923
0 21 0.0758898045294736
0 22 -0.04413282441681012
0 23 -0.0819461176601923
0 24 -0.004111204593553524
0 25 0.06599793065774086
0 26 -0.09022450545561733
0 27 -0.03935124384777726
0 28 -0.07746485109749293
0 29 0.0765386763204704
0 30 -0.039057559251275874
0 31 0.004935697469250153
0 32 0.05046577834619197
0 33 0.040358347930840074
0 34 -0.04834348524808497
0 35 0.05780011454785427
0 36 0.06722408682738802
0 37 0.05824917773080955
0 38 -0.08189036311241436
0 39 -0.06484000458586113
0 40 -0.006484778313564711
0 41 -0.06243295222520828
