## ListNet
## Epochs = 1500
## No. of features = 41
1 2 3 4 5 6 7 8 9 10 11 12 13 14 15 16 17 18 19 20 21 22 23 24 25 26 27 28 29 30 31 32 33 34 35 36 37 38 39 40 41
0
0 0 0.014593627773254765
0 1 -0.0024137836149773634
0 2 -0.00834376612422885
0 3 -0.08145905819931604
0 4 0.097207056870508
0 5 0.0032693790860848994
0 6 0.0920016577999679
0 7 -0.020634473913857122
0 8 0.06914184265309825
0 9 0.06813003309982675
0 10 -0.09404810774388819
0 11 0.08476081460575345
0 12 0.024351251968968455
0 13 0.0904295827119466
0 14 0.07841889353171347
0 15 -0.04209628663190756
0 16 -0.024933063202977078
0 17 -0.027018766555637605
0 18 0.014335494378299953
0 19 -0.06965388905980235
0 20 0.03529773814687365
0 21 -0.001089524969641034
0 22 0.092027991930518
0 23 -0.06362997710259935
0 24 -0.056553562381284166
0 25 -0.09228187472636523
0 26 0.031888233994776645
0 27 0.04518973786854068
0 28 -0.04674375814029525
0 29 0.007150177481160564
0 30 0.012189076293440348
0 31 0.0812071239013983
0 32 -0.07462500792380146
0 33 0.06715604081448735
0 34 -0.03016324119257444
0 35 0.06763906946290094
0 36 -0.03130333330751494
0 37 0.08799082090895352
0 38 0.09701053436745447
0 39 2.388834982411936E-4
0 40 -0.07280902998239007
0 41 0.022821038961410522
