## RankNet
## Epochs = 100
## No. of features = 41
## No. of hidden layers = 1
## Layer 1: 10 neurons
1 2 3 4 5 6 7 8 9 10 11 12 13 14 15 16 17 18 19 20 21 22 23 24 25 26 27 28 29 30 31 32 33 34 35 36 37 38 39 40 41
1
10
0 0 -0.14118753739485773 -0.06524605767936541 -0.11533881071998482 -0.17919352120650534 -0.2892356981203725 0.28947789213949027 0.11844628772651482 0.10101660447326695 0.05945574687847469 0.009464438544954793
0 1 -0.2728941884293446 -0.04216659677816073 -0.008652860262596205 -0.18615251890323084 -0.2654382952233357 0.35165120727377325 0.2686078246690291 0.12849701419287665 0.21975949850736132 0.07681543157171826
0 2 -0.8731152437915645 0.06345868442498721 -0.08735147227346066 -0.4917312166550257 -1.2394369250653707 1.1709475271978647 0.694740235691397 0.2283737865592527 0.5980378306085129 -0.004824284051504651
0 3 -0.2370142571970874 0.06687739814883077 7.947043932253178E-4 -0.24799581148526845 -0.5148900077540994 0.4945905987061829 0.2863014727331955 0.12028001620242369 0.1805052370452782 -0.024842739745554163
0 4 0.17660179173445548 -0.1180179014835211 -0.05523971038037189 0.07362343539103647 0.2557181495932669 -0.14853940157302983 -0.16452442955831195 -0.09639392136133913 -0.14888531473427646 0.017842331345620913
0 5 -0.23854328670475278 0.058716237429146244 -0.024701491000094868 -0.2595174120710621 -0.5712518047816975 0.4712426868802441 0.16298243044644284 0.12859872676217254 0.23442995851706552 -0.027134092679725597
0 6 -0.11019001217580351 0.1015763864328922 -0.12873117442085866 -0.14757076615226872 -0.24324658808842417 0.2448050012266976 0.23594083467158647 0.14464928103735092 0.1128150096758218 0.07066426412494312
0 7 0.03535599555478201 -0.07990954583174016 0.10346793966105329 0.0683312148360104 0.12411687416150687 -0.0627391259250283 -0.15517144687849238 -0.08626384438538247 -0.1550250076069241 0.09054967484180988
0 8 -0.07523963234861702 0.06428428772459463 0.01958172613418071 -0.07823154515552236 -0.16892742246192607 0.13309697024708858 0.018092811244039875 -0.04942632697833752 0.11304775252519457 -0.03705150989025529
0 9 -0.3200297258155606 -0.04213412884892241 -0.011495493394045755 -0.201895710034877 -0.48559186461248305 0.33669918947614336 0.34188604551344676 -0.018825469188419895 0.20309608302968815 -0.04327422168309853
0 10 -0.2436710352212038 0.0026204357660152213 -0.13986622185229927 -0.08799107155365112 -0.48498067255947436 0.41106827496046594 0.28342718256075644 0.021476045367223386 0.10389282730546921 -0.05440908971453503
0 11 0.044938495827232826 -0.11060843546791678 0.06821637311926135 0.03415412873703519 0.12435431677251656 -0.1788430893578911 -0.026959006168504978 -0.03619713238318554 -0.06411234450210854 -0.03170306859596643
0 12 -0.22146649204803823 0.12482316808883419 0.04431176052360319 -0.08469769483151904 -0.439516820157534 0.40805230050442615 0.1324554190144966 0.07283265556054211 0.23186697162608716 -0.05274711581395808
0 13 -0.3582305120046413 0.10667577539280647 -0.13443215406409184 -0.06922700446648838 -0.5255215149771755 0.3445749502424148 0.2404786134771753 0.13755134689016013 0.2130313477134622 -0.04289798874927913
0 14 -0.21311474589423926 0.027035277945366996 -0.03196627366452259 -0.044855650540111806 -0.34131691773891304 0.2889722308982148 0.20352540667355418 0.04194560526549475 0.04574014469618058 -0.04819672992899508
0 15 -0.04544410277199779 0.08901882479538929 -0.057543616131339834 0.021940813474857032 0.13223653781596323 -0.11028171986600462 0.06197935212852281 0.03679873105773273 -0.049689088227344066 -0.03689687521149539
0 16 0.012042094947124823 0.07254449850949402 -0.10002646658936146 -0.048673255289941736 -0.14309468419427887 0.1784350658629312 0.08899316636718058 0.053471358225513854 0.02735938007135801 0.04553868583310723
0 17 -0.1499916042079635 0.08638921652384382 0.06606319350164429 -0.09905280123559462 -0.04135295265092312 0.15834592169172454 0.13181554865530848 0.10554505426209021 0.005782296788135689 -0.05842319392141807
0 18 -0.14114990685489012 0.06393573365736921 -0.08461484228861404 -0.18006570131487284 -0.3531743228779634 0.29616389003442584 0.06828778316429522 0.11477469605874935 0.1751960564076592 -0.05634674877382352
0 19 -0.06596374146418447 0.1067946048164208 0.026810474787850574 -0.11989507284943943 -0.18312225103359372 0.21004067128292797 0.08091658674191213 -0.0356127714082672 0.13547269128703118 0.08885812815035223
0 20 -0.08168204549629185 0.08068683552764316 -0.0844534602905185 -0.007508546809174898 -0.2832321889796918 0.22963823216916399 0.19417566275303283 0.025782899416554164 0.007101373474620955 -0.04832805327677824
0 21 -0.11431780652214188 -0.013022744989761133 0.021371261726629103 -0.016054504128413884 -0.11846895032059922 -0.023611604787209358 0.005173109309666894 -0.08909033624340802 0.028789642531833946 -0.01330075111193394
0 22 -0.16781099435539054 -0.035545337206107475 0.060788962223187464 -0.016856576508011534 -0.37683056544414956 0.29572849225310777 0.21077923303344054 0.06204845829624059 0.08322609779916827 -0.007023920349157661
0 23 0.06057288519477851 0.025974115848439012 0.012749903358662525 0.11698601403702547 0.031365677301910186 -0.22992348857635883 -0.15126007614062043 0.030789604629883897 -0.006085008150717906 0.07836189476739326
0 24 -0.13368112885300057 0.07937857238671434 8.177276453785643E-4 0.03549977093293451 -0.0874922516897492 0.19522325082063952 0.04951312259201471 0.09234144079613445 0.020014153700643123 0.09892206115238697
0 25 0.13767291618896166 -0.10315400532936463 -0.06307201159336648 0.0058397443987175095 0.3076645422970579 -0.37081905202290566 -0.12872121439103204 -0.08679438390702018 -0.08701470232325773 0.08396019250315445
0 26 -0.060503420302175835 0.08352553213676456 0.05070778883552726 -0.09011179500918187 -0.21689942043936852 0.21504750681317866 0.16788886362098002 0.03361515672431034 0.05415207297120362 -0.02199732157860855
0 27 -0.1584060727216162 -0.030289634239380647 0.023398629711053037 -0.05651471877687392 -0.1841710212881627 0.21478816930554823 0.08203704598010912 -0.014027121582294686 -0.012826997557363414 -0.005714585672866236
0 28 0.11876321379527711 0.013821474568807255 -0.07924903366533581 -0.014720759381372904 0.04564172885874332 -0.07600055614234963 -0.06964375096161315 0.058618964211465174 -0.1138114711147389 0.013513659609272323
0 29 -0.09210441364662854 -0.07994959893736946 -0.030303594255305117 -0.048804811821666454 -0.10494553954757915 0.03289478747037209 -0.021157063600606603 0.04863282185363787 0.06535328530065812 0.030240525395980707
0 30 -0.06252800954184916 -0.013440236464362031 -0.05995710192459107 -0.050097645742995474 -0.05041640798913601 0.01613759666458362 -0.05104436103672501 -0.027788126897620093 0.04788455111460898 6.115213288024204E-4
0 31 -0.02787197946084559 0.04209557562532859 0.02155277418169063 -0.09553087090459561 -0.05411201848510287 0.1726972437549077 0.010503164272565393 0.0070847978091823655 0.11367100980490637 0.0770795439965431
0 32 -0.13481825964842084 0.0853758391356746 -0.0048288715459119174 -0.07213849398581812 -0.1761557267942241 0.0971926500705944 0.032576354557157156 -0.055918342278768976 0.017710762242686317 -0.08478638819280396
0 33 0.046461921323799865 -0.0028152682372247473 -0.07597058939021167 -0.0902189982925653 -0.13744750585880267 0.0470922731526961 -0.06147961522731328 -0.05336488025012119 0.0037215692847349107 0.019335121896242636
0 34 -0.010202717719029883 0.031137788516624146 0.04106029688283989 -0.09641444285692966 0.07152825197511402 -0.07719193399693662 0.06352552997772991 0.06434613228158914 0.05747609918531735 0.056741986864166476
0 35 0.09208599426243226 0.03171517176555239 -0.08206370816736767 0.09071062537304125 -0.014355143732897369 -0.05574222342661711 -0.05353581927097652 0.061284227198454104 -0.11429749788952868 -0.045712572686736355
0 36 0.07009560792959565 0.016633153798097277 -0.009777124750479094 -0.08185100884129194 -0.06618862250670625 -0.08542121350100323 0.016277601602902408 0.04206356490895353 -0.012716033938446262 0.01847750126548575
0 37 0.012240889400907418 0.08800066321753161 -0.08236485982078384 -0.04729404686289649 0.16461805522007902 -0.07971834604190246 -0.024372916549395576 0.06661061330003593 -0.09410229969168553 0.09642645748773579
0 38 -0.01633255450682809 0.08854891836768805 -0.024797791943705315 0.021377009914965255 -0.04675269858708248 0.07375503340554397 -0.06110486362426255 -0.05755240046990243 2.6274644012280794E-4 -0.04984531319023045
0 39 -0.0876633498464907 0.08241286550864581 0.05437456951554053 -0.03287909567011172 0.10076638785169806 0.03592474413711614 0.05317173682636545 0.05291638379451308 -0.05110810150122424 -0.05725977955701285
0 40 -0.07397310273752368 -0.01798958813291488 -0.0225621719532451 0.017275569739790237 -0.07296747047262923 -0.12945102544362136 -0.05201832974246526 0.08247668279870296 -0.12182507437022823 0.08544889605572835
0 41 0.06294826057136299 0.039329654644453295 -0.08177984448701735 -0.0656482492744942 0.12780073775849282 -0.22173918464149384 -0.033252984442798804 0.03153295465480496 0.004962282476943007 0.09208404664722324 -0.4244096296382309
1 0 -1.3063858279007363
1 1 0.0874627837100531
1 2 -0.2790340665443561
1 3 -0.8281080399275205
1 4 -1.9561300363307255
1 5 1.7530095601945817
1 6 0.9888284226235294
1 7 0.2575751886417552
1 8 0.7701007395290556
1 9 -0.18487620283431824
