## RankNet
## Epochs = 100
## No. of features = 41
## No. of hidden layers = 1
## Layer 1: 10 neurons
1 2 3 4 5 6 7 8 9 10 11 12 13 14 15 16 17 18 19 20 21 22 23 24 25 26 27 28 29 30 31 32 33 34 35 36 37 38 39 40 41
1
10
0 0 0.13674288601380544 -0.013823863844893775 -0.046794928187026595 -0.17692746583056848 -0.07709610198418275 0.2581968076379061 -0.16100111118972882 0.21090672776921873 -0.09487981892745087 -0.11647513099136551
0 1 0.20540632545710585 0.0899875955520726 0.08264286497204477 -0.15326837837867294 0.08568388562478788 0.2052002742736856 -0.31954837084594445 0.11430657457886427 -0.08231921742423806 -0.03128847279621957
0 2 0.519168373356572 0.4456486092208851 0.05801863378562996 -0.7491619160736525 0.03369806244399182 0.8282316345897499 -1.0569526635289417 0.771677563522064 -0.6806234529147962 -0.3391654871861927
0 3 0.25731510855539064 0.20425498135493708 0.14768649624141367 -0.18289889612463564 0.046529670372215476 0.3558538809535669 -0.4606797022137198 0.31325401693765303 -0.1808736023449251 -0.0793702560223263
0 4 -0.1811107737399109 -0.11484037335060085 -0.06559372277019199 0.1671850672935969 0.05114837606094858 -0.06340837146509903 0.0934613577349688 -0.1292502172091266 0.1993400046886047 -0.007696894614589655
0 5 0.10104200923143282 0.2080301181581285 0.15387469450381214 -0.25515490685537257 -0.09945255923254186 0.35204877628616965 -0.3684865054972235 0.29710667378902744 -0.28174139619959715 -0.06644483099486548
0 6 0.07954988758915492 0.10793845656587708 -0.014663191235377683 -0.27329175374119513 0.021383368272082388 0.23160664633494 -0.27138783480065737 0.09242040531041534 -0.1983369801787917 -0.03160968514437906
0 7 -0.025873059976928615 0.05808367871606386 0.018656324892239735 0.10787971286696266 0.08861332854992296 -0.15808883420222541 0.010936220921986648 -0.09622502185126547 0.08459397301063167 0.045539309006713984
0 8 0.05645999982489777 0.13086299302149765 0.03579273582712083 -0.1504981998247111 0.046801259014035264 0.009903751168414934 -0.08819357786399329 0.05371816574129945 -0.11601729888762077 0.0389694377257303
0 9 0.15045955032114786 0.1568482421808691 0.1370637668155107 -0.1921545912140381 0.0035419389313040756 0.3725133503199738 -0.49282274756632904 0.29207604644634505 -0.27171414003840544 -0.13108917277806567
0 10 0.20944855192074002 0.05910799475481494 0.14027384858199557 -0.2279602164740327 0.06645172509860164 0.20080941843167854 -0.4487273142311906 0.23169589672831972 -0.22095182376070957 -0.060109845887014415
0 11 -0.09016691705849339 -0.09235502738930398 -0.10364123793827631 0.007053632201893781 0.07304917205194845 -0.18105752025711194 0.21039047232244545 -0.06411858063312609 0.07008338948699108 0.09270860628754984
0 12 0.15859573845802705 0.13903913928268954 -0.03936635057020808 -0.27616010738639796 0.05740360878554667 0.17493398221117956 -0.3725438485028674 0.2724716073723221 -0.18110041531596183 -0.09458917203801123
0 13 0.2204878806495288 0.14318962257710455 0.08282461544810628 -0.1988560209915719 0.0732803243942654 0.18042234681365457 -0.3965866081728735 0.31337466304853406 -0.26432651310477445 -0.15308263324049598
0 14 0.015234948315633112 0.12286238498454331 0.001396281798207683 -0.1972123810318783 0.03330956297687152 0.10036142280762876 -0.2977320977128697 0.12881581038743314 -0.07066766757099628 -0.1283936405698982
0 15 -0.0736109677211568 -0.10943285905782889 0.04758025344481306 0.09146589023860131 0.06126584662410188 -0.08346344387675388 0.04333078986726181 0.0569067159580739 0.11224642151161733 0.08110833377026251
0 16 0.13303223640759962 0.11423881692485278 0.036003522787257325 -0.15743553419203088 -0.06201828645686999 -0.0081434464310048 -0.02836854218228425 0.043123418893119596 -0.11627291522121523 0.058859560846787624
0 17 -0.0033071150221624145 0.014182215733220878 0.08099445387703139 -0.006294146703236167 0.01843785971415077 -0.0029170979218368772 -0.07019361227417413 0.08235452638436914 0.024547382767013157 -0.05685856463572214
0 18 0.1411869661089772 0.13709449434763904 0.011051023694059952 -0.09393227772949884 -0.05709575764799924 0.18806788394506752 -0.22929579457819274 0.16155495288436802 -0.19368332778586697 -0.15886132433264477
0 19 0.07688060588614098 0.09080030774661763 0.05305223137089951 -0.0862223746059913 -0.07773260334969173 0.22946345164896184 -0.2516526129320043 0.15929796905528967 -0.06434041672184823 0.030851668440279617
0 20 -0.014636400111864192 -0.022046534789282868 0.008410182756245685 -0.05623836314640192 -0.09062335826598243 0.033459377085908994 -0.15627333518242567 0.1109644758931112 -0.04269346075135385 0.009412545822012723
0 21 -0.03486187994647289 0.013431868781741517 -0.012497661290397971 -0.04903651741750358 -0.05716189512495149 0.08795839866691345 -0.009541668668614948 0.00608881105638919 -0.038752673346853915 0.04565804653731345
0 22 0.1765396541760316 0.09583174264974036 0.10004958074296247 -0.2342054942129462 0.0845026847531071 0.12871035123416016 -0.2619783418303056 0.09209287174152304 -0.09382829541883876 -0.03477299996863977
0 23 8.008079550676261E-4 0.017636334789726926 -0.020053498631336278 -0.014903678985462073 -0.04284716678630376 0.013342378307752843 -0.015625430274940805 0.008721699300510151 0.0013819828216952176 0.008302224883844831
0 24 0.10141565623318849 0.02551780480797461 0.051598215062260554 -0.125669565308067 0.08225986990964045 0.11541084663293792 -0.04774983949805697 0.04828161161060328 0.03399310811298754 -0.024116862169276353
0 25 -0.19793967804466056 -0.15454423730111996 0.031171540307848227 0.08517106938945904 -0.04429406808197502 -0.21968534934426046 0.12154881439955316 -0.22479043407876373 0.05092400500537983 0.13350237424357256
0 26 0.07472065453465017 0.08066124015183324 -0.06273385236953656 -0.14269285003240528 0.06573474499393524 0.04916302807487375 -0.07816501270320324 0.008377531569083253 -0.11127353703545988 0.02164808864325055
0 27 0.09923358265177792 0.12878040371817465 -0.06844373864379115 -0.16008345158667925 0.04703647471850567 0.11180544048720593 -0.09494443900506506 0.09894943490856006 0.01930563093604656 0.010755180589617002
0 28 0.007492060087389096 -0.07074817235308892 0.08037644045428465 -0.03375662282497998 -0.003911890432653852 0.011607644954867945 0.014264915235345222 -0.12333149300494563 -0.06365973799056109 0.012683718701527704
0 29 -0.0356427472308446 0.07276441014143975 0.0700209005760864 -0.010381832038453631 0.08224007950816897 0.03022374012280245 -0.06527960534937696 -0.002615138725441297 0.061890559543708056 -0.09589664020024581
0 30 0.07228777757665066 0.003633535609858746 0.025159209080607522 -0.043952446740568155 0.0097994942455404 0.12710587899744896 -0.034875607103912534 0.006706364262878424 -0.026260463754988358 -0.058151359035023546
0 31 0.1332855663318685 -0.0454796335959998 0.05994780235967231 -0.18890865637804435 0.04295903322967958 0.0036090088061540384 -0.16374777244164102 0.12550418376623587 -0.05533915392846214 0.05814224319586364
0 32 0.10782440432119071 -0.0688215845981402 0.027235432267780517 -0.08571833931783249 -0.0664757903168877 0.02012072488741502 -0.12843731177524154 5.286438113521145E-4 0.04534175638106921 0.058622370449328436
0 33 -0.02373288930359116 -0.008729365238654294 0.10252976189546884 -0.09270148410721651 0.07361855621999858 0.1371097022024717 -0.009647636068745165 0.07125268897873786 -0.04640725223898577 -0.015434920825696986
0 34 0.016936790272681582 -0.06619340968624766 0.043529570470670756 -0.055854256622913864 0.05047174574904391 0.0552332323579589 -0.05295229968495366 -0.02495314261287296 -0.06688599334394965 -0.04566886586621392
0 35 -0.006040427731495115 -0.10041090647322673 0.06304274896546146 0.07322912739806765 0.08185964970674017 -0.10451820467785432 -0.04860157504621991 -0.06609522459180737 0.05392020592769113 0.09952803297497394
0 36 0.011110641097864252 -0.03955444411870295 -0.042473719089144504 -0.03960549451170801 0.0984435580320275 -0.06300356608707151 -0.06896700657351762 -0.09941119690896044 3.4663489945582E-4 0.0034983680675764236
0 37 0.0035136035887918114 0.08275650763653467 0.0551174241213574 -0.05054276117241787 -0.0054297143361641265 0.030222392486851126 0.07579246486511394 -0.03281019472554125 -0.018601954724227716 -0.009974989027518201
0 38 -7.598849004441179E-4 -0.07339562698094021 0.05634225143863551 -0.10701405128010658 -0.09831030137845427 -0.02525045070167562 -0.10461879191996869 -0.041674966169418744 0.040599474076764536 -0.09135886181941705
0 39 0.013924867069521136 -0.06745213774051896 -0.018071862486811596 0.024747759700856395 -0.04066131579878308 0.07496368990677454 0.01633035534812095 0.03971172040158959 0.04864613649126435 0.09452322208805192
0 40 -0.0342942138868155 -0.08993085748874424 0.09047622913853445 0.05562937265796833 -0.04593990083900672 0.0028758549421121085 -0.07864760669800093 -0.09027073867387977 -0.050845233113948604 -0.08576050457867451
0 41 -0.14260302314356094 -0.015301741002749612 0.041055675644820454 0.05194101996762176 -0.02919803420871747 -0.14506487482543218 0.07915697794204032 -0.06575764438102577 0.022842709851008648 -0.0018084976446029492 -0.37633585941801356
1 0 0.7526610040075241
1 1 0.5957842297719831
1 2 0.14548652685884442
1 3 -1.1771368954743429
1 4 -0.03607125715339413
1 5 1.1577764872566632
1 6 -1.5892982616580142
1 7 1.0870827574256072
1 8 -1.0284946817670304
1 9 -0.5380271115676725
