## LambdaRank
## Epochs = 100
## No. of features = 41
## No. of hidden layers = 1
## Layer 1: 10 neurons
1 2 3 4 5 6 7 8 9 10 11 12 13 14 15 16 17 18 19 20 21 22 23 24 25 26 27 28 29 30 31 32 33 34 35 36 37 38 39 40 41
1
10
0 0 0.0838394973491356 0.02145478259711151 0.011570625649814318 0.05861685465223145 -0.034371759252727584 0.08010896675403521 0.07785644991664073 0.03729392622578282 -0.06749033839535745 -0.06125418411312187
0 1 0.02224144914750169 0.04037354135782674 0.01833139011472037 0.09609642780163845 -0.0032805297006613865 -0.09945092575936366 -0.07417447434552747 0.0016098180047263485 -0.07840056203724904 -0.03929604942182738
0 2 0.08933347017515525 -0.005851854861737262 -0.014921306592043037 -0.06852601788209042 -0.01981071261234621 -0.03814307528665129 -0.05649078520638957 0.015573964087466093 0.08308018449307945 0.018668636634747954
0 3 -0.07962799727500657 0.030495657528921406 0.010340132636026692 -0.06271711298434984 -0.006541929269174164 -0.035822455539369316 -0.08653281159550767 -0.0880322842964983 -0.09011142560633248 0.017613291256650135
0 4 -0.06646500214252435 -0.07700184840280835 0.04919931787352117 -0.09107283340543328 -0.01541775190550704 0.09759328657329473 0.012509059320636442 -0.06288120259966741 -0.046088607251822865 0.032866059430851136
0 5 -0.0244352713542538 0.03943453829726969 0.015380025246349531 0.0025366441847793817 -0.0766748428673601 -0.09723939772516776 0.09878952424994909 0.08615494368037595 -0.05537797265673436 0.04040358098378433
0 6 -0.083895194163658 0.07357024374914797 0.036377950571114454 -0.01930968910884562 -0.009678098202025791 0.07467580894276131 -0.017485945904092297 -0.07347243818690889 0.03232644462790786 0.018232963704497215
0 7 -0.05093508606036657 -0.09244200782698403 0.016473612122619673 0.057397836203134045 -0.027119492687978673 -0.058861811200980586 0.034642352888941935 -0.07808502526640175 -0.06556330896006198 -0.04962912677542741
0 8 0.007529720198121746 -0.07570384264919683 -0.08909250209761428 -0.02283111592620662 0.03319817517146347 0.025583968644124058 -0.09229994526611104 0.011034875102191139 0.03420015898560414 0.02302447050456202
0 9 -0.06770174196206076 -0.07495614926122608 0.0974182625148766 -0.009643707009484331 -0.018466693027537385 -0.04446322272624733 0.0957936740451506 0.034772433270818026 -0.07056506335999277 -0.09039067570011279
0 10 0.05568374153796205 -0.02340843841178708 -0.09442524214999765 0.023415793095568117 -0.08037245548517366 0.03383236298514719 0.05981375451872057 0.014146969303194382 -0.04686407394570917 0.09344397461596314
0 11 -0.07812404267907004 -0.06349806909077063 0.06925700815946456 0.09408501045874514 -0.029987622058159476 0.03047601859387771 -0.061504457960398204 0.013839734578160762 -0.03764243990451617 -0.04156495632136149
0 12 0.038882929932311266 -0.007540307295152392 0.017345443719058433 0.06451829466607997 0.06865952033561569 0.07421496296553007 -0.03928625701268909 0.02811679143512643 -0.01791785909060992 0.06665808290288584
0 13 0.029661597473850394 0.009120507830020597 0.04916889427403811 -0.05551693409937413 -0.07296221508028368 0.08785917939951873 0.08301085678748103 -0.09822884369966066 -0.011206033110288475 0.09424244748061407
0 14 -0.08085202438211987 0.09216006168519975 0.09157662082029577 -0.028529698680571067 -0.0011137021467057346 0.009892309072699416 -0.08257588692099888 0.04145429280152333 0.04648156939851493 -0.024853617201409023
0 15 -0.0670801215130929 0.0030903774079961616 0.05211251032048325 0.03617151361218837 0.018981661624404376 -0.07124108783590134 -0.060225197533732455 -0.0922321923892424 0.08910945508619815 0.09533867161239541
0 16 -0.08922135248978581 0.09455574046773298 0.05771080885389839 0.05578303776055482 0.03317949939264832 0.03578940827069657 -0.059125364824732914 0.04402856816779966 -0.02102419949791915 -0.0886943274206891
0 17 -0.04808727181224086 -0.03446558409283123 0.02377554578924261 -0.016543664823239754 -0.05643949265641337 -0.0855760796697945 0.022983374104594907 0.01960769525066943 0.0840117982859758 0.03497057252676386
0 18 0.043735057533036546 0.06737997490422018 0.07826167574473095 0.020424546654176607 -0.011730883032670161 -0.09139612225752734 -0.08327294927059181 0.0674956706665616 0.015252621925739224 0.029965932630517465
0 19 0.08076967821910491 -0.033177703046137895 0.04034518547040899 -0.022695381948028347 0.0033101166644908336 0.0845207707284308 -1.5211090421372942E-4 0.04988786997518677 0.07298190461435516 0.021483218606882525
0 20 0.09783478504848604 -3.1881708076949384E-4 0.007545424433734298 -0.02388098285157815 -0.04673303076060149 -0.029023614382628817 -0.04058984381336791 0.013913395919401486 -0.020942028075634427 -0.03630341125472131
0 21 -0.02209350191840716 0.07765950074056913 0.02489630301486019 -0.05890145616013665 -0.0015610664121777295 -0.08173100160849557 0.05158301207645856 0.014736983948173356 -0.047063846001604216 0.05441885535263273
0 22 0.04539738388906751 -0.08384011079401091 0.020527762122128326 0.07477122029079157 -0.09808284700102024 -0.039700090777103285 0.011999982831312575 0.027441160506506777 0.08385545640086986 -0.06775691390224126
0 23 -0.0338912909643408 0.03641189654196017 0.08336812060082169 0.02063384726905483 0.08988494700168975 -0.08649604384669612 -0.05521414124066724 -0.06344268094849907 0.06262762099738141 -0.07781126471129268
0 24 0.08839037839610737 -0.056498267478302264 0.009227981711567603 0.035737767105433624 -0.009414557817779239 -0.008110600925094405 0.014640130470024557 0.016313022203666885 0.023918735240583234 0.004936988251905871
0 25 -0.028516323816417524 0.005311639353375599 -0.0438639018560857 0.09415148083696233 -0.0038573911604723103 0.00841544031030602 -0.0889661914034478 0.0479772517961054 0.0627380065244902 0.06921767895898319
0 26 -0.05359186054557084 0.08872466767968655 0.0376962824639057 0.0319777781303202 0.0989884907768789 0.09036808967482242 -0.07622183114729583 -0.08706872737164506 -0.06460342463951893 0.0012617391198407213
0 27 -0.05009867741688923 0.09809889860642297 -0.09214962051942933 -0.05207146283093166 0.08130372361297733 0.012249326505485984 0.021266596144584923 0.02247848057179497 0.0820126598248475 0.09749625882648953
0 28 0.04669947289215428 -0.0410987768782241 0.00731597893894978 0.034124135721309054 0.023339680164488025 -0.08387587545804337 -0.03625651334897876 0.011643865882983094 0.06787796497184016 -0.01810283069633021
0 29 -0.029335440532225962 -0.046813425379556316 0.033456168093519964 -0.01153704452579187 -0.058732639648948023 -0.04361996576705725 0.027372092155603323 -0.08904145160715335 0.07113119473312676 0.06209261870998379
0 30 -6.543255830426665E-4 0.07291664275482068 -0.022884377050645575 0.04878739276277605 -0.06358001806238942 -0.08715959632986098 0.021643231473020438 0.009250120222733162 0.07071944127198676 0.04074020638351561
0 31 0.019591754576295035 0.0704298554869329 -0.07598942377024734 -0.03082785178086699 0.029845924842026098 0.08892384808462625 0.07901353239899118 0.022433066431523672 0.07902492638995398 -0.010319709267953926
0 32 0.07167695232419091 0.06823574697899719 -0.06686914122134092 -0.07416585114933275 0.046562735890002586 -0.02929132342443818 -0.07683885277346213 0.08940264988400937 -0.04729180647161072 -0.04560744262370987
0 33 -0.0702955895103582 -0.07583264361050232 0.024977291128287567 -0.08401548822555273 -0.001435480921216534 -0.07862091725428247 0.014683567325281123 0.06003040009099304 -0.009910651250439767 0.015027859945341048
0 34 0.061044233565036146 0.0904249403316988 -0.08423376123970447 0.004921306900286301 -0.003336789417489878 0.08338096159994945 -0.03933876528880687 0.07030510508657097 0.07657506477685337 0.014425496630822748
0 35 -0.02007999668413874 0.06269964643124769 0.09780171457707595 0.06849695934579594 -0.023095695296532624 0.09196527302572563 0.08428333684688055 -0.049588861400302865 0.029532860758792932 -0.0853617034523818
0 36 0.09360649465183249 0.07417061670148162 -0.053327821332245784 -0.0011125654573252636 -0.08554220294349103 0.06661060919354954 -0.040073621415494 0.05765275431330927 -0.07922990643850707 -0.07001735956663312
0 37 0.09610083887498669 0.01630847837950058 -0.020257339248454048 -0.07043577951891922 -0.08828912853352364 -0.07333862159135462 0.07802277084565643 0.0078096543067357966 0.031138152570403206 0.07494982056337064
0 38 -0.06509022413747961 -0.013507115672921621 0.06976922601027452 -0.06854763628794663 0.007887482619532362 -0.07037656009288135 0.07489372791477089 -0.042278818803663576 -4.8447845972733773E-4 0.039429325590932415
0 39 0.08891280923361722 -0.0858036618718272 -0.042018344368950446 0.03453069990022732 0.0012721579766987216 -0.02546968298599936 -0.09216344192809424 0.05553546700894813 0.0853513366453975 -0.04884350821246899
0 40 0.0788780029284603 -0.009373831137837267 -0.09934502193700805 -0.03546225454209704 -0.057920533960911846 -0.05839242972812045 0.0391665332336241 -0.0532899901522947 0.05465851965917647 0.03610195881343323
0 41 -0.030773832711426006 -0.09532600049459769 -0.06381679063925756 0.04865750710057854 0.01895182382574556 0.0178959302713539 -0.03936149655771308 -0.081985452345454 -0.016942742047037985 -0.08962192151046164 -0.059295646846294355
1 0 0.03268455713987301
1 1 -0.06392742693424204
1 2 -0.015233528800308736
1 3 -0.06096402928233146
1 4 -0.08164384961128156
1 5 -0.003176510334014917
1 6 0.05637512728571991
1 7 -0.06110737472772569
1 8 0.08970180153846798
1 9 -0.06830043345689867
