## LambdaRank
## Epochs = 100
## No. of features = 41
## No. of hidden layers = 1
## Layer 1: 10 neurons
1 2 3 4 5 6 7 8 9 10 11 12 13 14 15 16 17 18 19 20 21 22 23 24 25 26 27 28 29 30 31 32 33 34 35 36 37 38 39 40 41
1
10
0 0 0.06274056293424386 -0.062476985762361104 0.0269276508020948 0.04379127805194168 -0.06774161655147991 0.09638523198949019 -0.09371555222517941 -0.014494812370288254 0.001504579599605937 -0.0472540833332501
0 1 -3.058014163214155E-4 0.04192495044182645 -0.09184157722678754 0.09276708064615273 0.09678684865925527 0.04095720066810935 0.013124745454587482 -0.03130862037538424 -0.0693390444326708 -0.018838122969580488
0 2 -0.037890286002590465 0.04098471741055458 0.016203233828911916 -0.02871124093510446 0.07226291671074514 -0.02658761636077875 -0.02372936422510565 0.0540927603765623 0.03129342449369633 0.08370500632337423
0 3 0.01845629969233537 0.08712890507889999 0.07382716107584533 0.01155062182123088 -0.05257522555029442 0.008657037803182879 -0.053665704458126934 0.01642413696873404 -0.08586006187519897 0.05799807567842376
0 4 -0.03029098498567838 0.029778959096858282 -0.042274995518864204 -0.007269060294446555 0.054625188981164176 -0.053149082437894825 -0.049573684026345516 0.018076074264687342 -0.06670578177017397 0.008951886995994378
0 5 -0.02477420161786432 0.0645023779679222 -0.038756363917884354 -0.046338495195903856 0.022844104188992725 -0.05001986643492348 -0.054598303819116976 -0.09613068232246642 -0.0553277890481263 0.036450009657831586
0 6 -0.04100846324131483 -0.020999490869628927 0.07266935765333492 0.025056705827423635 0.05945532108705881 -0.036824705539580414 -0.01923296527077591 0.0019615810684324346 0.018813035746791332 -0.009145424430559348
0 7 -0.09459376634531752 -0.06559663958677016 -0.09425526714573071 -0.043629440668289804 -0.0965933669897894 -0.003922226493107236 0.023044398234579173 0.09668987717392619 0.07998403753077585 -0.07905482062442963
0 8 0.00202059645122766 0.02982445869280978 0.036234904698704135 -0.005609051628200452 0.028600962040732408 0.01856867617163458 0.09057382609951238 -0.08180129140470144 -0.01237475940563492 -0.0065154717525614395
0 9 0.01526181957434383 -0.042151986668227164 0.0340267351241499 0.06347246816619864 0.07873524545041534 -0.05450269040177767 0.041961991686784356 0.06662989081221943 0.08708665761932137 -0.07285928468283016
0 10 -0.062258011229988613 0.07460407958052134 -0.02025861095622354 -0.09781719866040638 0.03627539193051165 0.00517747806612243 0.044076057227033345 0.06207861839352838 0.022971081770437413 0.05820589215385927
0 11 -0.04495332630572451 0.07947199373370362 0.07112551650605808 -0.0498811578278351 -0.048249628033803074 -0.04771406170091572 -0.01607887086705117 0.03505215256909627 -0.08491507681533189 0.09206828352916392
0 12 0.06226271111952019 -0.09951067980791088 0.004159336836607693 0.07367729489013788 0.08829392491619274 -0.09755835383071433 -0.0750465900085432 0.062485686038682584 -0.05134267405692854 0.09566209788789476
0 13 -0.07904758424322386 0.09326140563554294 -0.07373959499434593 0.0578802303235811 0.07332018559516543 0.0816578222023593 0.06563457728581405 -0.07554071674707895 -0.09535844700114339 0.07369484083296991
0 14 0.07701635219218751 -0.0990046468436199 -0.0882704527725686 0.04688213599386527 -0.07107764071913723 -0.0797716332970526 -0.04775859968050184 0.0549180940466718 -0.0836999656556465 -0.06433222585026083
0 15 0.030864294542036978 -0.03381840515809747 0.0655613417918956 -0.014958442270088844 -0.022942751870005714 -0.04596910527316121 0.00322739781349534 0.048160804614736534 0.026271906897937996 0.04179435955724067
0 16 0.08161464973772675 -0.09312659504629374 -0.021532243942509452 -0.06102305659522683 0.08063840256015688 -0.07242507229722579 0.053807615012092504 -0.07890308525695652 -0.09563777695550955 0.09857236276010771
0 17 0.011913344204021991 -0.026687854619116068 0.03341878845592755 -0.061558152863779476 0.002210940860498397 -0.08013281399127417 0.06351258715127102 0.05500206288326367 -0.06621298549319202 -0.015272644674735917
0 18 -0.09742443073245075 0.051630091621189776 0.05543259975877502 0.0758853354268561 -0.028642766833735397 0.09199512727995693 -0.05569807767594517 0.08429274266554078 0.08958303447263673 -0.09518700650287942
0 19 -0.04852790094641503 0.053520553965001647 0.07304788777324213 0.03464252242638591 0.008036854355407215 0.02691370383987197 0.021251815851541914 -0.04791531182178662 0.0575756568989178 -0.07942099954754434
0 20 -0.007108545971660522 -0.06526711156818726 0.052617624733821235 -0.06376971573068875 0.019734030101280702 0.04875551603258303 0.013721153532070571 -0.07425615405575396 -0.018889872803093042 0.0308697807985058
0 21 -0.00661011369572182 -0.03108491806567906 -0.04165307235400342 0.029543517061112173 0.05528277892749211 0.058969719827900766 -0.02854447734457202 -0.09535577060630933 -0.0781610204809223 0.045170595507849964
0 22 0.08616430153688374 -0.015618462642145642 0.05766827573200195 -0.01409700515071468 0.01865031237826265 -0.06010793161128613 0.08905567720009215 -0.048433153026976615 -0.04125164843234448 -0.0036880424184445658
0 23 0.0054775971251922245 -0.019862657604736902 0.03601708107455969 0.0020070884599184043 -0.043628704684070686 0.0668782216907222 -0.0212810699656491 0.028406011418031164 0.09609113021555357 0.07013865980394204
0 24 0.08568777742404438 -0.0024648267643336223 -0.09562493950480067 0.03426206227845304 0.07907031381076 0.05362794748937182 -0.08939596882270408 -0.07657078975006737 -0.06339746225748162 0.06661818385347526
0 25 -0.09097994275459757 0.06294767603359974 6.700959385254989E-4 -0.05037918435469655 0.04349436437122692 0.007474133223229815 0.09596784977522217 0.05603783819597906 -0.08672526788307586 -0.06711469805682481
0 26 0.016454485822873677 0.046727714236548396 0.09896043332591038 0.027200018679322886 -0.0864210409865703 0.08457261361688388 -0.07442489357171911 -0.06595269195611078 -0.08484836939228305 -0.062455204227210875
0 27 -0.005020606748771752 0.02917487078214747 0.0846559312487385 0.04973081015425148 0.06054918399084367 0.02665071705396367 0.035514761078123576 0.06308341224550246 0.0968080083638174 0.08094408542836042
0 28 -0.027948864404696072 4.8652464867438694E-4 0.07790090671732454 0.02203032221455807 0.07642185449605597 0.09611245131348468 -0.06798781198589134 -0.022554263724309593 -0.023663857005723116 -0.06342650134791143
0 29 0.03378350884513315 0.011381185692037417 -1.7719573683449405E-4 0.09486661603301463 -2.9399477124318363E-4 0.08671926933597686 0.0688839917368425 -0.07694466431022921 0.019027200907445294 -0.0732308992810342
0 30 -0.04737238006103554 0.06163215643457367 -0.040541176346711914 -0.033095858162229846 -0.028047914746032174 -0.00748521171675666 0.031383451291763106 0.045352003532516186 0.009816589215123404 0.06639420767998734
0 31 -0.039257462414875585 -0.014077835685528502 0.014027526400021348 0.04611633112253065 0.0894105734962246 0.052192586714500076 -0.08225124831703168 -0.0223816728022911 0.09057052579479845 0.014972094627300987
0 32 0.04361260539584047 0.009641111913309025 -0.03929464740821431 0.02461404397207841 0.09550623887995363 0.024890198656188148 -0.037610946878385565 0.03597864057485844 0.06297291258288544 -0.09494665491169857
0 33 -0.08130401170384023 0.042190135106231846 0.08941572611079678 0.06463762135903496 0.032990664984704855 0.008519747724701534 0.06384864040882467 0.06040226299121184 0.06791813858791361 -0.05306330789548931
0 34 -0.008710748601785808 -0.05196467159107026 -0.0688324711384523 0.06360333001672445 -0.03606492550675552 -0.0332420557002603 -0.05057751107992403 0.05140606504264888 0.029902877234280582 0.013195333816944656
0 35 -0.015717270406029084 0.09473113355828884 -0.027338236252654604 0.0665756445325963 0.07701489240758773 -0.017710046437463857 -0.052725311943408085 -0.045722048048435895 -0.03514567569313767 0.08301134176408087
0 36 -0.00554082032592027 0.09511018969041911 -0.06597690421301514 -0.05170833922546852 -0.013868746006078231 0.04260554229599407 0.05466689558410847 0.07678487488419752 0.04501497038023342 0.06307718102537949
0 37 0.011790000607093048 0.05353511276000596 0.006741232054346953 0.02375735653610941 -0.02078635703366566 0.043865775341371926 0.08152018598839869 0.023637537577423456 -0.09459220514385829 0.03186067363766361
0 38 -0.014462471008300781 0.03414391726255417 0.06750963628292084 -0.03824363276362419 -0.007756173610687256 0.03283592313528061 4.871964338235557E-4 -0.0470527708530426 0.09169093519449234 -0.09651030600070953
0 39 -0.06833425027055383 0.04984478565600079 -0.0035989013405158038 -0.08839612055433758 -0.07443363167328029 -0.01509978197094968 -0.04950843999376155 -0.028511324881643596 -0.05621502908409813 -0.028591253151818527
0 40 -0.023777740485046765 -0.08517105248966743 0.06321399877468623 -0.0312915505085976 -0.03045746509438744 -0.06192268764536208 0.03069799395815551 -0.0016838061543136996 -0.0867186662036723 -0.08708216509742017
0 41 -0.049118059882305505 -0.06989501469034298 0.04413051508268881 -0.04094277033296223 0.07237544424802131 -0.07900082728693693 0.02549407683264053 0.014213810105606689 -0.07969612775062963 0.0715511019586742 0.02802516147494328
1 0 0.02148132398724553
1 1 0.09148544818162795
1 2 0.08056665956974064
1 3 0.02419432438909986
1 4 -0.08849196135997708
1 5 0.025426274165511277
1 6 -0.03611360117793051
1 7 0.04131876677274708
1 8 0.08261832594871596
1 9 0.01735534146428096
