## RankNet
## Epochs = 100
## No. of features = 41
## No. of hidden layers = 1
## Layer 1: 10 neurons
1 2 3 4 5 6 7 8 9 10 11 12 13 14 15 16 17 18 19 20 21 22 23 24 25 26 27 28 29 30 31 32 33 34 35 36 37 38 39 40 41
1
10
0 0 -0.12283351456199108 0.20625664860081108 0.12780348846640852 0.050703977798156726 0.05921520431031184 -0.24101480914781803 0.31861058763176103 0.23047118273056266 -0.014873773647992533 -0.1312289013437561
0 1 -0.07064886880577795 0.21314600267750844 -0.017716536909481048 0.02015934904081717 -0.058321807721646184 -0.12641064316892567 0.3505504187432308 0.20556674668396038 -0.1264348314263486 -0.11426179477713062
0 2 -0.33148017780345196 0.9509401733379215 0.21809909732693447 -0.07609829587283949 -0.08160154092380026 -0.7983626326844777 1.2440334541882447 0.8415298252134435 -0.34723523708634935 -0.7343835389346909
0 3 -0.0632687326067321 0.23033530902109492 0.1209094627258127 0.06140432975979663 0.05331546136008128 -0.22570592951531632 0.3945071439706145 0.25429611199599234 -0.020132185000077733 -0.29959989386821384
0 4 -0.01610955087392544 -0.28206914312152875 0.0460972668550399 0.031245154203323366 -0.046491920204610945 0.055629344516464486 -0.25622592613894424 -0.1074089738493311 0.11485637050867718 0.10668911919069884
0 5 -0.04189364202471771 0.36292068851356424 -0.03487842901088643 -0.02283281065192933 0.023247557705553507 -0.21525799127753667 0.4467502399928959 0.37795082736389723 -0.11984758168283184 -0.28418903893185543
0 6 -0.1621000268875785 0.11697463636125185 -0.04493283214063306 -0.043983624108146775 0.03976113762966588 -0.09204489348192404 0.3373573169725274 0.2379577123852782 -0.14221838375366394 -0.14543215475308072
0 7 0.0939763910891515 -0.2046634862742949 0.042852841085745844 -0.025972749226185428 -0.019550753298488502 -0.017798451145274865 -0.22344048372049946 -0.05120797260090998 0.010141103827599997 -0.02938380914679298
0 8 -0.06301075879492492 0.042442086756687564 0.06306394709227554 0.043256284403566436 0.0975368244293716 -0.07483990324735998 0.14493869533969192 0.04697479932902563 0.03686088835009081 -0.04343554678388252
0 9 -0.16523085784817068 0.23976616091944625 0.09211068122270367 0.036741024395474615 -0.019760329879192986 -0.26927708743007145 0.4946672288195319 0.34410294322074936 -0.16617519332671057 -0.34247859338490183
0 10 -0.04547065443761551 0.2871752076712084 0.1116047534197086 -0.08793263290862587 -0.09487784862569677 -0.12777108548052232 0.26866133609836307 0.29731298710825893 -0.12608387610465377 -0.25412716452344936
0 11 0.09257861776990718 -0.0926126017442196 -0.07535051359179255 -0.0023591030384436315 -0.041561935352313936 0.03489372948915115 -0.19846231923217186 -0.11433943591337857 -0.05635646890427392 0.12050177717237513
0 12 -0.053361009055742606 0.2570225483600117 0.08109456197168873 0.002831621036043863 -0.07933430087145737 -0.30276810598391957 0.43341219612234017 0.3074372856741884 -0.17675881164940505 -0.25621708594254217
0 13 -0.14885998635811612 0.33989563119571065 0.09736280711504246 -0.12621626008892897 0.07543767280888272 -0.3368440690608317 0.2336057553273565 0.3083502857819943 -0.11972366930943278 -0.3289266835367273
0 14 -0.08449536844838788 0.14250887630705075 0.06896877276250026 -0.030433888598484535 -0.06565372912212356 -0.17961893033642898 0.38457007104860313 0.30017038735921675 -0.02016596766119973 -0.2497561238260734
0 15 0.014727891375728884 -0.06178469862758156 0.020760267803403645 0.09304986211870353 0.09690007424775088 0.10160742980675302 0.013779683148901363 0.025893155678120155 0.10802195699883403 -0.05396846845977836
0 16 -0.028865566539188658 0.0990316410926612 0.03963312405111963 -0.0909381621536083 0.02904573503163063 -0.06530515891301818 0.0896450404246425 0.09712220895106001 -0.009088629233704052 -0.17605040679356498
0 17 0.05075606380936975 0.11581352258007681 -0.06643247048660092 -0.10255989344853648 -0.05594225803770784 -0.08257191555114166 0.056851632942727374 -0.007943915708870462 -0.09588044486691148 -0.024625944155000773
0 18 0.006421222691671757 0.26949838321555475 0.04716923969824136 0.059259048192838136 0.02254642036528786 -0.058843181310751065 0.1484303114767363 0.09451116980533475 -0.12225099734367387 -0.10367158892431234
0 19 -0.13560447756185215 0.19631311329495527 0.08799908962262099 0.04698395367508443 -0.024758592281648048 -0.1502195704562746 0.26866664241944627 0.04829540623694997 -0.1330928076697319 -0.1676857151866154
0 20 0.008774483094431068 0.1911572683653219 -0.017231801319118 -0.06885878995599097 -0.08826384296867552 -0.04999974812013114 0.25179720780167775 0.08065996288512511 0.01403946973765626 -0.17099655108876063
0 21 -0.06367113183870507 -0.010008185610243475 -0.0328697421743642 0.016237884279717296 0.028481674009783957 -0.07234048181410493 0.13026699328905073 0.11116219800757249 0.08339543173842044 -0.08953886289799846
0 22 -0.1581310459682064 0.16161916951963484 0.10655229074593323 -0.025505675095908294 -0.08770198323258399 -0.10840155640964247 0.3203519082428065 0.12044718437366222 -0.09041028079051455 -0.2292788002695958
0 23 0.11720658029241608 -0.007262165405466315 -0.09069795295980047 -0.006157866273889764 -0.09197019484948457 -0.0014031011523737446 -0.10618851672597145 -0.119748984839732 0.12187647567037418 0.1371324660838128
0 24 0.029812865486187227 0.1772717796216648 0.06402936497992537 -0.10308970092350585 0.04639212669416708 -0.05434175858504585 0.16585297257234752 0.029775991817619276 0.014724686385224851 -0.09240610469579315
0 25 0.08117967074749215 -0.22911908676365053 -0.050441569719775384 0.10689260605082057 -0.06774602704440703 0.1686993230337499 -0.4027140536580584 -0.304865111808418 0.08212641950542204 0.20159971533572288
0 26 0.056661049252903065 0.14838612308601257 0.06139916298443864 0.0060619917559834 0.02958657567344949 -0.1604618645942879 0.11748981688384794 0.18904551777864387 -0.045579666762007164 -0.18593387533256261
0 27 -0.08684611228412152 0.06281656851387939 0.06722940338559948 0.08465539124132557 -0.06600245024639172 -0.06927987330766243 0.2323892667558034 0.07897907657434666 0.01966169166852791 -0.02203158432869724
0 28 0.06223322036559863 -0.08081267688058172 -0.04404119683622342 -0.03650581459348748 -0.028344280859008635 -0.04458095242977209 0.03733390457648802 -0.0019043820109371776 0.05458347613650529 0.08288768248092881
0 29 -0.015193076848003343 -0.013774932384267417 -0.02479016243409168 -0.045576330233619684 -0.03802422658649162 -0.0229964066720831 0.03514383059994368 0.12229140151839918 0.0032292362490719895 -0.09648929364636737
0 30 0.03133464633408939 0.1202332713198059 0.075226348148969 -0.041708729632740194 -0.09682519122003438 -0.03874690104744553 0.1235587545991099 0.02579203356444031 -0.05854105963445433 0.028923909590825296
0 31 0.048249429893847735 0.020664284429999416 -0.06523050464379648 0.026393185685988575 0.09396205442539982 -0.12167418031848942 0.0747181382375623 0.13279352943030792 -0.12371147895355998 -0.17118217752194148
0 32 -0.07180549256367315 0.019058671958078744 0.05387144253821445 0.04753546674783018 0.07680928294400098 -0.05262281813213986 0.008738220114615206 0.12532078046537365 0.053230088868960794 -0.13002860984725728
0 33 -0.0582431949163083 -0.02703243986863154 0.005196090294722477 -0.06886799944773901 0.006133686037025699 -0.06529048364600759 0.10275654038436993 0.10681979854523727 0.08314660959123298 0.034264649503333404
0 34 -0.05209077922383954 0.057568567456040505 -0.013872955083516648 0.03777036790912297 0.09515840606530648 0.058449118304281 0.05376767211834812 -0.06130481487220606 -0.08953236608261367 -0.007089936775139022
0 35 -0.0025330356251788535 -0.09974377622018568 0.07359903061710076 -0.04403349708162118 -0.03472004287894098 -0.0644068714016986 -0.11885119560559015 -0.11247103026090768 -0.05032254456383342 0.10157756811248143
0 36 -0.041711233293158616 -0.06233880710791688 0.03690263394031438 0.09123876655909498 -0.0499326140095425 -0.0034662617891794917 -0.1746340703103681 -0.20427489198583174 0.04097696868514864 0.0572408605812323
0 37 -0.07304050047747399 -0.15017382091957093 -0.0681005322812823 -0.09439561119425204 -0.05156903711065467 -0.052292912283640365 -0.1671832803320376 0.024322986277879908 0.0446565812071194 0.034391428201408086
0 38 -0.08218146479403142 5.326791970770171E-4 -0.08596684771599424 -0.047555094904835574 0.08551289714105947 0.07552497428664007 -0.004843411228358476 -0.07585185712746899 -0.09425780253861814 -0.09539712923179797
0 39 -0.020535661141080335 -0.05334325578303495 0.03269345166741455 -0.011927298094413853 0.026164126299309354 0.10002032062745288 0.038070945902740884 0.02729395703187049 0.03592145567061063 0.08122329374239738
0 40 0.05710748961088477 -0.1423353430022545 -0.021349186122211594 -0.06898831689799473 0.05138661843256524 -0.02400712582441467 -0.20660970381591975 -0.15120913411632295 0.0392922170252754 0.09687220471905629
0 41 -0.06320799915800647 -0.1410033252658635 0.06562188152342154 0.02125273075238513 -0.09386186461559741 0.04336152231903945 -0.27304796959193117 -0.10215402211867383 0.08266811095653954 -0.02560084903107973 -0.4482744056722373
1 0 -0.5887691817292674
1 1 1.3005517140591158
1 2 0.20399109988034597
1 3 -0.22234582720759283
1 4 -0.15621715827615798
1 5 -1.1585825238274159
1 6 1.8298503419860253
1 7 1.2531421710941906
1 8 -0.6568182896185224
1 9 -1.277339383626161
