## ListNet
## Epochs = 1500
## No. of features = 41
1 2 3 4 5 6 7 8 9 10 11 12 13 14 15 16 17 18 19 20 21 22 23 24 25 26 27 28 29 30 31 32 33 34 35 36 37 38 39 40 41
0
0 0 -0.051163245909784855
0 1 -0.037177457509041154
0 2 0.02983254658683003
0 3 0.02444530495846141
0 4 -0.0200024965742044
0 5 -0.06819061296353497
0 6 -0.004333050769168516
0 7 -0.08646608431542593
0 8 0.017019073366318613
0 9 0.03600026694153468
0 10 0.05586546859920426
0 11 0.008096977931973408
0 12 -0.06876758794368505
0 13 0.010424244382449748
0 14 -0.01445312815834478
0 15 0.09140906365276225
0 16 0.049488336827092236
0 17 -0.05158377688496382
0 18 -0.06928399957345813
0 19 -0.011146239654915568
0 20 0.09393663876840967
0 21 -0.07421687917993453
0 22 0.04379381894555894
0 23 -0.09621745796428724
0 24 -0.03325058791765047
0 25 -0.002184234714799332
0 26 0.0654827140505103
0 27 0.019897373384733092
0 28 0.02116938748094332
0 29 -0.034643261440394084
0 30 0.08176330377899776
0 31 -0.03474518688749266
0 32 0.008690196653297452
0 33 -0.09071274820740101
0 34 0.04430218913975873
0 35 -0.03686509688671971
0 36 -0.004466281273434424
0 37 0.03122541603599008
0 38 0.03323104190502181
0 39 -0.012438490370223756
0 40 -0.08385219553507008
0 41 0.03489270061254501
