## RankNet
## Epochs = 100
## No. of features = 41
## No. of hidden layers = 1
## Layer 1: 10 neurons
1 2 3 4 5 6 7 8 9 10 11 12 13 14 15 16 17 18 19 20 21 22 23 24 25 26 27 28 29 30 31 32 33 34 35 36 37 38 39 40 41
1
10
0 0 0.09710646550981628 0.19770143663199855 -0.15891491542842565 0.014789025947424834 -0.09802883872799893 0.13335784819684293 0.26341540470056124 -0.05974689012010418 -0.01651244528202251 -0.09698500959919426
0 1 0.11485881680655724 0.3026987170513972 -0.10154485379767758 -0.03268316372602473 -0.09746824952716629 0.2243929804808665 0.20256195571919458 -0.2336356548739158 -0.0791743458190482 -0.15078375448123463
0 2 0.4219623457815916 0.9304242535217434 -0.5786462644621609 -0.24070708329487167 -0.41354391493064363 0.69062719915073 0.8410058028112036 -0.6615627339709865 -0.4743743293447449 -0.2201660222374486
0 3 0.23115207461673043 0.4112328088361015 -0.2814660448499202 -0.04983252843215025 -0.19014745202624797 0.22495060190086433 0.3586286655648704 -0.2604793077550991 -0.2540528595650638 -0.10919235672841744
0 4 -0.008493024287274584 -0.15299710805045788 0.12749284851150788 -0.014144792011663791 0.025022771094070504 -0.16119390774717443 -0.1484857647303097 0.18259028872000613 0.08353293261490136 0.04508427846113969
0 5 0.13042459877493182 0.3853591339127116 -0.23901241815749144 -0.16094387033572458 -0.10405467978262982 0.19673605062535385 0.24874825316618782 -0.18146379480400038 -0.16416529389604775 -0.1412924631944189
0 6 0.19388605355698135 0.1859829279919038 -0.12793241014015083 -0.09517320915998415 -1.2764170600103853E-4 0.1902066332051961 0.2872246105457649 -0.10872827803269036 -0.05995079917971447 0.04200978093113358
0 7 -0.051007924805927474 -0.12260309961924322 0.01752633959998856 0.05988607935029629 -0.050814508858935556 -0.12370083184581958 -0.19151558960872034 2.851499302460362E-4 0.009210873724839065 0.010428213638233973
0 8 0.020296908330030422 -0.029684238932135842 -0.04083401312978596 0.009381498240733633 0.0028046611804907217 -0.045582077248239074 -0.029834798443476366 -0.11096223642838002 0.015846896820030133 -0.07934642436598803
0 9 0.0693957736833077 0.39094692004703957 -0.1789132780711087 -0.12612823306062995 -0.11827115263504642 0.1964683955118335 0.32566902270833553 -0.304367374303225 -0.17387772700709048 -0.1788705415401898
0 10 0.1091981881522481 0.21010099925828024 -0.14282592589188148 -0.0023747439078570286 -0.15413050949897247 0.1991418903659346 0.19828045475145736 -0.12985781715839523 -0.043877777134209255 -0.07766040129532951
0 11 -0.09564788348162549 -0.17880887219441963 0.14459917065681613 0.13017149531376038 0.034229750579476366 -0.18518890608269623 -0.0879880314651075 0.19311268789479377 0.10295036666337871 -0.03405540764493545
0 12 0.1513770358724163 0.320097017232512 -0.17815085239747608 -0.16053519879195763 -0.08637229180314601 0.2108088762773202 0.16300524470203173 -0.22550958300237442 -0.05630703546685726 0.01863829335810225
0 13 0.043195272360594714 0.3219088318117072 -0.15643569430616783 -0.08714337133597269 -0.20146269446239287 0.18362224690243484 0.3327297338711967 -0.27213704298322244 -0.18524431000659974 -0.09301173734236641
0 14 0.06301445340540393 0.14601497872381136 -0.19927011625599456 -0.11027875132058687 -0.10274979045718294 0.2505280287978764 0.2112149522064325 -0.10867664884880565 -0.2002722146356841 -0.03355610124344931
0 15 -0.10548631352032413 -0.14617866938388585 -0.06597629911302276 -0.04878498602954507 0.062313246581753086 -0.04671877816756929 -0.02504726313560273 0.0680254857477017 -0.0636837092634202 0.04403059657156815
0 16 0.12275306780814826 0.11232400372367271 -0.09710559775879463 -0.024013976120246795 0.05728759683852466 0.12442469304428333 0.1194182978929577 -0.1361780463450772 -0.05135940210294878 -0.013008128052900898
0 17 -0.009397063137022462 0.0604010799437 -0.14016005000690113 -0.07522331311088815 -0.08693740124795353 0.03828978856640924 -0.021860665245933546 -0.0047631440249492445 -0.011269895977673111 -0.09459374036019225
0 18 0.12074130663310004 0.09923916010212659 -0.15541650256824707 0.03742892841638771 -0.04033505716954999 0.23470830832442313 0.2107606625837607 -0.0893900052862625 -0.10439548959470131 0.018022920923539482
0 19 0.156528393100118 0.1323749244574075 -0.0733364969780102 -0.09557990467810965 0.014944926304671065 0.09888805254628194 0.11725501768415686 -0.19589010222207373 -0.10337584742082309 -0.11552391495324275
0 20 0.1250678196914018 0.1667355878456049 -0.07657687036631124 -0.0027941330508383967 0.009022982041844315 0.17975078879070208 0.09483828326653129 -0.15947863895522849 0.0021460862274120785 -0.05084639087771434
0 21 0.024140679529701756 0.045272645559214925 0.017016846655059408 -0.09892734878894553 -0.04832551154947139 -0.07444751556413283 0.0325419568169897 -0.027275967215321804 -0.10979392895105439 0.06138753011308998
0 22 0.12186801772267632 0.17272223831437925 -0.051072819993288755 -0.150346526704011 -0.01939013951597163 0.1357397140451957 0.2785295437023693 -0.09221507754942403 -0.19028320446563002 -0.12913295928379215
0 23 -0.08065494769716244 -0.018838857197355754 0.07139776216965918 0.05573597051552283 0.06893107018351403 -0.03778842518039556 -0.1690546616957016 -0.06385740298306578 0.07654974666607532 0.10028323731336639
0 24 0.07429093141603402 8.081471656517633E-4 0.010401069989105418 -0.06901780389142129 0.03023531524218723 0.06860989679640728 0.09124583387928353 -0.11699352009814819 -0.09796439969410675 -0.11739094009713104
0 25 -0.0937052571991736 -0.1756800136265261 0.0037996698337802717 0.13031629867554773 0.08754214714103416 -0.2364695461514858 -0.1198335371295315 0.07396566545890852 0.1024806725704057 0.06722028637904785
0 26 -0.03411324781452167 0.140980905237504 -0.1146542251177794 0.014304744038143965 -0.12284666105467476 -0.013932322200258236 0.14029629428436058 -0.16028042827878924 0.03004724613869993 -0.1278811955656039
0 27 0.14942793873906934 0.15525650803725616 -0.11426032893155441 -0.12802188159540875 -0.10144817594490521 0.1424470673629119 0.1782475972873445 -0.07074953606878043 -0.10098107754626237 -0.05558222420166376
0 28 -0.12630676362498877 -0.05466884894750797 0.12022544992006252 0.04969378912091027 -5.112772909290329E-4 0.003048127647939034 -0.04873050934387537 -0.04961769607223334 0.01362103574090559 0.011104138681894103
0 29 -0.007602384525298358 0.07037233655018206 0.07148507724427192 -0.06622710843225144 0.01003929767159072 0.12160326448799184 -0.061697084980607705 -0.09271309650988047 -0.010745206957668155 0.03463216093603364
0 30 0.05122122022569137 -0.016804635393821193 -0.0662548459147591 -0.016851337577191598 0.04902985671172771 0.12446640785431963 0.13132850183862962 0.011292743145117044 0.041214648940171794 0.021870356254498173
0 31 0.14664698693431816 0.029916934318600055 -0.0018389830616333622 0.025323584307460015 -0.07510092108972771 0.16618695271496078 0.15786628936762706 -0.06525425431239602 -0.0936582296765637 0.029037466971565246
0 32 -0.02310980881324727 -0.02943209994029523 -0.07682620918572482 -0.019790837849527954 0.05094699118097094 0.041449582579732545 0.09095750946286606 -0.05459578404386619 0.04423785157368146 0.04264634124908031
0 33 0.08055872758612635 0.043678827313538435 0.004928435379975071 -0.04988611906194445 -0.10099272561190611 0.13431840356749106 -5.1624538393256524E-5 -0.019476953553215895 -0.1188768833600439 -0.06511015011868934
0 34 0.0222770642109052 0.052516616293436805 -0.0686865959866606 0.07561871010713889 -0.07467475644878906 0.07500307401486325 -0.053389733777882246 0.07469753241882439 0.045599110709889694 -0.06716678499047565
0 35 0.00410337819760392 -0.0937565462512402 0.009489820541885066 0.005183613927878824 0.008075029534928668 -7.786187026481853E-4 -0.001079735705522499 0.08650923129054831 0.061727817931065056 -0.016402162390804154
0 36 0.01593134080095975 -0.17757521094110915 0.08999891863772908 -0.04648095347440143 0.08307666936206595 -0.10597114206937357 -0.14944968581721363 0.032434539179942073 0.0533353929900996 0.09640945804358139
0 37 0.05948498794485424 -0.06390279048834267 -0.08877735856422397 0.05883174279277387 0.06343660595887336 -0.005135704836736746 0.07068275916185676 0.06574370555963677 0.046471269524950454 0.05777240870582291
0 38 0.03860139811130636 0.09831026309994703 0.025670988703943267 0.020475935633453752 0.056204951876333176 0.0706360163070363 0.08192194290520351 0.06283119753979288 0.05002925223333846 0.056127418768036376
0 39 0.045019280165433884 0.06701342761516571 0.07264808565378189 0.0347520187497139 0.062231093645095825 -0.02592775784432888 0.08736789226531982 -0.06202792376279831 0.03266441076993942 0.06800644099712372
0 40 -0.09294539205122984 -0.10277042622568991 -0.039789271685381766 -0.06293639972586824 -0.0726962825729474 -0.12334185117415566 -0.16128770160440875 0.10817184745474243 -0.00653960367058773 -0.009897963297958683
0 41 -0.02009738955644137 -0.10429360206016944 0.03296150189369027 0.09633341864956153 0.01056495447482857 -0.0743342212816575 -0.0703234931091072 -0.07708628124919699 0.0873086063900998 -0.06552455449511145 -0.23594536718606132
1 0 0.5877413902272466
1 1 1.3496111945016604
1 2 -0.9482981615346131
1 3 -0.5093648722866345
1 4 -0.6563993438685155
1 5 1.0159115362449882
1 6 1.2457785048719694
1 7 -1.0676473402839743
1 8 -0.7929365579050912
1 9 -0.48985144518909546
