## LambdaRank
## Epochs = 100
## No. of features = 41
## No. of hidden layers = 1
## Layer 1: 10 neurons
1 2 3 4 5 6 7 8 9 10 11 12 13 14 15 16 17 18 19 20 21 22 23 24 25 26 27 28 29 30 31 32 33 34 35 36 37 38 39 40 41
1
10
0 0 0.09812982643989138 -0.08054322563329007 0.06893771056177879 -0.02660700369176977 -0.09548776449868704 -0.008111867994148009 -0.09964171484257146 -0.07034027883667668 -0.06431999492067822 -0.09429700419659752
0 1 -0.01127455637446444 0.02458107936867569 -0.036499194610410235 0.021967405225457957 0.06497609179066238 0.0902761836171995 -0.04240842289302661 0.08700464280741717 0.09448512800033852 0.08645446045771756
0 2 0.09801664668857517 -0.03659767374158364 -0.03596746468444398 -0.031524452813301976 0.05958855043010832 0.014508977600937552 0.08599416585823053 0.06737160004504596 -0.08935770530281674 0.02763785433852208
0 3 0.049932295456446056 0.07722186016591932 0.04145124058037329 0.0570858086598755 -0.027357480241463363 -0.09177770532309593 0.0077900696571722005 0.038638545207107286 0.0839462890494753 -0.0602508726529992
0 4 -0.060004221543614206 -0.027396736299728604 -0.07509470814650097 0.0879118996791272 -0.08669622499604752 -0.04414200843271567 0.019308554793977247 -0.0055721098176343825 -0.05201732712371888 -0.07267650059553743
0 5 -0.06786489199639582 -0.04211570350805677 -0.09571705590423951 -0.040653193846712427 0.08049678537999384 0.0165485307692741 -0.05355405906243319 0.07001968285602715 -0.09685545138248444 -0.052922402843432845
0 6 0.0020369809704045014 -0.02722368765609687 0.08769782698786352 0.048114617125901794 -0.021213302399544418 -0.03861800109149823 -0.08154822747132318 0.09024149878324747 -0.025760403987812326 0.061527061408884455
0 7 -0.08744962460433013 -0.03425436917742764 0.03592772849519288 0.01775221456187658 0.0776353904285133 0.0891974049575668 0.04720673055686413 0.0031777847326625148 0.05070572652476394 -0.062303928646329665
0 8 0.010001553537763832 0.08428084937912732 -0.06904733183732925 -0.034372273109771735 0.04999324542086477 -0.08029473994198733 0.05330070328291941 -0.011986580468148489 -0.04285972932636363 0.008725101814424275
0 9 -0.021180936589874234 0.01403372545874518 0.007462127802985355 -0.040779887229988446 0.07730166729928634 -0.0010773643788810057 0.09670723513697288 0.0733682479866439 0.09712604857798408 0.04960736658806943
0 10 -0.04616313583876047 -0.07467750422265304 -0.09883414826744863 0.006180546913983464 -0.08727018000746192 0.001575201371899095 -0.06401850339371011 -0.03041662039668086 0.04415090537378325 -0.018767280221764396
0 11 -0.050902774244178925 0.05037019391633472 0.010633417139054607 0.0719407197107919 -0.04118417560705931 0.008937401590901584 0.0478482753502171 0.08008180554389821 0.076274096769556 0.0758765898135048
0 12 -0.051834007929954726 0.016182551279453984 -0.06742415482559191 0.03635030445914402 0.014950524212670391 0.03908968371141589 -0.009490939709749707 -0.04391637138280523 0.04574414791193955 -0.02459971197363277
0 13 0.08896277733465602 -0.04373226884172774 -0.017351079879203105 0.019541731895824727 -0.05264183224910517 0.02969536105433993 -0.08634572442117983 -0.007850665770723231 -0.09554450553949541 -0.09879628419217451
0 14 -0.06162319471427271 0.035756672885148194 -0.03440393347115357 -0.004751549125835269 -0.004452528867222867 -0.08896852147856919 0.05577501821320224 -0.09352898943582802 -0.010860001725618492 0.0541147824784262
0 15 0.06660787810539551 0.02459168103811681 -0.0603428594033886 0.0244612321768965 -0.029922070596914426 0.04216627283609233 0.015454305780636654 -0.029591515547821717 -0.037969137087767536 0.06379801510703867
0 16 -0.021401586497962106 -0.0782065819061834 0.060758121448240006 0.09552697717023255 -0.0865781288521964 -0.004241737183465277 -0.009380218581017867 -0.06665437139428312 0.020725659906736697 0.09704021598744669
0 17 -0.07043399843039728 9.224450457881294E-4 -0.07022051315860524 0.07845759132356311 -6.87952063529266E-5 0.005355395603302042 -0.017464014240641 -0.06191558761451662 0.014778640124071226 -0.06324507624884386
0 18 -0.005087839385507622 -0.09160481765207959 0.0793810572178605 0.06383680525421086 -0.00440877699190678 0.01336159409745023 -0.07230379768070096 -0.08705974904192837 0.07267481861141079 -0.07333483005475883
0 19 0.0033541342536196686 0.08951590238738356 0.03368910439968008 -0.07513242473393907 0.06948712101288879 0.00487551596337371 0.07247136902837305 -0.05177608638208273 -0.0606798736971807 -0.08061016357669527
0 20 -0.0561872365220549 0.02486129007203035 0.0697409667151454 -0.02170788946217308 0.08074664454322267 -0.030079659708810113 -0.017478331778775794 0.0016336089654987586 0.09540384755984314 -0.08555209601431307
0 21 0.07767266157033922 -0.030909564231991964 0.07597744668722879 -0.06756930112974839 -0.07532904843413273 -0.044614580406547595 -0.0015500422516898794 -0.036713056422131844 -0.0357105278615856 -0.08138552369592711
0 22 0.039168577343229816 -0.026833465024078865 0.08202382223500734 -0.07863106649893944 0.05637041179189555 0.06898121075742551 0.015083736485061542 0.0013574860582846041 -0.06226466910229498 -0.07307934120354558
0 23 0.05949133125142122 -0.05524559484424981 0.02465659301177296 0.031089832044740112 0.028075275611610898 -0.008590871402086175 -0.02280738248359939 0.03716577230217181 0.03833296649450801 0.062351047750769995
0 24 0.07299041282002829 0.042926662254692174 -0.013456408355870671 -0.06233747325393408 -0.008182339101348567 -0.07843733032060471 -0.013444079390317165 -0.04415578827269208 -0.0013725994957930238 0.07365100118874114
0 25 0.07213013476985003 -0.03691937137579117 0.09746481320859275 -0.008955632758902012 0.060131570456562256 -0.029748241268486082 0.0586579695126462 0.008486805120399581 0.054918080696720675 0.0221437988816
0 26 0.03422412535164544 -0.06523185969634682 -0.07529004134833281 0.03781321130634894 -0.03729184198148993 -0.05326701879808093 -0.029386009615479186 0.08057475586435506 0.04837995922436212 0.03891382537585291
0 27 -0.032946291767911105 0.050220443753283106 -0.06811939761829638 0.050347732737665345 -0.07774196197991243 0.01674893641479529 -0.010432923214502267 0.0027069434227050175 -0.06868185986445861 -0.07189204280354011
0 28 -0.06101452530893021 0.004865234886558474 0.0027137788321036256 0.03840053468725124 -0.02616171561226839 0.09285637944106713 0.032461357107155905 0.019671724192845106 0.06196236998844952 -0.04505385473520988
0 29 0.04336546344839264 0.014806900467984559 0.005013692943141036 0.03457141598219015 -0.07419417485569045 -0.007668409430123932 -0.022348378622907714 -0.0655484395333831 -0.02781691618217608 -0.06230099649773607
0 30 0.06045513061674141 -0.021634539377975694 0.05158135772645016 -0.021697538129354692 0.0011412820624539129 0.027432742509280777 0.014802366274221464 -0.012047573994667856 0.025414756668500453 -0.08659270793569801
0 31 -0.07463916127295257 -4.0452654342944895E-4 -0.04565323888647008 -0.013887570680354424 -0.0010381951651237144 -0.0401503191830363 -0.09105279327755812 0.02282763829998052 0.026399387040009343 0.06563646234737153
0 32 -0.021621455519382573 0.06526418080397994 0.0963472156259174 0.06516912912391899 0.0020583940026574947 -0.044843534192620015 -0.02417458494864064 -0.0696315946700126 0.08827092000789127 0.042413677116201365
0 33 0.09347549442518717 -0.04314667741625503 -0.06666698942811417 -0.09808998391774443 -0.010950730196424858 -0.05161618570211907 0.03907766240433283 0.09211178592526761 0.08460595505988824 -0.015170983310661561
0 34 0.06461929972843897 -0.05466796153416026 -0.09122060337069753 -0.021400644185031816 -0.05398363604753807 -0.01334592495537181 -0.001441078988402555 -0.08762254399517538 0.061244774727227586 0.05622001503673652
0 35 0.05083304030280069 0.012516920879481438 -0.03365956508808891 -0.04840011224736763 0.08088707348252297 0.050123634283195495 -0.06088797572663539 0.09035635122270105 0.02523811080540876 -0.07250662398736951
0 36 0.011608764410171404 -0.047478833664443734 -0.08326338667679163 0.06131211011009502 0.05787271616235626 -0.011926726624808108 -0.005617672237201926 0.08292597832530935 -0.0648902082226012 0.08067246066219867
0 37 -0.014876488729604263 -0.057420761135974656 0.06821264998281114 -0.045510060449892045 -0.0973138597513401 0.02664197031747646 -0.0687007885084306 0.09624761913810646 0.032303091569894644 -0.06400597973609491
0 38 -0.05025969820110452 0.030329221843814008 0.07009655235127865 -0.04501499979319676 -0.06649756431651616 0.0489723868730689 0.02967413141875623 0.015461427160676694 0.04751630870444448 0.09411962332309626
0 39 -0.06458300888470205 0.052516624891807875 0.050119511068606064 0.047173642085406045 0.0365800078887254 -0.012840703515582145 -0.011787745654811648 0.06707812046284173 -0.04440244737256976 0.0013918595005214922
0 40 -0.07163694317915588 -0.09269987933656886 0.07812473274012667 -0.07478206211680251 0.08989610026926881 0.07234855005482349 -0.008478243177938183 -0.013923137600959626 0.031984510934591155 0.012256302177289385
0 41 -0.005816568581037725 -0.030999557800873937 0.09676819616451747 -0.0017531792031606373 0.08056370336127885 0.04968074196552039 -0.0963154777721795 -0.0858256906429791 0.021570888087081578 0.08212379911595026 -0.011850720271468171
1 0 -0.07435376942157908
1 1 -0.06179567053914078
1 2 -0.08215545117855118
1 3 0.05429082363843946
1 4 -0.0028809965588152448
1 5 0.02488761022686954
1 6 -0.01771282032132155
1 7 0.004227864556014559
1 8 -0.08059387654066004
1 9 0.07871540635824113
