## RankNet
## Epochs = 100
## No. of features = 41
## No. of hidden layers = 1
## Layer 1: 10 neurons
1 2 3 4 5 6 7 8 9 10 11 12 13 14 15 16 17 18 19 20 21 22 23 24 25 26 27 28 29 30 31 32 33 34 35 36 37 38 39 40 41
1
10
0 0 -0.22247310330515432 -0.1953026726344296 -0.3366909301527721 0.08350980517940539 -0.040738383180160084 -0.16659151223067603 -0.2406542145561595 0.07839368493888493 -0.053896748449473585 0.10299478414656618
0 1 -0.29707929590969995 -0.26307409493808454 -0.4352195360092565 -0.006710207228755292 0.04714527263007656 -0.2175632083227596 -0.26202862220300255 0.1587273266129079 -0.05523852865865794 0.08129910736559384
0 2 -0.8622608424206416 -0.9762922361765091 -1.8480573745832294 -0.032416893069205685 -0.072043134174812 -0.5815813017962536 -0.8320721865271429 0.7702704909608872 -0.49859437189947625 0.6956711328145351
0 3 -0.28841288276869886 -0.30325585763724483 -0.610799933279652 0.08545844626413668 -0.00632206877314739 -0.18553637610281062 -0.2129742480810374 0.3022260845049853 -0.18899257972456412 0.26238454253023163
0 4 0.20143484752185362 0.20190373523363198 0.2741056544447588 0.03014851033799604 0.00934662221904353 0.04988837623599974 0.17854040860281203 -0.09542648864078218 0.11356216465628821 -0.12847937396798131
0 5 -0.3158101665461032 -0.27960277005587203 -0.7947659369151691 -0.05258066235927107 0.05428881107390654 -0.13432320571458303 -0.3751226211746979 0.2720518829265785 -0.29864728854518185 0.1919858707236524
0 6 -0.14007824950230205 -0.14705727466713248 -0.39174051661630355 0.08825767709192792 0.0959107913095042 -0.07788505266935161 -0.19575154012203097 0.20163416586711524 -0.21920290485077065 0.14551098650487734
0 7 0.004315077820270842 0.05522226678280083 0.1172146176578578 0.02550003140856421 -0.013505083967347878 0.05674266464654059 0.08376657203914799 -0.11910351104750477 -4.972050510626659E-4 -0.1315920543208109
0 8 -0.0058338097065046566 -0.19229722050512255 -0.1601501650772315 0.03423897555500808 0.0025646863631046735 -0.14131286900567522 -0.03897968488767503 0.0446745882188021 -0.129351131936414 0.04170315973783733
0 9 -0.28771515016274996 -0.4017285462577208 -0.6903230841929818 0.11870684603189015 0.05562099700306619 -0.21632738362999882 -0.2797319002914307 0.27893207716825 -0.20538031624598282 0.34199780662086604
0 10 -0.2587088951356249 -0.3674400937670749 -0.5341030371624377 -0.05387030533620827 0.08618177444322801 -0.10698090310911165 -0.3140253244347558 0.26170937992213433 -0.2578524324997646 0.30141816310364916
0 11 0.11003121731331007 0.11196758069063505 0.16982941168248353 -0.08035958137193272 -0.06487728668305966 0.005969057263759667 0.03151119438109822 -0.20060106563469446 0.1185003627466697 -0.1320439513354138
0 12 -0.3352264816163078 -0.29039933017967506 -0.6450749838330245 0.05690991622493959 -0.08219386796217755 -0.1967323242300853 -0.30401601714853466 0.19501832928906218 -0.0916706605789812 0.13945800120230112
0 13 -0.3012138205003146 -0.46296939234348655 -0.8366737338271839 0.11865621442777177 0.011925646230932766 -0.1410943438384705 -0.31466724267828894 0.26504041539111745 -0.14134025791833818 0.2641644852631956
0 14 -0.16215983279419455 -0.15033391036064803 -0.4276701159349713 0.06013196611337241 0.0022440210509072985 -0.18299633962512601 -0.21625121939542086 0.22508438500943057 -0.13162553745622435 0.23627980782636507
0 15 -0.049516756060167706 -0.0316647826405009 0.012456028727581963 -0.09819193702535078 -0.0998167880962103 0.07007694503800166 0.022341804350617524 -0.0777292956359743 0.0077501544186637265 -0.05723522022896846
0 16 -0.16699395432482952 -0.014536856767723644 -0.22117562579040498 0.06532588580330179 0.07386978990617 -0.09770151028924202 -0.07110931538832682 0.022707026922914375 -0.13391284071618162 -0.006470586585282475
0 17 -0.06495027183299201 -0.013122178776041691 -0.20772755876769272 -0.08054121613475326 0.044112713815228084 0.04275040659768171 -3.2167906439182955E-4 0.1518344284574767 -0.1421266509085024 0.05338197429095915
0 18 -0.16417703478486684 -0.20486033548316615 -0.3956303733648613 0.049651590888055805 -0.09657481851388161 -0.1980430595529801 -0.10353911147686062 0.06365929044091749 -0.17814082669226636 0.2066334775331694
0 19 -0.10726394274322344 -0.2578005165848717 -0.25965366323971983 0.10597410727340381 0.09273834476182806 -0.10495365948675722 -0.1013021838580421 0.19237961251254157 -0.11358367346918422 0.12150964342147953
0 20 -0.11309160123203836 -0.20201829803956517 -0.3830650741259895 0.04612255589731997 0.08344135451518997 -0.019592400153883343 -0.11914329411558769 0.15668618084772595 -0.2154839976507922 0.044273885504517746
0 21 -0.11945624862265276 -0.06703660342276761 -0.16297692472043893 0.055353012182735174 0.02332442391585136 -0.047848302564138905 -0.01837381245454407 0.0728170915435091 -0.10356068348318492 0.06584985693884363
0 22 -0.16283872972172025 -0.26705629627621297 -0.4565485898803918 -0.01640786472068605 0.02126799929078853 -0.0768438106458054 -0.2608654061103805 0.04081461167781149 -0.025523913057679575 0.10388645682395319
0 23 -0.0036303074099259492 -0.039286902118165386 0.04724086374001009 0.06610998741745118 -0.0834335066212166 -0.016103883596191762 0.01390601007440355 -0.021944269104053175 0.04900049822580066 0.012184651567825572
0 24 -0.022862147087242598 -0.14695771183599074 -0.17480069529469228 0.07308447713820314 -0.015230216464065967 0.04513091311262098 -0.08126249215862384 -0.03875360260842576 0.04169695417039908 0.042385993402422974
0 25 0.011909810831690137 0.14236061439179695 0.25668657112451554 0.03291583843015405 -0.09009479419839772 0.11722991983154053 0.13451832765357333 -0.22028828847417226 0.06357378092000986 -0.10671693486012246
0 26 -0.11310805351467805 -0.0375012270260044 -0.23925042345263303 -0.03162555895930002 -0.01969483409279521 -0.11190432792562036 7.137167622278139E-4 0.13447068591294534 -0.0503834080691125 0.15266909384621064
0 27 -0.008061781561274286 -0.1645266900210718 -0.13925732625722273 0.02352689785749229 -0.023890697364123473 -0.12401768018427957 -0.109834740555051 0.15745830448039946 -0.00859010636909383 0.05692378535112331
0 28 -0.05766372993959485 0.087830813656878 -0.036264298628286604 0.08981363241062562 -0.07754126665084539 0.10175617670333995 -0.027019760244862332 -0.028847718019770142 -0.06362889398162086 -0.11943658815234336
0 29 -0.057776466404584274 0.02888803343794323 -0.1663909682162274 0.024517861219490622 -0.0465979082962458 0.06533165726282167 -0.07058431589448813 0.05289768378785981 0.06490249233986294 0.0188919421490266
0 30 0.018774571637893273 -0.15411321269059547 -0.01027020895514494 0.07291355680333234 0.005585438822103898 -0.003842669748919125 0.018028256056664152 0.03663161039997224 -0.04837987412311991 -0.013657162321313527
0 31 3.806465231535423E-4 -0.13666832799495232 -0.16833294771510676 0.056842107008656495 -0.03321822492810448 0.02913316151371305 -0.1266962067366601 0.06719963282409125 0.004357479143622977 0.010885079378403864
0 32 0.044928754035715154 -0.12126771640396569 -0.009508277265311026 -0.05450365250712395 -0.008666935803474952 -0.12145954937420636 0.00764933512719257 0.05639424505256862 -0.1113457267372451 -0.008098214768187359
0 33 -0.11152907304018972 0.04050988003934735 -0.038400312369748744 0.09223765040761035 0.08486901037110464 -0.07567302278719834 -0.10669612986320791 0.04093185053380283 0.028639244062728036 0.09506216349001627
0 34 0.05217506000340213 -0.020595055008216262 -0.10011799028124453 -0.006248081610115096 0.08554700133524089 -0.03807213674095767 0.008550685433193995 -0.05932031052171958 -0.02647522976687625 0.04623013855190352
0 35 0.09898963123601727 -0.022769014610024993 0.11124950662589983 -0.10171446727746958 0.08932802718751837 0.10472703642671354 -0.03453906814938707 0.044840323717300005 -0.0272020630171581 -0.009603047340722686
0 36 -0.011228992951068118 0.0443725891168037 -0.05250823008994314 -0.02487930523322692 0.09279858971403884 0.06308368688050289 -0.11937725703550706 -0.01734287184372766 -0.10265183452794663 -0.09818176136957955
0 37 -0.017883800968206506 0.06327615924357624 0.11351696507952767 -0.0651960437435393 -0.03036998676739044 0.016229196990182514 -0.04867382403730093 -0.07924980786408219 -0.010452682832679494 -0.10659992764758554
0 38 -0.07864813264382242 -0.11061178396347823 0.056049505637624696 0.044651307932394524 0.07731325957012129 -4.4704124260793013E-4 -0.06537551289201231 0.07889942315817171 -0.07285791749967027 0.02375845021660981
0 39 0.035431370623011174 0.004572984982437768 -0.04056569674050759 -0.08127462346050944 -0.009411624493408703 -0.038137832422010146 -0.08938333916851564 0.06094691165074387 -0.021875417346760212 -0.010514872853014353
0 40 -0.06921746593518009 -0.06317797037150143 -0.030911518666041807 -0.016052613690835615 0.03292838443897776 -0.04553658270091005 0.06808532729797453 -0.1180219069678015 -0.0236739626361343 -0.05090838389069258
0 41 -0.04662768363687412 0.061385234413599714 -0.005112046457818827 -0.0596725356273561 0.04605038006069057 0.001361016261238373 -0.04951044653907328 -0.07365739966254255 -3.265710947497249E-5 -0.002816913473977017 -0.27693565886350974
1 0 -1.225432849681207
1 1 -1.4512254929747976
1 2 -2.3797457465337146
1 3 0.07462688243187347
1 4 -0.019988313330939256
1 5 -0.8667890066770221
1 6 -1.2502979698442624
1 7 1.122056334484232
1 8 -0.8485965045879146
1 9 1.0157500065256562
