## RankNet
## Epochs = 100
## No. of features = 41
## No. of hidden layers = 1
## Layer 1: 10 neurons
1 2 3 4 5 6 7 8 9 10 11 12 13 14 15 16 17 18 19 20 21 22 23 24 25 26 27 28 29 30 31 32 33 34 35 36 37 38 39 40 41
1
10
0 0 -0.17941923044889002 0.10589583711971236 -0.21697575010833534 -0.06676843339751687 0.2453383941908192 -0.04260602268536475 -0.32316134163601135 -0.025162407371340397 0.17414208242290316 -0.0855960356895834
0 1 -0.3298097166894508 0.32415953475777043 -0.2787699570678922 -0.12399988759391566 0.19772020827808381 -0.2466289952209009 -0.3709322233066763 -0.15079303249718914 0.09830410645124169 -0.06769484843022223
0 2 -1.2807837247819878 0.9622637914018013 -0.7760517464007924 -0.160090256793751 0.7300807317767591 -0.7016744725259012 -1.2429259600648597 -0.4974568166421592 0.706530219138515 -0.06930796187282362
0 3 -0.435610578660839 0.32181984042704137 -0.21646938852518938 -0.1280252305706907 0.2148878789317403 -0.3111424956697544 -0.4409185411504662 -0.21890236816217398 0.3374799879695247 0.01262696495874339
0 4 0.18219122399610907 -0.2207050799122283 0.046773704372587266 0.05196287928328561 -0.11907636412961392 0.10490677678256138 0.05262218251673459 0.11663350522859213 -0.09751738179534362 0.09187255833093112
0 5 -0.5031334401934131 0.341223357622336 -0.28794406056770966 -0.0651384227551652 0.3535925923435611 -0.21415386351926094 -0.37131704802057053 -0.12284425388016408 0.25331419518049847 0.0063802615921139515
0 6 -0.35787042357456184 0.31200164300720235 -0.23756246447198 -0.041008855563271676 0.14780534754665847 -0.08875268394374028 -0.351733222410421 -0.13127987198714924 0.22617606445731225 -0.014082462744261188
0 7 0.048219426302525174 -0.10425367858677582 0.05260498884682314 0.0895820701512812 -0.1846514379441811 0.06294756753054954 0.06782690897585683 -0.03869387462524759 -0.15609653467868886 0.014072565306182623
0 8 -0.07686661577266198 0.07820512756243145 -0.0900876545993545 0.07610813293474267 -4.3142199083059533E-4 -0.14572665227927376 -0.058625577583490865 -0.11824758160304145 0.029579155657865088 -0.08546813911538675
0 9 -0.4386463847474958 0.4253058055609526 -0.36943349940449766 -0.15460406062504067 0.30256489629228267 -0.2863832386500829 -0.5132694973701986 -0.2608171629370593 0.2824497063809219 0.03310973434639939
0 10 -0.37598729512094925 0.28585445359059614 -0.2604419199684663 0.0332588708124059 0.1951387586432061 -0.26314429291160457 -0.4339631100997972 -0.058387807409627034 0.2221273949526872 0.055985497070511356
0 11 0.29140841006149365 -0.21530282183466876 0.15375291351727793 0.00883391322161606 -0.218892475574039 0.11796957505709929 0.1882742066766966 0.03090744262795794 -0.10488011863584276 0.09097006916727916
0 12 -0.44208767707229013 0.2913565276553616 -0.22453303838710084 -0.014557149581482224 0.15596510768161326 -0.22414118350718384 -0.394452682753257 -0.19294187514848501 0.21632925893864244 0.0536704154329945
0 13 -0.36369588798903163 0.3458233445075816 -0.36295270872115715 -0.13488341412046762 0.28201555949945034 -0.153945530905049 -0.35232545660785464 -0.23710557789632394 0.30110959548124144 0.06022793355910974
0 14 -0.35882789975912455 0.3052401307604507 -0.23852303135796257 0.0010681606180879407 0.2512945643963821 -0.17825671921779954 -0.3120679806619291 -0.13844605586594227 0.21649151622886167 -0.09600117667149212
0 15 0.10278421740427424 0.03824097137270182 0.10442258921527349 0.006237203956969812 -0.1007828734196813 -0.03909732207550315 0.056071254387494086 -0.056886373240193626 -0.11124929124155535 0.08586464735707112
0 16 -0.043862225127945735 0.1395262855503411 -0.09023127299246694 0.047473224812478336 -0.005933587664293939 -0.11565305853392337 -0.16896503083255626 -0.0422205302982907 0.045112579782340685 0.06540404022596784
0 17 -0.0766218344301671 0.024177186423757026 -0.11046995427338238 -0.0503539688560819 0.1322280250878127 -0.032646136593031436 -0.04040259926938114 -0.12245971026033481 -0.009030339325618073 -0.05881569301115409
0 18 -0.32530796975604437 0.22212861166319103 -0.21455498971126027 0.0375595559793966 0.16238642860116534 -0.16511167138193986 -0.21328249046975142 -0.15494103145018942 0.23661862687988344 -0.08069675163415406
0 19 -0.17348377158026423 0.15133190950841016 -0.20991827030713553 0.002890513172423291 0.1209957249093378 -0.010263357377491759 -0.27729575037044407 -0.02945505522403413 0.18239697733224322 -0.0776539705859691
0 20 -0.2639431197782576 0.13387858780623724 -0.045843545130179596 0.0063611200635065104 0.17969662801511238 -0.10683307850513982 -0.19902055981383435 -0.09880412434107001 0.17969681287418404 -0.054065425278805535
0 21 -0.09147116781655466 -0.01439530606916817 -0.015363525593239316 -0.010123049362591015 -0.003595650186200377 -0.08540453859336368 0.037842572850961625 -0.02833717468634839 -0.0035468342725822723 -0.022687561451477
0 22 -0.3331313783449862 0.25492502589090704 -0.12954177131538255 0.029574924972902688 0.09964632480256208 -0.03949793967929322 -0.3508932984855377 -0.07780099661804267 0.1924412435920631 -0.11082501192779859
0 23 0.032667963582921684 -0.12637315123431384 0.10061265719864881 -0.012763279600997835 0.01829586785393759 -0.05462159257432949 -0.05543321613512902 0.0782827636695489 -0.009262061435599926 0.02359972876454581
0 24 -0.15840164246085942 0.0336753234691429 -0.12109791234546374 0.06111573054381361 0.13345900070858954 -0.06010269239823208 -0.019729194216739594 -0.02707103720661391 -0.031059449940416196 0.009230867963276093
0 25 0.07923026866682623 -0.24572361831080378 0.15845392208854 -0.025707870810200765 -0.2649667453339729 0.04127336147529727 0.24926255513168719 0.11437722474019504 -0.2520340150346848 -3.54610500283971E-4
0 26 -0.24323233747914974 0.13837246200976294 -0.06616587614022902 -0.023822866570802688 0.09852124205341745 -0.04058983483140306 -0.1772353795153011 0.004478563966800681 0.03027261421114291 -0.08801680904395799
0 27 -0.06788365340902316 0.01103135582016263 -0.09389986667312396 0.012754154874426946 0.15084983712575387 0.022031941970616798 -0.12513509060751704 -0.13423567211071455 0.11013281287624233 0.08607162556319309
0 28 0.07789902182154836 -0.038119351976163 -0.06540264842964492 0.004075350894786585 0.021431432310533398 -0.03697831067037129 -0.04457691416989631 -0.029072944955390288 0.03451339119253867 -0.02824564871261638
0 29 -0.09674595677995715 -0.027180756084729953 0.004320689216562028 -0.04703630373698151 0.12209912744476548 -0.12877944862813695 -0.16274558090076757 -0.05575768928968916 0.048680552297369034 -0.02492709568130576
0 30 -0.0940679179730121 -0.032559325402954475 -0.07449479675279135 -0.06961979627563211 0.0058930069837511406 -0.060791873788933685 -0.14482695801539783 0.027343426323770816 0.0313304002010724 0.033718342394841186
0 31 -0.1571372345885341 0.12840582528714012 0.005032807645471205 -0.04299850269650938 0.05636306214114281 -0.012090552479633056 -0.16163942194108608 0.030047067327910498 0.08129064504763628 -0.08583063437796266
0 32 -0.03757701821994052 0.09216954913694957 -0.01771721547472008 0.06331240623527135 -0.006569791497701385 -0.0707304538135764 -0.06320956387644337 0.04539153653562886 0.13705696158475572 -0.10786997110417862
0 33 0.008885931088755692 0.016386277361504456 -0.14410075901942132 0.008239575133611322 0.009980718344150635 -0.0828352432446638 -0.05703104204056156 0.018908155903404476 -0.006822847987437111 0.049470271928095305
0 34 -0.08857801181576125 -0.053599250209950634 -0.09829970734063614 -0.07927939973295133 0.09251627164108261 0.02928268920732904 0.014903506883731474 0.0826747519687283 -0.07699834087987578 -0.015438783539637914
0 35 0.013017243682409507 0.08432086467672573 -0.001659708643199206 -0.042325153845387486 -0.0023078581170544636 -0.09584343611832807 -0.046742980441141196 -0.02079381581192161 -0.05377449602827726 -0.07524913872111438
0 36 0.033247159372783205 -0.16090420484224638 0.026259472851517 -0.0033069435058602015 -0.09663003867443933 -0.042228237141630286 0.039768252266534486 -0.012728632632624859 -0.09001170384711311 -0.02836303332785768
0 37 0.10239661876430511 -0.08401935712128146 -0.05053054799658723 -0.024415849916540795 -0.03601368501782766 -0.06643948174127622 -0.026746807469197796 0.11509570008731346 -0.014707382690805883 -0.08312930796625881
0 38 -0.0634842989653595 -0.07712317590276023 0.004755771474448145 0.08288328071927914 0.09462651375497994 -0.05105191497664151 0.07711235515121032 0.04517145963825013 -0.050249943733172854 -0.08810646285665218
0 39 0.047935720388687694 -0.07449981245687194 0.059846852246143604 0.053108961828656785 -0.0012902872232175846 -0.03251888982554117 -0.07079848144241645 0.04032145775520486 -0.07581244377645334 0.006609548112029418
0 40 -0.059455272306212836 -0.1750222241454652 -0.0841766266366001 0.10159086616976827 -0.1622266173675044 0.03182764400184046 0.04401044722534264 0.09461179564932154 0.01659792970634053 0.011256779496703971
0 41 0.036941490182098996 -0.19606644291691744 0.10029654729404337 0.03945310533255521 -0.041700395291714806 0.012018840603737079 0.025886210715494067 -0.056565986909104596 -0.03583597252290844 -0.06810783613720574 -0.26140382067944967
1 0 -1.8316902249490516
1 1 1.448417219704922
1 2 -1.3004606357937711
1 3 -0.3557667441816677
1 4 1.1027393659468991
1 5 -1.0660181587915403
1 6 -1.827123322239656
1 7 -0.8524981310721511
1 8 1.0647617475886226
1 9 -0.22206992621768742
