## ListNet
## Epochs = 1500
## No. of features = 41
1 2 3 4 5 6 7 8 9 10 11 12 13 14 15 16 17 18 19 20 21 22 23 24 25 26 27 28 29 30 31 32 33 34 35 36 37 38 39 40 41
0
0 0 -0.05131616300542058
0 1 0.06069758010919861
0 2 0.017882687397125376
0 3 0.0793225531701694
0 4 0.0026668764090090574
0 5 -0.007509914142783234
0 6 -0.012607101012271095
0 7 0.05003707918837869
0 8 0.037220146902207873
0 9 0.032016262722769626
0 10 -8.082108936809797E-4
0 11 0.021777400833176898
0 12 0.014867787191392402
0 13 0.07857980229058435
0 14 -0.033699050718082324
0 15 -0.08804784825738614
0 16 0.09402222294081641
0 17 0.07117537948226793
0 18 0.013475228190093213
0 19 -0.058109889805352734
0 20 -0.045907748199009064
0 21 -0.03285457309375074
0 22 0.01931968206445163
0 23 -0.08101788188143152
0 24 0.10038339583611525
0 25 0.04113838381079363
0 26 -0.08284411907680746
0 27 0.045665512015784684
0 28 -0.020266652352421463
0 29 -0.026028628202883815
0 30 0.08895350673013742
0 31 0.0027151387760244237
0 32 0.08719005452717465
0 33 -0.013536497502227676
0 34 -0.06841917158189108
0 35 -0.049783677003919447
0 36 0.035847490879263706
0 37 -0.0911498278983835
0 38 -0.00848888039259472
0 39 0.07308493138882387
0 40 0.04926300593186953
0 41 0.030342061072587967
