## RankNet
## Epochs = 100
## No. of features = 41
## No. of hidden layers = 1
## Layer 1: 10 neurons
1 2 3 4 5 6 7 8 9 10 11 12 13 14 15 16 17 18 19 20 21 22 23 24 25 26 27 28 29 30 31 32 33 34 35 36 37 38 39 40 41
1
10
0 0 8.67759960719948E-4 0.24151685910848836 -0.1528753118798814 0.12063292302093968 0.06147334152788321 -0.46686672150069625 -0.12440939822870575 -0.029082945361866144 0.17275479689294299 0.13551899917134602
0 1 -0.05347189491502576 0.1172292985683108 -0.15860555330578424 -0.06706021498669805 -0.009500007098470879 -0.34631933014076416 -0.11067558943259057 0.06678814229598273 0.056808394857475374 0.10425167881715222
0 2 0.04493381013141544 0.7364269199739027 -0.7658001900080048 0.16113975888477858 -0.0826653638230216 -1.7509222871289176 -0.6596206624894183 0.07818718659019501 0.4559203182506381 0.7824828473208538
0 3 0.10471815988567229 0.29243808377852426 -0.19884061902326386 0.0406539542312941 -0.037661320865103605 -0.6902472816757941 -0.327586000216134 0.02258449707141163 0.1418233663752411 0.34754861745188065
0 4 -0.03532737663031232 -0.08645303078613283 0.0543862254134069 -0.0025358369517274005 -0.08101115374205017 0.2628296103495423 0.08571094823195381 -0.018590706538292392 -0.13701422310083639 -0.1949319405373296
0 5 -0.06325349178699373 0.23400267437609487 -0.28543778500512834 0.11960239520942038 0.07735644367049248 -0.7195516503628793 -0.2755963085776051 -0.05220107216998313 0.1797797256058917 0.2627400412590844
0 6 0.026752800573922857 0.201799137603804 -0.26716274290842795 0.06077720363870823 -0.00199008582548505 -0.32637296258997067 -0.21314295850173842 0.02407708191591402 0.18899335422338848 0.14147418327251773
0 7 -0.008499852629895568 -0.005724094272622591 -0.01710400250960698 -0.022224166480547907 -0.03899963096953641 0.04018159992110273 -0.06441963786446614 0.047157281575753496 -0.0969502859216118 -0.11236785743357156
0 8 -0.02674144084772483 -0.02649000434447849 -0.0400146162862661 0.02962581410981832 -0.02186135024863915 -0.2145473365336897 -0.030365066924180374 -0.015534218260076537 0.03459352575632623 0.1178478367664712
0 9 0.029947850275081407 0.20022461588180637 -0.3441000041442975 0.0738665451184589 0.07372471316416074 -0.5798448773308285 -0.21834897800449668 3.3411462197124495E-4 0.09343924501057732 0.2773965403183083
0 10 -0.014522040015421879 0.1776352177015223 -0.1773114218210804 0.06248524762341189 0.018133439492895687 -0.5906976142678678 -0.29637946737640875 0.028187383990215354 0.13274350540876068 0.15786319513387764
0 11 -0.07269680656981126 -0.17984408672310917 0.17240255156490464 0.014578365326968792 -0.014700913711598533 0.27112270409678235 0.08934690110884062 0.04164345490815552 -0.1243580200520092 -0.07380715953785355
0 12 -0.015047545287686974 0.13683655911507148 -0.24902645287229963 0.09562814010383208 0.07897460265271825 -0.6119491694487958 -0.2523924697387042 0.04876174179847898 0.05270241386927055 0.1316756422351972
0 13 0.022229062950713686 0.2636264443346075 -0.2751514311192776 -0.001155281711014321 -0.09713251339980351 -0.6874494808475351 -0.25384855101618753 -0.02509006783606448 0.12187024240309684 0.14987663926881445
0 14 0.013958998194514304 0.11678664785824346 -0.27446805813116026 -0.021547835583849952 0.010157423148913425 -0.3622524310253496 -0.1469252084543842 -0.045863033686407165 0.09670965016283395 0.152216564177117
0 15 0.04855650945744652 0.022385913369322063 -0.05316697262239094 0.014177708647282178 -0.0898745115073428 0.0843405430477535 0.05846579959061977 0.03615168044921042 0.04573784989164273 0.025622531985063993
0 16 0.03159476188027868 0.06390175426821945 -0.13831320887822468 0.09345418121359694 0.07684811520873051 -0.23263229904003066 -0.07865453156303868 -0.058665018550145685 0.13057784156768892 0.03684013570430448
0 17 -0.010045585496054072 0.04741120963723254 -0.039900638656695527 0.09066702030200936 -0.044409640880173476 -0.252835644190694 -0.05671554941905909 -0.06038799652622209 0.1385816543718563 0.07734595241219847
0 18 -0.07170564477576441 0.21231806071140866 -0.21878815377127073 0.007025282394191745 -0.030859390985403246 -0.4637686912579088 -0.1398818392648035 0.012113145661192185 0.09132210558442094 0.2415927493991311
0 19 0.06872115232167919 0.06516129310285208 -0.1467089911834296 0.10425849131669974 -0.08725515242510132 -0.2790227798478607 -0.07609332096546771 0.015243801248718242 0.07491971827213025 0.0347707896828306
0 20 0.1034535352753524 0.20241523223695781 -0.13182476599910325 -0.07324084877501719 -0.009391378271801573 -0.20933215121820298 -0.034712852228604624 -0.020931674986735378 -0.004070597525189333 0.04711076265281662
0 21 0.03802681372480417 0.13218002248001925 -0.10858262013498621 0.09356524529801892 -0.04161427494343502 -0.06667515080024505 -0.11561886777359492 -0.07619808469196128 0.10032594544761253 -0.0446198976580013
0 22 0.04773777056200426 0.119577351409483 -0.14832519308733952 9.409740101715004E-4 -0.090895057402042 -0.257368017125985 -0.05133032407052605 0.0772123038928534 0.1600956899069716 0.23776488592172176
0 23 -0.04719779173799583 -0.08302598168879177 -0.08535870992167895 -0.10128409437392041 0.007941663621785158 0.048171569438408564 -0.07070734714467894 0.051716378255971744 -0.07433598170421883 -0.06500840731146172
0 24 0.08094081150557612 0.0768173791079588 -0.04573276166089351 -0.07754416269476125 -0.01972980052580694 -0.0814067275148705 -0.004653877781671183 -0.06952322527022556 -0.0432951600061744 -0.006595523642293329
0 25 0.02725734770479658 -0.23485955992526983 0.1506071789690109 -0.06900310296304554 0.021417328834344686 0.14847908601726917 0.13759392732484768 0.017091757502485497 -0.1389543555977856 -0.09701680866283567
0 26 -0.04880913690504407 0.13993615955147948 -0.0968421388423568 -9.252099937565428E-4 0.04651199716832642 -0.28098500803181087 0.017952258206177518 0.10915208097914733 0.09581461023948237 -0.016831230907820793
0 27 0.09309112086312712 -0.024740916534904085 -0.08403848613186411 0.027832407741529765 -0.034518544264078195 -0.15078936479611804 0.007293684663394321 -0.03897908667670774 -0.006302420305185044 -0.02044692708770551
0 28 -0.037583756786004355 -0.1081551606842295 -0.042311670177932956 0.0358223919017197 -0.048402426572338356 0.158620907210126 0.03276308132044934 -0.030249596760536995 -0.11755163183577838 -0.02927104573222854
0 29 -0.07321249979608152 0.014949830089206504 -0.09540486891460434 0.07511825714527291 0.09580204865078167 -0.025016683788938433 0.0503764219739693 -0.02862896628489555 0.017888058705270965 0.06533272458144909
0 30 0.08860297292634299 -0.023017777484550635 0.029200483346524666 0.10329222079867828 0.014179643886442309 -0.11736541211959 -0.017542823237403915 0.021658912544076307 0.10892417105571346 -0.05391586420017425
0 31 -0.06085037828735758 0.036447654062117654 -0.08607510153035841 -0.07051238563080135 -0.0414978470573571 -0.2602184812838818 -0.09481754058588544 -0.055533657445867565 -0.018222784449144568 0.032779857584466915
0 32 0.0077672041071937935 0.06825171370934618 -0.01974057935039588 -0.07019618273493504 0.062266592922926155 -0.08191855127706774 -0.08166391880657707 0.05712581522540402 0.0962884405190944 0.0649755441993179
0 33 -0.03007146787503762 0.12312496863941118 -0.09709999781447536 -0.03249797021205029 -0.03717422262183912 -0.02562241148620722 -0.07492675354645575 0.01613939192373037 -0.07635150925548156 0.061541255576703785
0 34 0.08572017343149278 0.048645578752821154 -0.01726637999492087 -0.06820739261303624 -0.03606699334260251 0.06764299129314218 0.10787081610636033 0.07222326026062899 0.06090928492695505 -0.021657449753613417
0 35 -0.023657885268499223 0.02383879692735501 0.10481250284967948 -0.03844576077160009 -0.05299073338317229 0.029892016794731923 0.08387510097288783 -0.08466344162774087 -0.07627759388792033 -0.059103956624353846
0 36 0.02664454680297993 -0.11307309278739404 0.03960184296941738 0.06899890368608065 -0.07009217508967239 -0.139650567096802 0.019413191243253716 -0.03247849734540196 -0.08872492802348174 -0.051234819899634125
0 37 0.061373077782968924 -0.0642959223849883 -0.04843737499300139 0.026553353713365983 -0.032467203113564914 0.11451448386453761 -0.052299111978586055 -0.02999033928886021 0.030548178054081252 0.02554807657833668
0 38 0.0974462658285194 -0.02716121803676114 0.06717906189116735 0.07812588550790776 0.09060717775090418 -0.023510818518913103 0.08322232256599096 0.05181643942842171 0.027745425328970192 0.06633925444271654
0 39 -0.06517863995769385 -0.0395206666426436 -0.04844512184855795 -0.010783475061822256 -0.08304853680536886 -0.025008426901996277 -0.007794750118476965 0.0021358869511091446 0.07052740438775283 -0.013999904152722427
0 40 -0.0208593152130372 -0.03398077346354909 0.06621851135477552 -0.02512150893651195 -0.04415027880037315 0.10634206491593455 0.008471790509483067 -0.08023213640585958 -0.020318720488888872 0.030759906110635893
0 41 0.07453545069101378 -0.05667081022683802 -0.05653016200108285 0.08086126786407209 -0.08323467696526908 -0.07437683562657418 -0.022202497232316522 0.07191217689547354 -0.073145395280556 -0.16887547589319588 -0.2891441301394279
1 0 -0.022783461874618858
1 1 1.009345874748796
1 2 -1.2090554565710423
1 3 0.1426852587128313
1 4 -0.11533006444565638
1 5 -2.261392017540245
1 6 -1.0672870226445952
1 7 -0.0304122140773507
1 8 0.6035730662795922
1 9 1.0031260136436275
