## LambdaRank
## Epochs = 100
## No. of features = 41
## No. of hidden layers = 1
## Layer 1: 10 neurons
1 2 3 4 5 6 7 8 9 10 11 12 13 14 15 16 17 18 19 20 21 22 23 24 25 26 27 28 29 30 31 32 33 34 35 36 37 38 39 40 41
1
10
0 0 0.02350485794956442 0.09208918098755202 0.0810657889895429 0.006254046584397668 0.0930644122856386 -0.07419574287650023 -0.03224469838851987 -0.014618244079851517 -0.06811037275124779 -0.04572552245178722
0 1 0.08249418759468356 -0.006587175607094801 -0.03997591075459586 0.038252291452124124 -0.09519115888988362 0.034772072919376944 0.04083437037301363 0.091726181839264 -0.018902056885562235 0.04063704756860032
0 2 0.09119593565610379 0.05173637562855494 0.045905706394929614 -0.011969329638654227 -0.07848702103401327 -0.07067477752284472 0.04488194679290502 0.07860809740382095 0.03463770807120158 -7.827244766566966E-5
0 3 -0.02929812284416006 0.028377242503113975 -0.009978865519754515 0.09711304365001011 0.09847084702164353 -0.017817295900547075 0.08539807381001552 0.04613793965589313 -0.02790352133211488 0.03947977568618333
0 4 0.0260999681642908 0.01314195584116388 0.0916912201472839 0.08075144634084357 -0.05569462662751256 -0.009789302702750345 0.07158074003019527 0.07675940820297439 -0.022005946126514603 -0.04229334785408329
0 5 0.04416759482074021 -0.01613286583454213 0.03297941960846223 -0.060085084652711326 -0.040741059213789926 -0.005775076362549356 0.06453647033310503 -0.09937631268856989 0.042645496598077356 0.03873070316865983
0 6 -0.08074030004605666 -0.03759479913563744 0.009207199171406028 0.038232493856008826 -0.06130681382866162 0.035935837855480664 0.034822357910113004 0.06955710897836548 0.001278184597561205 0.0494321702365286
0 7 0.09733565767367237 0.021957187152323542 0.03340549678601641 0.0266621456397235 0.09062498286427358 0.06274968062042281 0.0251604339757188 -0.004461177386544947 0.031013345098709327 0.057416753174988164
0 8 0.018891807268093728 -0.02665694913476136 -0.08921425328704792 0.030422275211950064 -0.016625032967970202 -0.08139970387245442 0.0273407556870592 0.015001223540842335 -0.05865896203630907 -0.05479723291337988
0 9 0.014622705037284484 0.0018714362432262158 -0.009315651767733553 -0.04734725041267967 0.052707808529583566 -0.051458113136535866 -0.04209344341561477 -0.08290815641346301 0.06896276420053715 -0.07814991156302743
0 10 -0.012157926207929241 0.06935391269598727 0.023716594903804584 -0.049432156612175676 -0.01408143786263726 0.03660344741344881 0.03529549562193099 -0.0690981056995141 0.04940952745262569 -0.08643273041065005
0 11 -0.047171730222163616 0.02933385490697245 -0.07054856967028679 -0.036941433120868 -0.049440454070581064 -0.023201531790751496 -0.024555884868438717 -0.03488472496632445 -0.019206166652425923 -0.006715477773503397
0 12 0.09431621858436626 0.0384363432907729 -0.06320273757319336 0.08730404056806408 0.02246301144715198 0.044209240716278575 -0.0298050663014608 0.09447399956331883 -0.008514702845850847 0.043742710018066344
0 13 0.0076563202722718686 -0.05725322049708182 -0.08939207536929168 -0.04654151507265109 0.043035516252560364 -0.07352271950855022 0.04904685878441234 -0.0995727812551742 0.08942293735978783 -0.005786657414025416
0 14 -0.054827939859696674 -0.06660052756884474 -0.048978958787874456 0.08061142568067185 0.08360803072406393 -0.004115583402951398 -0.07823593955967163 0.09886214040540238 0.08546024268623571 0.08564517940469374
0 15 -0.00772823570235071 0.08765536003323862 0.028623577590019753 0.0814363527859777 -0.06902164808025987 0.03735951317496014 -0.0846932168241293 0.09593504240602303 -0.03158604509286352 0.07061832066847493
0 16 0.04168617599217996 -0.00216970743971916 0.026690287631999297 0.0845691870306576 0.07803856062287752 -0.08917787173629911 0.07577720839856929 0.09250754760444965 -0.09085936399710523 -0.056247629218222676
0 17 0.04680939005389646 0.0665207145247448 -0.048379980908754346 0.04601280762258815 -0.03359950796704688 0.04881622514729895 0.02821838986808732 -0.007450742333190716 -0.09037444708384391 0.056194646016788745
0 18 0.010661610698016825 -0.019332856576141727 -0.05665035917856138 0.04951028928489676 -0.019360478894134052 -0.08487652722263996 -0.07590249233847407 0.07792864162204306 -0.040478845898454165 -0.028994368185652708
0 19 -0.04578038572870645 0.03631200601501144 -0.005921266712426687 -0.09141789836578242 0.03699569497237888 -0.09348519569264771 -0.09601760559452069 0.010309551052230062 0.0836706656223229 -0.058952394936596694
0 20 -0.0030314050420013746 -0.03439413771548313 0.07870666456859579 0.055862642924459 -0.09776926489850278 -0.0843208596386958 -0.004425845180015857 0.059588901995205217 0.058702633689019956 0.008353283463159833
0 21 0.090710331931978 0.04257597868665623 -0.05552206116303002 -0.04186536844721595 -0.021160802827186367 -0.03883206171352483 -0.02699086635140923 -0.08504648100352886 6.362368023515625E-4 0.004226267658767688
0 22 0.05701869947389729 0.05957259273391216 0.05718693835090498 -0.0023733751134061036 0.0320169113970527 0.09083861451154822 -0.07577387263031718 0.09017579741121283 0.05779123926365619 0.08991266246192406
0 23 -0.05147159378847029 -0.012111744478635916 0.024752142509614203 0.07652559322404423 -0.006209382214371474 0.037328413566737655 0.03659550208569744 0.09324503404072701 0.034047461811782344 0.09051168639411798
0 24 0.05943838109573722 -0.009540202961813163 -0.027791426261071103 -0.033432310233345 0.00589257841085659 0.004085170841935586 -0.09224137410277974 -0.051996810453909914 -0.041775735927370175 -0.043877880773802606
0 25 -0.06792000429203789 -0.09134136390689582 -0.09189306685424299 -0.049549914495347576 -0.0732197386506512 -0.060306040227290976 -0.025635515932816228 0.04752685449313033 -0.022565692581306196 0.0954449667766527
0 26 0.02344328615767952 0.06216472641427866 -0.09365769108195693 -0.03552768466649402 0.06035212095526439 -0.09276895726694544 -0.0975589105545077 -0.006530843140304999 -0.09455606257202999 -0.05504394717005268
0 27 0.052275728011625125 -0.059807223804293624 -0.015632476918677383 -0.03909300180697516 0.07246318371763105 -0.03662808423709209 0.0895444455940254 -0.05154984296386813 -0.06581932778381828 0.05531629271082882
0 28 -0.03577971683673655 -0.0642082258181061 -0.07016554749422485 -0.029994681822863686 -0.08567887494906486 -0.0874073479292503 0.07430515717631928 -0.033528183487622515 -4.7943370850014617E-4 0.022860852134055098
0 29 -0.04042208421929831 -0.011579270071579504 0.07253215115355803 0.027636067406919373 -0.08618077429768703 0.03952144753408839 -0.09389968346391073 -0.038754266865566434 0.09055203522317457 -0.08937448902536597
0 30 0.05260969478570795 0.0659591466055104 -0.059100509363371426 0.040171680505322306 0.00912697781336008 0.05955093967900723 -0.02149301465114864 -0.021857954559543542 -0.012581377928729041 0.09917801989143385
0 31 0.03704912007744351 -0.030014779409075418 0.03993424891883207 -0.030136286883445516 0.05239098013878803 0.08704646236510404 0.07975494202328504 0.09426408037319858 0.08948186205288979 0.05369373719851655
0 32 0.03672442486679163 -0.06405309986438697 -0.041981062440611464 -0.01427383898715837 0.0030698414620042745 0.09053983968740588 -0.023202287667317818 0.06873113905212046 0.02870468689786628 -0.018383469597814783
0 33 0.039896548207589026 -0.0651520405568082 -0.023152947289659435 0.0046653477173757936 0.06268459341401315 -0.09750854248814599 -0.039209132666339595 -0.0020027227350600777 0.02616649964794049 -0.07503996336506431
0 34 0.02086924582263403 0.030991217875143605 -0.01954538368935615 -0.04226031955133673 0.04609268874725682 0.07234475384757079 -0.022078654433314526 -0.09126117749631782 0.05885197959416946 -0.05475015015293561
0 35 0.0968119201231592 -0.06190552276687566 0.06422496554951675 -8.064008150114557E-4 0.08058857076595699 0.06951319550763163 0.055386635247921666 0.02086857106572426 0.09884201939684382 0.03459555960615149
0 36 0.051919078477528656 0.011728374447361656 0.08954576443804517 -0.014747237763452185 0.05517904941782831 -0.025764345157358606 0.04236081362570556 0.05468284157457251 0.06838748304476426 0.02513084984059102
0 37 -0.045919055101678895 -0.07771120955872773 -0.08646517290814949 -0.02477807167715808 -0.08959529812134889 0.03815445532923769 0.03407759993004197 -0.05845758096083089 0.08402237399560417 -0.04387086495808776
0 38 0.01878853514790535 -0.07299350202083588 0.04889480397105217 0.035015709698200226 -0.07085592299699783 0.06685055047273636 -0.06641311943531036 -0.07548508793115616 0.06111132353544235 0.041658829897642136
0 39 -0.013900006312478915 -0.07291166499782609 0.02405071519659199 0.027751821588780343 0.0701502910486593 -0.0936584419387185 0.06451333017849793 -0.07815434463836847 -0.03664045374341684 0.08037736367027856
0 40 -0.09323044315841378 0.0993885678350943 0.026913039226499746 0.011407250820960202 -0.019050280389615058 -0.0018768566451385668 -0.05546454504353779 -0.06382568124502773 0.023720295557295833 0.008318857490781545
0 41 0.01707003805595127 0.04119099867485933 0.0075848546449717325 -0.026353403965431677 0.09352265654580591 0.0822863786724658 -0.021275381220298574 -0.0303390580891775 0.08889565141285956 -0.0486275500330797 0.056127808988094066
1 0 2.2577642812393657E-4
1 1 0.05428122729063031
1 2 -0.05913481861352909
1 3 -0.053602200001477744
1 4 -0.023354332894086654
1 5 -0.036892868578434254
1 6 -0.03580604121088976
1 7 -0.046532668173312974
1 8 -0.007560253143310564
1 9 -0.029460012912750622
