## RankNet
## Epochs = 100
## No. of features = 41
## No. of hidden layers = 1
## Layer 1: 10 neurons
1 2 3 4 5 6 7 8 9 10 11 12 13 14 15 16 17 18 19 20 21 22 23 24 25 26 27 28 29 30 31 32 33 34 35 36 37 38 39 40 41
1
10
0 0 -0.005488437595469324 0.16702700132310722 -0.07297658928425976 0.03164570624905447 -0.15734001473747591 0.08715899401653815 -0.22936576846964882 0.20443210238319742 0.10518921204042428 -0.256778178385693
0 1 -0.12644130725278568 0.2284077383293227 -0.1707762101952921 -0.005333688677088392 -0.13338979843139082 0.195013641943106 -0.2506222799681313 0.2135529476152748 0.1567631201170019 -0.28029743116012035
0 2 -0.4518520205848837 0.854686475390518 -0.639056355388513 -0.10401921254977285 -0.24484535579341007 0.4258517170239975 -1.0163280250523148 0.5708899588645643 0.4900329198452135 -0.8269822417193098
0 3 -0.15637818915733834 0.2558559498389146 -0.28621354689900613 -0.02697116306125944 -0.18436778331081047 0.20176785839166014 -0.28337216511910907 0.2769875299222379 0.2584671970601176 -0.36316609444053427
0 4 0.0039277650135962055 -0.2126843488173829 0.1746243672792387 0.06576584852550894 0.12228586671939638 -0.10025483063024765 0.2123999997652105 -0.14766751753457535 -0.14448708929190066 0.13916589283543787
0 5 -0.15683200457805732 0.25920480427202786 -0.3288613729845527 0.08371731976163972 -0.2153323511928446 0.2555201222363354 -0.40982491384071845 0.27872780162098354 0.23589220805182115 -0.3175596842254847
0 6 -0.05461469639419539 0.2713798334217752 -0.1220378326025418 0.061017311091487135 -0.0423599611825882 0.07020493212294654 -0.23178661301452994 0.14675675516759393 0.08698917978097988 -0.29815743707928044
0 7 -0.04804511096580102 -0.03671430913124866 0.0411424455456622 -0.06329936236840956 0.009648792961236118 0.049726395911860226 0.06526046118679035 -0.11413907863126863 0.03011014953920515 -0.03945544645473564
0 8 -0.03153952905648313 0.004377551754830256 -0.13809300087193352 -0.0884180148931299 -0.07932491375389597 -0.02417952581514447 -0.15363740018575608 -0.0038505066669992367 0.1204799927420591 0.01036217256456835
0 9 -0.19518978143978416 0.3327266833230252 -0.22244483672940296 0.06536512620180594 -0.11806402820638304 0.08432581238159904 -0.3820201510380243 0.18453654464276398 0.26364664859378467 -0.38960348781712945
0 10 -0.13851258377031533 0.18757968365899108 -0.29030689712385854 0.060524388024398815 -0.1510430380714359 0.07966570171828127 -0.23136333246784452 0.18223607637847353 0.11008572188446544 -0.20349263857071506
0 11 0.13200941053907625 -0.10415561354284233 0.07237219675364476 -0.08221914152235348 0.07899074445216438 -0.08108067526605417 0.23670892133380084 -0.14380601059074322 -0.14762528079690648 0.20406116084831533
0 12 -0.17146504760217046 0.28661971290455174 -0.26142185088344105 -0.03242748043061259 -0.014925199726216856 0.22077618925476958 -0.3504131078146299 0.19014886345379073 0.1600367727662341 -0.39712428176628806
0 13 -0.14669935249557245 0.23592588284492091 -0.2804833353165041 -0.0237335645805201 -0.03740703902514279 0.1977437910595417 -0.3670087830135089 0.13760494395721504 0.23347790055724338 -0.4344914681752659
0 14 -0.20335591475370307 0.27832861836883355 -0.22261060839401872 0.09032957851769216 -0.0703737939167101 0.08446694169721235 -0.2617599162628294 0.1656203753536165 0.19039022059510305 -0.1761496629353015
0 15 -0.042764797525034134 0.05021228051647297 0.06085791239117681 0.03465557129043751 -0.01791553139708971 -0.010566462579756125 -0.03493798168869153 -0.0414568586910173 0.01318553808327381 0.08521357163198293
0 16 0.05016115811928119 0.008373722100676665 -0.13538027318257576 0.07538166808970913 0.03802535036261346 0.09900661504739756 -0.07430223590744892 0.04908074165301996 0.1272723721744885 -0.10844435928431322
0 17 -0.031325579925383894 0.09018337161945807 -0.08562897030351332 -0.036198388571585347 0.059418068450067356 0.04152640309338928 -0.07091126766622916 0.08722670676159591 0.047475338180566665 -0.06339891928097453
0 18 -0.20063613441282427 0.16803605019988685 -0.19811597429911673 -0.0708529973560551 0.0027504043385635562 0.0718599824804997 -0.23456837289684276 0.09671029915049965 0.17388621732023993 -0.1836220079361704
0 19 -0.04897595032269969 0.1359821313010621 -0.21807605035347327 -0.0029898920147269892 -0.002157771816883683 -0.02521535659925249 -0.17000753479505717 0.0779699760711123 0.034341449542434184 -0.058546322919798874
0 20 0.014341064509494714 0.1795768853848496 -0.11869814797109347 0.0064752560778273014 -0.1509022074590802 -0.007435210689450115 -0.11780521018564327 0.09480623472289328 0.1493440542848663 -0.2550453008254264
0 21 -0.0456737332681871 0.10557216499270256 -0.1218434133394722 0.004120226690016453 -0.08096846861235182 -0.07150762171563822 -0.05711011366477155 -0.06943479949149117 -0.023988711183574322 0.0562027004664893
0 22 -0.13355207362780863 0.08557411313758134 -0.19265739602099388 -0.09435960895314754 -0.16878427095918822 8.395366037110088E-4 -0.2732251602783867 0.1430814829680974 0.1103509299081885 -0.20608642954441198
0 23 -0.10747738478959985 -0.11461014196797834 0.06701263048870015 -0.01736113797444936 0.030632044403873585 -0.057065202440209364 0.019445416442377978 -0.09938413196646068 0.04613980653912588 0.04318410283389567
0 24 0.022268350423907544 -0.017225284457457798 -0.016215251614545005 -0.005499936617619166 0.013439466554003316 0.026170124393881833 -0.199247334315944 0.056707147507753096 0.020314650743126498 -0.1644122131455229
0 25 0.030597460709201087 -0.15674901877722916 0.15464615800231857 0.08647899572316027 0.1189931067551045 -0.011068498349128144 0.18906442048351496 -0.07708558764468654 -0.02631068645026982 0.1405381666298838
0 26 -0.06797913675025001 0.15867898337119357 -0.1167215550905277 0.06378501008376442 0.0582595684380019 0.13261472059130439 -0.04860427661768221 0.10444438460147035 0.14137603118970749 -0.03968568594726657
0 27 -0.1207166666384256 0.04798753490308458 -0.09529749987313123 -0.07747026508483396 -0.023732939709322064 0.028908549922396626 -0.08984013352377092 0.03379383558387087 0.09455922622604283 -0.12789212401019742
0 28 0.02978863624437873 -0.032830763122427886 0.11195982386829276 -0.021216222641711954 0.025842013099948186 0.05284335695572055 0.10800823506844408 0.054603947568335434 0.0404329759875243 0.05677804528483534
0 29 0.005164169869291598 0.08926670493345412 -0.06395609239051614 -0.013129161333668217 -0.10235539004146892 -0.06912154629731303 0.0414414829896382 -0.011887154862384876 -0.06620908078658602 -0.10683771387343566
0 30 -0.10388297001320519 0.1266465717212206 -0.1280260367856143 -0.0013905344630202414 -0.02414784450755246 0.07739167575097158 -0.021111119488918407 -0.06535744227804251 -0.03951316329648649 -0.08537377350812415
0 31 0.0464906326390278 0.08721744074673152 -0.03883620622422748 -0.04172193636169757 -0.02664420191272941 0.0928892059665893 -0.022364036498114127 0.06967614230505176 0.0415891604856455 -0.05824920530633165
0 32 -0.056049941228070735 -0.013551182198139855 0.03891777500251476 -0.0998091824148249 -0.09164349744329876 -0.04141111907017433 -0.13720830180785634 0.12419944206144334 -0.05254103374360069 0.015911911378667667
0 33 0.019254535718825936 -0.04577573699413952 -0.10355723656557758 0.04209956653219715 0.017252824005741185 0.07361778851321994 -0.061913135619686886 -0.01801846666571475 0.08278333200941865 -0.12522136475241236
0 34 -0.009738151091294828 0.0853100313713125 -0.0052211591417945895 -0.07685131650420066 0.0790810778611332 0.08189137372183822 -0.09705728167872094 0.05841291358948876 -0.09538005775703318 -0.011910847628589334
0 35 0.05077484948020908 -0.06118071046005045 -7.58270155279443E-4 -0.07292864813508171 0.03023683546304219 0.03749661321279012 0.07064577938493462 0.07839494017998568 0.03176792617170467 0.07126859378109032
0 36 0.06341382265337793 -0.09245466739332965 0.11658657311466722 0.03265238303042861 0.09237289052981873 -0.12448602220507653 -0.05160933775426025 -0.03456875421925447 -0.11401027076034542 0.06748090408625457
0 37 -0.05908338606593827 -0.018801152159310133 -0.03997438474184647 -0.08592927157390537 0.07554056773090694 -0.004606940764938788 0.1100527183246298 -0.04736781654821646 0.007640698640844798 0.09921260570839192
0 38 0.0651080979587346 -0.002509266811107182 -0.0727524407194258 0.09157436119551865 -0.0018019075216250595 -0.022356367401862007 -0.021582166220887104 0.08626048756529059 0.02986459944663284 -0.07382013946349948
0 39 -0.061701475699734505 0.03557834394420045 -0.011915931406171965 0.08614627244935981 -0.03809596925144094 -0.06532517045535188 -0.06089324994422704 0.08661201903385367 -0.0045150062830212855 0.052480757134160956
0 40 -0.05231493347680176 -0.08892743679986494 -0.03776986959169542 0.07245514760266115 0.057621648640256436 -0.024290453009467635 0.06386875843167444 -0.06886794937836621 -0.018775150528470227 -0.1046765281359897
0 41 -0.005788275989050432 -0.0477696111491755 -0.019424658059018846 0.06516932964567262 -0.0631796870248247 -0.13799731218266076 0.07424568468406524 -0.06192520588154809 -0.07096771549238343 -0.07359393438225648 -0.1711601450671696
1 0 -0.7446118528712449
1 1 1.1817218975363077
1 2 -1.1636749619363111
1 3 -0.13617964356495496
1 4 -0.572210814149482
1 5 0.5872283289026606
1 6 -1.5646719838228882
1 7 0.8532966126433266
1 8 0.7716411157064603
1 9 -1.3668643903637652
