## RankNet
## Epochs = 100
## No. of features = 41
## No. of hidden layers = 1
## Layer 1: 10 neurons
1 2 3 4 5 6 7 8 9 10 11 12 13 14 15 16 17 18 19 20 21 22 23 24 25 26 27 28 29 30 31 32 33 34 35 36 37 38 39 40 41
1
10
0 0 0.12521535991711477 0.28066896981164974 -0.12101136692526818 -0.28225565936314734 0.12849589555043564 -0.06999408525890514 0.08422949638385205 -0.09533536035059582 0.23816607314940802 -0.2183613694319915
0 1 0.16510444578551509 0.29824023003899736 -0.2009852683322539 -0.3580650776132771 0.14983369370814992 0.021479131874582075 -0.014634151910258415 -0.1691342347821215 0.2766086455643484 -0.23986228428528272
0 2 0.4649245000060744 1.145133164770666 -0.942792661462779 -1.2721863037400218 0.5568435198090689 -0.08347609234249008 0.33959891895590666 -0.21531294423845346 0.8186282443993282 -0.7107705980473774
0 3 0.08353157216226888 0.4738525653574512 -0.34362303140389927 -0.47902707237418424 0.19780654199183387 0.060101927051110914 0.20730436835981852 -0.20955344688652733 0.30797087664368095 -0.32942959140142447
0 4 -0.03371931158756224 -0.19077373668968176 0.26494402306438886 0.2351270234982356 -0.0609004840480156 -0.004867066736694093 -0.06503398463162872 0.14299397473858 -0.23957434916789763 0.18934687078869109
0 5 0.18152869385828366 0.4521382109814118 -0.404299993574577 -0.3709006151918264 0.08818778214399511 -0.09739591165644652 0.11869141069923213 -0.18149382007693013 0.326542591224989 -0.2694090580796837
0 6 0.1928106713667078 0.20097756941173864 -0.2817366246423003 -0.3725011401387957 0.17978092376752952 0.009372553581933073 -0.006588493064014663 -0.02543052906659081 0.20226705105199716 -0.21474705701495575
0 7 -0.139090910598792 -0.13854249900875656 0.07332872192848996 0.002334547637210467 -0.019815920220879343 -0.08947608450616915 0.05911668788672505 0.06614185053538896 -0.15324149987990215 0.07658873772430448
0 8 0.13168050419712138 0.017864587884974362 -0.1445052315370389 -0.1964007471928074 -0.01972841421112544 -0.023597908452459532 -0.01859982526082222 0.0313045232810582 0.031047985494537564 -0.0012504136647387444
0 9 0.22778811767536322 0.42684244812861416 -0.3717470295977738 -0.548987885801113 0.15879495127071094 -0.022275083837339768 0.16289036288171588 -0.13055512752282078 0.23986275468658094 -0.32440276565944126
0 10 0.15730354091251975 0.2829262060924279 -0.2560498188530085 -0.44406786339817134 0.20061968461832677 -0.1104155295172388 0.05266536081506089 -0.17912925454945028 0.2924776036645522 -0.3226390941669852
0 11 -0.13806322468595178 -0.13594947697239468 0.18348499004644733 0.10267238986939044 -0.15423250197351418 -0.01705518786034659 -0.12045223989114329 0.03773393678957636 -0.16838534148782033 0.03329147222005467
0 12 0.18711818400206165 0.2993911035622583 -0.18670555925976895 -0.42718079526583425 0.04167125824840688 0.08056080066518265 0.17213846581073605 -0.08184785348106557 0.13602121121009736 -0.17672621218630066
0 13 0.14653528138582558 0.29797521425052315 -0.2723896811556559 -0.5543126670497035 0.058544766487553045 0.028976017466984878 0.030683257326132054 -0.033156094162516886 0.26420673381769705 -0.23025551635349684
0 14 0.16712127542229036 0.35417862647099685 -0.3194645230273231 -0.23799775105045573 0.022391638075965163 0.025773651246653873 0.14192861775678045 -0.04321824291463392 0.22691420806636828 -0.13286862142533284
0 15 -0.002298193315988493 -0.08919206373381937 0.01659456121975006 0.1519521390454841 0.07355027678570498 -0.004833843218026536 -0.08297142849862905 0.021692441955729388 0.021147842755523047 -0.04831405137962738
0 16 0.08170620568812291 0.15384364203254322 -0.1090342365979228 -0.2050021508438902 0.07057493825019172 -0.0745939789745531 0.08624321791418334 -0.07655450549688168 0.0035524432805477107 -0.15498203513404124
0 17 0.0525420756736813 0.14208289894826953 -0.14620664846447465 -0.17675471426671985 0.06695106589371218 -0.018778593538717636 -0.00532496812830919 -0.0626898973044794 0.06952851486127008 -0.1514844407121833
0 18 7.066049843179669E-4 0.27610539742224105 -0.29567133486040326 -0.34501712747868973 0.1372094002640212 0.03814908092535425 0.1533993092168072 -0.017181376075450984 0.19029128001652162 -0.131131524334862
0 19 -0.023189321407816824 0.20303731093146582 -0.13541096136292477 -0.16221485637568775 0.11263720716949219 -0.06146639161632787 -0.017093873938168944 -0.03723667703762338 0.03666397115690389 -0.05725557323004237
0 20 0.12048018048563201 0.050116235969695756 -0.20705739745075188 -0.17376478433946918 0.07086437882691594 0.03796675230497103 0.007337988545680003 -0.0615397576810501 0.018861849579076048 -0.04027891315647834
0 21 -0.031215228790861402 0.08890831153675263 -0.11079381938938908 -0.13324135469809237 -0.010931478471063358 -0.011442442626007106 0.08753013155854819 -0.039478824744882325 0.05948337574195858 -0.07574959572549882
0 22 0.0935274992011888 0.19812055382737104 -0.10552035963690502 -0.2638817911855697 0.1748259432375758 -0.033203815064379395 0.023046170692153298 -0.04946677252608499 0.1260404327112249 -0.15863666798472015
0 23 -0.11387635464249252 -0.12973340206213235 0.13357477453431682 0.14000318279451376 -0.02479792824845227 -0.01470913483824572 0.06325603600279335 -0.07733467268524606 -0.13756059294886042 -0.02467388849676765
0 24 0.007672686197922198 0.06388186075328758 -0.1809718186174167 -0.016873743109649043 0.09911722182101142 -0.0022426732942058642 -0.06072915303901688 0.06739438487521635 0.002953661456027467 0.004607248186619579
0 25 -0.1168342151734849 -0.35388370306985384 0.11748543844537965 0.11270932304071296 -0.08840234505819865 0.05907758469782339 0.019805117863413844 -0.0028004463012011684 -0.11697372013676909 0.11193548596347412
0 26 -0.0197180774383311 0.0550914708242258 -0.15217899649014638 -0.23940948056991312 0.13954951258382972 0.01248490399244734 -0.021846878196374247 -0.008737779312572217 0.011818495256120496 0.0052591516139671585
0 27 0.1287834353426974 0.1653032297646701 -0.1403618176362072 -0.1525649850036522 -0.0083919989079268 -0.017756237907726388 0.002059189213378753 -0.059420457474576846 0.06409754983499359 0.0036011731944531767
0 28 -0.1222863798470389 -0.13461295090459646 0.02205888738451309 0.12628827255700525 -0.08019071854851287 0.0721234848883752 -0.01696226822463532 -0.06820259593681059 0.012372192542525659 0.06083302615979385
0 29 0.10545484433375352 0.13634061502151615 -0.029024752468891 -0.16309360620162527 -0.04002126047765506 -0.08902317277253781 -0.06691565875936398 0.06596229746819204 0.05204766537160209 -0.06064359488353737
0 30 -0.029082069096141507 -0.006575697791031653 0.03009303523466095 0.004010910651699535 0.0030479264280555123 -0.08844732910881034 -0.07912295776925626 -0.08342588329915929 -0.006749992197129419 -0.05992122823562249
0 31 0.040338297560803434 0.17023732397482272 -0.07206449684590578 -0.22757142215095752 -0.021055780875846093 -0.029201511307500275 0.05506036171565632 0.0028522922582831034 0.0377703590954148 -0.030178238981144027
0 32 0.020733192699074098 0.10420432691093033 -0.07998705904058655 -0.15353751496320614 0.12458202012182237 -0.02014173877252534 -0.004213694157808119 0.01991285730599771 0.11386986838116622 -0.0931003230197644
0 33 0.04619195937341514 -0.025301443087723117 -0.03472504740945016 0.0017666010623129437 0.10317733689723854 -0.06670735127416803 -0.06676786654967125 0.007937327974337454 -0.03502269744672367 -0.09309037353649557
0 34 -0.06770231731186299 0.04760109987576307 0.06006546012902233 -0.11041242990321287 -0.005523195698815571 -0.026510286577785355 0.024781178235388886 -0.035690779264407335 -0.06581564105626209 -0.10295921734410314
0 35 0.04820631561075736 0.026673762428126965 0.1067037896561865 -0.007452405979904291 0.016628820408764348 0.10214853249574303 -0.08834805114015938 -0.04408074167371735 -0.05879962321548825 0.06197261621941735
0 36 -0.020916077468057785 -0.22614632492426073 0.05449230256198507 0.07332307793580703 -1.67124594413793E-5 0.08309364038179191 0.04135864320824243 -0.008472720952042585 -0.03320929047876082 0.029754300462130363
0 37 -0.07220200739538149 -0.022943933045515372 0.019084349373586214 0.052684956844004635 0.01736177875453073 -0.001992977519471384 -0.047961838493180614 -0.011151227417650908 0.0714806297930914 0.023764062679854057
0 38 0.06992776325475515 0.10321424117180382 0.010912243681753375 0.07559649175259862 -0.07237431696994474 5.505525870020831E-4 0.07214367780677314 -0.006074878505717645 0.03789363715755071 0.04527351121150116
0 39 -0.08351653394187171 -0.05050970339989853 0.031949371848689075 -0.020722385025288715 -0.06520492537905817 0.08133739203994275 -0.0024272017672017786 -0.05477442947942666 -0.07440669205176781 0.09283634384883302
0 40 -0.08795659528863636 -0.15165708846394144 -0.05970788239235482 0.009861756554519756 -0.015783532054519222 0.10352574245729915 -0.12187491959408561 -0.03556350784587747 -0.18158187339322146 0.08396177301788393
0 41 -0.03001413829506424 -0.1969979268382726 0.0932061362996212 0.1244007903872888 -0.0728308271001694 -0.07452215336034668 -0.0030928692428029048 0.1237424227924596 -0.15310729508269744 0.04316516918956464 -0.45627459763147193
1 0 0.641124489694323
1 1 1.6398540375229567
1 2 -1.5251931739007387
1 3 -1.9264923100716973
1 4 0.6425321539322321
1 5 -0.2236015062684577
1 6 0.361825331496465
1 7 -0.5600214844840599
1 8 1.1270260448210085
1 9 -1.2239366226061248
