## LambdaRank
## Epochs = 100
## No. of features = 41
## No. of hidden layers = 1
## Layer 1: 10 neurons
1 2 3 4 5 6 7 8 9 10 11 12 13 14 15 16 17 18 19 20 21 22 23 24 25 26 27 28 29 30 31 32 33 34 35 36 37 38 39 40 41
1
10
0 0 -0.046057515454678746 0.08342157530749575 -0.02442043467553416 0.05971114710166041 -0.09569576899656486 0.030752121161678737 -0.04521297842425653 -0.03542367471887307 -0.04008241626202099 0.06454859859799611
0 1 -0.04464331469507759 -0.09687113933144065 -0.03230292693718201 4.5637459332339915E-4 -0.08929187894426091 0.08387272126434524 -0.05616032329869887 -0.06628284908705294 -0.02235092639697019 -0.010266706860562799
0 2 0.029071415255031017 0.04478779947806901 -0.06665297950868355 -0.01625117693369195 0.00793605183625548 -0.0496629026621932 -0.03319282129799203 0.038224730312223884 0.053941593620581964 -1.1105273576760939E-4
0 3 -0.01840700527383874 0.05895258834792779 0.0922399001516265 -0.08622806978437976 0.06656374919075315 0.052157283649616415 -0.04379340950937954 0.02546919355925325 -0.09141096176767423 0.034717637911171294
0 4 0.013986901487534491 0.019149146659093744 -0.07962623117625914 0.07498713396455546 0.0032881599942392896 0.007008812777012726 0.04272406063985189 0.08209626210171332 -0.038880104900120505 -0.00781006923752315
0 5 0.04495423126341519 0.019638478029654377 -0.036174404731571255 0.004369907591119153 -0.013352063129931624 -0.045726907428409735 0.06952126784201329 -0.0031115427986187195 0.022425696045892844 0.0785994640220772
0 6 -0.06999194735808754 -0.04883740418788769 -0.06089584599490711 -0.02863551239466393 0.06550222978450584 0.028284546464927333 -0.004891577980601049 -0.017731073836252886 0.05783015564180142 0.030795293474383197
0 7 0.06344828725444553 0.02421632744692459 -0.05164744045749811 -0.06327503966259752 0.016907103470195476 0.058406478554597 -0.06276277381223436 -0.03791936941803364 0.03712108918899738 0.07196655933866622
0 8 -0.08852387263076894 0.05785908573641366 -0.06605775136812381 0.04800441063394852 -0.06119699544420723 0.029653114972751998 0.02883325615837508 0.0026920930704503673 -0.0973763976914663 0.02039066956370154
0 9 0.0751204885494146 -0.05265029166084822 -0.02065633811197376 0.05945829936762251 -0.07562502229104719 0.06660951940134933 0.062247691394400576 0.058039545825611404 -0.047049102514941425 -0.025730050467213036
0 10 0.03730617556320992 0.08171203159776418 0.044611191413406574 -0.062229308326208314 -0.05460437949561003 0.06564965160476077 -0.03960619753887767 0.03240441358964287 -0.04037070116579224 -0.004412974683894652
0 11 -0.09276625854261451 -0.007862882306416538 -0.05050558480977098 0.08805236165588563 0.05086539978162473 -0.03529504137765468 0.09650917567127308 -0.0732638676478846 -0.010376308851538932 0.02412912513902032
0 12 0.03716453089059315 0.004658627732251102 -0.044468662720862605 0.07132890176083914 0.07259712703285487 0.09939972413014553 0.039186160769418256 -0.019097539303477684 0.028469630039215623 -0.009502200270258315
0 13 0.06329880256546853 -0.07535237407832325 -0.04123848982643636 0.06677339918368473 -0.07898582959241371 0.09449093486887924 -0.035432968431225634 0.08590314886339419 -0.012950965156249777 0.02925525968253655
0 14 0.03444745562814558 -0.08074042972458598 -0.02033175217815057 -0.015201914217501219 -0.06363416294521973 0.09976112774115316 0.012214567648772863 -0.04356532228459365 -0.08222583016742162 -0.042912726879580025
0 15 -0.07130689684666787 -0.009694083361389508 -0.03103532889762495 -0.06038657357894141 -0.04136204120979713 -4.874704243989496E-5 0.09092525369974239 0.06607492810841364 -0.06505548413806184 0.09370445265782974
0 16 0.028442610104467313 -0.022335416801695547 -0.0380906359859267 -0.010868297968507589 0.04686010931124965 -0.0625161572582824 -0.06319065564793305 0.035112260000404225 0.06851131333846726 -0.02637061658578872
0 17 -0.018225566863494577 0.07470039126597676 -0.05276102724944112 -0.07019072819861986 -0.09472332849072222 0.002455406491774689 0.09172498425110359 0.0066293739365757285 0.0252368573332879 0.03465214808346385
0 18 0.029536285650880453 -0.09981428211887124 0.09618969613588504 0.06460737009764747 -0.02960289248978693 -0.006676156717122878 -0.03142239457997506 -0.06791424422778812 0.04283731548840237 -0.017047234460575208
0 19 0.03948504055888696 -0.03434826314699838 -0.04013844652312174 -0.08593007437154405 -0.046568238575164435 0.06229624574870619 0.035680337068139875 -0.09527440493826064 -0.0642995884404971 0.0728057882895671
0 20 -0.06528242368391576 -0.008367499680791484 0.010060855709079455 -0.05984488091350091 -0.07900361995566188 -0.09792726248601459 0.05447883959690132 -0.09867801641705153 0.08058667550786777 0.04227068008194858
0 21 -0.06656594612014016 -0.07296878112259826 0.0676203609008329 -0.08119110919818455 -0.021158343111588387 -0.06846855283098828 0.030454118065847913 0.016817591804511846 -0.05446829352686287 0.0019495182581379725
0 22 -0.026110312610460908 -0.024308548482274844 -0.0840773374883355 -0.020502501360121834 0.0725510650757721 0.010997671450112384 -0.0581406292894575 -0.01034241942486979 0.00292311183844113 0.025867203447929414
0 23 0.0636071818825323 0.001200705051381241 -0.07528782140286522 -0.07261105804994827 4.498399886416052E-4 -0.037447712553279694 0.0636807727936189 0.02730056998634038 0.02529084384349551 0.015418494439216855
0 24 0.039624047571466474 0.09253112762830501 0.07913541457645139 0.05330323139364355 0.015904435469970165 0.049394388136207334 -0.03843445228710139 -0.06846301824250726 0.041052877298729855 -0.08126417957811684
0 25 -0.07151664869007435 -0.08608247313037987 0.02300858728003736 0.052891590531835606 0.0407727978331514 -0.09263407056764131 0.012014630801576907 -0.023210385617978176 -0.061828424376372926 0.07713504166426821
0 26 -0.09167162631166718 0.060684352020573026 0.02247420689870327 -0.07571291464977094 -0.011002550484989233 0.006620881293410153 -0.06674874159347148 -0.04360202893291529 -0.04030465001292338 -0.001858277524931937
0 27 0.06900842088001244 0.034102843215504886 0.048657548580986865 -0.05329992904182565 -0.06173764949704291 -0.05374265408937097 0.08183006909097375 -0.06417796376277882 0.027232215011658147 -0.09799501118387968
0 28 0.06662635407527254 -0.09701255192905373 0.03482320666944633 -0.045271999196619964 0.07867676709595173 -0.06654285218327301 0.08478128521887913 -0.001264632372714648 0.08988216589429286 0.08406841661018467
0 29 0.019561202395656885 -0.041293810384445725 -0.054012169614767395 -0.08771263369249313 -0.07647897901262418 -0.09370209162832126 0.09860615689565785 -0.0952459568134006 0.08500457251723319 -0.044312912087693425
0 30 0.06659208802823652 -0.012415849582650023 -0.05766496673496392 0.018179786618077166 0.08954620300372104 0.012732003165485799 -0.08339510886325 -0.01347050259748242 -0.08296402458505234 -0.08131423045636575
0 31 -0.00863468161239775 0.020088107196926396 0.023247597149255728 -0.08104240377930795 -0.08381324447708755 0.0544830593277274 0.004796071661039762 -0.056132076757744585 -0.059843104875020585 0.08201602749918341
0 32 0.07765037024038123 0.035487950581990814 -0.04261400663272603 -0.0781883322746763 0.034972271333641836 0.03635483763637966 0.052274929788209516 8.727667175176439E-4 -0.053561768804558395 -0.09728669031196713
0 33 -0.08841616093391048 0.007126809412401618 -0.09032440963426477 -0.08866530883620946 0.0723180733756235 -0.050294101671445005 -0.0029864261965978915 -0.05899802457512887 -0.0231007967853133 0.03557696839307617
0 34 -0.09434179796587659 0.07556866079505502 0.025776368194280398 0.09578890289891503 0.07580825021480482 0.009150704792018922 -0.0661236981939429 -0.07289007108782079 0.008164432483621366 -0.09448626494557641
0 35 -0.04023909473871247 0.055185785403890776 -0.005705756952580063 0.06992466474490784 0.09375757564708107 0.02554513548395288 -0.08272320466865082 0.06367912769228462 0.010657631237490032 0.02201116810949369
0 36 0.0808894172921671 0.0465548163385281 -0.050472186253524995 -0.0976233442977672 -0.040697329619065574 0.016312769137166495 0.02698751869228167 -0.09458355114470492 0.07026584161918681 0.012698672836383497
0 37 -0.0342707203573646 -0.014890284933613595 -0.02095680994392219 0.08887820448838708 -0.04897935691629848 0.07767962773401045 -9.401592990841704E-4 0.07980384791480939 0.08320440516978173 0.0029046136806681975
0 38 -0.0443856228205113 0.01561265373480942 -0.017051898432711588 -0.05045590299407421 0.007909716409728887 -0.02545778245682367 -0.014395201131357007 0.07361716851154972 -0.08342184376353312 -0.0648323474864583
0 39 -0.014157914798851095 -0.01713603646739274 8.823023330804624E-4 0.07831705498011941 -0.09322888691001635 0.0010371400998704509 0.04436560462031814 -0.07883119731872192 -0.01767649097851807 0.08378924656865466
0 40 -0.01996148199722935 -0.08435314760774695 -0.0343242083088488 -0.09090171842023861 0.09505188837710925 0.003529699829235269 0.006045547520602841 -0.028361579691301802 0.07512463960227275 -0.0027933783149661517
0 41 0.02094899607581495 0.008750846580680613 0.019596507208729907 -0.0622450033089484 0.09939008039597709 0.0803720134412546 0.020807000407440834 0.06888746294305145 -0.06653072966595099 0.02445379967090065 -0.09609416127205017
1 0 -0.06116652488708478
1 1 -0.0742961540818201
1 2 -0.09640286862850168
1 3 -0.01921614445745969
1 4 -0.009547853842377767
1 5 0.056720651686192364
1 6 -0.09054552763700498
1 7 -0.005775320343673197
1 8 0.07658347487449577
1 9 0.08047965168952986
