## RankNet
## Epochs = 100
## No. of features = 41
## No. of hidden layers = 1
## Layer 1: 10 neurons
1 2 3 4 5 6 7 8 9 10 11 12 13 14 15 16 17 18 19 20 21 22 23 24 25 26 27 28 29 30 31 32 33 34 35 36 37 38 39 40 41
1
10
0 0 0.30451048841001116 -0.04298599106147979 0.0162090531451936 -0.11730752353339376 -0.20991978875997747 -0.1929056764913766 0.07049352915150671 -0.03235987477388367 -0.038649905728459354 -0.06157251055336357
0 1 0.361969527733821 -0.13221390380791465 -0.04641535162917904 -0.11225448520218166 -0.24347674656337795 -0.2579734388175278 0.06483938857415292 -0.06588001995429624 -0.0983563498956367 -5.999568104020286E-4
0 2 1.4734368304194212 -0.2862265899625886 -0.0022030243943364338 -0.45030448895377767 -0.8078119708862157 -1.1436685811154967 0.1744105712152766 0.029766252487566536 -0.22194263600334596 0.10281025644375709
0 3 0.4340967652019785 -0.1111919638006255 -0.027436305611035817 -0.2478237440282319 -0.35858253741619633 -0.48225418192196207 0.062636904841157 0.08466448968465869 -0.014137290244207288 0.11793733938089833
0 4 -0.44948843342457484 0.03612483783371522 -0.04917295922458668 0.14380165080935356 0.0901722290832819 0.2528341536423856 -0.023898070917631895 0.052684919150928204 0.08269476712063271 0.06402184976253555
0 5 0.5438259576773993 -0.16079336750403977 0.03166573755549761 -0.2584315948622217 -0.25060869405499286 -0.4840293717462427 0.10955181999719536 0.02195806404334667 -0.09086852289912443 0.016276822888722536
0 6 0.31305050767436643 -0.09741863682450516 -0.04069068406639241 -0.16636421109169086 -0.26038684571810994 -0.24484165159343085 0.08244620144826728 0.06030860385172628 -0.10412438854788189 0.0998737256483662
0 7 -0.1827516419341488 0.0224664358111849 0.02516538377526507 0.12456463721031252 0.015461758595098147 0.022595729938605404 0.01970404019195423 -0.04479052823488385 -0.009125673701446383 -0.0021993062186708118
0 8 0.1231644968607832 -0.10679450652146845 0.029768242210357614 -0.041087573918405264 -0.028255223153646383 -0.15153264379647055 0.04580061965314411 0.03714326918618398 0.06356266760760712 0.0762220555953969
0 9 0.602107067312561 -0.01598386456071395 -0.018407747517794563 -0.20043845052803255 -0.20903032773399643 -0.4158973196926247 0.0021679520197839305 0.1414586990247212 0.009346830820822914 -0.06095307284830247
0 10 0.3504182535705467 -0.16642158937638776 0.05677058306053777 -0.21925185635613886 -0.3072007442181884 -0.33836737397303923 0.06903026103944558 0.13841304656114792 -0.13996277701085255 0.11878642870566088
0 11 -0.3597923470001664 -0.031051536712803276 -0.08772939031257021 0.11564538834530595 0.029701357639545314 0.0842117934871842 0.04462415701051229 0.06365516734215733 -0.007465343699125696 -0.07741764610593585
0 12 0.49014428379861896 -0.08057341353183665 0.06527673321021495 -0.059955608118011504 -0.32156960353544256 -0.3392003123381945 0.1073500350062151 -0.03326728407251932 -0.020744758467983713 0.04688582916075836
0 13 0.48007284057442573 -0.0018945707198406488 0.01828385902245129 -0.22642091965804306 -0.25100107268425226 -0.34633413234910415 -0.05446676203281048 0.0868480773613987 -0.015464257256187795 -0.005669111792657239
0 14 0.3835202117242188 -0.12865663881696954 -0.018364687640923607 -0.13363109002288104 -0.1393305502934397 -0.36333853234592434 0.008040768548359906 -0.017027449561518214 -0.0344284775292686 0.10814588519807455
0 15 -0.15089152723973584 0.002821555279667743 -0.08965855737468637 -0.05204577361428319 -0.01530128712682664 -0.00954694210378791 -0.10436066212605376 -0.08644013189553013 -0.0065898867424168265 0.010245406766005072
0 16 0.10666784518355665 0.03878966835022996 -0.04903268777973125 -0.1016570660966458 -0.14167608821931119 -0.14134751731797435 0.031644895753046055 0.06548119893097702 -0.06025866407187211 -0.09347083031281737
0 17 0.18577620335479836 0.0116108036546634 -0.05935688268147147 -0.015950340623550212 -0.09128186944127006 -0.18142370413468123 -0.0026939435960593406 0.07295462030076104 0.08347175730899825 -0.08775054385747046
0 18 0.4099330367192483 -0.12476164065923924 -0.007824361751195198 -0.1994067099946074 -0.28167357465735005 -0.2322584450095997 0.006784479107796064 0.06618007258985006 -0.10525815073734367 0.08479732384023683
0 19 0.1592606404621534 -0.019210427050531127 0.03873238272221043 -0.03164064839310574 -0.2166692547839855 -0.22515407553689717 0.06163158084366815 0.007677864720948365 -0.07361401014928208 0.06973426437239925
0 20 0.29322115527924025 -0.07073029140810193 0.0047399274649985584 -0.03989292362386934 -0.1149444788554391 -0.21768652566085564 -0.0393478845235884 0.061427632672498365 -0.06878915215794182 -0.05641387721925874
0 21 0.0501044718285038 0.009939211518883523 -0.04226344257665649 0.015154140482759905 -0.045696597898529014 -0.12559487468126987 -0.023455606978378115 -0.0925110541668764 0.052691833740976815 -0.010903792341520988
0 22 0.22533711761362227 -0.10527368335506669 0.008559720600561675 -0.057977276043496145 -0.2694982815015813 -0.15857639852113664 0.11818388379066933 -0.010898147306749255 -0.055219262711060944 0.06642022935798614
0 23 -0.112601390536729 -0.034564027636188946 -0.05232229903563869 0.02201382781048577 -0.07543975034210872 0.06553272914533276 -0.004924034043700225 -0.016383143497309346 -0.07898997574947005 -0.043808886009065386
0 24 0.06802999331497214 -0.062280170472240784 -0.030918547456211733 0.04499323657566497 -0.09704361986552384 -0.14901685332198233 -0.05810288763181883 0.004472951471749848 0.05255003049092378 0.10076989036262024
0 25 -0.4223288994655159 0.09434638021456164 0.06967529636049388 0.11792074796271942 0.07728902165693344 0.2004873035603221 0.004489471632051647 -0.007224058793044898 -0.0231778692745463 0.0829141356492522
0 26 0.1377882869847153 -0.04830798183277108 0.028816412860886664 -0.07889097222348206 -0.08215435756691455 -0.22939484142768898 0.04934067368613316 -0.06482788381482149 -0.06554137270915385 -5.868758293286198E-4
0 27 0.14888820026461716 -0.053327602559114985 -0.012428365781437611 -0.08061195109998448 -3.147129900832571E-4 -0.19502074321491158 -0.023997994998935648 0.012457554713038122 -1.9122025654654998E-4 0.10264505978148605
0 28 -0.030088658875394438 0.025663673137521704 0.027059276623520857 -0.07750169129982762 -0.0716506342603069 0.11671834369537813 -0.003914170118026153 -0.09699410003161896 -0.06362031957910229 -0.008084123681196721
0 29 0.051706463566350495 0.08175360143291523 -0.09066028215560225 -0.08636431668668357 -0.0768710788421065 -0.08137250590917451 -0.09160433045615289 -0.0841863579874391 -0.09466979733699103 0.00820916493537906
0 30 0.12978621187047407 0.06728324855061187 -0.058905115523250576 -0.06864197101687265 -0.12569638352558665 -0.008625910961145197 -0.09538894991141188 0.09906393235179758 -0.010563074854255144 -0.006653096019408796
0 31 0.1924272686249397 0.07190826420839866 -0.0580827472483183 -0.06730055937918496 0.016987582768401413 -0.034099306979553864 -0.04165452664443162 -0.008374485146699737 -0.001902063069260915 -0.04434999293857468
0 32 0.1092883490602454 0.07952884996923912 -0.022689616351965307 0.048968593109292725 -0.15120280949041676 -0.06297494271747835 0.04040307425165264 -0.004882943878387478 0.06627604329589715 -0.03081151772731676
0 33 0.006125752840215104 -0.024138484286508916 -0.03810165642597113 0.015432873937038554 0.001221080028617025 -0.13194186552088755 0.041886749378797127 -0.00792069926284646 -0.09089497934132842 -0.0764000697075008
0 34 -0.13205293383061553 0.053315430094333364 0.07165471287614675 -0.009516502697323737 0.03170086763183768 -0.05066465220135831 -0.09000511990022612 0.05871587110112029 0.08991057994087474 0.05230756059876152
0 35 0.03657573662479177 0.012745055857307619 -0.0488523789980879 -0.04633320102410444 0.040637503532122934 0.031890755237858004 0.03171614682967509 0.08431598018583453 -0.058087200142438566 -0.008661136056262893
0 36 -0.17936620655590746 0.03762500299924939 5.023399628862839E-4 0.02021428827321246 0.00459283867453322 -0.11926643953201183 0.0321592754480694 0.0338192469844555 -0.019830674674416224 0.07061438969965675
0 37 -0.05348900089999445 0.06126318790598186 -0.044636631999714606 -0.07435274195158384 -0.04699251190335992 -0.0024882131824769103 0.008217235820674651 0.06665571650780287 -0.06822771171309915 0.07665595736366437
0 38 -0.06851519558116988 0.04617559919710167 -0.05054318782920448 -0.07996827543080127 -0.004087645926572222 -0.036780366960532385 -0.013254943981184965 -0.058010760745199556 -0.011788799177129165 -0.0369868790789446
0 39 -0.010633727630009098 -0.05787469868085681 -0.04896704158662246 -0.09598956296357973 -0.0563631520995995 0.045376853672264635 -0.06416019295104992 0.09573274957225614 -0.03468833599389756 0.024644399088170312
0 40 -0.268532610594096 -0.04566958796132181 -0.08580815485088461 0.034697915543625044 0.043537038522627046 0.08520117173431563 -0.021774819706783216 0.023892275172435563 0.044116763015800635 0.025549173442598314
0 41 -0.3060297199240787 0.05486505481271194 0.05968680362788811 -0.08005639536526572 0.11195143924514932 -0.03056559403824204 -0.0806349452452098 0.06319621283034645 -0.006625453872084977 -0.07003534529721753 -0.1713729340616398
1 0 2.2144386547236596
1 1 -0.5164438299444424
1 2 -0.077280570104036
1 3 -0.8497702896367122
1 4 -1.2768443654534962
1 5 -1.696949746099487
1 6 0.15669189782649873
1 7 0.044640199584749615
1 8 -0.37646614422955665
1 9 0.071302817403794
