## ListNet
## Epochs = 1500
## No. of features = 41
1 2 3 4 5 6 7 8 9 10 11 12 13 14 15 16 17 18 19 20 21 22 23 24 25 26 27 28 29 30 31 32 33 34 35 36 37 38 39 40 41
0
0 0 -9.662031290448246E-4
0 1 0.0804571212127941
0 2 -0.06259260391293489
0 3 0.09332522352547082
0 4 -0.03926306810987203
0 5 0.07430343973256526
0 6 0.09897261388222456
0 7 -0.0868880795748258
0 8 0.06676914897401162
0 9 -0.09145959467873396
0 10 0.05824034667666668
0 11 0.08843349886265722
0 12 -0.08611562692150893
0 13 0.05256077778290311
0 14 -0.005197619004671831
0 15 -0.0015497037255579847
0 16 0.014800636045848338
0 17 0.039707715657932525
0 18 -0.061180210753307804
0 19 -0.08577670576761941
0 20 0.026509899366536187
0 21 -0.05595255060226216
0 22 0.06567465162192512
0 23 0.05375624189821801
0 24 0.019619583837846278
0 25 0.05807123779236867
0 26 -0.09538747505733763
0 27 0.0992244824230194
0 28 -0.07829675290680664
0 29 -0.06663719720590701
0 30 -0.07286371556325434
0 31 -0.06370256584955046
0 32 -0.02775470001438033
0 33 -0.06021158621205314
0 34 0.08347864307229763
0 35 -0.08746558224519502
0 36 -0.020649647955145976
0 37 0.05256034861270657
0 38 -0.07671105417206459
0 39 -0.04696900984010188
0 40 -0.09772768529562549
0 41 -0.047794751822948456
