## ListNet
## Epochs = 1500
## No. of features = 41
1 2 3 4 5 6 7 8 9 10 11 12 13 14 15 16 17 18 19 20 21 22 23 24 25 26 27 28 29 30 31 32 33 34 35 36 37 38 39 40 41
0
0 0 0.039298133288585675
0 1 -0.036539071635628445
0 2 0.041881610701436145
0 3 0.043203995463958485
0 4 0.04723782930379317
0 5 0.07504027638179211
0 6 -0.038520622313946894
0 7 0.046065431413055496
0 8 0.05078926471733451
0 9 0.053323036350348525
0 10 0.04272431196019295
0 11 -0.002405499581467069
0 12 -0.060377828632628035
0 13 0.06611216993233467
0 14 0.04632667747604757
0 15 -0.04385477144562448
0 16 -0.06843249266045734
0 17 -0.019736600663264128
0 18 0.012289663052366834
0 19 0.05605990153853261
0 20 -0.050641013638693985
0 21 -0.016099123590609648
0 22 -0.025749156722948797
0 23 -0.0850803988098045
0 24 -0.09242298314192915
0 25 -0.07857738475881879
0 26 -0.040001036319383024
0 27 0.09523883817464077
0 28 0.04421500713509224
0 29 -0.0790878063819744
0 30 -0.02909385966490892
0 31 -0.09173335913463279
0 32 -0.06556997431074256
0 33 -0.013012111476330992
0 34 0.03267236224557572
0 35 0.09894942159421702
0 36 -0.014897838475436692
0 37 -0.059472820565583395
0 38 -0.01566850574067886
0 39 -0.03837201609926775
0 40 -0.050851002966193236
0 41 -0.01569441519677639
