## RankNet
## Epochs = 100
## No. of features = 41
## No. of hidden layers = 1
## Layer 1: 10 neurons
1 2 3 4 5 6 7 8 9 10 11 12 13 14 15 16 17 18 19 20 21 22 23 24 25 26 27 28 29 30 31 32 33 34 35 36 37 38 39 40 41
1
10
0 0 -0.2895521180236234 -0.023946571993909444 -0.08455484651911373 0.014750894383787003 -0.2953136902779124 0.041361483867430104 -0.07946745727178825 0.30675534849853947 0.27172447016651635 0.08277810823577302
0 1 -0.13822444307349963 0.003973573240155625 -0.04193423239732943 0.09604611092329944 -0.3181843858992598 -0.018479591173866616 -0.010161935240871755 0.15263953149821927 0.1985250074063217 -0.007741728101224044
0 2 -0.9623812050331076 -0.14829582694474575 -0.14083055066637917 0.07825427434260065 -0.9130171923075971 0.0929849855055974 -0.3057541583962241 1.0745218219598682 1.0648067646860788 -0.007749538171984295
0 3 -0.3487818966922356 0.023471282512594293 0.05134983243754234 0.07448405494470943 -0.3375854505340895 0.005360096654546747 -0.08076368599641752 0.4112864542774101 0.3309866945341213 -0.07349078633953068
0 4 0.1171930993102763 0.04491984428360313 -0.0367856072969108 -0.028135987771508924 0.1627976518362836 -0.019241350485378735 0.10349198102260616 -0.30046125611988195 -0.31627502637891053 0.05117390358625756
0 5 -0.44724659362179686 -0.13320057709493024 0.058539823885730397 -0.04968600967934111 -0.366984622552235 -0.10020407800643454 -0.1177831260866951 0.3293583966447648 0.30795253648735493 -0.05882465945000286
0 6 -0.15561154384233236 -0.11736189076347264 -0.09759563522624969 0.01418762673633256 -0.22819196870104758 -0.042689983301626794 -0.05952320857646747 0.29505399203190663 0.32355019684026964 -0.0175512975182698
0 7 0.033798432359553994 0.00507341585711444 -0.01604809667442152 -0.05153543999135017 0.11383994084301176 0.00901812038478421 0.070372364494202 -0.023229801092291273 -0.11243651379784875 -0.08545497645516659
0 8 -0.009063900127718238 0.04635724190766875 -0.003941151792174312 0.08698930166334862 -0.03459191143525393 -0.05030719826833143 -0.07475912990219634 0.02721553357689727 -0.010758145986909927 0.05063701135979171
0 9 -0.4571700507400122 -0.010094118259521124 0.033116283752017965 -0.05053794504176116 -0.4324090731040391 0.06368915002781352 -0.16042088999447432 0.41834407521248373 0.3142095495844331 -0.05242954762750142
0 10 -0.3941386058678446 0.002244376046261258 0.016920867706109562 0.030997852221342166 -0.3051220205119992 -0.024603013107529825 -0.16318883279426175 0.347827164771945 0.24221595723862535 -0.007518769142837609
0 11 0.1404554196695398 0.0919145025294477 -0.07652857833453487 -0.11221409864914066 0.12791228727168014 0.02522241010510869 0.036709653352313784 -0.1523726683849513 -0.25747539639934963 0.08828400012080334
0 12 -0.3004444427202808 -0.03155599026066383 0.008059299593448577 0.03419896478185972 -0.2442568319282734 -0.018296017183131324 -0.039498307904449866 0.3634945598971388 0.3891159495245027 0.06510660283934025
0 13 -0.4250417311634934 -0.003666293007139749 0.05601890961633632 0.02895403821861233 -0.3454108571619777 -0.06973999599318983 0.014793490076659001 0.22489534613448992 0.3818224049817888 0.043357117588207116
0 14 -0.33116851481121795 -0.10781877392939557 -0.11090074119520237 -0.0752095306141637 -0.3028739902198424 0.02831898502663692 -0.05758660405742853 0.19800507928267377 0.3360488849653709 0.040817529540935836
0 15 -0.010637904630093788 -0.0495387742990128 2.0113351601999172E-5 -0.09223501224804025 0.13599310756317318 -0.043114291770951295 0.023526497347073932 -0.14386915122120508 -0.14184752538640324 -0.006625639208772459
0 16 -0.08134227408162126 0.058479571892522376 -0.0782914999420636 0.06654902289485728 -0.05813012445480502 0.005510483591409072 -0.002807037111725859 0.17061222623931352 0.05415026688171389 -0.09101347029745019
0 17 0.006854233400623363 -0.0032989560215780688 0.05241449145453971 -0.03663914436392226 -0.08945437463501793 -0.019501835089336363 -0.01861806754507923 -0.0053551628604964615 0.02116303508605625 -0.050081293801421005
0 18 -0.26099125489439123 -0.09343971602758011 0.04124733624713051 0.028858507099729484 -0.24061890255688842 0.0653137366026947 0.004453863150361983 0.22798521457147683 0.21552040806705167 -0.04124442932692246
0 19 -0.2607042343392226 0.020083005406282342 -0.10916571611754824 0.02153548196057856 -0.1508144370114007 0.012315027887518067 0.03614101328801875 0.20126036330216637 0.12014185626109422 -0.021507871939710592
0 20 -0.261214127731682 0.03481332454317548 0.010933291430465475 0.07291341320706615 -0.1343400000812332 -0.0758688517739242 0.013516571572411016 0.22362557607147954 0.13976103435403425 0.08322254142849937
0 21 0.05021986274617157 -0.02378017940739635 -0.014278885643701443 -0.08245872789694782 -0.044232839207014575 0.04840434026285653 0.08934647038135618 0.041310260905843554 0.12017142849702696 -0.09736991438812855
0 22 -0.16824562486720598 -0.1137101415482612 0.03417810534111505 0.035528127510882614 -0.11559297980111265 0.011208841623696291 0.005930886442038658 0.19235007036994645 0.16483212116486762 0.07603120739124487
0 23 -0.023306150856298242 -0.03207383591763912 0.026564292301985284 -0.07366519718654824 -0.026560610905595285 -0.0935789926009931 -0.011537683834844404 -0.06084509880397255 -0.1285025073949363 0.09769140442783929
0 24 -0.11697224450753403 -0.035117439824013046 -0.051716485703836204 0.10317008655506564 -0.011300942213947684 0.035860975245720836 0.04618777715166394 0.13536591118627955 0.158339404870748 0.08749552307062433
0 25 0.08092289764436876 0.12814096356569862 0.010947390937238686 -0.008673639669862098 0.1525446986313747 0.050558942529085084 0.06076288614742878 -0.2570113954012981 -0.2931849484049411 0.0935497680740973
0 26 -0.09805059673814544 -0.07808529998671898 -0.04882671996664749 0.07573501056206812 -0.008894589357882409 0.08476315258363748 -0.09042975813095376 0.006341762203529114 0.1327439785899956 -0.028658323570789332
0 27 -0.0708760304294059 -0.018784960586322078 -0.07729279769033963 0.011870834362001542 -0.14900950936068336 0.04731721569124741 -0.11787955246585344 0.1279009748741631 0.1554041189839102 -0.09743216017659181
0 28 0.02177555166874407 0.006035581757110178 -0.08614427404726113 -0.07771397969699798 -0.04928714420761533 -0.09111404825533852 0.02813023355642847 0.02854672346052513 -0.012191671234130166 0.08082913326084941
0 29 0.009693495044228869 -0.0039011384526884056 -0.06418291780167253 5.232025332988802E-4 -0.017452097558978117 0.03852368488437541 0.0022828494100383613 0.02015216084621609 -0.04223632714574997 0.09721685082745139
0 30 0.01624039992423393 -0.06329175738585179 0.08963878043067385 -0.06674698607475521 -0.13106259924279753 0.046992972335837394 0.004478267440536774 -0.022945327363101467 0.0285390720038319 -0.09210448541801822
0 31 -0.0912101227849151 -0.03068051044738049 -0.013355496251654974 -0.006768537856305297 -0.16556766866393588 0.05934359811506961 0.06355374106364162 0.18380866255343697 0.1386791718960189 0.0408078000926689
0 32 -0.13975456316712875 0.058053711922255086 -0.10274697878788466 -0.09056970924959276 0.01567378882280508 -0.010257265244963275 0.08221096002912215 0.08180874069199555 -0.02133021245924056 0.0489591308637082
0 33 0.0031201226227264745 -0.011183365301193989 0.034074430107014844 0.04427166901674758 -0.020950529378416783 -0.09019701387719313 -0.03717958264474254 0.08166195609226505 -0.04949112712122315 0.011491917582683855
0 34 -0.007245968142488031 -0.025773595858600604 -0.020122802086112175 -0.030104555431434112 0.06272932020342324 0.0785925500053532 -0.0495304203042892 0.11507961082954442 -0.024969886099094254 0.004243079912940659
0 35 -0.06046732319009902 0.06464271078483678 -0.033241551307030645 0.0322785852532319 -0.04334492149167185 0.011940169993902395 -0.08313065488899966 0.0315141864285427 -0.04794880645634475 0.022185931633366098
0 36 0.06176902625519662 0.10087833467970578 0.06354691659261058 0.02258452706208195 0.08048023997923895 -0.04774713589491082 0.03219326295109368 -0.15161945684848768 -0.2249303733320598 -0.04837332022232201
0 37 0.00818822902350829 0.025685061064173415 -0.06949995923568739 -0.01686689398353571 0.09916295445121176 0.0373455969636346 -0.010023074749816783 0.041074512724208735 0.018745735834207786 0.048727930651003525
0 38 -0.09521646376718806 -0.03291207238559916 -0.06509461508744298 -0.08021426698384669 -0.08612062496313658 0.09651680919935604 0.08180674530912972 -0.014999179124897385 0.026111373106752923 -0.020254458104091475
0 39 -0.08736969530582428 -0.04187240079045296 0.058414071798324585 -0.07406876981258392 -0.06712181866168976 -0.059152889996767044 -0.025379549711942673 -0.05156648904085159 -0.0038901984225958586 -0.09448586404323578
0 40 0.01777923664696808 0.04471963621449525 0.04562218833436702 0.06188171811519051 -0.05049033775233707 -0.03391191739716858 0.06975805076770833 -0.08287990899359013 -0.1979740776646626 0.012282338112276811
0 41 0.02695030306934078 -0.03218120575022653 -0.08438478411846564 0.04519981893534281 0.0028784883219416866 -8.598698842289188E-4 0.05016652497442077 -0.20324953496027653 -0.14899418506095163 0.018417507853169014 -0.22790186925836675
1 0 -1.5014997160868555
1 1 -0.3427134595565783
1 2 -0.1936405143171167
1 3 0.03154036181832948
1 4 -1.4562679933278353
1 5 -0.04470923878762714
1 6 -0.49046285825116837
1 7 1.5378276723693383
1 8 1.5439287432521627
1 9 -0.13016893555875306
