## ListNet
## Epochs = 1500
## No. of features = 41
1 2 3 4 5 6 7 8 9 10 11 12 13 14 15 16 17 18 19 20 21 22 23 24 25 26 27 28 29 30 31 32 33 34 35 36 37 38 39 40 41
0
0 0 -0.0286119647529864
0 1 -0.033183210552083515
0 2 -0.07924009966252231
0 3 -0.08086244071526938
0 4 -0.0776894879093811
0 5 0.0679187420026912
0 6 0.043555465555824686
0 7 0.08021350095880264
0 8 0.09872815084355037
0 9 0.0966747764031813
0 10 0.01871148136883567
0 11 0.029160960709850497
0 12 -0.044143291740960794
0 13 0.01699112617841938
0 14 -0.06996695890363927
0 15 -0.050862257125481584
0 16 -0.029596366120846148
0 17 -0.0027004122328774856
0 18 -0.08536917082550757
0 19 0.02204577510482579
0 20 -0.033862693393914844
0 21 -0.0012400065641627602
0 22 0.028088512191089827
0 23 -0.0052594649442504835
0 24 -0.08098146250061897
0 25 -0.09827407435026324
0 26 -0.026359237029859442
0 27 0.038666580405565296
0 28 -0.012448945346820508
0 29 0.05799640560937636
0 30 0.02751076939741145
0 31 -0.09081678354209084
0 32 0.027518583205386794
0 33 -0.0212445517384743
0 34 0.03146721302473875
0 35 0.020840470739788005
0 36 -0.005727773787955049
0 37 -0.021672159057382057
0 38 -0.06564670993917616
0 39 -0.014707462977067464
0 40 0.056725561422659575
0 41 0.09484396874904633
