## ListNet
## Epochs = 1500
## No. of features = 41
1 2 3 4 5 6 7 8 9 10 11 12 13 14 15 16 17 18 19 20 21 22 23 24 25 26 27 28 29 30 31 32 33 34 35 36 37 38 39 40 41
0
0 0 -0.058910572343401454
0 1 0.0438212190169682
0 2 0.016621361477598743
0 3 -0.0681375098362519
0 4 0.07230389739345097
0 5 0.01903683950597642
0 6 0.04192226973986173
0 7 -0.08630035363085452
0 8 0.06572066121283686
0 9 0.09817847099214097
0 10 -0.06833059862236657
0 11 0.07374588317795655
0 12 -0.09741941315567242
0 13 -0.02171721935182558
0 14 0.011239740272929448
0 15 -0.08859790367021567
0 16 0.04951412946247686
0 17 0.019771134050194508
0 18 -0.059880098857385336
0 19 -0.025857669069799256
0 20 0.040979234744402904
0 21 0.020971283818708632
0 22 -0.02304431484025412
0 23 0.08019574070920181
0 24 0.05815490148134001
0 25 -0.09288966143549389
0 26 0.03230296407037395
0 27 -0.07514429032561777
0 28 0.08490691902326081
0 29 0.05253686866026264
0 30 0.0854585977501398
0 31 0.007240292368077545
0 32 -0.09547847685639188
0 33 -0.011358351463708803
0 34 -0.044346225858634875
0 35 0.043133599486164846
0 36 -0.012716600063250918
0 37 -0.022319957335366812
0 38 -0.060190059948982466
0 39 0.03775999502343558
0 40 -0.06776532109223841
0 41 -0.0721595361828804
