## LambdaRank
## Epochs = 100
## No. of features = 41
## No. of hidden layers = 1
## Layer 1: 10 neurons
1 2 3 4 5 6 7 8 9 10 11 12 13 14 15 16 17 18 19 20 21 22 23 24 25 26 27 28 29 30 31 32 33 34 35 36 37 38 39 40 41
1
10
0 0 -0.0879909601176885 0.08693313927834516 0.08867235714194092 -0.026134136343225808 0.07175475551172793 0.08327392701642919 -0.06506717447825812 -0.05814820095375267 -0.085357025667981 -0.03315861175644293
0 1 0.06431987399555096 -0.025689515763116934 0.03142913337367197 0.03821133807739995 0.002084365529373774 -0.07232686372586472 0.03708444134412025 -0.022424816499231587 0.05715529202458656 -0.035403134041119076
0 2 0.09680579646937046 0.0921038746522131 -0.08727459907747093 0.0808006003956258 -0.06109856967948092 -0.021695942956743 -0.07562541055031435 -0.00234178487867117 -0.04090779525121195 0.04635779892751947
0 3 0.0013734594026510417 0.02326352119720637 -0.05976970042348055 0.07981795981349897 -0.07084446278269393 0.08217664934573633 0.03754336428039893 0.048938978385765705 -0.05711544560647112 -0.007611910068128077
0 4 -0.08818338491473036 0.04492432084179454 -0.08347242053285539 -0.02580285101850266 0.0975012868038101 -0.05494569871380099 0.013935206337721948 -0.035281702132159865 0.07328593472194456 0.03074316731831216
0 5 -0.03518358869527625 0.010493441146901166 0.08072983690149715 0.08308702104069134 -0.08703016618987779 0.06955038670692978 -0.02399657976277837 -0.07266673485245548 -0.03288904047458651 -0.041381605676236
0 6 0.09675158450542634 -0.08638756042027253 0.0747785008965667 0.03331525429556603 -0.10023538875702205 -0.039599628443600494 -0.08636764391212069 0.072200577752229 -0.01344592870545939 0.05648990609338638
0 7 -0.06883587603897177 0.0463245554580222 -0.023668907901094396 -0.09856944653824976 -0.054512767278320697 -0.019620291149586345 -0.02550686803418272 -0.02407211848469551 -0.025173321822240906 -0.03877596516221186
0 8 -0.05439670490050853 0.04386135717238885 0.07252204491594391 -0.06570189282211882 -0.06855799256944253 -0.03246386811844885 0.010233887524849923 0.00342441551018976 -0.06041636210917501 -0.038986488390112116
0 9 -0.02121481638478412 -0.08083687024555725 -0.06797780291094624 -0.08601399485816016 0.04881208025301122 -0.07125212767549359 0.05610896457740813 -0.03507928135955931 -0.04507969891780193 0.0061075480775856835
0 10 -0.05843786987692467 -0.011868805575853928 0.03860416097226844 0.023377731654440514 0.09263933427610517 0.059634505599308815 -0.03147515312241267 0.07669540740245209 0.02565392659169766 -0.08201468906141363
0 11 0.00645834821288122 -0.07295314755907278 0.015386598380104517 0.09410871784001013 -8.112146330452806E-4 -0.08136778281105457 0.04106786616502192 -0.07949047857875674 -0.02369920917319824 0.08300570566388017
0 12 0.030366746175129387 0.08032396617728316 -0.07688977950546226 0.08132228867771102 0.09840352871157225 -0.014749984672417173 -0.0075366269976859185 0.001295940347475146 0.04205816302020561 0.026836818576516926
0 13 0.03276234838041444 -0.04071331221427374 0.07597797656402333 0.018111367221449234 0.06680644440139945 0.02672975155982833 -0.05136555099134803 -0.004437976098043158 0.03553315449483255 0.0388624973889429
0 14 0.07509025291840343 0.06862184052942892 0.07956997358377671 0.04385527202326317 -0.030937679852306214 0.05126523728943565 0.03199442189652182 -0.06536569137638 0.015603805011869315 -0.03524900730574431
0 15 0.006711177042813694 0.08432738040364704 0.014767595075399317 0.027255595084652137 0.04838530443570594 -0.020852951010171344 0.0867109640330901 -0.03757740490535327 0.07602154180488568 0.00398615932824638
0 16 0.06760500459753471 0.08816443169899149 0.09889330248609866 -0.07287332970073379 -0.08215059333316638 -0.05569944943565972 -0.09559120216508034 0.08619899153685943 0.024035741948577875 0.07012117903601413
0 17 0.02456292255285639 -0.04030533724827726 -0.07098896133170299 -0.04364902868354783 0.07899072259940584 0.00671557909499075 0.010289274134852913 -0.0023831605379543586 -0.006455409931825408 0.005211953427268416
0 18 -0.08136693147714943 -0.027661942893347672 0.09034739141198332 0.023432357306737928 0.08950421634129883 -0.09223772524018148 -0.02674278179285561 -0.07584410852248899 -0.09815652186521634 -0.09376457851900721
0 19 0.04352763721066843 0.07527595889041848 -0.09458729426793329 -0.046949622182126664 0.06989170737063462 -0.050004509473798586 -0.00301095660559607 0.09356143423391176 0.01228328200420949 -0.0031768443892102776
0 20 -0.03818094594274065 0.02893748602856037 -0.08733657455916434 -0.05216016364754372 0.007431874180346783 -0.0265126193695051 0.035322614110810946 -0.02844824933163453 0.012931403915427773 0.058343188199317
0 21 0.07071536010976279 -0.04376149444797839 -0.05665137098719723 -0.07487140524712468 0.02479871039707292 -0.050358519841778256 0.024214318868558078 0.007442872382628422 0.0033156231914624234 0.029685018449781237
0 22 0.005684187096767698 0.09897513345821658 0.010136358347969098 -0.04897252719626872 0.016590468691309364 -0.05443746422092918 -0.08675110320134011 0.010273740106104564 0.09490960794568563 -0.022458981701011925
0 23 0.07790374974725792 -0.004711870017604563 0.08676699774094111 -0.08859966627242004 0.0630819277536554 -0.052870322735866004 -0.07683297295833312 -0.06151013968005731 -0.08610336682625473 0.07185928840612699
0 24 -0.09282411676830367 -0.08435402589025581 0.07626961917950166 0.08044572707161111 0.07206383611846641 0.08053469965810525 -0.07017953230068523 0.06475541645333222 -0.006544484017610102 0.08709607263035474
0 25 0.05064382001554114 -0.00454281543942567 -0.053573775841900116 -0.0741693691362518 -0.059375504062599345 0.045391108719829605 0.0643699894709074 -0.078852995801468 0.06852540708726969 0.04610408953303744
0 26 -0.09036878134832632 -0.014728279802399514 -0.08010734637226868 -0.02444047545390687 -0.013635678263781844 0.016467742426781132 -0.08417360608034881 -0.02274189715452966 -0.09843993793921153 -0.009088593650911704
0 27 0.010581771477357756 0.008421623290444767 -0.06477045127361004 -0.05598565050202406 -0.0068441403435189055 0.09788021850106678 -0.07988793190793311 -0.05591230864431368 -0.012320291228183552 -0.05866670565220373
0 28 -0.0903229104874267 0.01388257689446913 0.02959439892997487 0.01960035712567001 0.04785816172939692 0.09727515359741075 0.055884804300776615 0.04449608681502102 -0.03529521884517633 0.024047865142433823
0 29 -0.09987485437724525 0.09317113440033599 -0.06854309850136524 0.0071449499962760316 -0.013430218599316058 0.004232728710569858 -0.026562880816835735 -0.08934143299974025 -0.048133474507174444 0.06498536291881014
0 30 -0.06793177457150436 0.05968528082324107 -0.08888698069583643 0.05105620555712504 -0.097973856960921 -0.0408622445172138 0.026160252327310684 -0.012667889639893444 -0.0852712734391626 -0.06627005576595074
0 31 -0.004520366180939216 -0.08329106851684691 0.0702349077593327 0.052521194521882496 -0.02191683722427785 -0.0723876163064521 0.06938054880686048 -0.08209298254601181 -0.06692811495869687 0.08381657502710399
0 32 0.04987178629956397 -0.07225729990171956 0.04419779079264527 0.043720285258324505 0.051429737447294795 0.011634101153913593 0.08101413829433614 -0.025812990264658203 0.03217499858795503 0.06814053930501657
0 33 -0.009258194119858643 -0.04941121619488731 -0.037212814254503505 0.07501495342249329 0.08710781478213517 0.016726161073085347 -0.033757819684600614 -0.003721103444588217 -0.0568712165303193 -0.05227659867943698
0 34 0.007141901311733343 -0.0031598692640604476 -0.0322623836306505 -0.03853687059730971 -0.08136183748578234 -0.08575841094771343 0.08414918230618768 -0.04835617544610162 -0.016079379524249537 -0.07922016145099198
0 35 0.009893680900375929 0.08029769559187165 -0.03052594842439094 0.053271828752308466 0.08212925086154631 0.0852496790307126 0.024986134341118182 -0.04796279932582064 -0.024889533298680912 -0.06486100528990064
0 36 -0.09823192107101673 -0.0981473613579565 -0.09911310931799319 -0.08362065506554046 0.014630205510081047 0.05332374436279559 -0.06818892467461224 0.011738018774162952 0.02752188462203291 -0.037539743819453665
0 37 0.07806900684418722 -0.05614399984371215 0.059630303243331496 -0.07992238464477033 0.00706411258908563 -0.09473873101741899 0.020532282623722965 -0.07688387841649226 0.033992951495798826 -0.05085695927296993
0 38 0.06392869163310122 -0.007019994427255309 0.026208436404601156 0.08207984587767735 0.007861620149426807 0.03756920105027559 -0.0733751895325143 -0.06516388652052141 -0.0838908364796946 0.003696146481858177
0 39 -0.07846850787200896 -0.0692737683946227 -0.039828014850942006 -0.033162008461259 -0.07100199234613773 -0.007388311648007746 0.09255005360057404 0.019840340796035725 0.025484181843295664 -0.042041080068854104
0 40 0.01706909715547756 -0.019457342208949246 0.05263036253378422 0.0013458658894798738 -0.06085230907245299 -0.053930773020269 -0.07917349646956746 0.030197929157667516 0.09802433247954732 0.057191267015509646
0 41 -0.0032066679452416773 -0.017402520370352354 0.04555642700930093 -0.06494847112171098 0.030606730270891766 -0.08504901845182311 0.06819701344052186 0.012838491267805851 -0.09974075908568722 -0.04175932685063001 0.04306732863187806
1 0 -0.05272513628005996
1 1 -0.06041020154953005
1 2 -0.05939418822526931
1 3 -0.001661688089370748
1 4 -0.07680441439152023
1 5 0.03795143216848329
1 6 -0.04991630837321356
1 7 -0.054850436747074
1 8 -0.04598870128393192
1 9 0.07857631891965942
