## ListNet
## Epochs = 1500
## No. of features = 41
1 2 3 4 5 6 7 8 9 10 11 12 13 14 15 16 17 18 19 20 21 22 23 24 25 26 27 28 29 30 31 32 33 34 35 36 37 38 39 40 41
0
0 0 0.06592733581557388
0 1 0.012732057885096444
0 2 -0.039462707308778724
0 3 -0.09117295938973946
0 4 -0.06092126311631181
0 5 0.03720722936774691
0 6 -0.017321874221348683
0 7 0.046454542511994754
0 8 -0.006426844455627561
0 9 -0.0042880607093270014
0 10 0.06845209864541377
0 11 0.02674115482840643
0 12 -0.027064427015244034
0 13 0.08344694807558195
0 14 -0.020727204803669925
0 15 0.03913777511841214
0 16 0.06786059064439359
0 17 0.03288094819369088
0 18 -0.022808042636020466
0 19 -0.05860970546977664
0 20 -0.04159622382120286
0 21 -0.06648168437446318
0 22 0.07757749284389871
0 23 0.09048045855509541
0 24 0.08716585683971442
0 25 0.059722934112803806
0 26 -0.0787277990122334
0 27 0.051069315695284265
0 28 0.04715442117196912
0 29 -0.04194576994938578
0 30 -0.07973895244733079
0 31 -0.08164071639303531
0 32 -0.08514115239971747
0 33 -0.06881842439410804
0 34 0.03268463685796735
0 35 -0.019802819798184747
0 36 0.01033905079010378
0 37 0.05912510689871122
0 38 -0.04380296803205699
0 39 -0.018681726143532505
0 40 0.05162689031154169
0 41 0.09513421356678009
