## LambdaRank
## Epochs = 100
## No. of features = 41
## No. of hidden layers = 1
## Layer 1: 10 neurons
1 2 3 4 5 6 7 8 9 10 11 12 13 14 15 16 17 18 19 20 21 22 23 24 25 26 27 28 29 30 31 32 33 34 35 36 37 38 39 40 41
1
10
0 0 -0.03266633479371764 0.025276773376839517 -0.015305544368645107 -0.07166699727643763 0.06233429286676319 -0.09923509196934807 -0.045354114552270765 0.06598880080711308 -0.07473745185178597 0.06671427121140851
0 1 0.03864034518081964 -0.09175658565037063 0.02399077863494879 -0.07945669031651112 0.013358922592555873 0.026238215566584195 -0.016110553507929393 0.03885931999452282 -0.0029923162528555955 0.08366674725114573
0 2 -0.07155794350278094 -0.053742612705921074 -0.09867199200040747 -0.017666714553908884 -0.00800990779644284 -0.06828777245366567 -0.02258172740867296 0.08704241231448276 -0.039718846139527544 0.08583274174943992
0 3 0.0866872662711797 -0.0801205203640037 0.010591014289478371 -0.06139145405209995 0.08843524422717552 0.016734434160006757 -0.07178994102776019 0.0662910906562183 -0.002040286713917996 0.01697665082703066
0 4 -0.07053236189909627 0.05852915087078513 -0.05433326064077971 -0.034317293045848046 0.03503566392627392 -0.004419091459502902 -0.012545084484280732 0.09731051967829452 -0.03204725553667032 -0.006861628029767393
0 5 0.07131492950627616 -0.09646797712463169 -0.022982210628021305 -0.09102009024650354 -0.09816551696816296 0.08074823075106931 -0.0649203420406048 -0.08744822763018652 -0.0855610316104787 3.2612398946681376E-4
0 6 -0.08644866342208653 -0.03028906678658835 0.06269201471263823 -0.04348670119077057 -0.016795792700716433 -0.05849445889451426 0.03902101955866555 0.06636830846059286 0.06546108785335147 0.06599659018277672
0 7 -0.08930517077647009 0.009933349447094768 -0.024163721374563213 7.119974128265069E-4 0.03721812851519204 0.027199639126557262 -0.018646840609371593 -0.04893045930906005 -0.06771050389455834 0.022479482292184865
0 8 0.03950624414139024 0.07675974566215434 -0.073517699019169 -0.015709677787611516 0.06908520945726025 -0.021659167016892897 0.04500133091826014 -0.0015008578167100563 -0.057418859930301804 0.03957997911073325
0 9 -0.024674768745985624 0.06800547110454974 0.013136297575307926 -0.01721273290506832 -0.07506529965699042 0.07733386995369997 -0.04926869709716677 0.0532651577000391 0.05681274932493582 0.08566383273730423
0 10 0.06334215417358308 -0.09738020493437048 0.07210250718605854 -0.09976305577617896 0.038133349063718396 -0.01066937552562862 -0.006381943920296322 0.024319001515800756 -0.020516678262925695 0.0781825943073181
0 11 0.09195342647759756 -0.053618805227548486 0.07301858179400803 0.06022599048957996 0.025593120405777298 -6.008817297585595E-4 -0.09588579491612316 0.016858622679329024 0.09485288742589433 0.03660380702149265
0 12 -0.08544578235213182 -0.0779008863978492 0.006655352215400215 0.035688713237989673 -0.0290634023730227 0.05925606512282344 -0.0662241935553698 0.07918757074302558 0.03646049633242466 -0.04586770386522025
0 13 -0.024501470102119276 0.0778056075899999 0.07248053068395713 -0.07127292977685423 -0.09726383826999373 -0.011484263689625348 -0.08743484885028402 0.023960788264830075 0.06201254502583503 -0.07097220523487333
0 14 0.037932623570159515 0.003014981012494961 0.05254380769353514 -0.007406977180728483 -0.052685781586555354 -0.025277025656905296 0.007966565720651405 0.06332346706675289 0.026316346242268137 0.06043639041822663
0 15 -0.07640914687172413 -0.06097403895276909 -0.017343003725782444 -0.032763796208507605 0.04134009065195784 0.0716402201394137 -0.08548778049865421 -0.08159758859530154 0.01521161929332135 -0.07505926585962712
0 16 -0.028397621399094835 0.017106260364876977 -0.04166297693527947 -0.045358650915686374 0.06785140350888498 0.04303031604176927 0.05722369715781324 0.06753598674437938 0.09232015728902482 0.0431100728297304
0 17 0.09029689451121518 0.09730407933663873 -0.08266776788938926 0.04411242280728044 0.017343166012056595 -0.0247375324246081 -0.037524127966045775 0.07591228714004855 -0.051773833529794124 0.0938760001829378
0 18 -0.06433380366832162 -0.04389300641937286 -0.01844058967966783 0.057876245970842566 0.02458579793451236 0.022248981340490515 -0.049206342039168176 -0.022562950838330296 0.0016411627363065008 -0.047751031395796506
0 19 -0.04626276198667156 0.041611542623323436 0.012714819611089414 0.07011851020688954 0.0740303551448788 -0.07807857787537646 0.09966991568194321 -0.07034816453400491 -0.08000728465594761 0.04078944515115498
0 20 0.015507842269014862 0.010710549338622147 0.09431867422144861 -0.03670368459035413 0.06910281918163705 -0.020907382318732046 0.025321881620375658 -0.05471945358634725 0.00411447546288944 0.05615873586001638
0 21 0.050618272065700645 -0.009845656305701715 -0.06423806797711339 -0.08641949941423598 -0.0018034915768023597 0.03432661808230301 0.041720425917706215 -0.08778701442969031 -0.054116255970850846 0.09460891410235667
0 22 -0.015165866365484965 -0.011028283393808394 0.06199814457034983 0.05257042659691518 -0.05596594729134683 0.09745617996393555 0.026906362489230704 0.06495866209498237 -0.02484147316502453 0.09531441679495135
0 23 0.04366339824691943 0.03247760083400227 0.08451212099782547 0.007365536332243192 0.04822194610433369 -0.06969773617038545 0.026958699634660986 -0.06464970450007738 0.08231952215699771 0.06360962603368014
0 24 0.0504283530065885 0.07995883090792658 -0.09636392625421217 0.030813752033887393 -0.02479217731661366 -0.08001051809038154 0.03657936052406802 0.06144118828550139 -0.0511797609841041 -0.054832804212335
0 25 -8.051386778207459E-4 0.05925979566434653 -0.05755626557591194 0.09088529193902091 0.0017780434482923926 0.05040612447382083 -0.06950376782082358 -0.07291870454925804 0.044322982690339616 0.03135868639354931
0 26 -0.06387815408468336 -0.05218655624063655 0.015719935787652035 0.07494548321547304 0.03924000154365755 -0.07469863636972764 -0.0781282694171121 -0.09167858373444196 -0.03953648516253548 -0.05783366596717922
0 27 -0.08210251127284929 0.06914111309658111 0.024120915237756103 0.08511125238268831 -0.04126296108755 0.07845347259999652 0.008577185590447421 0.059337966547363945 -0.06405191461205115 0.03967719207606666
0 28 -0.09320520976378883 -0.01854604967329321 0.09825847009147373 0.08470310451266556 0.054544170641226825 -0.07350254628219095 -0.02497603010077113 -0.04281408228239308 -8.27921979124858E-4 0.0680667319651144
0 29 -0.03336714304628478 -0.0011646609962018928 -0.08242674859921346 -0.09987897992428561 -0.017992754969221363 0.059440957043507874 0.003994536857593649 0.0639872181912329 0.06707238781014557 -0.006992736801144467
0 30 0.006673276889756186 -0.09780101641249163 -0.05173588786341513 0.099416294330938 0.07632811724243048 0.012962437737854358 -0.08393687354480367 9.149935239198549E-4 -0.08617492801537266 -0.09684372662593682
0 31 -0.08383689670446023 -0.08930180237505031 6.774687884984455E-4 0.054342546340834734 -0.08611412866409537 -0.09087483926501908 -0.05197248086182814 -0.03943668096581771 -0.019325375997630515 -0.02430391461545562
0 32 0.049350087459055496 0.09502744776994113 0.012120253797009163 0.0842875452272426 -0.09827815380692342 -0.07940689654560262 0.01588934906983013 0.0889942559399711 -0.08507053410643863 -0.008865289776508651
0 33 -0.08518585207631565 -0.04703841995453645 -0.03254884619231106 0.08538258504194596 -0.022835748282749407 0.07706985943157224 -0.0403076248648715 -0.012567415908145654 0.08097282107531661 -0.02273578053755362
0 34 0.005236215544136003 -0.022728762218100686 0.005856947903083283 -0.06575530444649778 -0.05892839655784852 -0.05365869411189184 0.02850217146956797 0.03152174766209863 0.06594461804194106 -0.0136018009972199
0 35 0.03417422523943907 -0.02290559668571798 0.008047260337974586 0.07239783788145658 0.08452307882540397 0.08868636722032104 0.01287696792900541 0.09649986590459221 -0.03309509203526375 0.05618059144849387
0 36 0.09333183395201161 -0.023693822172294956 -0.04492901543986867 0.014041342895452358 -0.03887888673341862 -0.038773930426094026 -0.027068132680434006 0.028229962164227376 -0.03507685069808942 -0.07022632149212317
0 37 0.08330762712217994 0.0194308387412257 0.08550972588478307 0.0703479173290781 0.027240721309160876 -0.09924887345074625 0.09068006580535083 -0.08450896364809884 0.031293352712182615 -0.09903055142843503
0 38 0.05795025825500488 0.041907232254743576 -0.03872665762901306 0.071572445333004 0.028973180800676346 -0.017727326601743698 0.0389532670378685 0.05735327675938606 -0.06816641986370087 0.029106665402650833
0 39 0.09098570793867111 -0.04615289717912674 -0.09056755900382996 0.026351869106292725 -0.08098069578409195 0.048701055347919464 -0.002825099276378751 -0.03223688527941704 -0.017154967412352562 0.01711149886250496
0 40 0.09348601447158901 -0.06403662435256136 -0.09761863538265671 0.01728262196376784 -0.036589523515793955 0.04527301084576592 -0.0348983582122856 -0.061689543817143005 0.06591202197871043 -0.07709950067699226
0 41 0.028318734091237148 -0.059827247265045375 -0.07338938356460925 0.06425901232138728 0.06354944227862723 0.08715161945163968 0.05600738940463564 -0.025158416546703578 0.01992506563961761 0.0599628953180306 -0.012428921647369922
1 0 -0.08465030044317108
1 1 0.05666267126798631
1 2 0.03652680665254599
1 3 -0.0929573029279713
1 4 -0.005527806468307961
1 5 0.004926580004394035
1 6 -0.01478627324104317
1 7 0.06426207721233335
1 8 0.07209216058254292
1 9 -0.03090838715434095
