## LambdaRank
## Epochs = 100
## No. of features = 41
## No. of hidden layers = 1
## Layer 1: 10 neurons
1 2 3 4 5 6 7 8 9 10 11 12 13 14 15 16 17 18 19 20 21 22 23 24 25 26 27 28 29 30 31 32 33 34 35 36 37 38 39 40 41
1
10
0 0 -0.09856506838193729 0.0425916548027153 -0.09442375372212015 -0.09108781726833834 0.0022117852688298993 0.011199792964004224 -0.06157207889706785 0.054787275357141625 0.044005189731259976 -0.0432324827691589
0 1 0.07691967173886638 0.008672000912944051 0.02561919950389759 0.05186516833808228 0.04696606575732767 -0.0074288300654254714 0.0689881845894543 0.017684451629228628 -0.03754085502834767 -0.09792209626443313
0 2 0.029045332653502644 -1.2066524147940807E-5 0.02670609803136904 0.035536567624913105 -0.05424740589468644 0.026541662613241795 -0.09962944250045273 0.09053373521512528 0.04084198414301691 0.08129366896744782
0 3 0.08852807698523991 0.007488660929110633 0.056206701907704264 -0.05731962873275758 -0.034361008908637594 -0.023453177084794528 0.08251562984527025 0.047004480859929455 -0.06648222631230181 0.055934219627055616
0 4 -0.05361595875572981 -0.033867302375984225 -0.03543665822128959 -0.027548201416265315 0.09107256117781953 0.008887998352045645 0.08222852664201474 0.010629212265577349 -0.05883552666022886 -0.012449810073202635
0 5 0.08332083661847706 -0.028159552629637274 -0.07754852327903948 0.030297314409311084 0.0015939530904661944 -0.0020628237450546275 -0.010298641678953356 0.05080514689273639 0.0517950132763155 0.009300798276560954
0 6 -0.0825409527266489 3.423376987166522E-4 0.022392729089491515 0.04182519282614882 -0.07450392187786684 0.004485003903954894 4.924359340719686E-4 0.08785959863106982 0.04505704213086561 0.04654577340613807
0 7 0.0026860922330539526 -0.0022139979757396875 -0.025518525794729505 0.09277150393285845 -0.06123889798565145 0.013493127225840439 -0.08402740323234215 0.054818692507040696 -0.0014154234800291177 0.05896148228596201
0 8 0.07182323798453004 -0.05027845277005928 0.020478149906000588 0.09734584168146487 -0.05094588459016209 -0.09429705284642141 -0.09350379881714319 -0.06913284932878311 0.050757442806358896 0.032322844061349075
0 9 -0.04587805887095346 -0.01868397384620652 0.020232463404342354 -0.07586274690166482 -0.06952797158676001 -0.09547392573154481 0.014877520443581095 0.062164098906499834 -0.013991162543660935 -0.07242075747162349
0 10 -0.01519735205416879 0.09036214613603198 0.042165314226478144 -0.0035374937434796442 -0.07494432516191718 -0.027619166040720046 0.03421532812809037 -0.05490587207898043 -0.08648603896888922 -0.09721438320400168
0 11 0.013980532228394177 -0.0897663263440092 -0.07839394085346037 -0.06607220576617327 0.0817426685102204 0.0024648975138342926 -0.09135300459881912 0.07052656853827775 0.08512380376361026 0.01421483432860459
0 12 -0.031042882139754018 -0.09605068997022394 -0.0762544899594503 0.026085571526697847 -0.04750374034499396 0.017493435934740363 -0.09604370467953469 0.05448609045230881 -0.0028822129984973585 0.08873066561673006
0 13 0.07397175801998888 0.009080139490548748 -0.047106351890898374 0.02337653263584259 0.0418108645199173 0.0982199857246079 0.06487917963618589 0.08031762110404025 -0.06414198637008019 -0.06251164226581361
0 14 -0.06560650946424687 -0.09642997978991373 -0.0017198556356213743 -0.037792176834862565 -0.04696171381138379 0.0705445049251141 0.07855065947354685 0.05294317540125804 0.09963311474862901 0.0071965495464222035
0 15 0.06388412927699084 -0.04290016065724862 -0.0271017727384613 -0.06451911656455712 -0.05766539260084377 0.04750703749455073 0.009203069753804064 -0.05444953778101537 0.051206655440375906 -0.019935997172654873
0 16 0.0771248973187362 -0.04412561226551256 -0.03872649918498904 -0.04346145601588613 -0.06083322244596062 0.09750326789349001 -0.06736666029447737 -0.0843543505443966 -0.030972737279909256 0.08258516513023063
0 17 0.05189106168999664 0.07246345138978116 0.09017116088456037 0.034306529960990706 0.021941367902999078 -0.0029681353932838085 0.05458788654168121 -0.03587969245128215 -0.041215783444185895 0.002011803264279621
0 18 0.03176101027885006 -0.023237485168653864 0.007591508427413012 0.08632838234111094 -0.026024129530685166 0.07421860343999696 -0.04917447764231449 -0.06955746055835586 0.0836331144784889 0.06946944852327958
0 19 0.03238675710199544 -0.03718591042462822 -0.06113503811717869 -0.038939614663588744 -0.029542319989200014 -0.025512888155142875 -0.006295253460552341 0.030668339135352052 -0.03528251589959919 0.0807892049933845
0 20 0.0402889408953549 0.0358300109108845 0.07658388814627203 0.0689817670525959 -0.07507401992978609 -0.009407917264896155 0.03554650232269055 -0.039057387528218024 -0.020499745651072532 0.004816644569524388
0 21 -0.08960216558879182 0.0023599181120232166 0.027618839235512473 0.03423213218582735 -0.09129298098766392 -0.02257853585390638 0.04225876529411954 -0.017987733511789693 0.0037279712437770143 0.03730735528725304
0 22 -0.08869357223116939 -0.055781896664747 -0.0752728186786171 -0.04774384837020524 -0.060776342999440965 0.007125120470474291 -0.06152239863930846 -0.030792788742242172 -0.05084749780248518 0.09895226985708844
0 23 -0.08643083817325642 0.010827731664876368 0.06626886459225022 0.016554279972360142 0.008118339809612624 0.03624919598528047 -0.04883683087899199 0.05513671859921632 0.0555417543252052 -0.07030346995704521
0 24 0.06807985924500655 0.026665031480645456 0.023406180020240114 -0.08786090456567505 0.06026655246538494 -0.005116985753467444 -0.01998973274735316 -0.021907052392989255 -0.05909750551146284 -0.01121390478453631
0 25 0.04033308885552363 0.06578907348980839 -0.014089372202848213 -0.09991440516778145 0.06760668412537665 0.06765582396689068 -0.08656747627178614 -0.004613200954621305 -0.09914086217491729 -0.00245775546232979
0 26 -0.09180757391920995 -0.04911681400997718 0.08088764727580004 0.010277567709996537 -0.09297722527983147 0.0016129524734544284 0.03993067879727029 -0.029484457622134964 -0.05064690428266602 0.0878290355782275
0 27 0.029422967782374992 -0.030066953385808764 0.00707155082757006 -0.019329338818126467 0.04094372714025644 -0.07819833029542728 0.011001902157839624 0.02433767339481579 0.08878485058962071 -0.02015884157445148
0 28 0.09472706451446009 0.08406888732212932 -0.04498621590986899 -0.07796628430001738 -0.07799819350758036 0.08930936943508738 0.08917321292001948 -0.09025069017924874 -0.0011026711053415434 -0.03172527390344591
0 29 -0.03530996807824087 -0.019840537460287248 -0.09494332325145458 -0.03750874362944652 -0.018849955337893357 0.06387940241197193 -0.04498225742740614 0.028560009740669495 0.05544272084347531 -0.07892414290067941
0 30 0.0486183217243808 0.07414400712927717 -0.03606155903831441 -0.028176856686439395 0.04576983598194375 -0.05320078533023024 -0.08190090328803601 0.01063789807838567 -0.07065216960300322 -0.006767839943349653
0 31 0.06457459050591506 -0.014405529243730444 -0.09303932613016887 -0.09897627702013183 0.0930457353264805 0.06595682750498803 -0.008011007430384354 -0.04435727986447172 0.07607399253508475 0.013911019010739987
0 32 0.09167298914800828 -0.08220185606456465 0.09762091455826001 -0.09228242193963396 -0.05742482994909282 -0.0939180810851613 0.08620624320064386 -0.061670841660906923 0.03997346071200214 -0.07023471913632383
0 33 -0.010635532134562056 0.01165569046845849 -0.08276332336462769 -0.027490276170270674 -0.015921850788112757 -0.04007806000827042 -0.024365173844943248 0.06309109573963548 -0.0940526708200486 0.09609253783104975
0 34 0.06473744630367322 -0.019378694320600864 -0.09518272694611442 0.08422795453454893 0.03964946347855878 0.09105176679622029 -0.09943099553051749 0.07956377885793998 0.049704958118601254 0.07627222358660879
0 35 -0.010731544007350678 0.09452344934675476 0.0668422411497234 -0.015514550578116045 -0.07823692210490553 -0.07725401764798569 0.09570886100204501 0.010284431548024109 0.025751260060250348 -0.08466507089063136
0 36 -0.06720705581023365 0.04136459304561389 0.04690674014484505 -0.002420660838235602 0.03544788351227033 -0.027632349909165545 -0.02168563072689699 -0.0220176150432 -0.07586631028237086 -0.0829651317492737
0 37 -0.02716618000622464 -0.09969054220511935 -0.0039887587266390434 0.032291910352001595 -0.042197499828983666 0.039467612124413555 -0.0038352493411138036 0.03681885794476998 -0.09150628864175699 -0.03703156984640561
0 38 -0.09620344826320158 0.069433822559225 -0.03592434028176856 -0.02440892241517215 -0.07989469319821203 0.05519216906433831 -0.08813163876812966 -0.02394266755230654 0.058266649565677314 -0.05441314650786636
0 39 0.03257790186845964 0.013801832071131281 0.09173022482256458 0.027617660377255365 -0.027596206892986325 -0.047598304771246124 0.025829433643576594 0.06562849406452757 0.09635247104934795 -0.05208498518974905
0 40 -0.010336243308193797 0.007140753706797701 -0.0498953968073923 0.046476256605003145 0.05926567730714016 -0.09610409381242313 -0.03919555127283739 0.09049845589923503 0.0038004558402822434 0.04468184753173488
0 41 0.06442770487355956 0.008656285620882087 -0.07554636168390669 -0.06372970956033347 0.08231351421254382 -0.039649804546826956 -0.09851301853457721 0.066128399398012 0.028076744598112123 0.014285038164221857 0.07404868304729506
1 0 0.008485561236739112
1 1 0.06343215703964143
1 2 0.04654340818524366
1 3 0.08926558494567846
1 4 0.09461821615696023
1 5 0.03359103947877869
1 6 -0.07508198916912054
1 7 -0.012912196107208713
1 8 -0.03919731825590143
1 9 -0.04189643263816868
