## RankNet
## Epochs = 100
## No. of features = 41
## No. of hidden layers = 1
## Layer 1: 10 neurons
1 2 3 4 5 6 7 8 9 10 11 12 13 14 15 16 17 18 19 20 21 22 23 24 25 26 27 28 29 30 31 32 33 34 35 36 37 38 39 40 41
1
10
0 0 0.11490359950588779 0.1300086932455968 -0.04310699155149483 -0.07107318082350114 -0.39093754409829323 -0.12063692241812105 -0.41721959998149877 0.02541124534095154 -0.10519935833267803 -0.07134267644322856
0 1 0.04563764318839769 0.1663511619152266 -0.0019675746952160147 -0.11858562079444071 -0.28282834444989496 -0.18463657030838482 -0.31111080343639536 0.05642496900878488 -0.015710036970309822 -0.19210260008896132
0 2 0.11525508963494026 0.7450170494301636 -0.364160078094034 -0.25046704983472207 -1.4525404127745853 -0.5050964724711512 -1.4344476714916488 0.25263317756993736 -0.1908386605185236 -0.7002724666814063
0 3 0.08969421810721227 0.2316149532473629 -0.07911095499115925 -0.1607684073837259 -0.5838487949100974 -0.24560213084994167 -0.48624307848713433 0.001281642628974435 -0.09442034149762976 -0.1393565598875679
0 4 0.054892761377582436 -0.0919763001556959 0.019524522520578153 0.0972087163234555 0.28191081681435654 0.17799150994194776 0.15176589883146127 -0.032552661768813204 0.01588470475297918 0.060113549626315134
0 5 0.03820483900302681 0.18302130310583786 -0.12179543959927343 -0.20477073476290628 -0.4617608048205202 -0.2229447074971715 -0.5616878594333803 0.033151098042917514 -0.15968054422945668 -0.18460759432400187
0 6 0.11294855998555299 0.07589921433655929 -0.1532217481307077 -0.01738476322231887 -0.40661324107508034 -0.07928311061540745 -0.3276642049954526 0.0720870177593462 -0.04671569012119092 -0.25461028277971315
0 7 0.08588658740689767 0.012323235054150825 0.05170732632545059 0.08244880997358828 -0.013665517607221758 -0.007266117444357049 -0.019179516243078697 0.055670972124442594 -0.022135629760374965 0.01762621275427716
0 8 -0.0894467652872593 0.0634636608804073 -0.007215877196188753 0.05105025655298783 -0.17526452286235386 -0.09661250296892873 -0.0714550770992594 0.03838230531338746 -0.0247628091294445 -0.01823717651766421
0 9 0.09286115536871802 0.29080732716681745 -0.10487767303849393 -0.1266800345177485 -0.6222236595580883 -0.23938150983628656 -0.5564954508477897 0.022538270683304364 -0.0875177521578715 -0.2963578486308627
0 10 0.010365692100949652 0.2486083270014024 -0.13816708309695475 -0.009552345428651252 -0.5742835465311449 -0.20187973841461085 -0.41642592195455713 0.1397875222043515 -0.14968615220254536 -0.22671895642320225
0 11 -0.09766240268533379 -0.023415047547836926 0.13592471383961277 0.10412416339691369 0.2768119242902276 0.16993750291185902 0.13097794734739837 -0.04758626598435907 0.02817090721493055 0.2049841355016343
0 12 0.07089722637388836 0.1432847005153033 -0.10374676582764279 -0.1329658564777459 -0.4323495549057973 -0.1787006488989955 -0.5259039408382383 0.016797135863734873 -0.13635298003552737 -0.21907331805428626
0 13 0.04780987141994799 0.33889826317484767 -0.18103970271981737 -0.09198728591861428 -0.6149752180655124 -0.20951621844025262 -0.6144525985567454 0.10347265504577531 -0.09472334233826088 -0.36364576498174067
0 14 -0.05751473658007045 0.18090900855599004 -0.07440853046180139 -0.12060068538744662 -0.34420526827565967 -0.08870426608599126 -0.2529905189924756 0.05194509588733796 -0.14316358078783403 -0.24794383557560068
0 15 -0.013632439518741352 -0.1300276229742365 0.03173505739988969 0.04541528680476398 0.07307296470746241 -0.07242365663530258 0.028568080774147485 0.0335995325073076 0.016768460342042345 0.0744979885090592
0 16 6.320535481328596E-4 0.083297089781894 0.019199916708760843 -0.09316832434948155 -0.12019566568044025 -0.00835992239663918 -0.06104572762054201 -0.07761424111800905 0.04405018236338555 -0.12342933154317627
0 17 0.025748119716254354 0.028503195890964568 -0.06318277977996338 -0.004966777839843782 -0.17258135978905081 -0.09592318712551579 -0.22342602581672838 0.03453977335721394 -0.02093610042500255 -0.033870476421727407
0 18 0.008939393751678104 0.1492088907083763 -0.09234851752218959 0.006310092608650712 -0.3814781565864895 -0.18004672673497957 -0.33849388089054994 0.08822416447483629 -0.07592323655653989 -0.21486065773239596
0 19 0.020338416219884612 0.15784377492398902 -0.1392401878223116 -0.11177173941051408 -0.28675304885616315 -0.1367096889631969 -0.24954649151983768 0.02417350272162748 -0.04363297234572236 -0.18282315433417956
0 20 -0.004178358667906063 0.15908608193518883 0.014790509496003707 -0.11724212171243359 -0.32441524998635 -0.1490820313309043 -0.3631671600135468 0.06806540722235709 -0.1218548453347312 -0.15909844737235426
0 21 0.019840065235077094 -0.006491250534696917 -0.01820445685986659 -0.06981573034808668 -0.10620387944228654 -0.09744652936766704 -0.15289838045737894 0.11136371410471925 -0.01827245250327346 -0.1004377391413656
0 22 -0.0475431382081792 0.10818060975580421 -0.126569237990846 -0.1152513227251294 -0.39832034822692913 -0.04343811660991535 -0.3507003845139595 0.09421732380212237 0.016924088516616757 -0.17672262117890092
0 23 0.010966814815466717 -0.0947888375574791 -0.04699860415585173 0.04027712238348319 -0.0658553079784693 -0.05723944720149717 0.009017953738805857 -0.0908592658185912 0.006928065014557947 -0.03980691507720034
0 24 0.091051846542905 0.14194873125898153 0.041491163949209695 -0.009869322830270331 -0.09019708330634456 0.024315882002118424 -0.18641929633189125 0.04878855663075564 -0.03507031206315709 -0.04998786802264138
0 25 -0.05910484223312236 -0.07183289363709186 -0.03224015363451652 0.03948944711201509 0.16650989582926615 -0.019232402803899713 0.1909859801740872 -0.03602072819940405 0.08858204271418653 0.07857365920857852
0 26 -0.08934951798175035 0.15809120096230392 -0.10567715275085982 -0.017146209977117754 -0.21960487381554242 -0.11190975271540596 -0.18663406309234554 0.10086156820369882 0.021388696709591384 -0.13364500385972386
0 27 0.07347410153245258 0.13202113688877234 -0.1300282458819354 -0.08064430690506565 -0.1655220819958694 -0.043657447948118364 -0.141925686070998 0.03203468292330161 -0.10126423913966268 -0.0792870233361611
0 28 0.08806840754678281 -0.08861686829968592 0.016258977419576347 0.07858921054014983 0.1501916480094998 -0.06884046330712348 0.014826618509809972 0.05436933449986257 0.007121089698942864 0.04518329600021774
0 29 0.022349393257506265 0.057701388435879526 0.06279391315150776 -0.06829553149969635 -0.07139826580305451 -0.11029264029516848 0.030706135604852216 0.020444681260002432 0.029185241779679117 -0.09453753024809738
0 30 0.002188620672225326 0.005036278883844845 0.025045946870583723 0.06321106097896274 -0.0391833812901182 -0.08259707504253164 -0.01502394205073004 0.08942282790163995 0.07336435958133244 -0.002021583457121123
0 31 0.0717595794118065 0.15549740396080977 -0.0701005791105097 0.056749696359227206 -0.07085826252109846 -0.09479723680254137 -0.06042660012353194 0.06666986645144884 0.05395702704657337 -0.06003845731821682
0 32 0.05138039071958209 0.07889809784575702 -0.09230870167716347 -0.04892531959163844 -0.065040469673489 -0.001254369465363191 -0.19817194541213756 0.05387839307113485 -0.06435941573184656 0.03048949097399577
0 33 0.07637017376828417 0.07155216219438143 0.024124113803310514 0.027688877400729624 -0.014020288039923735 -0.04263259198680354 -0.1092611012997126 -0.009413073916662866 -0.0436232379378025 -0.06424111398746601
0 34 -0.08384608633333596 -0.06750276414756026 0.024262794771999704 0.100511367860608 -0.08389833085753545 0.05646701748537759 0.02072076001107028 -0.059125247367739595 0.0596577242150036 0.0034872359848114034
0 35 0.07302523709986077 -0.11298483202095193 0.010722507214860084 -0.025482439144896764 0.06562152904589637 0.0632913010224885 -0.0012835810449969547 -0.027904231878825018 -0.09397765970599911 -0.034168814299845675
0 36 0.0707098883954696 -0.062014063800059555 0.027228080136120478 -0.04116772424726703 0.0246721193512589 -0.03038937068878881 -0.05411069455904191 0.09411571528116935 -0.04940899809715682 -0.09679074105574371
0 37 0.07045126669094755 -0.09694715585270908 -0.07041691459199213 4.577822709347375E-4 0.056114965761648476 -0.009968907471966377 0.0640628054337197 0.055188917843651555 -0.02813444554291718 -0.03333782134132795
0 38 0.051637591541376655 0.04985130022366341 0.011209488583747488 0.08354446081364149 0.017326523345197596 0.005878455231590262 -0.09897412041987631 0.09530045245509908 0.09373794519843656 0.021373900368986776
0 39 0.010314597266004921 0.04215209524285873 0.08142258971641883 0.07224730780313789 0.06731835015561852 -0.020947475408131137 0.10897470954189763 -0.030772684089711434 -0.0907022272190354 -0.052715530193554336
0 40 -0.04319399750164807 0.009074259173870537 -0.09058107855034593 0.08744781713879451 -0.14798301890080287 0.028241091540740514 -0.051387676726281833 -0.03734572139404607 -0.0789113122582318 -0.06646260557743044
0 41 -0.0935719179479338 0.013432053199332727 0.026297576630429975 -0.009222320794329606 0.06671463690702918 0.06413075797280059 0.04402681544675781 0.039934122939678206 0.10181401495587288 0.01932843475538267 -0.1646643791151931
1 0 0.16803270180670615
1 1 1.0438485876616832
1 2 -0.5724477230794304
1 3 -0.5239895783437609
1 4 -2.032064703210985
1 5 -0.8696895148016868
1 6 -1.9415720468183322
1 7 0.3164935855996045
1 8 -0.4378994369943513
1 9 -1.0692681040182905
