## ListNet
## Epochs = 1500
## No. of features = 41
1 2 3 4 5 6 7 8 9 10 11 12 13 14 15 16 17 18 19 20 21 22 23 24 25 26 27 28 29 30 31 32 33 34 35 36 37 38 39 40 41
0
0 0 -0.006129809886246477
0 1 0.01693271323530546
0 2 -0.07677418616876132
0 3 0.081134687566055
0 4 -0.08259603063804788
0 5 0.09387845511288806
0 6 0.08475857566228294
0 7 0.006439768780800267
0 8 0.07343972818599306
0 9 0.0903574669070793
0 10 0.07192512693451071
0 11 -0.052199357460759765
0 12 -0.021200738162719533
0 13 0.016093078321366826
0 14 0.024643474628245315
0 15 -0.06288824603461829
0 16 0.0028542880435252376
0 17 -0.042975229917022725
0 18 0.04033574649448792
0 19 -0.0360155613639099
0 20 0.04274837715621514
0 21 0.08103100486157135
0 22 -0.03648451786170956
0 23 0.09584308743826724
0 24 0.06104439427111956
0 25 -0.059556373343976655
0 26 0.03300411136398107
0 27 0.07458520105241746
0 28 0.006285770367951769
0 29 -0.026786017105845505
0 30 -0.06026117207801362
0 31 -0.03933305810242283
0 32 -0.09505632190055466
0 33 0.07498199151656514
0 34 0.04732439540819001
0 35 0.034436864809089925
0 36 0.016329679006486526
0 37 0.07410696212319065
0 38 0.009540386635381308
0 39 0.025330826830216743
0 40 -0.0019677027900685505
0 41 -0.0705263763666153
