## RankNet
## Epochs = 100
## No. of features = 41
## No. of hidden layers = 1
## Layer 1: 10 neurons
1 2 3 4 5 6 7 8 9 10 11 12 13 14 15 16 17 18 19 20 21 22 23 24 25 26 27 28 29 30 31 32 33 34 35 36 37 38 39 40 41
1
10
0 0 -0.16509914556872862 -0.4147730462820949 -0.34867683865193516 -0.1779706830433171 -0.01056220691455372 0.03695755533396861 0.013628989313181072 -0.12160719275705399 -0.18544968263735956 0.022834453370852496
0 1 -0.2986138081996043 -0.3746905740258945 -0.34321571625130115 -0.20279701530666147 0.12139271896281473 0.03823335978248311 0.017647557649468234 -0.025330379957322867 -0.1828172402345124 0.05105399360370229
0 2 -0.8909468985018973 -1.5891682997540464 -1.2986743274053938 -0.40781313842281286 0.1883641274728729 -0.05059773273038738 -0.2588567943101521 -0.4577215355949234 -0.7070421390012234 0.3290434266727014
0 3 -0.3757147879168856 -0.5636357477754275 -0.5350972727782473 -0.16283908960370483 0.029338005565618042 0.032372317616492126 -0.0754382009460455 -0.1647989725363205 -0.2445155689274767 0.057882643261095906
0 4 0.07667453927430666 0.23307873018325828 0.23982301121729616 0.11041435798935961 0.009805584182415847 -0.04001402138212546 -0.04056707757701003 0.14673352864277395 0.0370515508330414 -0.16434929890715805
0 5 -0.3193957624490116 -0.5517288235167493 -0.5624206040422566 -0.0936160149337229 -0.012508605559914942 0.08121085250491616 -0.16431711601203255 -0.19624313701233234 -0.34488802050373896 0.19683698854510054
0 6 -0.1766582181845103 -0.4729302825779126 -0.2450265610586496 -0.13292553861216297 -0.05275920752724547 0.10069357444233147 -0.09155461781086177 -0.09216166550708912 -0.12645408891866675 0.06717819334562072
0 7 0.02008890986223971 -0.03979893844184736 0.0718846641924706 -0.08311802394459551 -0.08088212581413827 -0.02566147364103291 0.03449089725679482 0.013492385297530586 0.09996154413838752 -0.0333322858902451
0 8 -0.053079584902350575 -0.11037504143783934 -0.047599714964095104 -0.048264796956768094 0.09431579488225779 0.10338837438661713 0.04228181074608314 -0.06533691968289035 -0.0793117188953352 0.09556364192612984
0 9 -0.42767170093307766 -0.656897641646829 -0.49028927351131835 -0.22652116697149033 -0.020316577141357196 -0.04550721709865611 -0.07654786612801212 -0.22711268301432727 -0.25089740324155424 0.12039548250159797
0 10 -0.23944113634823513 -0.48865697457708895 -0.39373922330635014 -0.14651475559939064 0.05135570495858093 0.027997682557025644 -0.1629502000158368 -0.024458997668105477 -0.3115491573963655 0.08395690811987014
0 11 0.10702798905221542 0.21337578598192528 0.12980009044207813 0.04266964696088082 1.664589487350601E-4 -0.03128595436544851 0.05512684423502813 0.0906120165552894 0.12510839463614692 -0.12262102776662558
0 12 -0.3879433139692101 -0.45979463880308497 -0.3233911381283387 -0.19102291066973237 -0.003160898997328444 0.0964021821324157 -0.17184021735337138 -0.15294505733101285 -0.2663727025232328 0.1424033341546125
0 13 -0.42923704116055933 -0.6904606409423518 -0.6327642314393804 -0.31418852982023565 0.11641798486920413 0.03218939074016904 -0.03316880873693142 -0.08483181995423503 -0.2618746797496334 0.14492923399086044
0 14 -0.2844846743993275 -0.3727543903253032 -0.2753376464243387 -0.1948941719241533 0.030451887062134 0.060196767531034125 -0.04286930777718636 -0.03388770354344567 -0.19965071807406307 0.06299765884775152
0 15 0.07109080179761365 0.11172234977089349 -0.03099226930365862 -0.05543424255569299 -0.017822162889896773 -0.07821948010465792 -0.030519266508930085 0.018648755408519804 -0.04744205447779141 -0.08187257673123478
0 16 8.199743511363841E-4 -0.14760804512335005 -0.13342008356980653 -0.013091257356310115 -2.694572599256881E-4 -4.0258000435128126E-4 0.02570513284067078 -0.052814751450863756 0.0074596277529627 0.10107151476794102
0 17 -0.10904474289832097 -0.08325417076412614 -0.05753551990348643 -0.1273114430046527 0.02075593913067155 0.002439985311962999 0.037151516855901415 -0.08264889848178592 0.02411491901362646 0.10104963426701385
0 18 -0.20830857272922845 -0.3635196114660842 -0.2995079947349714 -0.06298891621653852 0.06771071032698762 -0.015471778409170123 -0.009623314611942317 -0.1878150381114283 -0.21570487946585507 -0.013030382996459425
0 19 -0.21644650405288812 -0.2659963095172094 -0.24650474290736896 -0.07793463370053162 0.0697707522218751 0.011077937079107626 -0.10069234623607708 -7.774256706379332E-4 -0.2231651857948202 0.1489720820209232
0 20 -0.10901284504582726 -0.30600287245562496 -0.3437562912599555 -0.13296256352612515 0.06322376702607181 0.02534256285211495 -0.10291887967613125 -0.13149096725271586 -0.05117814626529415 0.031936865686104085
0 21 0.03815443487355555 -0.09260302387461432 -0.02180652892927384 0.00871963057496428 -0.05827916788075851 0.00903989244733695 -0.021080419869538018 0.0033891240679263302 -0.09017504485411795 0.08185728452673441
0 22 -0.17357041779508792 -0.23175714298602837 -0.27647378578635434 -0.15656768864523915 0.07487470824988841 -0.07908757725296926 -0.13778858842088185 -0.005322415907381924 -0.15092713625443768 0.1602180417458068
0 23 -0.005157267813766409 -0.05123040161909549 -0.08340262850706838 -0.06061699786816083 -0.06770344940137905 -0.06417668817541557 -0.07621936566371511 0.07354951565181497 -0.04591239067804461 0.0704444885710923
0 24 -0.029736668417670795 -0.05816672649675592 -0.09637573072094832 -0.12186934303797828 -0.08022842685750295 0.08815909866832071 -0.10729623144863079 0.04894374106900848 -0.12976744171908214 -0.008711785281147353
0 25 0.028582378926488978 0.18450037545800696 0.1544378510031095 0.029179730319361677 0.04674093724504141 -0.08493519703255042 0.005493576068953672 0.13938589744875962 0.10066857525426387 -0.028248193997222375
0 26 -0.058228112416760645 -0.11505360446928234 -0.10670026150728934 -0.02578900435184187 -0.06674995925727363 0.08607061278251775 0.03480530008116986 -0.037576811164241955 0.0026373858503296477 0.006198729055734764
0 27 -0.12330639273554259 -0.24128897845584554 -0.19532216339721808 -0.04816601491518355 -8.588594957569393E-4 -0.05086983367608327 0.0621282370833974 -0.05073585844737034 -0.1704914872202176 0.009751797805716162
0 28 0.06697915990933048 0.12916846862443793 3.706119896945551E-4 0.03573246660776212 -0.008581056455762267 0.07010225494252723 -0.08541599718279055 0.01872133465959356 0.10895274788952536 0.03794224572273647
0 29 -0.11951089334166996 -0.11984457017594419 -0.15428424627877038 -0.09058617132021782 0.08212016172328944 0.04758171352955192 -0.0979055789712104 0.01788699860177201 0.023111277510348652 0.06731671934923254
0 30 -0.08616077247361736 -0.18936559007698492 -0.11777663344283301 -0.03698736127766713 -0.03432995405192058 0.007725695137101077 -0.09897505253058951 0.029439887354759275 -0.04096714112843183 0.10305936000129205
0 31 -0.11891938066284541 -0.20042307146247598 -0.22065250700274988 2.095154673577709E-4 -0.05112336628326066 -0.0465866093134224 0.044695491227725974 -9.560061232068125E-4 0.018330266546397522 0.015998479477913365
0 32 -0.12365982701771143 -0.16582482144667005 -0.1422484859550196 -0.11377348726624324 0.0439321790504923 -0.06674207782111788 -0.031577768009293176 0.006313763868311038 -0.08645673462056423 0.06483984462460181
0 33 -0.10667387937212765 -0.0774694993290937 -0.020773552740002633 0.01762199565957147 0.06576919240890396 -0.057293395351635475 0.06771110314861688 -0.1119573542252503 0.009343866640038827 -0.029339196985537642
0 34 -0.006827337033086459 0.03178478790602241 0.08131884829078466 0.06062153206553103 0.01102648630334541 -0.05123486352680546 -0.07013909810649512 -0.04395557078882956 -0.03650397131429992 -0.08919691536733389
0 35 -0.09499810138565828 -0.09565659458058173 0.044187134579294594 0.02420602835284682 0.011071964545955848 0.044972934387394546 0.04797510819784409 -0.01636323318250452 -0.022562137917687967 0.09761719525612889
0 36 0.035673238775778576 -0.03923158619942278 -0.10554262936905354 0.024901706905769528 -0.060304888450230375 0.06469076950425576 0.02933205946438287 -0.07759737019984142 -0.02701824332880997 -0.03019117097422254
0 37 0.0660372469461653 -0.03654888509819645 0.021345086337716545 0.07520349798306988 -0.018526078894292454 -0.006286298045556221 -0.07293314517893774 0.04961672122302405 0.10339727056669844 0.02530727863570117
0 38 -0.04193094705565874 -0.014157024288448377 -0.03623519215736144 -0.10630954026898458 -0.05837810875095563 0.05439102115334636 -0.07141228400238386 0.010190225430090941 0.07054274313996604 -0.08133408592697774
0 39 0.007268139246891179 -0.027913412229286734 0.030974914231903915 -0.05924581923515272 -0.0604385160564145 0.07729655152512303 -0.040711567781111575 0.006109696578157178 0.04886939282330295 -0.02869343750007682
0 40 0.028716973191950698 -0.02291877971176542 -0.05831283090815071 -0.05060735695600592 -0.061665378336281586 -0.06448017268321952 0.01345460632977663 0.086082311208581 0.00785719202055206 0.05408869019506641
0 41 -0.11716471473337187 -0.07326185249266993 -0.002621587737138761 0.02249223705643141 -0.013158480635065523 0.0693070829171261 0.03231368966338292 0.07280078398654306 0.013757055870732117 -0.028345405407410706 -0.09993038936176817
1 0 -1.3284805566841071
1 1 -2.053148405074295
1 2 -1.7753731151914818
1 3 -0.7605539314192072
1 4 0.1962676413325837
1 5 0.05319438427929324
1 6 -0.4038125061594279
1 7 -0.6744877242460023
1 8 -1.0923738865969748
1 9 0.5232229355016993
