## RankNet
## Epochs = 100
## No. of features = 41
## No. of hidden layers = 1
## Layer 1: 10 neurons
1 2 3 4 5 6 7 8 9 10 11 12 13 14 15 16 17 18 19 20 21 22 23 24 25 26 27 28 29 30 31 32 33 34 35 36 37 38 39 40 41
1
10
0 0 -0.1543314430219411 -0.20718053762422703 0.00606749450649832 -0.1385562106618327 -0.05601801933443943 0.08624661887787625 -0.25199249723866024 0.07691942174264871 0.14569316155207396 -0.001472310490283644
0 1 -0.10545953739208234 -0.28923023380735946 -0.16640007411801477 -0.25679354000056076 0.05069052077582766 0.20771918977646645 -0.26786847660057805 0.18374263830821963 0.14965215271185295 -0.12451912096572684
0 2 -0.2646038583452148 -0.9888851640865036 -0.2500148129358838 -0.7699477900775533 0.13667413754682264 0.5913113286086775 -1.232662376063361 0.44756440536519554 0.6023424160688832 -0.1760587215771177
0 3 -0.134714149361759 -0.4006103897887224 -0.08802774367661788 -0.24469976151370443 0.05402625675430334 0.11106193305760254 -0.5164958876090257 0.15470100135171677 0.19039434655863358 -0.14839585251165197
0 4 -7.180907540271753E-5 0.16225720168141422 0.04855173288633474 0.13735718954038856 0.018397529209821892 -0.15181725038061417 0.2614329370257003 -0.1679149651648003 -0.15573479651567204 0.006484430223851539
0 5 -0.15881871001146536 -0.317376437676143 -0.1738433247205557 -0.2807111498209139 0.04870140428281778 0.19498672781228696 -0.5589807450478494 0.07917454884127055 0.15240272298887927 -0.006590360050748762
0 6 0.02411915253675047 -0.23745669814550102 -0.10623591298557203 -0.13718631221610925 0.11637327827163318 0.04110396200468066 -0.21877722951267659 0.06167956191777888 0.07154068349979378 0.0027794577084004203
0 7 0.052079867978261946 0.021112405681094862 -0.0013912429348526142 0.09572291437928618 -0.01445181924465865 -0.0971465008903431 -0.07030851808561636 0.03871831554492696 -0.10372338521649345 0.01836439202998295
0 8 0.007363690034936196 -0.08194009955507592 -0.11678414144723973 -0.0981115306550984 0.10207659565129873 0.05269209521831982 -0.189604859767559 0.07114428935899023 -0.04446920652701325 -0.08411648204325559
0 9 -0.08890997958442887 -0.41930117160147595 -0.15603350622945986 -0.21356002999844748 0.03687080568806721 0.16828241507808592 -0.559458474663759 0.19780451953949071 0.21082492736960148 -0.13103249445814447
0 10 -0.13046188078254872 -0.3099789635267942 -0.1872248033245868 -0.3016876214076978 0.040979665246952596 0.19663482989147338 -0.48555674473374444 0.20984655520030368 0.2672030586267586 0.008381988855747376
0 11 0.07577539065360324 0.05523112980452107 0.036496469999279704 0.16743319897497747 -0.0652396107416117 -0.12678114450814543 0.16235018411277757 -0.07148950036028198 -0.10152872466316884 0.06700114869396494
0 12 -0.08774598225214818 -0.4026998030434912 -0.12918830315960697 -0.21140300583497554 -0.002096676812261842 0.20723013402031878 -0.32663168250745234 0.10820638662465766 0.15619569922142112 -0.08019979747733849
0 13 -0.05612056903051878 -0.4106591375089535 -0.017522952333201277 -0.2176677839280103 0.14694273956009182 0.2643314002062902 -0.4292909080322556 0.04972241242747133 0.11250083932357162 -0.005813123225229177
0 14 -0.1289542460524355 -0.3296212511290678 -0.13659027384009534 -0.23870848452276752 -0.03574388131745148 0.18525322177241282 -0.39085453247509605 0.06346299160029797 0.17970044985560193 -0.0948166794163553
0 15 -0.062389941899523425 -0.05248593520623867 0.010539288141491658 -0.029982097341522167 -0.08615678588242348 -0.06619381742877459 0.09581862670845394 0.01036760170307606 -0.04536445949342587 -0.08911047377739784
0 16 0.04341105897481686 -0.0844861524183116 -0.019865558400762158 -0.06756063277841151 0.01833145077238705 0.008328110078483124 -0.08763530706710722 0.03188009685198666 0.08653731442739397 0.06589814999420304
0 17 0.06794825803522374 -0.04523252102669748 0.0637595056637451 -0.12984706930879208 0.05219432879170876 0.09650085145632502 -0.17150352586630718 0.026520668995398986 0.11521316841648337 0.07627799897564708
0 18 -0.1224240061804987 -0.18179605039102495 -0.16004011636676785 -0.09297900625637223 0.01846747402228603 0.07042721248567133 -0.39004132289818716 0.045956544561477276 0.19842961766677952 -0.14068991151428542
0 19 -0.08385537921764734 -0.220541395006701 -0.02041390218667804 -0.022985511638381806 0.01743116333676948 0.18116536831929192 -0.23351332703798836 0.13438302201098642 0.08427479306572622 -0.09916536005957918
0 20 0.011929731280792935 -0.19427170184835046 -0.10843501025426437 -0.18045266856761974 0.0899847610724132 0.10202932030249161 -0.2585253579034451 0.16444342265597364 0.17147240583230036 -0.11415382136913342
0 21 0.035500752528453874 -0.07565827590769827 -0.10412110516291992 0.02039970544434364 -0.04047049765333313 -0.0031543588592091447 -0.13637052730833765 0.04455486450124806 0.10411680903420145 0.05809527032559569
0 22 -0.06107587775987267 -0.18055501291413628 0.005334412046826929 -0.18157634648995405 0.04189633759024388 0.04154813270754036 -0.20911398270151474 0.1268523681581894 0.1227363595394815 -0.06685789048579951
0 23 -0.05752326990444886 0.07305926299039124 0.06748126836821547 0.036882744663398054 -0.10498087423923241 -0.018415323985332164 -0.016713743513361523 -0.05444707021255182 -0.030253006344169685 0.03919618456323161
0 24 -0.07383994274607668 -0.11482633846856165 0.0106121391357261 -0.0013382728212888413 0.004377094490814867 0.010113565707693664 -0.20807989328455015 0.05745836585204068 -0.03175363500566149 -0.07692196788245828
0 25 0.10949598494341674 0.04814164801684685 0.03678668439644849 0.1020379419993771 -0.07800525784013503 -0.1707438975956296 0.05625590658071114 -0.1041577816775353 -0.20141129163559843 0.05805998696432004
0 26 -0.06005084801323439 -0.1975813601414235 -0.08193002873397379 -0.11369807446870304 0.10512494686847172 -0.02251434394455753 -0.2505301166109927 0.017135483451663425 -0.02815176530368084 -0.103100526314331
0 27 0.053523462162230605 -0.09646392235210886 -0.012457898154045126 -0.10783024228128618 -0.04796760867509699 0.10561457568222823 -0.15943613539876608 0.14035190954194615 -0.011304677189867674 0.048338825398965155
0 28 -0.03324598547606803 -0.017353097914462084 0.06948596620613089 0.018709768434603133 -0.03796448994122977 -0.04000656494321127 0.060226709826091844 0.08314070566248492 -0.0163690180077751 0.001539237443465382
0 29 -0.09743179691303301 -0.03528285899024511 -0.08543820605383867 -1.1214941277083677E-4 -0.035679441497987394 0.022327788498682846 -0.060972204156809415 0.029592703041391222 0.0105212478603591 0.024955342942776074
0 30 -0.09546586736605697 -0.04560050615176203 0.06914311597966895 -0.07561100573936744 0.06017074366747982 0.10601289563912077 -0.14716900723505477 0.07008999599065455 -0.0561961050997885 0.04091889023111687
0 31 0.06643796815413812 -0.08111319593149241 -0.13115531171163863 -0.06581460888868187 0.06093332959029041 0.08441672567405929 -0.16802760708172637 -0.03562325306824802 0.055933448597848386 -0.06471070762018885
0 32 0.0651764080987517 -0.15604377072591055 -0.07033248780133168 -0.045840728264211365 0.001737820236767208 0.02329772040920945 -0.13944647854552344 -0.06403982835709413 -0.022522896544919534 -0.04375720058891646
0 33 -0.0383320882254768 -0.10531437231089963 0.023822721008518535 0.06097481600485913 0.09420772156918213 0.06190239710672031 -0.11067795498128562 -0.02354836787156149 0.08128092644291196 -0.0032190699810965046
0 34 0.014457733486341677 -0.023224136324569978 0.04298898397587181 0.01846082825954756 -0.08372711402372698 -0.003901870246813808 -0.018616128409757245 -0.07380747052795393 -0.0028346058157011065 0.10120475302725675
0 35 0.05018033707677734 -0.018382452996548105 -0.045643545567341355 -0.06835382464677733 0.09740928623091236 -0.0506229868372123 0.04432824747693539 -0.0021546009539330237 -0.056314113687588804 0.055718215225427845
0 36 -0.01764847531554113 0.08145613911560827 -0.02342399158364316 -0.05794970497906293 -0.08894128765010556 0.06200793637851291 -0.0061206957952137635 -0.09509041907500974 0.0383325533966596 -0.0729213598338256
0 37 0.03749467298612654 -0.0208722508945759 0.07193445350410325 0.012405697486241525 0.0023187035929500967 -0.03860424589994884 -0.06242669486489719 -0.04506095038648086 0.003195697378103394 -0.026184375617426692
0 38 0.0715794810578118 -0.03803990792019149 0.012528722067238011 -0.084216228649005 -0.037362053986256596 0.057420787772720513 -0.11288905155831234 0.07013343669310479 0.005831749482231553 -0.09116038908224625
0 39 -0.045688640190483354 -0.019659800674348863 0.040004625857826416 0.07738434884571538 -0.008902146907712214 0.0639715162381459 0.08482297563249509 0.08995899508670395 0.06757285265435803 0.029117175810450868
0 40 -0.019763808278394572 -0.09501276036816456 -0.035198863027011855 0.010107346311522578 0.012728558890779364 0.021764118400741626 0.003149670852749687 -0.0987737233368658 -0.009193307472274698 0.081734572037716
0 41 -0.028714884342480033 -0.06290365915567163 0.08277366007349923 -0.02964840537880503 0.05895764763624775 -0.12917350911460904 0.0801965413231361 0.050464789187252404 0.03493735737724279 -0.04980783886965314 -0.11147081443160828
1 0 -0.4920937527322902
1 1 -1.4593498616438987
1 2 -0.5567705734929592
1 3 -1.1471281269987645
1 4 0.18465098413643014
1 5 0.8328173855130004
1 6 -1.8326211910299088
1 7 0.6072556597655961
1 8 0.8329942898701316
1 9 -0.3806488429280551
