## LambdaRank
## Epochs = 100
## No. of features = 41
## No. of hidden layers = 1
## Layer 1: 10 neurons
1 2 3 4 5 6 7 8 9 10 11 12 13 14 15 16 17 18 19 20 21 22 23 24 25 26 27 28 29 30 31 32 33 34 35 36 37 38 39 40 41
1
10
0 0 -0.017341206961598764 -0.060804529107907956 -0.06987198101601659 -0.004757203169028743 0.0487790950638084 0.024181964710242525 -0.019851727398604493 -0.03315389791212042 0.08845574283276199 0.06388738510022691
0 1 0.07367027490067501 0.08833700558923975 -0.015439588911366861 -0.0337996771107418 0.019235643623335144 -0.09575163634810327 0.09461546482814946 0.03180845239532999 -0.08482125689347675 0.06680024014091865
0 2 0.0914619213515428 0.00855411047378768 0.03771189312132911 -0.04837970528600302 0.01546519909613413 0.05167508338801358 -0.02243227447057712 0.048682980428244524 0.003290192795660603 0.06071153190335183
0 3 -0.0668610522376118 -0.09834292995006795 -0.041147919150980095 -0.07973722249924364 0.03478834033472769 0.04433555874311144 0.062234455258233325 -0.09506271129327296 0.06989458487451389 -0.04095826970118372
0 4 0.07563953958749382 -0.03720022538750558 -0.058271588771988146 -0.024978778612520073 0.05683122068115252 0.048586340840087464 -0.03696117591068555 0.009653370474233708 -0.07567981000491503 -0.09287333450718184
0 5 0.08604622063571785 0.03401608968860391 0.042636611847422255 0.0818954652955436 -0.07621288139354584 0.035480786588108576 0.03596512602081181 0.09524629775005415 -0.08312067731802793 -0.09533847900284294
0 6 0.004257968774419167 0.04778709467751567 -0.045266318028079885 -0.02041320731268532 -0.0523291818013481 -0.039291935134996875 -0.015367634538937712 -0.08506712442298106 0.08475578400069085 -0.08455825003595863
0 7 0.04888121830378548 0.055787162066386564 0.021408014673003833 -0.07976358510083258 -0.07963291451326185 -0.05959233827930085 0.0017069746804015732 -0.008287660115079113 -0.055961604394651414 -0.03938627868250304
0 8 -0.06048612786603425 -0.027189224191418056 -0.050762090812486366 0.05746876695995069 -0.09731054741432757 0.0030781527481986964 0.010858971896633778 0.072789881161305 -0.05480269322539335 -0.08801791389713846
0 9 0.08360327674713133 0.017685295461746527 -0.0921249619690376 0.03238821685851217 0.04309441140509051 -0.0425161469500676 0.0667391097590107 0.03525248879586957 0.037080508932484976 -0.08195037829106977
0 10 0.03805092788424208 0.021560080253717532 7.76853474442068E-4 -0.01677463944168005 0.06381828339958015 0.02018525544816736 0.004844974086581756 -0.074107271854489 -0.09315062724572111 -0.08414625275877738
0 11 0.06156796681419651 -0.010940358504342725 -0.049852414506107626 0.0636792618585427 0.07441832017675924 0.07244980435097367 -0.0606682608578316 0.09130541329098942 0.09501271506445233 -0.0038498746564555914
0 12 -0.006420694793183182 0.08487933932131539 -0.04612560037203202 0.020280400031051603 0.06621722786676666 0.008438210050949272 -0.08206798474983476 -0.008360503585798228 0.07859516064830434 -0.057103601137452865
0 13 0.08221805499489351 -0.0397301520086482 0.06706115786764996 -0.047153055537252124 -0.015470894237758307 -0.027186947370749233 0.06300754978337438 -2.4873943281093915E-4 0.07265828932560953 -0.04292951689019521
0 14 0.014187389825918443 0.007211120466454828 -0.03483107410384377 -0.048553681837133114 0.08123596972984846 0.04631666816683975 0.034306683035505194 0.057617020223117044 0.014313365965367062 0.0066940736443667085
0 15 0.07328306868989816 0.06246822725875762 -0.046661315788860985 0.04051906677042545 0.07915507773013768 -0.00984567624410914 -0.06027633827015172 0.024363453856921333 0.016063370099206695 -0.0016436706408162883
0 16 -0.05850627888990614 -0.06221809902792467 -0.020918017775924024 -0.031074263082597173 -0.027573641786675405 -0.0032108594783392514 1.712468159596421E-4 -0.038120320884613264 -0.08064156447112535 0.07911511148256638
0 17 0.005513990396002912 0.08282409477160542 0.056602920615441796 0.08878439949398154 0.0054460593976192505 -0.09012296406189947 -0.08868717832487724 -0.06976889107998675 -0.08203263642858165 0.015880096384879017
0 18 -0.06683340864628663 0.0013409430755681362 -0.014633636855814902 -0.01949006045910489 -0.093736289194202 0.07627944644837965 -0.052574406297177245 0.006997407073665024 0.07297803296676705 -0.06550407331886923
0 19 -0.04471226290592667 -0.024386413699798756 0.07539292589056801 0.07298810494481614 -0.06606525816575692 0.04057501884625703 -0.09980965646182129 0.04623623808943086 0.0754223296915003 -0.05795982791653821
0 20 -0.08319376978324469 -0.06325862568770849 -0.04543952241001082 0.027687871047831065 -0.01530508701147692 0.06522917093037844 0.02813708505865728 0.027584800892488406 0.08798888578240392 -0.04013189645843254
0 21 -0.06157737311658345 0.08038908889206135 -0.029325038970305993 0.09579470066634888 0.07103756976999497 -0.05421224157670433 0.09433746494439321 -0.07203777191029434 0.09598585213045097 0.08371420885913702
0 22 -0.025256555049293614 -0.06163922694975698 0.05341559556428277 0.09951099093799658 0.043973586579762074 4.713667791058688E-4 -0.053136524986669625 -0.032810047597401235 0.02585672825095986 0.08610013305631485
0 23 -0.09554297839357477 -0.08614165007870198 -0.07016060499882339 0.06047362520551489 0.015306713559944441 -0.02799769739943588 0.007944175129170684 -0.067656785563871 0.08512800045381454 0.07161161955266535
0 24 -0.08571477486281684 0.06056652554478893 -0.051323476531361115 -0.04550543468122795 -0.015631958007613862 0.08018275070588576 -0.06032749302316857 0.05114422315917239 -0.014776154167552557 0.08327159651223887
0 25 -0.022759212751341084 0.025364339283821296 -0.041998592853806 0.019567424287173386 0.0778812067182388 0.09878978541100533 -0.09717567610872202 0.0925543924400127 0.045860661499318424 -0.045843501151282634
0 26 0.07295501608196314 0.049798183594069435 -0.09385727245316104 -0.07258802516888434 -0.028500034221374215 -0.059071962566444605 -0.00587144907195617 -0.07601030249113523 -0.017954066060601737 0.018156603953159198
0 27 0.012618244600828391 0.04301946429285865 -0.015464584077753526 -0.04167312344421944 -0.03257917814334953 -0.022792202131285518 0.06832156770551143 0.04056566498318703 0.07504020551205257 -0.021363265873048647
0 28 -0.057138007939365264 -0.08257118677306641 -0.07858231638652118 0.017967480478205865 0.05819990973440737 -0.08053067902560215 0.09317064817456168 -0.09538351371917043 -0.08355710526021594 0.00649684213669478
0 29 -0.06567302975374942 -0.010003346639347013 0.021348056081246163 0.07024202851581131 -0.05518358627915163 -0.001295908840138292 -0.010953253352709575 0.03279289642795768 0.08717309951612225 0.054698670234854
0 30 0.06533234905653502 -0.04794464419997076 0.05387760809142104 -0.08737631517521229 0.09643238027976166 -0.0375410893030749 -0.0815469794401838 0.021867224649292135 -0.008724369111812045 0.010172030990600728
0 31 0.015280882412388105 -0.04929642439612941 -3.115207486537123E-4 -0.026929400812468595 -0.016505995546715675 -0.060604172728778695 0.051919511826811024 -0.0028628709395187857 -0.02936172571344831 -0.042238085186031164
0 32 0.08937345603518543 0.008266354929491682 -0.0481052200952134 0.09074995153865098 0.07736924117185459 2.274719033372163E-5 0.009867765304153928 0.09988575697115018 0.03919378302071411 0.069857474233881
0 33 0.044311229978866114 0.013193691442732317 0.09986632181217492 0.04395454364257854 -0.03518919285625741 -0.015377131619947446 0.01887733202064585 0.006146096047382142 -0.0873479104533109 -0.05646380305818398
0 34 0.012616348001899397 0.045646139375672 0.04717064567651362 0.06421355711741374 0.06614527846976352 0.04943522326415807 0.09451888182500837 0.002283674449586879 0.0997993715896388 -0.06937840149228022
0 35 0.009933163540107634 0.07436093874517045 0.08630371959680185 0.09450224835362926 -0.021759865421434037 -0.057693193554486856 0.011389824085139203 0.05017467752306216 0.05549680397793427 -0.07347754082688215
0 36 -0.03305671158732413 0.027479449469513986 -0.03946403719524624 0.0661281272657028 0.020810606307567602 -0.018124047697180318 0.06851388948430072 -0.0682450787016325 0.053997925241208874 -0.09502021771209455
0 37 0.09459618930986469 -0.07531646671191346 0.01067972215269621 0.02836224474525423 -0.08618809102359322 0.036822936470134696 -0.01057135179808184 -0.07622569780463981 2.583780755660405E-4 -0.0043963818070342706
0 38 -0.05943316862957334 0.019971675050147242 0.01687925169501507 -0.03694846745385518 -0.0035823087911636704 0.04124995503900853 0.014034078699018536 0.07774652720786761 0.020796489286029434 0.05398873806905585
0 39 0.00253068293301891 -0.0637533058739221 -0.0632910186047599 0.011076688040412829 -0.09770575274753698 -0.018368067696388872 0.020530252399417893 0.002786475040196093 -0.07825783935594419 0.008546062644966067
0 40 -0.08836147418512465 -0.05206605081148837 -0.07117500895814322 0.01816915130624601 -0.013899667887501766 0.09071029486412595 -0.005385875358719398 9.545830589963313E-4 0.0397728765777252 -0.06828031774586303
0 41 0.017861922139495754 -0.055647619859971194 0.044918854856290075 0.03313507740580388 0.03171888807857478 0.0790968648021017 -0.019440047698422815 -0.014751164245389853 -0.05475181196363574 0.07021392326981064 -0.05366211012005835
1 0 -0.09974183142185233
1 1 0.027787048369646045
1 2 -0.07592947781085882
1 3 0.009114807471632968
1 4 0.08024454861879346
1 5 0.03811471909284581
1 6 0.02549142763018667
1 7 0.07698111981153422
1 8 0.08130276948213612
1 9 0.03370083123445542
