## LambdaRank
## Epochs = 100
## No. of features = 41
## No. of hidden layers = 1
## Layer 1: 10 neurons
1 2 3 4 5 6 7 8 9 10 11 12 13 14 15 16 17 18 19 20 21 22 23 24 25 26 27 28 29 30 31 32 33 34 35 36 37 38 39 40 41
1
10
0 0 -0.08619216470505225 0.08130994651818856 0.08034653173984019 0.04574663100215285 -2.498799611815114E-4 -0.05119585119018416 0.03563204061413411 -0.011587645302726568 0.005888914214046386 0.009983457322903257
0 1 0.04663614699343214 0.08231532772242628 0.06006604952041843 0.06998532289991656 -0.06210440539301125 -0.03064353213167259 0.08746338974663381 -0.09972676841681326 0.06045027338916232 0.050929367768992484
0 2 -0.06475955417012734 0.05921599693956245 -0.010191742936272485 0.07739990646983574 -0.07847096999308094 -0.08610770012607999 0.05394511664282144 0.0046743860088123874 0.01391762821617478 -0.09340514040013394
0 3 -0.04323817885644538 0.06657958564068928 0.06806243999808513 -0.02706765751591435 0.03837775121270014 0.08174538828601818 0.028937793247107484 0.07259470135195141 -0.025054545180900535 0.011961264702959638
0 4 -0.03532353219780255 0.06673169310939132 -0.020441699523278296 -0.015371467673422802 -0.007139490260421614 -0.08875544936237459 0.014621141509858564 0.0954725356815653 -0.03992141933024977 0.06077139186428082
0 5 0.03560655905946521 -0.06140370046774904 0.06781942511836128 -0.07915009742868065 -0.04137031637829515 0.019395709598813517 -0.031075513592101672 -0.04169765449355513 -0.008282198480840355 -0.006527691381337226
0 6 -0.025848944128119215 -0.004960593958553382 0.033825844006426346 0.0669783210660573 0.07843028007630047 0.029605400815524152 -0.07216948373500184 0.042658980551440295 0.0598633566986642 -0.026653607005023894
0 7 -0.09530442576045868 0.018490860488385285 -0.04953856247496839 0.01847803006335843 0.007989248869900515 -0.018970433171429192 -0.06353136993283905 0.0656339004786017 0.049580284739654146 -0.0982745768078695
0 8 0.08791196058061937 -0.09368550996584596 0.08208302900086695 -0.007953367810445804 0.09394635760271998 0.07177640620367391 -3.504900217940357E-5 -0.050101042774728405 0.06788836102712227 -0.05964024072573585
0 9 0.09484744228854255 0.046998512273558155 0.058174968003915424 0.03804130150584621 -0.07503641289093242 0.06621182373814614 0.027590837582255532 0.0837767275361732 0.07108322516641315 0.04102605932670764
0 10 -1.8670343406414266E-5 -0.030886209448656943 0.053433551722320775 0.017233237540043158 -0.007940892011134763 -0.08604638410511466 -0.051498440516062505 0.038886631005734126 -0.07902033875578246 -0.028178782471587054
0 11 0.09217007970895161 -0.05837978501244094 -0.049494282414328176 0.029937382788960402 -0.06742085850770867 -0.018563167836870575 0.0539533714987683 0.08266139830546432 0.001019357743028324 0.009144736185451724
0 12 -0.023035681869042254 0.09403324931256918 -0.00843952891496154 0.042890720552121425 0.01189640226618523 -0.05351398555357045 -0.035426624713044697 0.03214486868268859 -0.097685756190181 0.030084380251069735
0 13 -0.01456794326095392 0.07291896421104135 -0.006078639887644182 -0.07305964279618667 0.003342056758378524 -0.058030798485390195 -0.07161647238157008 -0.03721162870435223 -0.05229966298646946 -0.04878600844596818
0 14 -0.0931198365761455 -0.042272562077164365 0.0060123041483254565 -0.03187923715025105 -0.018625969690715366 -0.007400844477776628 -0.05721406974036083 -0.07563795004879013 0.08313881721731584 -0.07152410005099472
0 15 -0.05933335071513361 0.07900793302766014 0.027033167476703784 -0.022529538265574595 -0.051455741436247454 -0.07549999195277883 0.04268378975153791 -0.009827447843902102 -0.06594585490303718 -0.014264263899663942
0 16 0.03277673297823407 0.00764909533036144 0.06934290012128994 -0.091203532445326 -0.014860989544666492 0.029922918215249297 -0.033875048713968535 0.043615020259789944 0.07381235454199678 -0.07104381527084773
0 17 0.049282718424186016 -0.05419029127934181 0.046013595731401624 -0.06194685462342696 -0.06237903245882539 -0.03204319435944538 -0.017819865483351228 0.08573283808399354 -0.07506052104966844 -0.0519666606186432
0 18 0.033645411319422745 -0.09294542760127406 -0.04096394620940956 0.036126815190105736 -0.03996421436696109 -0.09290824443189362 -0.07506950984941867 0.057079011609495994 -0.03457618635301363 0.07516082821483423
0 19 -0.03180410204561425 0.025783269772471886 0.05295341405928345 0.031815482451956346 -0.012046129012297228 -0.003539209528895155 0.09845437273001023 0.01054908840185314 -0.03180538499143782 -0.04330038138210578
0 20 -0.01595575211839613 -0.026958230689206945 -0.022423082597183987 -0.02210059580889255 -0.01533716212222879 0.0038819163304529354 -0.03455704820056941 -0.0740480698806131 0.07478678897955673 0.08672744619255715
0 21 0.08741919158143369 -0.07099532769210909 0.09242471297390495 0.002527849320831744 -0.03802252343422294 0.027267008403325892 -0.009793728451782644 0.0946424021091597 0.04524200527819428 -0.023003155178320366
0 22 -0.09904784969213463 -0.0647120013043179 -0.06911303350631476 0.051392469655981876 -0.09411420153459282 -0.0971016867601044 0.07638904935239235 -0.09564215049648649 0.04435101523153147 0.024794201831554865
0 23 0.019835567562378233 0.03170896772044291 -0.08836535549008727 -0.018670732857535635 -0.021414132418072357 0.03545362006564932 -0.07733667638058446 0.04736508201794882 0.016846843163471303 0.045145392499809506
0 24 -0.024649673615030905 -0.059611486016533946 0.013370360479359068 0.09267329359360027 -0.023850932780841834 -0.08779635535316707 0.06949717369838734 -0.07083574201142996 -0.055657756106786783 0.05561649443187829
0 25 -0.03386773021168724 -0.04854884213967053 0.09878206101333976 0.002796787965100326 -0.0666764836796021 -0.07980187578343734 -0.072566204923948 0.004913062046546394 0.025736109117410262 -0.0794187163811631
0 26 -0.060625102510679325 0.07680259377175333 0.01959360819390413 -0.0524212602452535 0.016231962160889454 -0.09348859833762072 -0.019434375972445305 0.07218009481601088 0.09367665720287086 0.05850791950975142
0 27 -0.0693615271399847 0.09966227250013776 -0.037092771270774684 0.07138075690773232 -0.059613511323602354 0.02408820528726291 -0.03728569874635678 -0.024120240927612346 0.006605652099593151 0.08301964117743522
0 28 -0.07625253458914842 -0.06351562943486186 -0.03503416071165013 -0.09049483590841777 -0.09716693408269166 0.010128137736953131 0.07274727486811716 -0.06076449485570458 0.07401504818136419 -0.016913760275957986
0 29 -0.04983355968870841 -0.0659267084656711 -0.006149613880171555 -0.08338295606209006 -0.03949582415464683 -0.00712189589689798 -0.03000695931754395 -0.016256829085233824 0.09162186416260662 0.01010115747232863
0 30 0.0223427636029379 -0.04063308276684601 0.0864604082417195 0.07907030593794905 0.06819088101797828 0.022169736224888187 -0.08025351583410274 0.05507220786535763 0.07984649306904086 -0.05566148809529155
0 31 -0.02332085203237336 0.029181382692855796 0.08304523846489814 -0.012520463362319155 0.005778540560817671 -0.054836155090875256 -0.031138038648644655 -0.0160572452426375 0.026736633255754413 -0.08859912089768081
0 32 0.06923036633130093 -0.031774169327165 0.08835127251365217 -0.06391567984723594 0.04573289612864406 0.01757929819473258 0.08794290395555865 -0.06896009722953189 -0.06163663871858105 -0.07839850760797262
0 33 -0.018644172066902203 0.05592762443892578 -0.05448555748469568 0.00846659174302091 0.0916255484867786 -0.056861186079861376 -0.03763331630817264 0.08553964188615903 0.06169263354627055 -0.018817812058863185
0 34 0.05410662151099178 0.0013944207880574836 -0.07189593747067574 3.70291540405964E-5 -0.05857079838642768 0.07490623847188389 0.03258212540997632 -0.08782447800482289 0.011195070583797597 -0.09567420012123963
0 35 -0.01595288875403284 0.008863774295064637 0.052651388035013444 0.08907672427280702 -0.07711333304440852 0.002690393652011114 0.030447549291416548 0.07714901301053094 -0.011284471159514316 -0.02147896963848291
0 36 0.06520531848424996 0.03200949751336967 0.015326516543889418 0.09978727913262288 0.075704325174093 -0.08814692310852826 -0.05659865822891581 0.008566949163608908 0.030828684554637924 -0.07390302566862189
0 37 -0.03248633873597865 0.07770126438757474 0.06078603299260983 0.08602421796308139 0.08325755119262852 0.013115590291139949 -0.0396840834020061 0.09770132660528875 0.02217532739878787 -0.09316929799082399
0 38 -0.0446936189297548 -0.03207464922300915 0.05724992565052348 -0.050773955865297225 -0.006829148605793819 -0.09663934300157469 -0.020971309821773112 0.07985433898838877 -0.0021424051918256964 -0.07747832702150445
0 39 0.05620911844927259 0.02260107930997163 0.06257575556166359 0.04942717224447234 -0.08480927145044014 -0.09460891879828452 -0.0524422339754903 -0.04129160621346585 -0.044913969261003196 0.007359206545837617
0 40 -0.025271492677053576 0.028433805548050656 0.09798550304981815 -0.03336820560027484 0.06595187666549203 0.09578807017225187 -0.09278844122183583 -0.038526522273687226 0.02656232304388413 0.023614609163769142
0 41 -0.024918641702603474 -0.0712008892141029 -0.059036720342658514 -0.09288462544097344 0.014523744049219049 0.0061835805554214295 -0.09593644611785844 0.06052928545142255 -0.043455098897236685 0.01597422569456488 0.08259208500385294
1 0 -0.018235068768263314
1 1 0.07423208653926852
1 2 0.08504214137792404
1 3 -0.0035997093655168655
1 4 -0.004020929336547884
1 5 0.08569883555173938
1 6 0.0930831953883153
1 7 0.08339319378137568
1 8 -0.0911435633897785
1 9 0.035610824823379614
