## RankNet
## Epochs = 100
## No. of features = 41
## No. of hidden layers = 1
## Layer 1: 10 neurons
1 2 3 4 5 6 7 8 9 10 11 12 13 14 15 16 17 18 19 20 21 22 23 24 25 26 27 28 29 30 31 32 33 34 35 36 37 38 39 40 41
1
10
0 0 -0.056781312233580995 -0.0126053162830679 -0.06877125877139799 0.25779490054961957 0.04615236598449413 -0.23193015660341684 -0.1761782038237826 -0.20300915190906219 0.1554390579512542 0.3335654310341114
0 1 -0.05138479293383919 0.004053533183531895 -0.008152635656703907 0.22377839650046355 -0.07062314407339348 -0.0757339943055472 -0.1488156109716668 -0.09976082771253456 0.25280123617051176 0.2648456906097542
0 2 -0.07408284222888807 0.18425924688227305 -0.23183370511772158 1.0503326769383738 0.06774969142097291 -0.7562586593719508 -0.6313238430225846 -0.7070445610173421 0.7739938536688281 1.2683179113213987
0 3 -0.08378332345222159 0.005559854950071574 0.006220003258891164 0.3368193712715123 0.07774923248301725 -0.29437145609737714 -0.23301145187942787 -0.24110561526269225 0.23992325311261542 0.49913632772641686
0 4 -0.05984496285897839 -0.10670723959122916 -0.06300816259194457 -0.2879920125642623 0.06814022809310688 0.1651665908311647 -0.006082819215658726 0.13907717054939203 -0.06374757799799628 -0.2017995414009804
0 5 -0.015790303468071667 0.07811598525243733 -0.03978049473203587 0.46232582447957077 -0.055695461807245585 -0.333951711638986 -0.17908868058261476 -0.33216547681975767 0.32965336182242194 0.47504078018835605
0 6 -0.08184088548793222 0.08049494965483033 -0.07473423379241657 0.28781375530998626 -0.06999598886056309 -0.12245582066519176 -0.04960680412177273 -0.09487758818515299 0.14064085100587345 0.27711030638460543
0 7 0.008518103090561694 0.0642859505791439 -0.07152028870034459 -0.12185989050640349 0.03966286993725759 -0.04082840652099733 0.08835507640558603 -0.022694297883698544 -0.12726589760884105 -0.1484269053086392
0 8 -0.0024262130382525196 -0.07636375329233651 -0.09429737318398072 0.08065144401909081 0.013218967831976337 0.036268796453609274 -0.01886243348976014 0.0350490647409797 0.10053562399701495 0.06107330569553136
0 9 -0.12918371546466142 0.07093847241390507 -0.16124536438167794 0.44999730360026735 0.07151368315676972 -0.31686032434040057 -0.3342258240858969 -0.26945796209329786 0.1730002642174507 0.43278288636723106
0 10 -0.06561245967152693 0.14864295676534553 -0.1277778104215534 0.3825919470216971 0.035353106964606675 -0.29146233588038734 -0.21175445242909907 -0.2524337258075413 0.27064573224934285 0.4231186738144819
0 11 0.035047962434538046 -0.009570613850581553 0.004621698845866469 -0.2514815370851287 0.05831716112506791 0.11682719400377126 0.07539030253738557 0.09335420054261177 -0.06201748371048611 -0.23515525266325785
0 12 0.025260517042069622 0.10883715142626899 -0.1398790194868371 0.24595566660966037 0.07943062665212486 -0.3311753981919826 -0.2820912533422287 -0.21741161825375388 0.29748722263487387 0.3736607756653462
0 13 0.04172104609136781 0.04656518837547181 -0.09523131058556751 0.37731276238830874 0.07432183028084095 -0.26555901817329514 -0.20570708534169974 -0.21404259108966825 0.24980460350952477 0.4199981448411268
0 14 -0.06530959243500407 -0.015084217091319525 -0.004081041844844619 0.2975880071499474 0.05425072872741827 -0.22214158686169277 -0.13824045015121847 -0.10871849962876558 0.07232541926476632 0.35414364803364257
0 15 0.019109452504087007 0.08511936967902878 0.10647275869824756 0.02404722819719468 -0.07809963006671782 -0.01351146221452287 -0.07179901376025148 -0.07195753052498444 -0.04648825127747755 0.03703623500630281
0 16 0.031241412200596085 0.004429800042321785 -0.05345889595899952 0.11965543320422772 -0.0647371749756449 -0.16942217687747363 -0.11648552044934977 -0.06060438316867641 0.008324511326480285 0.07442439630967962
0 17 -0.016160665351524075 -0.010614981697525208 -0.06335365082520857 0.15952039381332983 -0.04282679922604693 -0.07100872671598393 -0.006785376990950063 -0.05742922048635719 -0.029126039666378806 0.0222045470801477
0 18 -0.11633505015486219 0.1330343661778085 -0.012927723330185091 0.2754962450052398 0.1000434602895094 -0.2417203670060649 -0.2100989939194654 -0.1585960664230247 0.10967484767767409 0.17892093108614193
0 19 0.012466324392048153 -0.05089748310260933 -0.07695936856624039 0.12698399149926487 -0.050029313505901014 -0.04021481922436813 -0.0994169090739305 -0.07703410720614856 -0.0016314212398305231 0.18225192496176276
0 20 -0.008227677292262123 -0.05508519016755619 -0.07778212933058462 0.2645652399451137 0.06290689458293859 -0.21416697612104657 -0.1953199819706642 -0.12562505521799122 0.20654999519112696 0.23806461077655935
0 21 -0.009726804756987693 -0.08220556267194919 -0.07126269622475967 0.11702012348105828 -0.019476549492337014 0.02492828625806607 -0.0063604691619950976 -0.10534391974528685 0.0229230464261451 0.02127303265176763
0 22 -0.014799116036265662 0.14684679964522893 -0.12161986485151408 0.31604957447543314 0.08462102835637555 -0.17592616660943375 -0.18302625492504201 -0.08017042400313505 0.12828187302849783 0.18138679304113495
0 23 -0.09208937407267329 0.06163001206169836 -0.0024423856914217172 -0.17925471555263842 0.041600915456915584 0.02595593996185358 0.07334021556309614 -0.048473569262518695 -0.02809528988827026 -0.14811305619130133
0 24 -0.01049098804590821 0.015954784386630387 -0.004856302569296427 0.08780481096289255 -0.03189699915169629 -0.0699544503516579 -0.09832650524268305 -0.065070133573603 0.004712150631627034 0.12877014121312225
0 25 0.058694720688932264 -0.07842029365059855 0.11099709697164933 -0.36176346234575973 0.0749670283242811 0.2075321988234735 0.06456309946997142 0.018860926000274857 -0.25914050365059166 -0.23030231906726403
0 26 0.07463622542032732 0.05568259513393048 -0.07955535258398928 0.12990525511927542 -0.0016827515737846655 -0.12636295140276568 -0.12439106099003261 -0.07733209058327298 0.07863989769858919 0.08976204263536294
0 27 1.3406070458048028E-4 0.12471949313125937 -0.007487207923666844 0.21764303619069375 0.0453233438160675 -0.02850372734444363 -0.15878723739445585 -0.1534350944999228 0.07641443749333808 0.19763286084809173
0 28 0.022190788081657264 0.04691162735891639 0.045376676655598254 0.005184735526578326 0.041327032704753304 0.004445976388658318 -0.04236019409691568 -0.043957358382473485 -0.09647001006911025 -0.10767972947137307
0 29 0.03474788401866311 0.05847815515084741 0.02753154812070314 0.11217195595967629 -0.06400156706986579 -0.08811730895733948 0.061512149052394806 -0.060915004084447194 0.11292365757417427 -0.0061803738485988035
0 30 -0.10088888180503312 -0.0014197456006493565 0.0880210395707072 5.184277356385797E-4 -0.0026184109319516737 0.018997779342524595 -0.0622955599656029 -0.05734662780307034 0.021976047103238586 0.05387587632021694
0 31 -0.09894078707787193 0.0023234559233326645 0.00978309194547944 0.1675779405420942 -0.06519077136517303 -0.028778922927994326 -0.1119959868331087 -0.14963876186797187 0.16731304888398463 0.21186216757879164
0 32 0.058840876373989555 -0.05867303552483468 0.06198574353091665 0.10700467328885299 -0.005155017496677412 -0.12371953302428446 0.02513853090450977 -0.08619870639727724 -0.021880787733359938 0.09559723570949716
0 33 0.08465208017522452 0.003005002393042028 -0.05242688744524218 -0.0015451398423462096 0.09118165762925301 0.03486126173600918 -0.04173186380335224 -0.07715902767060083 -0.033997774762399485 0.03167617442762432
0 34 0.07752693643638389 0.02119002459083784 0.01976715374361488 0.08909291134765585 -0.008529040834797094 -0.015848931751191942 0.03801545247283182 -0.03702359548782922 0.06279064838613739 -0.08415736489670167
0 35 0.08085722229052131 0.0745579525874406 -0.01845094673578813 -0.025700095602223222 -0.06155495893495155 -0.021490290010916756 0.04423174273612723 -0.06354115377154071 -0.00843637801577582 0.03391185927743171
0 36 -0.00977818646176015 -0.10694176047404476 0.00819743892146387 -0.1260172472738324 0.004958349419604737 0.09259726037121196 0.12425095968503135 -0.057590830237908765 -0.16459305985118905 -0.16633382409959507
0 37 -0.0953153255650371 0.029287171108292535 0.07268455841795804 0.031897687384251534 0.024047010707608497 0.08817251640235632 -0.013268151851636201 0.08301097205805645 -0.10666913957759913 -0.04781283243298167
0 38 0.03627876169415748 0.08286702862538314 0.09709871978692777 -0.030409078158718027 -0.0016515476627627383 -0.07782285663225826 -0.020331893556705512 0.0320774857842141 0.05491720584986505 -0.054696679859919904
0 39 -0.0460334438859723 -0.04749383451171247 -0.08635358716556424 -0.014510797332603022 0.07034465212637683 -0.053540047860445146 -0.011751714950734071 -0.04404014441959848 -0.10540399525052646 -0.06438782288645742
0 40 -0.059821989858702344 -0.08753005767929638 -0.060544141660735754 -0.19786498120586438 0.02781102292419602 0.0938197451217082 -0.05085892288193726 0.0928337852919774 -0.1050574044316669 -0.15984480403066206
0 41 0.02785845167680705 -0.072359704685823 -0.017193180012510585 -0.12345322811628395 0.027701036449382318 0.05904790588356633 0.07923197512375932 0.10265070162230638 -0.17271630176594124 -0.22091618974975386 -0.3260333617151666
1 0 -0.2874436416027497
1 1 0.1789668408718497
1 2 -0.47707543866537827
1 3 1.6128856557754605
1 4 -0.03344823838490714
1 5 -1.3121465960597292
1 6 -1.094372044326981
1 7 -1.1267091526814206
1 8 1.0408881961572656
1 9 1.7857169702107532
