## LambdaRank
## Epochs = 100
## No. of features = 41
## No. of hidden layers = 1
## Layer 1: 10 neurons
1 2 3 4 5 6 7 8 9 10 11 12 13 14 15 16 17 18 19 20 21 22 23 24 25 26 27 28 29 30 31 32 33 34 35 36 37 38 39 40 41
1
10
0 0 0.020902139053049166 -0.050972778392370716 0.049900350351130135 0.03923827102480716 -0.09585436347238065 0.05095513113967175 0.057701489264073307 -0.03663770325388731 -0.01971396263536658 -0.055758449482654446
0 1 0.01967742857308575 0.09129005381296454 0.005166669998701749 0.04995232256859959 -0.07651084820518664 0.013807068961303872 -0.06336790622155841 0.0757908790903953 0.032327723608228026 0.03270689355795023
0 2 -0.051810965329095425 -0.0196367556638109 0.09594039614258551 -0.0339463255888559 -0.011657498818984023 -0.041329469988493045 0.08778858274112873 -0.05064592809142502 0.08810546369444197 -0.07148370549670226
0 3 0.05761019346691882 0.06432957267687074 0.008683668960868904 0.09157952797221286 0.09264251146808743 0.047061076499822295 0.052985781382316896 0.07241526665419024 -0.042757621607919155 0.0641639070429557
0 4 -0.025177744951428355 0.031078445560426656 -0.024573767204297468 -0.04484336891386836 0.056134087126561066 0.021436771166694273 -0.05890392619776497 0.05217226464859709 -0.07566182633514147 -0.0999877241823311
0 5 0.07073621371437441 -0.03262707619154101 0.011325408385760391 -0.09778011729382198 0.0895894612678535 -0.013150549889617235 0.052515709112623654 0.09919121756631372 0.00274492976426453 -0.08308339866449863
0 6 0.040385158042810725 -0.09583406241682227 0.05308883878859519 0.035888353875759435 -0.060108683607499866 0.07167461710919082 0.012714269582141488 0.09945186729673201 -0.0854019288379363 -0.08846588523689353
0 7 -0.04592609729451972 -0.020524026880326465 -0.042836994005377146 -0.020872997822164643 -0.03455413701685452 0.08536397757830676 0.09100537431183808 -0.0920992316621168 -0.05794103462454624 0.08671065479328019
0 8 0.044708740726933656 -0.013458853196493866 -0.010039983828522583 -0.04318204635113207 -0.04746941531662522 0.01907036901022867 0.08623593099841231 -0.07460473138301149 0.04243265882194785 0.015300447504313787
0 9 0.08838420155671796 -0.0422994459834443 -0.01287653475408616 -0.0417978693031492 -0.09280451331430421 -0.015706537584718464 -0.03694266324887197 -0.04168813858254228 -0.05722338377122937 -0.012709064103966456
0 10 0.04657361300190472 -0.00412678579751544 0.0738350338417206 -0.022057103442965964 0.09847857167613952 -0.024127770966411468 0.04911983320034359 -0.05447627977721707 -0.023846322514409015 0.05518222424613933
0 11 0.03884051911944588 0.023309500812301154 0.09718044091727625 0.027587476894833804 0.07589365097720524 0.07554154659740929 -0.022393860554176782 -0.0856310816742222 -0.018500990867958846 0.03203096355982764
0 12 -0.071338843621266 0.07549667422895352 -0.07056665503216439 0.08677521295397106 -0.08527738891892121 0.007341351152435538 0.0503975315292251 0.041015805885258466 -0.003138045536193314 -0.05074633102609018
0 13 0.05677448599577734 -0.026595709897157264 -0.016622197527509156 0.08917499958286251 -0.009168376719861007 -0.06721102740682777 -0.014416852128720584 -0.09585015273244113 0.06643224393597061 -0.09275272379851249
0 14 0.055724483877482196 0.03981132781231852 -0.07762728123915066 0.10000498502405318 0.10030690369265689 -0.0233284454018323 0.06923924572897905 0.09557730477258443 -0.03320002501611369 0.017823262526758407
0 15 -0.0818141453240618 -0.017923865410706206 0.05675829270979178 0.004717640216449508 0.00240644613281049 -0.06637561743920159 -0.0206543249940465 0.09549894675659805 -0.03653924219605321 -0.08563361759719608
0 16 0.08433481892026691 -0.018634179050239827 -0.0919539244183835 0.09503556595696618 -4.790814633486467E-4 -0.012124338716297893 -0.06478764346656384 -0.03942619453849185 -0.05336355703360527 -0.04980784991402904
0 17 -0.023267730034039806 0.05723165434018822 0.04675684579331639 0.07860299368957253 -0.09382251680451457 -0.02638171775856558 -0.08079894111722727 -0.08230051741643862 0.09937814585529262 -0.07309671894695977
0 18 0.07573150558922624 0.049060806190372154 -0.052468378121843476 0.05313955213826354 0.04683282010966898 -0.036908583262914636 -0.0762157384400357 -0.009324462550900638 -0.005644782136526868 0.04503665582980042
0 19 -0.0974811841104767 0.0628312322780533 -0.048579701757928286 -0.03319464402313399 0.08432434580894767 -0.002965355464883649 -0.0542859690053606 -0.00401313635458411 0.06555261970269005 0.046433698016911454
0 20 0.08154147899144473 0.08685126609304186 -0.07323875191449078 0.07409510758513542 0.02810397393655321 0.005259519815757724 0.018045010617426825 0.04931735222194752 -0.07599847091902111 0.05271167034461712
0 21 0.029389540341713902 0.06894122553168387 -0.024464890177757024 -0.05630864455934533 -0.03161717178278369 -0.04104595019233468 -0.04500448718187224 -0.09948031827595988 0.05394945003961645 -0.03386980097142389
0 22 0.022145223070850678 -0.08361038071261774 -0.04375722267514262 -0.04644797404448978 0.016706632175026607 0.06935485527900764 -0.012379770692151177 -0.007240350514841251 -0.026248462417565732 -0.05024801212260193
0 23 -0.05677429842400071 -0.06810259151925528 -0.05483916236154771 -0.04264897725973936 -0.08134397594881564 -0.009302916167100815 -0.02703233238766828 0.06794421230947141 -0.07791607486932015 0.0372707620078284
0 24 -5.2944209423131966E-5 -0.02500420864041585 0.06251962015513263 -0.03193677709931472 0.05168081342267323 -0.008241518664847392 0.016293105450590515 -0.08987493787471183 0.0671310335694019 0.03555335205886844
0 25 -0.03429209384872359 -0.07999600594888427 0.03431955173655291 0.017794967424567192 0.09596584109105427 -0.03090594161149615 -0.09363609382962156 0.038797359837264046 -0.053534306309953955 -0.01022344752867326
0 26 0.04441559788657181 -0.09515926261900573 -0.036252660796038734 -0.04887452570484564 0.03955746947596489 0.07201248237307681 -0.046756735984354245 0.07033396685473199 0.028192654527101582 0.07660638651750416
0 27 -0.008366317470340084 6.024865148763617E-4 -0.04059373395553319 -0.049285295719914385 0.04268420612524301 0.03263946715475723 0.05777972230018672 -0.03584780179607106 0.09336377371121277 -0.056375799968673604
0 28 -0.011873373705857889 0.03690879690847428 -0.03014721822851272 -0.07180709986778454 -0.010862842374832558 0.027774159814664356 -0.06756665590033224 5.187064233440759E-5 -0.03271208459817894 -0.06064454276127118
0 29 -0.048846309574083764 0.0379539694045644 9.193872522694059E-4 -0.08414651404991837 0.007774535632285402 -0.0018606292059820053 -0.04513394280632408 0.050843166629913956 0.05013710583367227 0.021982849250404293
0 30 -0.044575168099286466 -0.06571119776910123 0.0958304409214801 -0.021944929846926163 0.08021318661278047 -0.06178671910572718 0.08177738876895047 0.01575636917938897 0.03785089717641546 -0.03839084720733542
0 31 0.05538376064832772 0.01479594720306442 -0.06873132885700987 0.01641225528928228 -0.08329040991337414 -0.00780262548559309 -0.06701744460735995 -0.004061935112970962 0.05663294531996016 -0.02923205264252801
0 32 -0.008183124989121804 0.05498952876277375 -0.09678195713394691 0.07213119187483799 -0.0861860549099826 -0.02327134795616318 -0.06610158631585765 0.03713994864416713 0.09505420027424755 -0.09821179688448489
0 33 0.027632430701944318 -0.043119477003443984 0.03284827496635315 -0.09660459592666922 -0.03564824494942364 -0.027636805283652175 0.042551824711648034 0.04925790052860598 0.01594811544172766 0.08052074696974346
0 34 -0.06342835981575144 -0.0021470756234962187 -0.0498724834662317 -0.05251828963162498 -0.040473941310938455 0.09187975965565566 -0.09801921801125646 -0.06362422540067543 -0.029550946862402425 -0.003831369184678125
0 35 -0.07725450380356146 0.015362426773282981 0.03344165458811267 -0.06966661529784086 -0.0655635593195226 -0.08249900773864305 0.03307116545909375 0.06877812342853315 -0.0024432279856775665 -0.025209002472512402
0 36 0.012310563208254265 -0.037193780373990105 0.06613722993858791 -0.09534521929275158 -0.017384483414977694 -0.06798331462038204 0.023811566843963888 -0.07282855089043179 -0.06317131322072285 -0.031444596220530245
0 37 0.08224624071497878 -0.08450550471167251 0.09719951881696115 -0.056839340797528726 -0.04437053917177809 -0.09293035870933772 5.894225845363838E-5 -0.007933689568602981 0.09755659270375207 -0.035481038022690606
0 38 -0.03444441113652462 0.03212177132389194 -0.008803643543467856 -0.02514611088513935 -0.08933675107151974 -0.023108211734873048 0.036592946423318964 0.0969970792057767 0.0918264208410088 0.03848256981552027
0 39 0.03572953244369006 -0.07580264978807458 -0.03565553272694193 0.06408083207234364 0.025099340220718958 -0.019313363967804677 -0.044440339207928316 0.06533252198414416 0.06462571755862824 -0.053392020172888896
0 40 -0.08183884901302592 0.06680227518207695 0.02346755949298567 0.0735153579722219 0.027198216028042805 0.04210237261773554 -0.023767281065865068 -0.035674276729715175 0.06106259698259921 -0.06924471522509039
0 41 -0.02991553022940419 -0.048264205532010176 0.07064121751035275 0.047302081848206105 0.05760480624563221 -0.06110699713992967 -0.08707795776172844 -0.06346270554068459 -0.06907930363979833 0.02238470527007706 0.017416799440980367
1 0 0.016563361510634384
1 1 0.09267610311508219
1 2 -0.0376948527991771
1 3 0.042928189039230485
1 4 0.0705545321106924
1 5 -0.0720041915774337
1 6 -0.08405283838510505
1 7 0.0774032920598982
1 8 0.07065582275390649
1 9 0.09270063042640753
