## LambdaRank
## Epochs = 100
## No. of features = 41
## No. of hidden layers = 1
## Layer 1: 10 neurons
1 2 3 4 5 6 7 8 9 10 11 12 13 14 15 16 17 18 19 20 21 22 23 24 25 26 27 28 29 30 31 32 33 34 35 36 37 38 39 40 41
1
10
0 0 0.015124798342545199 0.07589785688765882 -0.05911432060721496 0.0420981895608306 0.0034424612390082953 -0.036331664616424446 0.012709126142388507 -0.06878016198474732 -0.04269592266244099 0.018027154040391735
0 1 0.0660098051679612 -0.06549186893854513 -0.08309361117992625 0.08748950067600683 0.05154310490001268 -0.09402559140340816 -0.0567144498801265 0.04766839516975507 0.07328882265146108 0.06522039482808771
0 2 -0.04241220775122243 0.03255320398758084 -0.09568785443857365 0.06240354924190614 -0.0720286647265657 -0.01931355657925743 0.09657736256749004 -0.07930065565293938 0.06258976582176169 -0.0991371069368019
0 3 0.09643714511557419 -0.03488034445225255 -0.09364338552449829 0.07612714775469048 0.0310323753671759 -0.0896862039098039 0.047727318305457844 -0.08327730526587283 0.003502339349895078 -0.08971743779915634
0 4 -0.09862649950212335 0.014700990746611377 -0.03915544278949438 -0.0068591872033473954 -0.06167357047377664 0.07267578028265183 0.066066464173921 0.028012286918254192 0.017733148392812443 0.020410269355128043
0 5 -0.06240359375274872 -0.06927311889499287 -0.08463698095627398 -0.012396244925635801 0.043461146952076674 -0.05568164456986007 -0.03735022875661334 -0.04692035544367742 0.009573129158729023 -0.012497453959531075
0 6 0.07201908798019968 -0.04815043165654581 -0.040216296321698694 -0.059783075234223285 0.06761328336650056 0.038860823278679374 0.09832323382516787 0.0881901619623025 -0.02430039255939978 -0.009148713297381107
0 7 0.004636326608284414 0.0214276381578597 -0.047207587762752586 -0.021343839568045662 0.05192564130457562 0.03793513993530584 -8.680680263232836E-4 0.016618521243158244 0.05550785327866899 -0.0331219682538839
0 8 0.08082886827789254 0.0053282231172299 -0.07835886468739046 -0.05219441120889828 0.036149177315505106 -0.02934723130421062 0.026454628370931974 -0.013024834691205182 0.02969197797969714 0.08250233655285083
0 9 0.0834231750917703 0.06922606959077096 -0.0410152077572899 -0.062691062134612 0.04210156627527458 0.03356686606060416 0.0011156503499828176 0.008579553367204533 -0.0950266849022572 0.09417941963452407
0 10 0.09802528843872828 0.0421299435259352 -0.06598741627050377 0.007256541653632937 -0.007440294468853785 0.09889913889491357 -5.332324228034273E-4 0.043393464814140116 -0.08335069335848067 0.07800735557783654
0 11 -0.08414772663541824 -0.0971192191067572 -0.09067242319467503 0.08498202382499913 -0.02421553666906067 -0.04411249480801015 0.07380329757848204 0.07249150025398363 -0.014199666027215351 -0.04425280734377448
0 12 0.03272884213847696 0.006076775818134522 -0.09646645821761642 -0.044395331165928274 -0.0221174414838036 -0.09533298532373997 0.05421882692419881 0.030288720935098327 -0.09766361221447552 -0.03435457938454487
0 13 -0.09216453308590007 0.013636688738714861 -0.008640833094453857 -0.08954482923267817 0.010884375079731739 -0.017150310728569 -0.07619823518089312 0.057757945252200585 0.03982769838471638 -0.03851121920092615
0 14 0.002685148040248943 -0.09343099739572135 -0.07139093143336274 0.031861501359851004 0.028558658150006862 0.06904559681389155 0.02859276743655941 0.044803528794335905 0.09176720062967396 -0.09038289959308127
0 15 -0.008517839742055144 -0.0887190500615678 -0.045734749316206046 -0.035282468657244846 0.06490461776238754 0.0993870217100595 -0.0618521367094887 0.022523988092170003 -0.033320475022868966 -0.06676784635594632
0 16 0.0757941981349371 -0.04615334611844986 -0.056168199751295854 0.07361327110644361 -0.03688954764493388 -0.02978216495686858 -0.034953838868337306 -0.0848267090503662 0.0850564839807062 -0.06525634351465837
0 17 0.02286935589644636 0.07211898885525221 -0.010802863094995549 -5.733014424253209E-4 -0.07201029825664816 0.041833422596357826 0.050348633454454485 0.033050387123499475 0.06644465864405232 0.05772367112234077
0 18 0.030144457272033964 -0.045470116838267044 -0.004870318930512708 0.01501804258911139 0.0028829835563160986 0.09532947318631424 0.04474253528046566 -0.02730494852230178 0.010598196077968126 -0.03018793968123068
0 19 0.08349358132668915 0.033516606500999864 -0.06947303434462537 0.056025056328062414 0.03198688992400098 0.018776519794611278 0.09564075498086369 0.029208206817381874 0.030102402541309907 -0.06992558005266973
0 20 -0.08180369868997026 -0.07822830599358077 -0.06535316512900319 -0.054185491749722925 0.09028733833961891 0.08630881762924636 -0.08128015177312194 -0.01756493398154623 0.049465476381425635 0.08218845519710137
0 21 0.004874645544762086 -0.0491043976818787 0.02857118690576262 -0.09348754105492134 0.0788196342451232 0.04570753626377365 0.017431216961877244 -0.01402993022090854 -0.058841676270919595 -0.043329379462574695
0 22 0.05749729142858116 -0.024444963488861906 -0.023773872361819035 -0.050695602395226275 -0.053598806819108204 -0.08445396830736698 -0.0515333882531383 0.032951124033221604 -0.04595967955411265 -0.08400707259871017
0 23 -0.03341924865826169 0.04533883620669529 0.037441601102677136 5.091180776048361E-4 0.03532056571949659 -0.008878889330052694 -0.05173527077691047 0.059854577074279124 -0.06524374337498695 0.05413194175881466
0 24 0.04494379353378134 0.03999984924029328 0.07391586958544871 -0.03205042904371671 0.004865842966301791 0.08781506476465523 -0.09744643420289616 -0.006980326274169041 0.05095796965268227 0.0418550314680089
0 25 -0.048999561891029275 8.235076527178092E-5 0.09024448220056808 0.06716599644576006 -0.08087746997504099 0.04910639583057076 0.09453131735600141 0.011583843510394378 -0.06696410183702863 -0.08573748970302951
0 26 0.03829509751706661 -0.0871287495538839 0.001101864013167291 -0.009257502696348594 -0.0777464861036795 0.06543918121965077 0.06761321131529555 -0.052342393105890055 0.05623450930708583 -0.05093814949855804
0 27 -0.015667989640974184 -0.09448097984049826 -0.09429159684724749 -0.0622969031375167 0.06236711870687689 0.07558662935943034 -0.058604012904269184 0.008919350390545042 -0.05578800108725371 -0.0034173843909648853
0 28 0.007667057890818214 0.09691449394708278 -0.05303679294582514 -0.02785817405937483 0.08003213212243744 0.036722088285798204 0.006880109104900607 0.07608710006901111 -0.025473462114600148 0.05350344327299708
0 29 0.00886879293171368 -0.004176326244845024 -0.0785273138548664 0.020144196914115203 0.007359348401871948 -0.02254215076318277 0.04008676571518688 -0.043390705853608595 0.003459326499814898 0.09545071005793641
0 30 0.0625219519255586 -0.03294019421903947 -0.030516155212188003 0.09811568057050403 -0.03160429013278711 0.07578018947308246 -0.038559296699961346 0.0387738199030029 0.09975531691460217 0.018718059022067718
0 31 0.03824422332823936 0.01766030750051936 0.05351054491706161 -0.03497090199027397 -0.006721087744129964 -8.734096767393163E-5 -0.09133732402999582 -0.013505416076128079 -0.021764179913339333 0.0265373155494565
0 32 -0.04709981810159195 0.06345428584133911 -0.06977080509230801 -0.06911183318321801 0.01911085821963838 0.07016308983725081 -0.068385525567077 -0.07081996793968541 -0.05513085551423558 -0.07431141196251041
0 33 0.05501730898648524 -0.0717148482652511 -0.09952993404361028 -0.071006518389232 -0.018899322962374107 -0.034341472313181236 -0.030488629906677785 -0.04188299628872733 0.09617460342966629 0.029774964906256664
0 34 -0.002288399315249336 -0.03998230881819437 -0.005016701936610005 0.03512888174333153 0.060558389090943826 -0.04452434385523233 -0.07095355947081765 -0.02359650828683589 0.01686016992434608 0.09070904458649798
0 35 0.08134863019815602 0.09884895893898708 0.05298944931097766 -0.05827493290222383 -0.012240354506904335 -0.036985248227384006 0.07521590798823478 0.07172750189252178 -0.09128333221056463 0.051764850476877323
0 36 -0.05360633770580633 0.025215012513504647 0.09491177060398896 0.09010130623084849 -0.06367133852788018 -0.09522518631431243 -0.03134861175491175 -8.260140840011326E-4 -0.0920645612642394 0.045523652752745274
0 37 -0.025034936851893536 0.08994385945100743 -0.08278546331554631 0.0607289008187135 -0.0035297781403121945 0.09373982253789798 -0.07611664475974157 0.06675920034060422 -0.08376012163736164 0.053954982880565765
0 38 -0.03732102365223097 0.00986889003831648 -0.06967412680231094 -0.075798228377781 -0.08006964624348151 0.06943438946451097 -0.0023131729309220266 0.0863704532337688 0.06567012520289961 0.07366969434209548
0 39 0.047853398294241865 0.08712108039206624 -0.09801195356766174 0.07272139144560115 -0.07080478770389592 0.0128416143435454 -0.04120840232161076 0.09875341632694914 0.01494969561738659 0.06702844898561586
0 40 -0.05795891649294415 0.008901108370860548 0.006939550985059989 -0.0028806226584550646 0.004054237845570426 0.06364013184446188 0.004881053587537982 -0.05857152635201314 0.017095474869534655 -0.040570636170515526
0 41 0.07942997821409428 -0.031071879154162162 0.07380130324088233 -0.06028199036852846 0.03939060626450522 -0.010543915741287867 -0.04490827554275009 0.05829612665892599 0.05560295473907582 0.06100899903067243 -0.09356783330440596
1 0 0.03729145601391803
1 1 0.03573197126388488
1 2 -0.006363433785736492
1 3 -0.021549988538026574
1 4 0.016926735639571935
1 5 0.03064821287989653
1 6 0.08413950353860906
1 7 0.019494527950882974
1 8 -0.0677077919244776
1 9 0.0894500166177746
