## RankNet
## Epochs = 100
## No. of features = 41
## No. of hidden layers = 1
## Layer 1: 10 neurons
1 2 3 4 5 6 7 8 9 10 11 12 13 14 15 16 17 18 19 20 21 22 23 24 25 26 27 28 29 30 31 32 33 34 35 36 37 38 39 40 41
1
10
0 0 -0.06865848418227082 -0.4312208883518782 -0.3374747026774338 -0.24464641774973317 -0.0906081258256745 0.206249486095988 -0.049771666558176025 -0.216881268853243 0.010445508854465711 0.25415430975595127
0 1 0.07106521305643068 -0.48433481185901883 -0.29060392300077414 -0.3030191084581679 -0.08432550451389006 0.0830048240894298 -0.0804787715290028 -0.1747135653327715 0.05921901088485983 0.28737611694033405
0 2 0.11066547255784269 -1.7640641976665763 -1.2887423470466037 -1.4269697178316707 -0.5608400036904224 0.6902140958052172 -0.08005974732584452 -0.9563462921293832 0.31386917276729936 1.0347297254184395
0 3 0.11552623824500996 -0.5949690174027282 -0.39602683877704337 -0.5836831365414055 -0.1566162010379477 0.1610774486275187 -0.023919893080623228 -0.33486904940287243 0.15366973687097196 0.3374918316039036
0 4 0.026014888739925066 0.20982161625911086 0.216479605268475 0.1662103413822646 0.14321949990794564 -0.11909332250186258 0.06042590979734196 0.12308578661356198 -0.001138761999660436 -0.24359825071887656
0 5 -0.04188415791035625 -0.5883872458200367 -0.48713514762290144 -0.4662066310389181 -0.2779075325400286 0.20930539544554952 0.03302829936444567 -0.2475339766172705 0.09523033313770428 0.4456518808618153
0 6 -0.03842288011313657 -0.5019122728478368 -0.4033589845409089 -0.32507117483146736 -0.03551195676849527 0.07039116262267045 -0.09760733692444683 -0.12071623474958902 0.09109543401301348 0.2685955050054581
0 7 0.06279156528979639 0.03656994540904171 -0.03152555065635361 0.04042303297909842 0.07827361555880229 -0.06930720210461004 0.043597046272202906 -0.006954709413041425 0.02541070434868099 -0.1537400742355883
0 8 0.02501509206022617 -0.28391934706245314 -0.1560881524380396 -0.12779822309274635 0.04520002657984777 0.1432458573661409 -0.07725451886996362 -0.1168349505116498 -0.017569767413240893 0.15757615881028195
0 9 0.0599906795122071 -0.7491706382881563 -0.5834019726885117 -0.5942530317253542 -0.09502688340649589 0.3247590267350876 -0.08417676403357716 -0.2809310793743554 0.05669091790393089 0.3274752728233115
0 10 -0.05847750972017803 -0.6267760384296727 -0.31564283636277257 -0.561197800731795 -0.09958200651437539 0.3070168891137673 -0.10870232047051646 -0.19324607587795406 0.018193386408689914 0.29193528711051503
0 11 5.5873535464226465E-5 0.20245014910209672 0.12814041265087447 0.16424941953126987 0.15034942663685502 -0.16459090175036245 -0.006076339646460545 0.1127363444754956 -6.060202947605808E-4 -0.26163193276223984
0 12 -0.07556703768993883 -0.622170550797008 -0.3584982998390123 -0.5379771515202604 -0.10754533636150825 0.12714892001040257 -0.0404740751255789 -0.28782672322927244 0.09352794585193516 0.2717809000990612
0 13 0.06304473226850861 -0.685003968281799 -0.5096771791701832 -0.5601507277445449 -0.09164928335108133 0.176684796373188 -0.11498411609919927 -0.3356983074891728 0.09921460772195542 0.2788213548528269
0 14 -0.02084622669885267 -0.3752097094097114 -0.2327091327034064 -0.27066831555068255 -0.06611252856489859 0.19857711872246966 -0.06243691010316647 -0.19946402859596654 0.12617092115369774 0.1544734463406666
0 15 0.07284132644623585 0.1365576719442966 0.030123816245842743 -0.01504475977726969 0.07039694958113686 -0.03669591710153737 0.08987446159048422 0.12304391364870358 -0.05552500363324905 -0.0646764693034705
0 16 0.05727500228661444 -0.21797291681768755 -0.04748067385578318 -0.21510466051348878 -0.09786447450432388 0.055294436093375254 -0.05249165884099786 -0.09845117781042585 0.1207609098330428 0.1665028748909952
0 17 -0.03004307687993582 -0.2905996365674177 -0.18209315143397825 -0.14910201745730722 0.0266159126141275 0.06778337317043277 -0.00585078674743 -0.1928411351541211 0.08395027109138888 0.13868213850128
0 18 0.10276789058317201 -0.4350783109835481 -0.26028654087488423 -0.3507630231316309 -0.07709053408595545 0.15709591414899615 0.03579882759392219 -0.15814659696016972 -0.043981608574835455 0.19476080849305213
0 19 0.015798393687036404 -0.30977470520754935 -0.24261547290658395 -0.14923001826516535 -0.02958737776650935 0.053916246037164564 -0.07743427681871287 -0.20003248994825737 0.09443809310762051 0.07906199493955099
0 20 0.0466669059452557 -0.34373787143004336 -0.2557201019739842 -0.22306431382324393 0.008520130026270141 0.06967148567099533 0.06075070394798284 -0.17549499742633667 0.11746656525068642 0.2090646806578926
0 21 -0.04102099806226139 0.008253940204648588 -0.11786098659893028 -0.0521803468828783 -0.11612128345776818 0.013575323168874841 0.01581448751577956 -0.08680547239687172 -0.01132029567528352 0.03522358886325725
0 22 -0.04100175992902096 -0.4949240642576939 -0.34538110042461556 -0.42020462142335513 -0.17535398956828815 0.17895499652649471 -0.004302890973853669 -0.21534233597608254 0.13528335571446926 0.2854711274214435
0 23 -0.04633015326747324 -0.00478928298577721 -0.07917904209323075 -0.004048383185871984 0.008786963355512729 -0.08657541296063462 0.011701179741961752 0.06283131596324863 0.06687214503604248 -0.11686426823709772
0 24 0.04975702397759968 -0.23033560263573358 -0.08986224155028265 -0.18613234157339426 0.03833713947817986 0.10193316893815088 -0.06439885596679674 -0.18179664810698465 0.04161891672612253 0.13247123576994396
0 25 -0.09758480320498676 0.3186732446912805 0.11780146899476503 0.2649315062242806 0.014748576928050495 -0.23629493259823278 -0.014425969626705148 0.08148587675158285 0.005513012116352601 -0.1930145614380293
0 26 0.02626119703568771 -0.2678931020262726 -0.05896693030597452 -0.2566788922790404 -0.04670768261642726 0.06572436538068024 -0.04976579729602495 -0.18768522045975994 -0.05531195577389938 0.14430674021603415
0 27 -0.06911643487904627 -0.133706775286112 -0.2039545103911159 -0.16515039781087618 -0.06304995730608316 0.038302538265374136 -0.0049174766676472696 -0.013144524143852938 -0.062352218071451145 0.09088719499401587
0 28 0.0745448901559698 0.0834892330113451 0.10515571227897905 0.09128737200532352 0.02150484726442018 -0.1242519093771616 0.10097454115432664 0.08662538615855266 0.013771689600727362 7.672832147794966E-4
0 29 -0.06744161903372262 0.004817604077500416 -0.055172921093001336 -0.008194013533200156 0.07550197079693986 -0.03352114403358537 -0.08722107605243064 -0.07861878379842295 0.061403701949901295 0.062203747782989066
0 30 0.08772352960419266 -0.07167025975928773 -0.09912348886340137 -0.11067512782099512 0.0026342802000750864 0.005727771355624979 -0.07388142282549395 -0.009201589467814282 -0.06564283021598834 0.03619767879638026
0 31 0.046381262292437365 -0.11421298912624518 -0.14325092245063578 -0.0869471452625989 -0.08528707069746033 0.00418567529766959 -0.014441243917303857 -0.04626298804284875 0.03473956639610909 0.16306494568538643
0 32 0.04232681207125406 -0.21311778369105194 -0.19098791359992764 -0.11299698361797969 0.01910465604658837 0.09287594233085601 -0.07827966327068842 -0.16773735856094832 -0.054112178115726085 0.09209053806089379
0 33 -0.031254511743006724 -0.01626741490060839 -0.139856804641226 -0.14886313892656974 0.03791890477665558 0.07995187926702514 -0.09484008888441851 -0.05205086146530165 0.0515709637688024 0.13613461462076704
0 34 -0.07230848014706975 -0.06911208193189936 -0.08069142228915661 -0.04345411311652736 -0.0832425603914485 -0.10242399664509388 -0.037150275383856506 -0.005945493517720937 0.023199577455019778 -0.06991128101981603
0 35 -0.0990531114934359 0.07998066444307014 -0.02624726946575478 0.05190498901475403 0.039934335002109654 -0.05806399624298175 -0.04057356090638851 0.07307972310896282 0.06744107917959206 -0.1465971295886805
0 36 0.06633603564257093 -0.047816139380675055 0.01942691653269751 -0.07663608980628098 -0.04286526966746376 -0.11949119348082293 0.057820362798939595 0.060954742847644065 -0.0743513830552339 -0.12082842990020605
0 37 -0.08133643160238622 0.08399651439902539 0.056402150994207825 0.046661253992602604 -0.05611061361454554 -0.07996133188382816 0.06795732070139539 0.04039840786105261 0.08695443661555606 -0.12481050223507108
0 38 0.020081350687469118 -0.09014022693247391 0.014588695020398333 -1.1234585814159515E-6 -0.0855827806457164 -0.007223282488015861 -0.04313601225925463 0.08224432298044923 0.06554249221070461 0.09148978187873173
0 39 0.017140938855582603 -0.011735367317480868 0.07730235327592654 0.04227418833283268 -0.05428391041305095 0.006717874890130262 -0.06383916300893944 -0.050058471845269875 -0.04268428936961415 0.011350613159184718
0 40 0.06620799125651738 -0.031374246389442806 -0.10553119745253617 0.03768739783413832 0.020407103765550945 0.023489539854835765 -0.020722804217943366 -0.043782774123817265 -0.0282850614410621 -0.11737077399609848
0 41 -0.0433271863160997 -0.04474415244106614 0.021234824183790402 0.07527272128363671 0.10195614233357252 -0.10660086968334136 0.024112806720202513 0.10783084565849456 0.028141163591999762 -0.06424686911535454 -0.35560455379680833
1 0 0.030884008748003317
1 1 -2.318177827190156
1 2 -1.759874732278993
1 3 -2.0523221330978774
1 4 -0.7934564718531523
1 5 0.9646029582959238
1 6 -0.29957857953397105
1 7 -1.3805952560173185
1 8 0.3259496551072402
1 9 1.5181323033941565
