## ListNet
## Epochs = 1500
## No. of features = 41
1 2 3 4 5 6 7 8 9 10 11 12 13 14 15 16 17 18 19 20 21 22 23 24 25 26 27 28 29 30 31 32 33 34 35 36 37 38 39 40 41
0
0 0 -0.011838543679076228
0 1 -0.07980433154283628
0 2 -0.07261452209687488
0 3 0.0654967649794451
0 4 0.07277922781937646
0 5 -0.08252085414910389
0 6 -0.0971835896527257
0 7 0.015700414824896973
0 8 0.08647825640425819
0 9 0.05538674341106195
0 10 0.06296844613628827
0 11 0.062005942244195734
0 12 0.03550436314914937
0 13 -0.04273899904637494
0 14 0.08861280737630965
0 15 -0.047174687892880006
0 16 -0.0465862650247679
0 17 0.030552410252130315
0 18 0.09191439308543864
0 19 -0.09427402666009185
0 20 8.145942666180449E-4
0 21 0.014699214948409032
0 22 0.019660139445477676
0 23 0.04899142889591294
0 24 0.014266490301883676
0 25 -0.08729325564260028
0 26 0.09748488919289304
0 27 0.08264178461654699
0 28 0.05037152629092117
0 29 0.08681189406106093
0 30 0.028624028422421035
0 31 0.07787149036358104
0 32 0.07657245288842851
0 33 0.08924253411765916
0 34 -0.013429031040876808
0 35 0.07912595125276657
0 36 0.08885826641740563
0 37 -0.02990912163989793
0 38 -0.08178222563621963
0 39 0.02168960120592168
0 40 0.025567672204782437
0 41 -0.009595746174454689
