## LambdaRank
## Epochs = 100
## No. of features = 41
## No. of hidden layers = 1
## Layer 1: 10 neurons
1 2 3 4 5 6 7 8 9 10 11 12 13 14 15 16 17 18 19 20 21 22 23 24 25 26 27 28 29 30 31 32 33 34 35 36 37 38 39 40 41
1
10
0 0 -0.07664045155005339 0.06830795052500296 0.0413413377397587 0.04043427306906876 0.06095347397718607 -0.012998509614195054 -0.014663372334693522 0.006937378525029036 0.024142185899526405 -0.003260846068488051
0 1 0.0793941390763929 0.05177996722996809 -0.05507009991842371 0.0491260730648726 -0.02673695916850692 0.0853403236752195 0.013547848814398751 0.09810202506775877 0.06125050671402373 -0.031660052458699545
0 2 0.0472740570951998 0.07055156030487272 -0.0656921396094724 -0.047996844448402104 -0.00971775570202371 -0.009166446457874079 -0.05985816038780799 0.008887509227104148 0.041388973569019515 0.04691784256091908
0 3 -0.004620347278592359 -0.07783810052170793 -0.006436420285033355 -0.09267393522555036 -0.0011896693863385915 -0.06835415317492431 0.07647432890602147 -0.029589164151949912 0.056837054144939905 -0.028556851647618293
0 4 -0.01001030931185372 -0.0023635499156516677 0.016078102329141274 0.03978227435711269 -0.010201799418706449 -0.038845466425332584 0.008092518990363656 0.02882167565365794 -0.03227869215921365 0.019385956235364
0 5 0.023135185518421992 -0.03931521301116559 0.07293012799019534 0.0538249643781562 0.009686023980563336 0.09381550924577936 0.09986516532231456 -0.08012325394276153 -0.08156606795918653 -0.0026265621566381758
0 6 -0.0660954114436231 0.02287577366014893 -0.03175145997516382 0.0483540169573476 -0.014973812356231294 -0.08390191851479868 0.07787749157123766 -0.07845605948277976 0.09871662280284105 0.04782473285812547
0 7 0.006095992576637873 -0.08957275873209805 0.023232374211185798 0.09541592474298029 0.03669658959791776 0.07621327465896717 -0.08366020066503618 0.013122167542102652 -0.008842857313892085 -0.04731942826018741
0 8 -0.07414423354351113 0.07597979893146098 -0.06994155063903947 0.08353137872525712 0.038832395337436446 -0.059738996798667794 -0.060481538820185095 -0.020788099704186103 0.0812509390950482 0.006282668093364192
0 9 -0.0034920649403550113 0.09784448730986872 0.06441605644217772 -0.0281052575830925 -0.045622813919765894 -0.09604037179929414 -0.015143229500476358 0.085776613221139 0.04629480033014306 -0.03753938468086756
0 10 -0.09175329695295056 -0.01725623872825052 0.07853227867846337 0.07522098354535565 0.08815730618977617 -0.021890423314158126 0.09030722190649945 0.02890223568981317 -0.02386042866368681 -0.03666426625568171
0 11 -0.06712700908734573 0.07341652850674692 0.012939390364750596 -0.04186031803659952 -0.058275606848841296 -0.08151895630317646 -0.014918717799092573 -0.046486075735261895 0.0522142743455631 -0.06053381086093038
0 12 -0.04449604891433979 0.09372317428912302 0.03479092099423834 0.09888014132789262 -0.057641105662264214 -0.012642375803571958 0.023712057617461525 0.056298794890919414 0.037531915059061234 -0.01775389917155936
0 13 0.04896645708770042 -0.08994519830914524 0.07537940284055919 0.024199613467106723 0.04103610940936263 -0.006505339012369957 0.07811858907583248 0.0027861112704242797 -0.09601673981239647 0.07372295367181465
0 14 -0.03902338356750826 -0.04694751859489818 -0.009528263239532538 -0.09666689877138505 -0.07281325437868615 -0.06199968797483488 0.012266958595808777 -0.09684062534752899 -0.05526745628090209 -0.013019938821593016
0 15 -0.08976602249528084 0.08179318683286833 0.0028117948642183786 -0.09184151791030395 -0.04481661502421347 -0.0031144382136717515 -0.095588677708527 -0.06861744861032087 0.04199697545518503 -0.03947206509496265
0 16 -0.07744303231299308 -0.09679543319641361 0.07732060560290802 0.02590336179214804 0.06297249220481475 0.030450861005171703 -0.03229946420657823 0.07424448074583882 -0.04410314152114603 -0.09487966754690172
0 17 -0.0042212665982144576 -0.09418731819090394 0.016340548410354403 -0.023622728684812706 -0.05270036724276847 0.02953454868105059 0.03848809998592346 0.03820265521787451 -0.0662566454597886 0.07024946626392879
0 18 -0.09855110162889134 1.9878750678850365E-4 0.03204142388776697 -0.08692208088785706 0.0831890432111001 0.010279584555519234 -0.08708900335441898 -0.06180061491437704 0.03878408574921778 -0.06213461452055417
0 19 -0.0396057880222762 -0.05785768793572249 0.0676674690049159 -0.08687707557445787 0.07572101112663955 -0.07574322988800898 0.02485967988020512 -0.03748360469597637 0.008490367631710153 0.09769552128329108
0 20 0.06809740128742475 -0.07113745024223166 0.08378056313822241 -0.006369573847540298 0.06623343943808079 0.08376064852330882 -0.030596809524297684 -0.09752645979380413 0.0900745788916539 0.03963854700928311
0 21 0.032417923576374214 0.07567188867194119 -0.09350614818240822 -0.017074833384575182 -2.317371438373357E-4 0.0335212125237471 -0.04248036092196704 0.06077783046294739 0.048180395192141234 0.06809300620477993
0 22 0.06495742270078071 0.09114848060439308 -0.008333951666893045 0.0789734825555139 0.07562515074389468 -0.07149340465004939 -0.07226637510154085 0.02743864754895516 -0.07591647079154373 0.07479404510562522
0 23 0.014167813714291629 0.009314408950197245 0.042024753626410546 0.023990465521843637 0.03264342493315439 0.008507667918759149 -0.09162730195900472 0.0017490771771255865 0.04651237847974038 -0.05465936805889097
0 24 0.06291299533353222 0.03861952810994025 -0.09353984012798806 0.001190252032656864 -0.049459416266330755 -0.09208042863145444 -0.01116290027460965 -0.08092981882793657 -0.008519154216422749 -0.024098617376739042
0 25 0.021684473940118788 0.06883321090109959 8.24763114945503E-4 0.06795592631159385 -0.007202982993865684 0.0033908401759487395 -0.02582702454471891 0.05201376310406053 0.0336900242692078 -0.07048425620649254
0 26 -0.08872570141678379 0.013825843426249748 0.07798676205885312 0.06325861496625111 -0.07123511181278314 0.09543389350071518 -0.014675429050562575 -0.055759553253957456 0.08218423644888538 -0.05461129020626661
0 27 -0.04999335666763137 -0.02360597956919591 0.03243160136300962 -0.07112077291724324 0.02059093363864991 -0.0549345015596861 -0.011783429090230736 0.04939386763140856 -0.03556193591310695 -0.061898305016032835
0 28 0.0462373732019693 0.041888569075856676 -0.0071139773095994525 0.0026005722777914593 -0.07863709578332989 0.026400554108250183 0.0019438704326221992 -0.06714169521678831 -0.047041062042850586 0.07017462483473519
0 29 0.04609165645462282 -0.06448708435148359 -0.03157417651292109 0.00678351900216195 -0.033560375517962926 -0.06997666753872012 -0.0030173224303714674 0.031036356240902063 -0.021016950589032267 -0.05975972395692579
0 30 -0.03347015419211432 -0.09153763872039285 0.0391839360968542 -0.0611911462113184 0.0240272121546527 0.022486966880633133 -0.015453333837882334 -0.09611376787453182 0.06239404024286131 0.010136692023404299
0 31 -0.08135444611148272 -0.07911847269926277 0.048783577917765115 0.03366681453327718 -0.03383160296615753 0.06038227041998359 0.018389573500959298 -0.05498825702115763 -0.029702872736407596 0.07044287639085743
0 32 0.044979878982040505 0.05756107050018715 0.019058172449027178 -0.032219954132356655 -0.03140816318750672 0.0503109060264204 0.065232720806931 0.05489641092643992 -0.08036232113734416 -0.05955905160258368
0 33 -0.056473161535560513 -0.013522032072512648 -0.09127115385318403 0.029329167426749896 0.08757003654770798 0.04866723577500268 0.047931170894039664 -0.03803828903466556 -0.07858281925812802 0.09093118288902186
0 34 0.04526405605349248 -0.018721002735708155 -0.001999926379348293 -0.026799573898811848 -0.05361489520317494 -0.03850917744927313 -0.009962153953047507 0.07432277156009001 -0.034082689648173264 0.053902481562159335
0 35 0.0884060828455479 0.029512095516983552 0.09943290515109286 -0.007450157669514689 0.01687221774888934 -0.07847560645276902 0.06180842514321139 0.07435313625995982 -0.07890661436434651 0.04264560128581927
0 36 -0.02049532991438941 0.09729259371915844 0.05099247895987194 -0.041028384033793226 -0.020814315331307315 -0.07224883247815186 -0.09619798285983754 -0.007004980015614522 -0.05905753948453324 0.05878022099425894
0 37 0.0016926342957219477 -0.09338786420395154 -0.01691653833519536 0.09393839915034415 0.029783565425649493 -0.037397271923176205 0.08367324934715888 -0.08233807242352192 0.09644767325240522 0.02904887560098043
0 38 0.0656457394361496 0.017673945054411888 -0.051452361047267914 -0.05511500686407089 0.0866292342543602 -0.07358510047197342 0.013196468353271484 -0.033338021486997604 -0.056034885346889496 -0.055795688182115555
0 39 0.09775135140525791 -0.06616493133002384 0.0185238893462497 -0.07740410791257325 -0.09604771465185845 -0.07199116533373762 -9.847263718845093E-4 0.05704121349411872 0.07067699816193429 -0.03727982379111176
0 40 0.04185723966232414 -0.08215045706502314 -0.08534110620956671 0.05207933468176473 0.021675789764523775 0.005796415946038436 -0.034087079129233776 0.05285871017429577 0.01315999117698324 0.06896992922696442
0 41 0.04493645003999469 0.0573981112685226 0.08318980872890085 7.763205525438911E-4 -0.07602430360164278 -0.004359908787706664 0.006069921622315034 -0.04149952863482135 -0.043606821028486245 0.022978246478727204 0.023240679875015897
1 0 0.005453073885291788
1 1 0.09932085871696551
1 2 -0.035734169185161375
1 3 -0.042755138128995125
1 4 0.007188796997070281
1 5 -0.05498866364359873
1 6 0.026720499619841784
1 7 -0.0931626781821256
1 8 0.07131779938936263
1 9 -0.020603071898222178
