## LambdaRank
## Epochs = 100
## No. of features = 41
## No. of hidden layers = 1
## Layer 1: 10 neurons
1 2 3 4 5 6 7 8 9 10 11 12 13 14 15 16 17 18 19 20 21 22 23 24 25 26 27 28 29 30 31 32 33 34 35 36 37 38 39 40 41
1
10
0 0 0.03868797042141272 -0.02240270557825288 0.05444857951282104 -0.06280707217946141 -0.09827997915028774 -0.032459431819768764 -0.07529289928263481 0.04508841806062589 0.04870927208198442 0.04850921997893598
0 1 0.02432981854757911 -0.05974086183168812 0.08348595365406962 0.07613716571131379 0.09616062980552414 -0.08225106648217204 0.07382206038940055 0.047128055795332094 -0.030335716188342254 -0.020343943916014278
0 2 -0.08997932249583086 -0.0022460540597689137 -0.09254156022932597 0.006864381019319218 0.09467273066873379 -0.010086844266613052 0.09811705267025284 -0.09317026351113197 0.06186278227055416 -0.05017276861265902
0 3 0.08702634333709414 0.028133299285637632 -0.028156420408743953 -0.05029567232303974 -0.059840936966890086 0.0276279544935127 0.054289721190706595 0.06975930129942445 -0.04907561191773315 0.04855801799074231
0 4 -0.059797266973031775 -0.06348413309073996 -0.03136312884658043 -0.08247882484159896 -0.09505670467008726 0.04435434185637373 0.08262635457728448 -0.07480446146148023 0.031996907183029846 -0.0859531802509171
0 5 0.04035613294787758 -0.05730800666127049 0.08732151205948797 -0.07189982132263356 0.06528900709723386 -0.05396750043813155 0.03978863062618827 0.0032112609151607767 0.08798965303275942 0.08335942212661579
0 6 -0.06770203610500253 0.021262573258820475 0.08484083840482763 0.03416745657638476 0.011121443337699084 0.08974993588184692 -0.05297440603604775 -0.03489354392859013 0.059285949258043945 -0.006721730626828184
0 7 0.043795044381815744 0.07338401200981705 0.07370421958448439 -0.08501958228372614 0.07061482841746393 -0.047647803072994974 0.08397732616719829 0.047893227525427434 -0.02778527884844242 -0.04524939764559902
0 8 -0.03526890721029146 -0.03557026290259245 0.045581125325154556 0.055467330994612256 -0.0236984031449557 0.007898902385853331 0.058307440163529296 0.01570818190003979 0.029285487120453604 0.05859471844477722
0 9 0.08116385377225724 -0.08164837420370279 0.04480667543759594 0.027236315608395362 -0.07571544216765624 -0.08928800623447143 -0.003002449719651179 0.006782150483114837 -0.03355865491365772 -0.04614430256355686
0 10 -0.0252612297130713 -0.0960124779893232 -0.02292463469476004 0.048909599699585915 -0.04978766267173085 -0.039726540278289445 -0.024120837420747953 0.07516176862536009 -0.048995901642845285 -0.03191996642410976
0 11 0.02593576667193042 -0.03800205044667046 0.012814413164923986 0.03184554270214023 0.06804126712477296 -0.024210433385887697 0.056755699803139666 0.05690370427618054 -0.09131371393398448 -0.05869405220419582
0 12 0.011942583797241488 0.07191948710615828 -0.002360018801099346 -0.05125034439952689 0.06823569032177468 -0.08966466786578856 0.06689427959056606 0.08508749970637017 -0.0706942404179651 0.034406556651230345
0 13 0.02183785093314247 -9.443661095138349E-4 0.014597809470432882 0.09691855430267476 0.03601446277506247 0.015258626065389956 -0.04547124919529087 -0.027443014217400374 -0.055560982921604225 0.08666272295228554
0 14 -0.04592306100494446 0.07083584585371977 -0.04120131930678039 -0.01090639266910511 -0.08383407518813081 -0.04783465682024017 -0.0427910818644153 0.08121696959061635 0.0033188206020824877 -0.0251599265996679
0 15 0.05787281823303052 0.09841949268703232 0.06373042511476179 0.09786972883601484 0.09107380675946719 0.053023899080261346 0.06969206826315687 0.027874833395880226 0.06386209910845324 -0.03034463033774691
0 16 -0.09085775123069299 0.044239893539632306 0.024818970758736215 0.008708502115203728 0.03892435992233988 0.01260566794071767 0.0754412908915651 0.03080462115847953 -0.05581885303328756 -0.02402910853344369
0 17 -0.05762235736948662 -0.02867494692658945 -0.06793320292877315 0.03668930881412852 -0.04549413230157482 0.07398046995959348 -0.07827870938549651 -0.027884564720194398 -0.046519133632977785 -0.0068869005139525425
0 18 -8.68109298826901E-4 -0.07825942567970853 -0.04458813224775241 -0.0693201718416838 -0.0899351644474023 0.015446444688123112 -0.011322141606036616 -0.03121487554666241 -0.08007570632329471 -0.09000620665545654
0 19 -0.0706996223493469 0.05230390771588153 0.0332537116513099 0.04310966203795245 0.027302213874163157 -0.06565836195984051 0.0831259129311311 0.052240695261623005 0.058113346399786416 0.004758621992201744
0 20 -0.0780691521942302 -0.009209403846890613 0.02441212960693871 0.020784023492988198 -0.050631754927496046 -0.09268705166851804 0.08146653392630616 0.05325846092946487 -0.08275313383951724 -0.04667977445643198
0 21 -0.0511706899255824 0.023730121383307535 -0.09388747837585645 0.06579324960333738 -0.07540379956888846 0.019732773687298397 0.052122186687576615 0.018307552184282955 -0.08656735228117615 -0.02402731238012902
0 22 0.09722399702756228 0.008948033670196648 0.015659213342681375 -0.02293748833372595 0.06898304870404127 -0.09459823667962618 -0.008022514395853947 0.09668493032095672 0.054192760704510845 -0.018278604988176864
0 23 -0.03226100457333559 -0.05464920720501181 -0.0011793033528833174 -0.019419211914456724 0.04872464364439417 -0.028747404995931033 0.002269933025763275 -0.01161113652357311 -0.05058296715186725 0.07948520658831956
0 24 -0.011216210348886656 0.09335283153595783 0.0025545478410090227 7.435253155741549E-4 -0.045357826415844855 -0.07111162121356396 0.08076209487289915 0.0320081931361033 -0.020291523409830828 -0.030100859677794807
0 25 -0.05958296909655622 -0.09929658505196227 -0.0786260361014559 0.08324839244625404 -0.0016145570026272996 -0.010203052503220265 0.0038411260865774655 -0.06564351510968285 0.08075075178858199 0.02225093955561981
0 26 -0.05519717728070775 -0.018639180631781216 0.009157146402196625 0.08885289250056717 -0.02041266405349635 -0.025581549771423257 -0.04452380059456143 -0.06263850048751132 -0.05896309734275102 0.01930292309092317
0 27 -0.025992998978946885 -0.0018974483388805954 8.544580422604404E-4 0.08053926169252452 0.023942811970502402 0.08282751973008487 0.07315217455677767 0.0859986985648614 -0.09192272918345784 -0.06744165919059869
0 28 0.049831763747246266 0.044796743016859236 0.07729846938202721 0.01513227702567985 0.05903825758907802 -0.08313936784850602 -0.08156376521602357 0.05434612615831832 0.036582061550678065 0.09811988868299913
0 29 0.0604398451262945 -0.05027957242998445 -0.08418012444708685 -0.003901625392641204 0.019822953995491045 -0.014115428573620687 -0.07681813396961852 -0.03604283777374923 -0.09416991209185531 9.686409055475444E-6
0 30 0.06477965240895807 0.0630959625181402 0.09066737426509697 0.027047264728798252 -0.03282435234381751 0.07850284390742035 -0.04472617562510514 0.04516031234438409 0.011486013026226443 -0.010389231873580467
0 31 0.060130371811033534 0.0363513914339211 -0.08362705408128716 0.09200876737290437 -6.665168820215201E-4 0.005561961989127064 -0.09317403851729494 0.08143913400347616 0.059116635888235854 -0.06913232991493812
0 32 -0.042239075956729995 -0.005417071205855837 -0.05428919284569029 -0.09306247535701119 -0.05810771646642363 -0.029530633857791262 0.09681447215107444 -0.06806146836909749 0.021861719399070268 0.02430139292411633
0 33 -0.020899494683461386 0.03402566603106357 0.07699563943894604 0.0052955857482594165 2.480766469460789E-4 0.08250698026489525 0.07810931108304395 0.07415797023563964 -0.053965269115201005 0.07260912422319209
0 34 0.09730782325104476 -0.07707811604572738 -9.118600079432358E-4 0.09305068220380965 -0.07910513853561552 -0.027356523582832495 0.039511752154132246 0.09117529714485438 0.02338181119643205 0.00954324151021545
0 35 0.01399132330699313 -0.06814950384547254 -0.08042323207117674 -0.09402417204338431 0.07789687537920083 -0.009140561461455005 -0.0617842334252252 -0.04307647208867056 0.08092829494026958 0.07672562365578546
0 36 0.006931608767402522 -0.08189226266924694 0.08614128539452759 0.046600808012472794 0.09621705470338796 -0.041621118039270294 0.07110762651138379 -0.005671249494524267 -0.06829009398198863 -0.05519706954865029
0 37 0.07905721249025915 0.06411484368709285 -0.08174724697334854 -0.0014223902238991223 -0.06329165774492936 0.0559270094860881 -0.06023706429501385 -0.04774890073216129 0.012446837771861485 0.014766629231653956
0 38 0.07235783338546753 0.03835732862353325 -0.0524648018181324 0.01604384183883667 -0.028620123863220215 0.01011190377175808 -0.09635689854621887 -0.07020284235477448 0.02177734300494194 0.0963808223605156
0 39 0.052952803671360016 -0.037066750228405 -0.09788557142019272 -0.09620759636163712 0.011849450878798962 0.0065958378836512566 0.02162320539355278 -0.04466985538601875 0.09334142506122589 0.05752597376704216
0 40 -0.09129898870700778 0.01918258315588924 0.08933715450030025 -0.06210650379057398 -0.06656122471884833 -0.056049498769449285 -0.024011748643451705 -0.05239079786685788 -0.09468794031132656 -0.03174996646530761
0 41 0.005352645996990075 0.08278580292397308 -0.09039236497880888 -0.024502962977442613 0.014621991786810718 -0.05332778940586133 -0.02795453562809434 -0.09285253158632768 0.031014842494860254 -0.03235872974514104 0.06870764493942234
1 0 0.03166538476944051
1 1 0.0019847690127790113
1 2 0.06074732542037932
1 3 -0.08428312838077565
1 4 -0.08290781825780882
1 5 0.004818963818252196
1 6 -0.040492493659258146
1 7 0.011112684383988347
1 8 -0.09037487208843073
1 9 0.05298350006341959
