## RankNet
## Epochs = 100
## No. of features = 41
## No. of hidden layers = 1
## Layer 1: 10 neurons
1 2 3 4 5 6 7 8 9 10 11 12 13 14 15 16 17 18 19 20 21 22 23 24 25 26 27 28 29 30 31 32 33 34 35 36 37 38 39 40 41
1
10
0 0 -0.27853778221611347 0.36980744600526066 -0.16350097315960163 -0.1716679461929829 0.08134432389265862 -0.00305809654145492 0.002909927899313003 -0.16110097691366268 -0.04804556350142515 0.05849238211632435
0 1 -0.1666342763036076 0.4726636099987082 -0.09581308286281272 -0.13361206817626178 0.21918120909591135 -0.007771048649739678 0.035222313897176144 -0.22688832805241457 0.002951675940903937 0.09178139084232867
0 2 -0.8630486158562601 1.5447855906960495 -0.4144936871605769 -0.4666782766096519 0.6968254791292479 -0.3081996615229021 0.3830190243420338 -0.5708285979449957 0.02045968662127389 0.2683496659223841
0 3 -0.3583119666123492 0.6384866062703553 -0.22641575433768502 -0.07055418992599417 0.31346136613509906 -0.08663106101221892 0.11002676017255343 -0.262048389018211 -0.033865296340972274 0.1322889319074133
0 4 0.16269038032561026 -0.38319660224790675 0.06960978679824956 0.11446387107650287 -0.18854425536287758 0.1638863140083922 -0.17577303319443816 0.043634384705423156 -0.0916530575576958 -0.028004870868240918
0 5 -0.3475359265509654 0.6264652066724501 -0.07662431028048874 -0.15123956300592192 0.2735626345064645 -0.1938963019741931 0.18199673443083944 -0.28766227304375547 0.11511242641824729 0.0695092700276024
0 6 -0.19254554376260818 0.3651439776989084 -0.05373126431289778 -0.026419772925336215 0.2442317307577158 -0.16144719723139916 0.191420631637526 -0.17603841556401228 0.1086924698569415 0.046722815797375826
0 7 0.09829813024305337 -0.21946184848715214 -0.03328543008233865 -2.9010205063687206E-4 -0.1170980153186106 0.07720037187070786 0.029253369904370462 0.09779091524348923 -0.09957943283689294 -0.03684480360583227
0 8 -0.1325890625026041 0.15673347756284084 -0.09466422630774089 0.010240499146237378 -0.00842893482138439 -0.008768423712651805 0.09063716940803117 -0.060993439214171996 -0.08787274569927761 -0.06672918712594912
0 9 -0.40664628713547035 0.5284103030662574 -0.13762860896720966 -0.07961786348033756 0.3569418088600274 -0.09268919038402622 0.24434920522262196 -0.20984515701265222 -0.03929629013071404 0.1333965667557686
0 10 -0.17615656352878672 0.4902832919813065 -0.11351899099191527 -0.1916504834673078 0.1864951955838557 -0.0524995855030339 0.13568684028140246 -0.18852960288621187 0.06378650925359568 0.08146200008547427
0 11 0.1118009457761844 -0.3837770373332586 0.1313276789989413 0.06932146287512074 -0.1541001926092011 0.0155514890138343 -0.1475336273583944 0.06826704231625762 0.012318390459305198 -0.013131402012319271
0 12 -0.26417465627309644 0.5761590816624353 -0.16549726536210696 -0.06888387046445126 0.1687815999320332 -0.13607905261997366 0.11426528492350682 -0.24576444727599525 -0.03242983403245173 0.10629466719472762
0 13 -0.3736237541263788 0.43379361657905013 -0.18685754500105853 -0.09344230306701101 0.2543038901654131 -0.16205694978790788 0.17845620422989533 -0.15559125192766915 0.140218234627333 0.0770521588962939
0 14 -0.12740168328636092 0.44668745980650015 -0.18770000148277885 -0.19382883297247097 0.2562095331945047 -0.15083368263644212 0.10770091708146745 -0.23420813594480905 0.02915667010450989 -0.022824170944585158
0 15 -0.008885869597213731 -0.03542892228287287 0.09543294469909638 -0.03387176769148782 -0.03841943029898112 0.08387191322766817 0.02803836843300236 0.0019670518240645133 0.046244741310520456 -0.09701228342772747
0 16 -0.1622757957905008 0.11676170422275298 -0.022248893517397287 -0.10353632550860867 0.028157382617022057 0.024040466068542533 -0.01080477452398087 -0.1264890730799148 0.10881545625062161 0.04728119865383673
0 17 -0.04003126586557992 0.10468725131088685 -0.08659696641304293 0.034590722986079285 0.13452150640553096 0.06456550195351134 0.006733149853164089 -0.026272960636385075 0.0045598524994445435 -0.007038118466835874
0 18 -0.09473058389338204 0.38618372005982987 -0.15175301690210063 -0.017768995672407396 0.1709870280522822 -0.08739002041645032 0.07423725639795134 -0.05813521468598483 0.0858199578723798 0.047360822456052665
0 19 -0.1186977701191736 0.16957325157717262 -0.06220653988592682 -0.04542883912495306 0.0540200509741306 0.03897448316515304 -0.008874586569357532 -0.047964791980086574 -0.05654215777887061 0.10016542452605111
0 20 -0.21271716708532853 0.2803030523270897 -0.09844480818192085 -0.1341671266599721 3.531407807251335E-4 -0.07485290457633138 0.10357897541257244 -0.16231026380929062 -0.003650683378083522 -0.0361195564959134
0 21 0.02261445434206185 -0.028098065859947816 -0.023769424915683145 -0.03212870751087782 0.0314916472607171 -0.05663991381789303 -8.801964422426485E-4 -0.09878395603668363 0.029192691137748746 -0.07757714735628142
0 22 -0.22570640779662685 0.3597678756159234 -0.11730821233555165 -0.16684642590162943 0.18845108098861388 -0.08120699342695369 0.12009185618954296 -0.04574289162865084 0.0771091254809096 0.06311528586690329
0 23 0.06057814700863427 -0.12655012188932985 0.011627627653639516 0.004083729107382413 -0.00960975124872068 0.08885236465580672 -0.05406187712917846 0.12267242430232098 0.018088667988404687 -0.08612816222112647
0 24 -0.018851779876729154 0.2058764054704142 0.029433814553038163 -0.02106630956864809 0.1378576892871531 -0.03996368426153105 0.10358263138879242 -0.09417285017468204 0.012055108792661027 -0.07687895751667045
0 25 0.12023378273354672 -0.4959673632613471 0.02074673787917414 0.12150929479971814 -0.26004116386030257 0.05228502869065069 -0.11297137044651927 0.14676170174917771 -0.10588404127949369 -0.05606656059278698
0 26 -0.08947578247091535 0.11482713928250281 -0.02368629899263259 -0.07361954957698884 0.030871887762091984 -0.11145080162064194 0.06344736311166536 -0.1645350229049511 0.01713698111591195 0.015936521916213142
0 27 -0.19175711514717594 0.17668209480988223 -0.1357838263926909 -0.09237327519011282 0.09836037947922645 0.048291090204009596 0.11905095164895488 -0.14632636035170024 0.07404630523721835 0.11718579539520055
0 28 0.13849798295614096 -0.18615041665597726 -0.030842362249470054 0.10706798794681345 -0.015999867030227582 0.023811820647511805 0.018492235308979667 0.11397544187429967 -0.02905214129901189 0.0021701814472797837
0 29 -0.057863743083904386 0.10342342467358423 -0.0315611906217041 0.007680003714809793 -0.04027312326034279 -0.005819615497517752 -0.05103550133590829 -0.10562647565434827 0.01972638815741893 0.026113952896154834
0 30 -0.012388246581637936 0.12868613613825788 0.0674747241348037 -0.09355265567041726 0.10008508240433363 -0.011282225454053304 0.021265391055096207 -0.09807835109268304 -0.01637743567920422 0.0431611712125431
0 31 -0.16793444258146134 0.22119167292976796 -0.05289961477419647 -0.019146349458634016 0.14778465206752955 -0.06754007855095612 0.09165196471358716 0.01642041466270322 -0.0392223306593955 0.12576721253638476
0 32 -0.033694300371445635 0.19517902085017141 -0.1106119067043193 -0.051873504924739786 0.08109607505188643 -0.09802486426736803 0.10672474713332725 3.851943694311523E-4 -0.005517701051747565 -0.04836592748377432
0 33 -0.03832401932021584 0.15851800165901617 0.02717237859698454 0.055331680650672115 0.01829472371122385 0.07839260055136671 0.010309515465085572 -0.05588217042209108 -0.07419197823209353 -0.02404343862151401
0 34 0.020424216208311943 -0.07077132264986429 0.05356882218376231 0.00787392062956561 0.07487959976854701 0.021674953523783326 -0.07944710477490509 -0.0818617766498977 0.09012096813963177 0.08057231607499521
0 35 0.09078393739924194 -0.010253218653031035 -0.08966632786453747 0.09884713632655205 -0.03289428999725199 0.05747151156644711 0.0032195434061278155 0.043910473125901774 0.004385754733377971 -0.030110566018942308
0 36 0.03945818526551589 -0.33433367487162247 0.04730106598764414 -0.017480463871436216 -0.025780472233541057 0.05874628098998469 -0.08383499953989185 -0.03206994279883426 0.047530023443624496 -0.05539938998460228
0 37 0.023112022449155084 -0.12545655052790558 0.03502703433374998 0.07207301053920061 -0.0014673489445463253 0.02173152248212299 -0.04098584997462537 0.11352548935817934 0.019764952581128887 -0.08161737700817785
0 38 -0.003151717523919591 -0.003969229172813613 -0.05952286749487354 0.03991317868934299 -0.0763947191882317 0.023800479075207173 -0.057736847308871186 -0.10081126195151786 -0.01877652527053222 0.061160396420957074
0 39 0.05614934943411835 -0.04792528229965943 -0.057843206296445925 0.017685000926587584 -0.06335485557776221 -0.018149414940984408 6.304962504887804E-4 0.023303039656845277 0.014259149192317336 0.05853998672651703
0 40 0.10407799940663479 -0.2922155281742934 -0.06172766006293699 0.022212899307409356 -0.0024444469622921456 0.03282109386591789 -0.09716739062855827 0.07542611213615733 0.008283410649029242 -0.016674342196012264
0 41 0.014375350919526523 -0.3035750469645605 0.08628111265524444 -0.009862994769506453 -0.0224132651319611 0.07982068573361178 0.048384498707777425 0.0564455513419321 -0.051654119915284374 -0.09405743377575204 -0.4619994559677226
1 0 -1.4180034968981956
1 1 2.388820102156966
1 2 -0.7824071883747831
1 3 -0.7617468421516611
1 4 1.032640380241552
1 5 -0.6443302956713287
1 6 0.566511970907622
1 7 -1.066912778043642
1 8 0.019346106967819826
1 9 0.2915726921668645
