## RankNet
## Epochs = 100
## No. of features = 41
## No. of hidden layers = 1
## Layer 1: 10 neurons
1 2 3 4 5 6 7 8 9 10 11 12 13 14 15 16 17 18 19 20 21 22 23 24 25 26 27 28 29 30 31 32 33 34 35 36 37 38 39 40 41
1
10
0 0 -0.0460368353468039 0.14838252243868502 0.16598307422526956 -0.15810381949258023 0.026486400101833195 0.008111982530323962 0.051420971084554436 -0.05539861715231847 -0.25930606138772516 -0.34475093699066134
0 1 0.11103728107421919 0.199699760831837 0.2715159729899663 -0.20380915316872583 0.0803789362965115 0.04248688397007134 -0.005241230629743346 0.035192405114507955 -0.39621623165765163 -0.42984778952213115
0 2 0.2545928967213982 0.5214973002724088 0.678934670106596 -0.9596307599586993 0.08720991940319764 0.4972893254476143 0.31092084793066005 -0.09058191359174379 -1.246750817489614 -1.3616791963714516
0 3 0.06073846104494992 0.1714431332069383 0.3471670379282277 -0.33688959075230107 0.07369284738473597 0.17388829903206401 0.03961449327460262 -0.09241987387092299 -0.5418785975925119 -0.44029442848526207
0 4 -0.0936882623672241 -0.027519844503328728 -0.1832666191817482 0.1890644921314831 -0.03978808184537742 -0.0950602112543348 -0.11417607312741931 -0.004165393827718065 0.29997766783461105 0.287081719687219
0 5 0.05254614756667593 0.21042212462176665 0.32798733633582183 -0.4589802181469887 -0.00958005716718358 0.14978843071030973 0.08603421112683464 -0.09093890661249625 -0.4385290938679573 -0.5562189949069342
0 6 0.011454172148818496 0.03664887573098797 0.18915022396935702 -0.25043766104450194 0.06739691511902819 0.19972835533153835 0.005699803449355417 -0.048460995576228766 -0.3331741114781719 -0.2660834092103424
0 7 0.051669535778238705 0.014014041052769433 0.021633727695006988 0.03428520672661615 0.015982752179636843 0.038734961590722844 0.0421657919757674 -0.05560061757589342 0.07270834203384517 0.1439841671447639
0 8 0.07269415921786515 0.03132277368117156 -0.0474638252850442 -0.11797241159462452 -0.050180303870029495 -0.04539943623650324 -0.002013559235017452 -0.05631658600886059 -0.014465422077107963 -0.15663187697551142
0 9 0.156122935139513 0.24377362791813537 0.26538486012247126 -0.2708974856474054 0.11193698301348959 0.2540892251688578 -0.0024331299273121086 0.029241258884208757 -0.5159450251201377 -0.4079797081315984
0 10 0.016402956667568126 0.14169723674249804 0.31745732568974283 -0.37904468403028113 0.03190107642189671 0.08750927038433505 0.07113470954886594 0.025268929256646956 -0.311921175471822 -0.3615594998362619
0 11 -0.08837136429144106 -0.15360390283459413 -0.13038387105325175 0.1433875218096888 0.07251053126985006 -0.062220195271297976 0.02637306383468657 -0.01283249314592012 0.23920660529025206 0.17082300451223092
0 12 0.012107004520683822 0.19768963064681544 0.1950680490698931 -0.2629071088941133 -0.020456427628507242 0.21880455264649792 0.10775703583030449 0.07252642314248862 -0.5100101777701032 -0.34709460451847546
0 13 0.09311367153714589 0.15498861609949116 0.31169299046903687 -0.49608818588723896 0.08951048756627489 0.24732657345673026 0.1482836226338893 0.008892462328488214 -0.4457259660567939 -0.6048376495646755
0 14 0.011666140950613448 0.23604504068859988 0.12000460103272131 -0.3059728945942267 0.04011447599096322 0.042722001463996975 0.06828869601377704 0.017090765126746597 -0.3352808582500918 -0.40899221721959883
0 15 0.08691394874244254 0.04475448404812907 0.04781197052323139 0.039093760362590504 0.005300059454211455 -0.11316691336738964 -0.030997058041531213 0.03253132271798084 -0.021552870906439724 0.046208016414091654
0 16 0.05887528875478126 0.14169908744120965 -0.006590173560416564 -0.12823031371909957 0.044662741427639076 0.019202851616306964 0.10177190867205815 0.0459900808349616 -0.23581080184013734 -0.23469494949775907
0 17 0.029387817229777066 0.038711243071749245 0.12736013563235982 -0.056257875742452355 0.055347584919070214 -0.06396936534044025 0.03266505753465173 -0.07648893949894327 -0.10434353119557609 -0.07416922194207966
0 18 0.03411034521186737 0.07396431668681107 0.12887104273492928 -0.3241786325301635 -0.006316231291493422 0.19718324015552294 -0.0421455271928992 -0.0902148368309 -0.3436339492001018 -0.35351807199014995
0 19 0.11980286507469334 0.022193369156351297 0.18148709142679575 -0.1540191061385531 0.022910759260886728 0.15209569929801967 -0.006448229253036749 -0.01567348573223437 -0.1819478818021684 -0.1564082435781463
0 20 0.09257542549495111 0.10311785466947318 0.15992443508287418 -0.21823911646607347 0.07659318904389313 0.03922818038691082 -0.018117256836128477 -0.02124435845058205 -0.22856872626852745 -0.25237248783836974
0 21 0.11057532463740573 0.007701125908342431 -0.015504366579867545 -0.007377951353720886 -0.08183149799621635 0.11880041598563744 0.04640189208654459 0.08820730248030667 -0.10866502776822311 -0.13855822426128267
0 22 0.036653200186981046 0.16590785070459582 0.15791094970001793 -0.16561539580456416 -0.030153775683022806 0.16805096144219306 0.04801054991093277 -0.05437507010846264 -0.3831902204824199 -0.35887422712371664
0 23 -0.03063994726459896 0.0031957453385214056 -0.15898811282785955 0.05756431771316352 -0.06568026836608616 -0.011757841251116589 -0.022431131021923623 0.00264224863113606 0.07610772410122638 0.1527578472532941
0 24 0.1173534160659363 0.08174376325161045 0.04483179614793203 -0.11304471768708407 -0.01789902060196139 0.021722685439361178 -0.008654180395464483 0.019621879258957406 -0.05167200637955735 -0.12490661776080672
0 25 0.019840216447440828 -0.18802345000014353 -0.13628858225332868 0.21750228585662013 -0.06383927159317146 -0.15950599172031232 -0.0929248370642582 0.08069004189446376 0.2954076128026181 0.15595641096026722
0 26 0.028978655039636425 0.055741277411437876 0.04805754010075767 -0.17823029666426568 -0.09145267269256553 0.1478455128565723 0.005927302233196732 0.06940140802941688 -0.17630185872977228 -0.058327319322266626
0 27 0.0073184586330134384 0.041469316280526206 0.07613506736392728 -0.18539056540476972 -0.06601689696123897 0.08366365669628627 -0.002579339842624348 -0.08935395563425352 -0.08089866150087209 -0.22022734760076307
0 28 -0.04477394308299644 -0.03200571094122838 0.003047760367710128 0.012688468924156662 0.005091484866021921 -0.032106502322796486 -0.05325836607644696 0.016055374983287744 0.07038066347570256 0.06280288335728068
0 29 -0.017766261298578865 0.03348275353128238 0.07960838948994683 0.0026761456376922527 0.06608499168430426 0.11593159971677831 -0.0702110063617346 -0.015448583220956994 -0.11361657148008648 -0.06001570129290711
0 30 0.0616049013728912 0.08404456177228621 0.012289460711896086 0.007176893917588858 -0.08579082954666561 0.029122923431427836 0.057025039015159866 0.05039990063699328 0.02980889959749707 -0.09319015412636561
0 31 0.07785120667780968 0.1022945933002952 0.019461037605231195 -0.0666058773279289 0.08416292308752168 0.010971368039679769 0.11688280883354825 -0.0032447371461358124 -0.1407271184206623 -0.23232746904123255
0 32 0.06764891872464786 0.12589100537092446 0.15406232690144991 -0.09036023404643649 0.04556726753797007 -0.01586200877186825 0.026905081309347052 0.011331780437388406 -0.11020886365349745 -0.1814113075782165
0 33 -0.0487748594701065 0.1060307431549883 -0.007914577691906517 -0.021106367730902836 0.07050868796231234 0.04925780517833123 -0.057206979675778896 -0.07086451285004729 -0.11075696512060648 -0.10661491954088559
0 34 -0.00918984998862269 0.07396597564902198 0.0771565162699142 -0.041237142373803305 0.028739083671100292 -0.013153008947637414 -0.06047245080375773 0.0019496208871598042 0.04352093550205573 0.0936764796357645
0 35 -0.03995445841487894 0.03831182222509186 -0.06299838210973481 -0.0534710554708175 -0.05146800626724442 0.07842199889188484 -0.09150577829109784 0.07804486492485638 -0.07096370982779977 -0.04448214063431148
0 36 -0.026461319304109623 -0.11877547145832582 -0.056926494892978054 0.061273893682820546 0.008358339517849955 0.030816070731118864 0.04002546453268974 0.10193664803584626 0.09452599708002932 -0.03696336510594526
0 37 -0.00534457565949562 -0.004804939657766071 -0.011778021796747614 -0.060837337917700275 0.009163104154244667 0.03258166521582874 0.08742839558679297 -0.07141678702241844 -0.03749999260159643 0.09104955930429666
0 38 0.06192610186346729 -0.07256854731537847 0.10039277612201768 -0.11308070527146448 -0.05761590983824689 -0.02901613167524367 -0.07051969506317111 0.09267582614674177 -0.08652085972163205 -0.1171272071890983
0 39 0.037640332731071126 -0.05250764512664757 0.059275444407148596 0.0666017773998268 0.037112415213117804 -0.07065951720403545 -0.05678433740437659 0.00990466841413256 -0.03624375466306798 -0.014579462801000781
0 40 0.08329942005405201 -0.059049878457609305 -0.1319733666269046 -0.051863714830343265 -0.012158257455892411 0.027597604046515494 0.0021673398601642353 -0.044724986818387484 -0.07502699514097333 -0.08810334428567329
0 41 -0.045516000221888994 -0.10894395027874758 -0.017908848508005153 0.07150936617063149 -0.023390280163316676 -0.07441152324088107 -0.023216883067808197 0.028000938007787263 -0.017717937044813722 -0.04468463340787281 -0.2926910463916768
1 0 0.2614004601237956
1 1 0.7626734573748569
1 2 1.055002529697026
1 3 -1.5472522261972976
1 4 0.06669161267958205
1 5 0.68002192468017
1 6 0.26889682833543943
1 7 -0.2227040910792783
1 8 -1.9440786139964705
1 9 -1.9007965360293728
