## LambdaRank
## Epochs = 100
## No. of features = 41
## No. of hidden layers = 1
## Layer 1: 10 neurons
1 2 3 4 5 6 7 8 9 10 11 12 13 14 15 16 17 18 19 20 21 22 23 24 25 26 27 28 29 30 31 32 33 34 35 36 37 38 39 40 41
1
10
0 0 0.08727853000164032 -0.04156041145324707 0.06046542525291443 0.07651881873607635 -0.05372880771756172 -0.023364609107375145 0.03360573574900627 -0.046225447207689285 -0.09859593212604523 -0.027748173102736473
0 1 0.007006513886153698 0.06093456223607063 -0.022162282839417458 0.04235120862722397 0.01668248139321804 0.049007516354322433 -0.09885511547327042 0.027358204126358032 0.047991640865802765 0.08685387670993805
0 2 0.017036478966474533 -0.04928436875343323 0.019969582557678223 -0.04369936138391495 -0.029321391135454178 0.07262377440929413 -0.0713740810751915 -0.08410116285085678 -0.09962113946676254 0.024096239358186722
0 3 -0.022380918264389038 0.08108232915401459 0.05000326782464981 -0.0681556761264801 -0.048079025000333786 0.07449516654014587 -0.04297904297709465 0.09697340428829193 0.027745122089982033 0.08158700913190842
0 4 0.08297409117221832 0.04328569769859314 0.027334850281476974 -0.029729843139648438 -0.08450701832771301 -0.07029566913843155 -0.03170971944928169 -0.03488858416676521 -0.03399576619267464 0.07924526929855347
0 5 -0.06782592833042145 -0.0936412364244461 0.06713061779737473 0.0023241222370415926 -0.05044339969754219 -0.09142719209194183 -0.09439761936664581 -0.01625748910009861 0.037870150059461594 -0.055188439786434174
0 6 -0.0336054265499115 -0.02021663263440132 0.006839490029960871 -0.09468156844377518 0.050163429230451584 -0.07062055170536041 -0.04282413050532341 0.08347684144973755 0.06337817013263702 0.05494876950979233
0 7 0.09492377936840057 0.028023874387145042 -0.05017995834350586 0.016860801726579666 0.06291941553354263 0.0611516535282135 -0.06646083295345306 -0.015718484297394753 -0.06816981732845306 -0.07498402893543243
0 8 -0.01059984602034092 0.015033459290862083 0.009732675738632679 0.07749000936746597 -0.07377075403928757 0.04641245678067207 -0.022424817085266113 -0.016751527786254883 -0.057272255420684814 0.08824920654296875
0 9 0.03449306637048721 0.06751960515975952 0.08838996291160583 -0.03171238303184509 0.06914924085140228 -0.015743017196655273 0.03319418430328369 -0.08050469309091568 0.04642987996339798 0.008492136374115944
0 10 -0.08719684928655624 0.04541929438710213 0.019673287868499756 -0.05906354635953903 -0.02293570712208748 -0.04989514499902725 0.024363577365875244 0.010039550252258778 0.08732320368289948 0.05857398360967636
0 11 0.026173299178481102 0.06068988889455795 0.07099218666553497 0.07728718221187592 0.029743408784270287 0.059341300278902054 0.0168899055570364 -0.049951713532209396 -0.05007129907608032 -0.04620378091931343
0 12 -0.09601661562919617 -0.0955299660563469 0.05433462932705879 -0.007630717940628529 0.05447421222925186 -0.0865093320608139 -0.05356074124574661 -0.06890341639518738 -0.02788523957133293 -0.06928277015686035
0 13 0.06075853109359741 0.00936861615628004 -0.02676193043589592 0.06636285781860352 0.03496157377958298 -0.031121212989091873 -0.019549507647752762 -0.08053715527057648 0.0990883931517601 -0.05041224882006645
0 14 0.07883752882480621 -0.04187379032373428 -0.053607843816280365 -0.009575998410582542 -0.010627585463225842 0.0999118834733963 0.007704448886215687 -0.02650776505470276 -0.05656523257493973 0.06542210280895233
0 15 -0.014970814809203148 -0.008587759919464588 0.044688425958156586 0.048798590898513794 -0.03161098435521126 0.05843427777290344 0.06551443040370941 -0.025444168597459793 -0.011720865964889526 0.08998305350542068
0 16 0.06718166172504425 0.08243647962808609 -0.016418784856796265 0.055127643048763275 0.09588229656219482 0.06531371176242828 0.04143121838569641 -0.05351920798420906 0.0559663251042366 0.0489940419793129
0 17 -0.06119593232870102 -0.06111214682459831 0.02786688134074211 0.0026439069770276546 0.046626605093479156 0.0666554868221283 0.061391573399305344 0.004736023955047131 -0.03839017078280449 0.049568116664886475
0 18 0.056943781673908234 -0.09158866107463837 0.047880105674266815 0.06749923527240753 0.05788258835673332 0.09035369008779526 0.014025908894836903 -0.04736371710896492 -0.0034995079040527344 0.09572145342826843
0 19 0.06566110998392105 0.08975529670715332 0.03398466110229492 -0.09853659570217133 -0.02637900784611702 -0.003378915833309293 0.09627462178468704 0.06406949460506439 0.05163769796490669 -0.08350661396980286
0 20 0.07281869649887085 0.08786384761333466 -0.006332492921501398 0.0364498496055603 -0.04406985640525818 -0.027881711721420288 0.0751364678144455 0.030654335394501686 -0.0999012142419815 0.023093169555068016
0 21 0.04761628434062004 -0.02426166459918022 0.03516828268766403 -0.06070837378501892 0.03546296805143356 0.07884546369314194 2.819776418618858E-4 0.04692573472857475 -0.06013409048318863 -0.019517958164215088
0 22 0.02892667055130005 -0.06937065720558167 -0.09578581899404526 0.042716134339571 -0.03195233270525932 -0.013324975967407227 -0.06458057463169098 -0.004714995622634888 -0.028989136219024658 -0.008398240432143211
0 23 -0.05928770452737808 -0.04627872630953789 -0.08747752010822296 -0.037467461079359055 0.011551951989531517 0.021848727017641068 0.05257631093263626 -0.0355130210518837 -0.03328634425997734 -0.005280905868858099
0 24 0.08080586791038513 -0.04240400344133377 -0.03335312008857727 0.03838284686207771 -0.035302937030792236 -0.05073710158467293 -0.052028559148311615 -0.07336468994617462 -0.06120820716023445 -0.007509052753448486
0 25 -0.06170438602566719 -0.03580593317747116 -0.0359773226082325 -0.08670318126678467 0.05386052280664444 -8.536696550436318E-4 -0.08130049705505371 -0.04879661649465561 0.06955108791589737 -0.032105833292007446
0 26 -0.030835449695587158 -0.0427454337477684 0.03347740322351456 0.07999663054943085 -0.07110284268856049 -0.0861806645989418 -0.02017899788916111 -0.07448941469192505 0.01166312675923109 0.08034908771514893
0 27 0.01495543122291565 -0.07549546658992767 0.09508797526359558 0.07775832712650299 -0.03183888643980026 0.06367577612400055 -0.027259182184934616 -0.02253670059144497 -0.016269629821181297 -0.06414569914340973
0 28 -0.09417243301868439 -0.026193881407380104 -0.09108313918113708 -0.0960911214351654 -0.0326928086578846 0.02476939558982849 0.001000183867290616 -0.03241771459579468 0.03960343077778816 0.08728165924549103
0 29 0.07301770150661469 -0.035293322056531906 0.03580827638506889 -0.009941041469573975 0.037930719554424286 -0.005806726403534412 -0.05069460719823837 0.035766154527664185 0.05167243629693985 -0.04895435646176338
0 30 0.05543004721403122 -0.08504365384578705 0.014241522178053856 0.008779716677963734 0.053363848477602005 0.06849715113639832 0.008693009614944458 -0.07272873818874359 -0.030721480026841164 -0.08208201080560684
0 31 -0.07300084829330444 -0.07914736866950989 0.08142612129449844 -0.04999838024377823 -0.07355743646621704 -0.08733607083559036 0.04615018889307976 -0.09081567078828812 0.07065748423337936 0.0856892541050911
0 32 -0.04759465903043747 -0.030527466908097267 0.05352039262652397 -0.020185792818665504 0.0615132674574852 0.07590653002262115 0.07523763924837112 0.022860229015350342 -0.03614348918199539 -0.0917055681347847
0 33 -0.036488451063632965 0.007872343063354492 -0.06147541478276253 0.09604997932910919 -0.05094926431775093 0.08140632510185242 -0.09418444335460663 0.0997946634888649 -0.07502934336662292 0.08086876571178436
0 34 0.0640731006860733 0.0676678866147995 -0.09989706426858902 -0.018718164414167404 -0.02351180836558342 -0.07170067727565765 0.08471839874982834 0.056746941059827805 -0.05263803154230118 0.040741413831710815
0 35 0.05661112070083618 0.07775001972913742 -0.09996776282787323 0.08378057181835175 -0.01502524595707655 0.05325258523225784 0.02059277333319187 0.07936190068721771 0.05609244108200073 0.028332728892564774
0 36 -0.0722816213965416 -0.07853153347969055 -0.07594390958547592 -0.05756303668022156 -0.04357194900512695 -0.0645778626203537 0.021078461781144142 0.02970847487449646 -0.01733614131808281 -0.04924029856920242
0 37 -0.028569495305418968 -0.013056117109954357 -0.018321912735700607 -0.06211622804403305 -0.03923158720135689 0.03811568766832352 -0.05381394177675247 -0.007670903112739325 -0.07282445579767227 -0.009918034076690674
0 38 -0.03283218294382095 0.02255607768893242 -0.025954056531190872 -0.008252019062638283 0.041177134960889816 -0.06486882269382477 0.09053771197795868 0.09091854840517044 0.05715160816907883 0.006532740779221058
0 39 0.09353204071521759 0.062443722039461136 -0.015933413058519363 -0.08015968650579453 -0.027079636231064796 -0.008681505918502808 0.06934256851673126 -0.05255068093538284 0.07231233268976212 -0.026349376887083054
0 40 0.042141545563936234 0.05842076614499092 -0.019756097346544266 0.09577886760234833 0.056026142090559006 0.029983054846525192 -0.054614484310150146 0.05502620339393616 0.07810958474874496 -7.032096618786454E-4
0 41 -0.008182859048247337 0.09085722267627716 0.022174227982759476 -0.07847613841295242 0.037966303527355194 -0.0052206991240382195 0.012523680925369263 -0.061862748116254807 -0.0029361366759985685 0.06356243789196014 0.004505801014602184
1 0 -0.006164628081023693
1 1 0.03397630900144577
1 2 -0.05197155475616455
1 3 -0.044836223125457764
1 4 0.057081837207078934
1 5 -0.09818704426288605
1 6 0.08623876422643661
1 7 0.038283295929431915
1 8 0.07071591913700104
1 9 -0.03395857661962509
