## LambdaRank
## Epochs = 100
## No. of features = 41
## No. of hidden layers = 1
## Layer 1: 10 neurons
1 2 3 4 5 6 7 8 9 10 11 12 13 14 15 16 17 18 19 20 21 22 23 24 25 26 27 28 29 30 31 32 33 34 35 36 37 38 39 40 41
1
10
0 0 0.09995375573635101 7.753968238830566E-4 -0.0016151368618011475 0.07366147637367249 0.018293028697371483 -0.08722320944070816 -0.0046943784691393375 0.02870928682386875 -0.0377277210354805 -0.008535051718354225
0 1 0.026338934898376465 -0.0458528995513916 0.0471322238445282 0.09350092709064484 -0.019762348383665085 -0.025378232821822166 -0.09640423953533173 0.061830438673496246 -0.0450248047709465 -0.049670495092868805
0 2 -0.0829688236117363 0.051310181617736816 -0.08710869401693344 -0.04824825003743172 -0.011390131898224354 -0.07677915692329407 -0.06924072653055191 0.09498951584100723 -0.04451422020792961 0.019448328763246536
0 3 -0.0332532599568367 0.06483545154333115 0.06271091848611832 -2.66087066847831E-4 -0.0022344887256622314 0.09024590998888016 0.06155232712626457 0.08683212101459503 0.04979909583926201 -0.061294008046388626
0 4 0.047659944742918015 -0.019788086414337158 0.07501815259456635 -0.007525431923568249 0.037472087889909744 -0.02166428044438362 0.022378873080015182 -0.08457130938768387 -0.024327600374817848 -0.0688369870185852
0 5 0.09210215508937836 0.06399186700582504 -0.05553168058395386 -0.06555251777172089 0.05772749334573746 0.09094129502773285 0.05296379327774048 -0.05789906904101372 -0.045082248747348785 0.030982542783021927
0 6 -0.01830756664276123 0.06515897810459137 -0.02958405576646328 0.07474411278963089 -0.08712680637836456 -0.08614911139011383 0.07728225737810135 0.007099127862602472 -0.03478141874074936 0.05895842984318733
0 7 -0.08912629634141922 0.07616019248962402 0.0915716364979744 0.013917160220444202 0.007655966095626354 -0.01662200689315796 0.09451817721128464 -0.061683107167482376 -0.010640609078109264 0.09184683114290237
0 8 0.08883100748062134 0.0010060847271233797 0.0471511073410511 0.019576173275709152 -0.09338826686143875 -0.014032560400664806 0.06813083589076996 0.037265509366989136 0.06144208833575249 -0.04093814641237259
0 9 0.06573864072561264 -0.04477692395448685 2.870977041311562E-4 -0.09022644907236099 -0.06356882303953171 -0.034527987241744995 0.061772096902132034 -0.04620859771966934 -0.09331045299768448 -0.08218339830636978
0 10 -0.07930506765842438 -0.08097848296165466 -0.052490003407001495 -0.02458927594125271 0.006395918317139149 0.06462453305721283 -0.06264858692884445 0.09588808566331863 0.006801110692322254 -0.09446968138217926
0 11 0.03763706609606743 -0.0276157446205616 -0.05697884410619736 0.03180699795484543 -0.02766912616789341 -0.04407046362757683 0.04783286526799202 0.04289897531270981 -0.026354849338531494 -3.563284990377724E-4
0 12 -0.014617579989135265 0.08993466943502426 0.01514385361224413 -0.017242860049009323 -0.08139677345752716 -0.007189321331679821 -0.07243956625461578 0.06434506177902222 0.07959258556365967 -0.027806978672742844
0 13 -0.0931028425693512 -0.03111671283841133 -0.08893103897571564 -0.09742750227451324 -0.04814549535512924 -0.0037630617152899504 0.0534849688410759 0.02230503037571907 0.0641210526227951 -0.035417236387729645
0 14 0.0455346517264843 0.05161568522453308 0.01705229841172695 -0.056787990033626556 0.08561097085475922 0.08632835000753403 -0.01669210195541382 0.024974782019853592 0.07835564762353897 0.040312815457582474
0 15 0.003496027085930109 0.049259282648563385 -0.09072723239660263 0.053285546600818634 -0.09289233386516571 0.0644209161400795 -0.08160164207220078 0.06974411755800247 0.0792669802904129 0.04448709636926651
0 16 -0.08995989710092545 0.053217045962810516 -0.05553824454545975 0.0628172978758812 -0.00262584094889462 9.566486114636064E-4 0.013277572579681873 0.008033210411667824 -0.051910750567913055 -0.060628123581409454
0 17 0.06304050236940384 0.05954563617706299 0.038541536778211594 -0.027599209919571877 -0.054903220385313034 -0.011292004957795143 -0.03589349240064621 -0.019110124558210373 -0.0851575955748558 -0.007786691188812256
0 18 0.007818425074219704 -0.07990457862615585 -0.04669952392578125 -0.02269955910742283 0.06425321102142334 0.0728282779455185 -0.01785225234925747 0.06691653281450272 0.08631359040737152 0.047452278435230255
0 19 0.08719874918460846 0.060399092733860016 -0.07572229951620102 -0.059953998774290085 -0.0804537981748581 -0.04014816880226135 0.02219054102897644 0.038290005177259445 -0.08948881924152374 -0.005190801806747913
0 20 -0.036765821278095245 -0.04811989516019821 0.003329497529193759 -0.018746649846434593 0.06917925924062729 0.01699182391166687 -0.006277853157371283 0.09759426862001419 -0.012869536876678467 -0.016975712031126022
0 21 0.03926815465092659 0.0191457811743021 0.002630466129630804 0.0892312228679657 0.017147446051239967 -0.06785151362419128 0.026723653078079224 0.01792306825518608 -0.056778859347105026 0.024294596165418625
0 22 -0.007817131467163563 0.025447238236665726 0.09869782626628876 -0.07269889116287231 0.05525548383593559 0.06610742211341858 0.09850825369358063 0.06556164473295212 0.05493653938174248 -0.041181664913892746
0 23 -0.023287933319807053 -0.03773585706949234 -0.04246409609913826 0.044745128601789474 0.012979269027709961 0.006525313947349787 -2.6583074941299856E-4 -0.07666557282209396 0.05707363039255142 0.029218828305602074
0 24 0.03001004457473755 -0.026863927021622658 0.0928545594215393 0.014978235587477684 0.07792424410581589 -0.043233223259449005 -0.05304711312055588 0.0041081965900957584 -0.03251344710588455 0.044534772634506226
0 25 -0.07792769372463226 0.03447394818067551 0.07169521600008011 -0.029141437262296677 -0.059780675917863846 -0.012196635827422142 0.00951334834098816 0.060673367232084274 -0.006045258138328791 0.09174389392137527
0 26 0.08136136084794998 0.08237272500991821 -0.0915779322385788 -0.049146849662065506 0.011041629128158092 0.023489302024245262 0.020162999629974365 -0.001312899636104703 -0.023005563765764236 -0.013000041246414185
0 27 -0.030735665932297707 0.08426684141159058 -0.09876455366611481 -0.008661055937409401 0.06473913788795471 0.053641337901353836 0.027731258422136307 -0.08269155025482178 0.0576193630695343 0.011850911192595959
0 28 -0.06964502483606339 -0.07931499183177948 0.029667913913726807 0.09812192618846893 0.028254980221390724 0.07393334805965424 -0.029255622997879982 0.09991437196731567 0.03407875448465347 0.018886368721723557
0 29 0.024956632405519485 0.057259440422058105 0.04782439023256302 0.05654832720756531 -0.05214451625943184 -0.03515026718378067 -0.02545742318034172 0.016940617933869362 -0.09434913098812103 -0.03336142748594284
0 30 0.03091486170887947 -0.09408935159444809 -0.019995033740997314 -0.08793609589338303 -0.04311197251081467 0.013032877817749977 -0.0010990143055096269 0.0940680056810379 -0.08015777170658112 0.05768477916717529
0 31 -0.01208680309355259 0.04621870443224907 0.055589139461517334 0.028684061020612717 0.04409555718302727 -0.04804886505007744 0.08895353972911835 -0.039914507418870926 -0.07296107709407806 0.09210551530122757
0 32 0.016214346513152122 -0.04255146533250809 -0.08754564076662064 -0.04719573259353638 -0.084222711622715 0.08629469573497772 0.01914428547024727 -0.019990134984254837 -0.06789417564868927 0.08887206763029099
0 33 0.012414628639817238 -0.07663821429014206 0.018748003989458084 -0.08694922924041748 0.04360705614089966 0.020040541887283325 -0.03911136835813522 0.08425669372081757 0.022829413414001465 0.018911320716142654
0 34 -0.07756060361862183 0.09604604542255402 -0.013662105426192284 -0.07587794959545135 0.05806563049554825 0.012913119979202747 0.06564681231975555 -0.003602671669796109 0.0878237709403038 -0.0715765729546547
0 35 -0.08300385624170303 -0.050274431705474854 0.03691331297159195 0.025376230478286743 0.046390287578105927 -0.07880763709545135 -0.046666860580444336 0.05305616930127144 -0.0635930672287941 -0.05769752711057663
0 36 -0.003059083130210638 -0.03082343377172947 -0.04975823685526848 -0.06572037935256958 -0.006422907114028931 -0.01972399279475212 0.02808959409594536 0.047529835253953934 -0.07945273816585541 0.0880533829331398
0 37 -0.09790694713592529 -0.0826890766620636 -0.08172295242547989 0.09682013094425201 -0.03853631019592285 0.04679182171821594 0.04084423929452896 0.025206107646226883 0.004711342044174671 -0.05006333440542221
0 38 -0.06790009886026382 -0.002518302295356989 -0.02199741080403328 -0.036195944994688034 -0.09795015305280685 -0.04330281540751457 -0.009206593036651611 0.012161994352936745 -0.08515660464763641 -0.05309220403432846
0 39 0.03885416314005852 -0.05836012214422226 -0.08648460358381271 0.08368333429098129 0.09641381353139877 -0.03768939897418022 0.08794693648815155 0.06889363378286362 -0.014461303129792213 0.08200883865356445
0 40 -0.06300778687000275 -0.06441937386989594 -0.03875286504626274 -0.08492829650640488 -0.004030102398246527 0.048720456659793854 -0.029867064207792282 0.07098988443613052 -0.03454534336924553 -0.015781819820404053
0 41 0.03625672310590744 0.07843445241451263 0.031126653775572777 0.03939172625541687 0.09782924503087997 -0.08427124470472336 -0.09816357493400574 0.09902562946081161 0.005342656280845404 0.07148079574108124 -0.08997993171215057
1 0 -0.016245508566498756
1 1 -0.043037451803684235
1 2 0.09264425933361053
1 3 0.005152648780494928
1 4 0.0923001617193222
1 5 -0.031934864819049835
1 6 -0.0739314928650856
1 7 -0.06983999907970428
1 8 -0.09871187806129456
1 9 0.08578214049339294
