## RankNet
## Epochs = 100
## No. of features = 41
## No. of hidden layers = 1
## Layer 1: 10 neurons
1 2 3 4 5 6 7 8 9 10 11 12 13 14 15 16 17 18 19 20 21 22 23 24 25 26 27 28 29 30 31 32 33 34 35 36 37 38 39 40 41
1
10
0 0 0.11189965475528998 0.0472217596646575 0.12208513269996396 0.1782280611405094 -0.14459351995783146 -0.08286001315990695 -0.05532770165869485 -0.22528852909724703 -0.2883316285802036 0.17922654946011135
0 1 0.3017074688032773 -0.0114928465111939 0.1302942526976966 0.14861094710937017 -0.16351885787429699 -0.030742953460376064 0.09815616369359963 -0.2536365804775438 -0.28735244008026506 0.06890586755351394
0 2 0.8315011688748053 0.04835627491465696 0.21483957603226092 0.609237654300824 -0.40115539796842714 -0.047980284799085275 0.12927549581678588 -0.7770880075028254 -1.0756214923205771 0.524180759677606
0 3 0.334520804609081 -0.08650161882239236 0.04518808463766095 0.25580684514558366 -0.15064938471630648 -0.0622201832307266 0.06173755474694313 -0.22144447890858845 -0.42616472828390684 0.22782626443689766
0 4 -0.2695813378848371 -0.01819025101742267 -0.08488805259405267 -0.21588552756409157 0.18208569474402397 0.08624717033673204 -0.10374015542887832 0.067972720512601 0.21253305572072112 -0.07952613549206738
0 5 0.29346093081414404 0.07766586297296148 0.0220085207646327 0.23272041959278855 -0.25972209868435314 0.06759450579999544 -0.005718729805921865 -0.3741198415329524 -0.4499446461122044 0.1875438053617438
0 6 0.2720503432650914 0.08407314470015922 0.15678194369159118 0.10309961849515191 -0.04050871415888132 -0.038226637795506356 0.016509020740922906 -0.0985592847680941 -0.2107292005139081 0.04990200957125082
0 7 -0.0386434808033515 -0.04855670552874457 0.04276021106482226 0.031171146999348996 -0.035408550642679545 -0.06681614488628697 -0.0388337468433267 -0.03322908828620312 -0.002600724161645695 -0.03077454993343333
0 8 -0.016775485979197414 0.07809637264358646 0.11466185921715781 0.015008361440819374 0.06937446292181917 -0.0816429811859578 -0.06695033570524798 0.002551312513182266 -0.027778547520048266 0.02468972260181195
0 9 0.33195288444225124 0.04833918661010574 0.18484955062540387 0.2592385737425785 -0.16436220100360174 -0.04429574006492929 -0.039044725489113245 -0.34720948219709263 -0.4543391598669184 0.17323015551885138
0 10 0.3317328462828715 -0.10079494038283525 0.12640851378812978 0.2619817544651881 -0.2212505735747154 9.761417175015622E-4 0.07360651268867355 -0.20866907649028996 -0.23956899811836177 0.2687968987394965
0 11 -0.22048836047333353 0.0995233504157097 -0.0254498487894007 -0.14504873017346834 0.1159694836434617 0.05680610488684457 0.0012192511311064276 0.063804165675944 0.10158420410211834 -0.14366983688403437
0 12 0.24538478019646917 0.06344939226654478 -0.01185238390651813 0.23120390037733576 -0.16662199962746155 -0.035960813211204125 0.018112387573874972 -0.2784327392995677 -0.3987465825966109 0.0978713025294905
0 13 0.3336252951910762 -0.08026863632180153 0.16334316257329692 0.3068508713597603 -0.2433794301103785 0.06505940926806783 9.247710195335095E-4 -0.39577520651974823 -0.3873312512767575 0.16951641581240878
0 14 0.1620838731435649 0.08080061280770824 0.07866150362679798 0.19611810757397968 -0.1437522365548692 0.05563285551960299 0.103785735231859 -0.2445054031038832 -0.21461893300421567 0.22459235272978068
0 15 0.045472098647767904 0.09312249475868871 -0.024979155104119254 -0.06426129294435136 0.079594628955982 0.09011255262323865 0.004239626538864639 -0.058756904562338126 -0.002338575454456149 -0.06820871104473718
0 16 0.10507859166777866 0.09014615399268752 -0.05391098265661319 0.14135846086050036 -0.031208780994998724 -0.0721331505701313 -0.04977320359136841 -0.06995290783822564 -0.13456660796591438 0.14926703937884614
0 17 0.131215495700858 -0.08766046506030625 -0.05233768748322934 0.08704416310316843 0.005599697530075975 -0.08819778144610696 0.06168858628493517 -0.07535089539339199 -0.14629419641714927 0.1285805534371822
0 18 0.2854543887049472 0.026394323804617523 0.029084967759495775 0.13954510176318527 -0.12378250873989952 -0.0233376019441598 0.009380850086727871 -0.1327491722349774 -0.24735978921028148 0.1894434666951679
0 19 0.059153436300943586 -0.06710880563163209 -0.03206713711377455 0.07588442777705721 -0.1159524766348563 0.038683696866897994 0.02591328984330713 -0.04286718589503211 -0.15507212729292982 0.03325157741686489
0 20 0.11021928397622906 -0.03776588391592333 0.029932244634274047 0.16553558469826093 -0.16804036175918696 0.0407076923819059 0.0871820051098746 -0.14970508750932474 -0.10952914221477877 0.14071805425301556
0 21 0.0049935973878274965 -0.00955589508298836 0.059392541840245436 0.05144408779626925 -0.052260140707822374 -0.06333333344057814 0.05097241870245265 -0.10795125469263225 -0.022050941769711268 0.07059374282742505
0 22 0.07365968659007295 0.076124085099029 0.15584660484977034 0.06870339333817058 -0.11451068271878534 0.012717146539246443 0.09330051206885878 -0.2633740080466266 -0.2962060922757553 0.08923035415423489
0 23 9.758915602252617E-4 0.0547014888190553 -0.11040760285998524 0.027286975345612897 0.03231589959517283 -0.05634674993210334 0.07433958055909144 0.1101274550384465 -0.029644736350754996 -0.0327668327483806
0 24 0.09406494526643029 -6.449581967994065E-4 0.11599701501467506 0.10008754757410779 -0.013815232854671535 -0.04651829440864019 0.05739985815742252 0.02337432492802375 -0.11792361206676519 0.14080801044947974
0 25 -0.28822439377690606 0.07201213487791638 0.04229620988245515 -0.13412611918072131 0.0022010520128498082 0.08955329499417346 -0.11540604232678794 0.09224777299253067 0.1968524811786638 -0.15642873647540925
0 26 0.12653929556902307 -0.04434596198675444 -0.010071348852330657 0.09054423329345865 -0.09483174360339486 0.03717331198915928 0.010858318602463213 -0.028206710627577698 -0.15245896814308244 0.12176490971325091
0 27 0.150211401627639 0.004753099020080593 -0.0465990285980479 0.11918235562025095 -0.06161697973719996 0.008575133050845304 -0.08297042895052957 -0.18051394459901685 -0.15475057655587154 0.048892517031255786
0 28 -0.08011211257289512 -0.08144404272406637 -0.06109958591265308 -0.09137902467123803 0.021073246803802428 -0.0822481243201625 -0.09943906914000956 0.06994426217573882 -0.031104302551980576 -0.044780395709337936
0 29 0.08212314851205549 0.07798619823040306 0.03634203822909138 0.0774158690120643 -0.07731196327302046 0.01684911591862464 0.07511194846449193 0.0104307342384555 -0.14420778596288267 0.08624901929677471
0 30 0.11255850791873581 -0.049702085753917664 -0.0766267884185952 0.10087771089300834 -0.08436882948633435 0.06833100067246227 0.005985273776285678 -0.1330533693813285 -0.08815733644388815 0.025894374361652202
0 31 0.06512581485929464 0.032677416965285526 0.06896655452534475 -0.008604020647125859 -0.00471468203965556 -0.07688198137769243 0.03978061693810751 -0.1416932592682621 -0.025087547272294643 0.12380659660771898
0 32 -0.014389476926320205 0.016398097433937626 0.04316966909148823 0.12595766012666768 0.06797115220115162 0.05688282760484278 0.020157574577579742 -0.04271468135089318 -0.07501524155088635 0.02673014081534185
0 33 -0.021607348938222144 -0.06557822124114877 0.013362167170678037 -0.057486858189804355 -0.0565365029668944 -0.08504501614522718 -0.09467672741800906 0.01249023697189966 -0.0310593535816501 -0.055689133742857916
0 34 -0.055994235655601486 0.06450888107803884 -0.07430797950370237 -0.027870229415273194 -0.018496174023936277 0.047317374017041454 0.03520971621567196 -0.007394702749228907 -6.98217412333107E-4 -0.005145333113260532
0 35 -0.11016122365416252 -0.0846054506673788 -0.035050266525782955 -0.014121091845631487 0.09544969954540938 0.0596355768004367 -0.08676617292799305 0.03067849037432636 0.10379898626307872 -0.10129061219506288
0 36 0.012792473794291447 0.04331343321475221 0.0636169132488979 -0.010138630851020555 -0.05585792178468816 0.044391643711392904 -0.0023207165692227666 0.03806639150438678 0.034471083973758795 -0.06211955417831568
0 37 -0.07576132992061048 -0.09004442145235231 -0.05376201000689888 0.06687382384436681 -0.0026319209923178 0.01764763731571693 -0.0730950445129701 -0.0445856502376029 0.11508086351639092 0.038107679648821814
0 38 -0.030000154565367178 0.029618926964189433 0.04575864918136237 0.092176177309287 -0.02613658028567987 -0.07345172040070988 0.04152856442194161 -0.05009821303164805 0.050409165042061735 -0.0022867123512863986
0 39 0.034161906075382796 -0.0026680623801866657 0.06232017285992854 0.09278008707401642 -0.08138334697629766 -0.06921724480049044 0.03929254200962545 -0.010960307597353634 -0.08284987987499721 -0.04521077946799462
0 40 -0.18819078605738207 0.09466917424572605 0.08027258802234002 -0.03652629455304825 -0.07661912171518974 -0.007854114636190757 0.006792686760332465 -0.03072990946239303 0.08979568276539394 0.028899522109806192
0 41 -0.03135749306666651 -0.050121123439902465 0.06759489319099235 -0.045178558552349694 0.04107950817301486 -0.022616793418330717 0.05744412326133819 0.08702752575391849 0.07463558407765229 0.012620005324468837 -0.19121337884243558
1 0 1.2681832186865392
1 1 -0.05778946751263752
1 2 0.2963263458576814
1 3 0.9413347637200388
1 4 -0.8077035878263398
1 5 -0.1756199134896084
1 6 0.10808842920432381
1 7 -1.2540980284654561
1 8 -1.6637392867176406
1 9 0.7749614860896604
