## ListNet
## Epochs = 1500
## No. of features = 41
1 2 3 4 5 6 7 8 9 10 11 12 13 14 15 16 17 18 19 20 21 22 23 24 25 26 27 28 29 30 31 32 33 34 35 36 37 38 39 40 41
0
0 0 -0.04702137024355093
0 1 0.08687590627399278
0 2 -0.018637274405225834
0 3 0.06620600321548145
0 4 -0.09889394445189331
0 5 -0.06389235076344175
0 6 1.503024044853412E-4
0 7 0.03812774959185758
0 8 -0.036242742148200856
0 9 0.03793265062826815
0 10 0.023256197174474497
0 11 -0.039616543252706464
0 12 -0.015835210969795475
0 13 -0.012336639509588285
0 14 -0.004429440999817894
0 15 -0.06997182326760414
0 16 -0.08375684205334713
0 17 0.09303413841322969
0 18 -0.044304914157535284
0 19 0.09632751170572568
0 20 -0.011388854555287377
0 21 0.08896078200557085
0 22 -5.320668297715248E-4
0 23 -0.06656596676680407
0 24 -0.005585520862006002
0 25 0.044756275567382556
0 26 -0.08146229374433658
0 27 -0.08717629352182084
0 28 -0.04189688005912477
0 29 0.010092770931560694
0 30 0.04174577730890563
0 31 0.005257601030394009
0 32 -0.003343107738335435
0 33 0.05895215172798635
0 34 0.08849326159327066
0 35 0.0744289556437469
0 36 0.0014848155377435695
0 37 -0.04104782325066332
0 38 0.031594108790159225
0 39 -0.07589835177503963
0 40 -0.062366970552204776
0 41 0.06107305735349655
