## ListNet
## Epochs = 1500
## No. of features = 41
1 2 3 4 5 6 7 8 9 10 11 12 13 14 15 16 17 18 19 20 21 22 23 24 25 26 27 28 29 30 31 32 33 34 35 36 37 38 39 40 41
0
0 0 -0.03336675214628434
0 1 -0.06950225365664027
0 2 0.09530149409018476
0 3 -0.018000027607555598
0 4 -0.0697797777369263
0 5 -0.0438657520303874
0 6 0.06255265745539652
0 7 -0.0896930583102338
0 8 -0.09226583564451615
0 9 0.08849887075266917
0 10 -0.0018605711804442232
0 11 -0.09815246797396887
0 12 0.04886427704679526
0 13 0.028093083946869338
0 14 -0.011484908057870728
0 15 0.027388564372100684
0 16 0.006485270818152332
0 17 0.030763882767558332
0 18 -0.018233325238661852
0 19 -0.09708537144361956
0 20 0.0778927025727456
0 21 -0.05544619619400763
0 22 -0.051825937227597506
0 23 -0.03823926583243787
0 24 -0.056381325205614403
0 25 0.049676814269004
0 26 -0.08438314359571385
0 27 -7.963634695220386E-4
0 28 -0.08642032351374065
0 29 -0.02206194036004545
0 30 0.012519752478176653
0 31 0.08583223806139728
0 32 0.05322340968057842
0 33 -0.0362124973345322
0 34 -0.06665047199094096
0 35 -0.08288933398270171
0 36 -0.09803817418707061
0 37 -0.08144604449004135
0 38 -0.01846235853956811
0 39 0.067451459218229
0 40 0.09461743389209504
0 41 -0.051231611520051956
