## LambdaRank
## Epochs = 100
## No. of features = 41
## No. of hidden layers = 1
## Layer 1: 10 neurons
1 2 3 4 5 6 7 8 9 10 11 12 13 14 15 16 17 18 19 20 21 22 23 24 25 26 27 28 29 30 31 32 33 34 35 36 37 38 39 40 41
1
10
0 0 0.03545396775007248 0.07378093153238297 -0.046014148741960526 -0.07011529058218002 0.08240779489278793 0.029353082180023193 -0.0668630376458168 -0.007945174351334572 0.07326021045446396 -0.004069387912750244
0 1 0.0956515520811081 0.007710629608482122 -0.04894153028726578 0.030645405873656273 -0.061977319419384 0.03161773085594177 0.05225324630737305 0.014226322993636131 0.023317361250519753 -0.048147063702344894
0 2 0.04736645892262459 0.08940179646015167 -0.05332103371620178 -0.026381492614746094 -0.04709125682711601 -0.08697618544101715 -0.02829904481768608 0.023007135838270187 -0.014241051860153675 0.06356129795312881
0 3 0.03550783544778824 -0.05397062376141548 0.07187260687351227 -0.08504675328731537 -0.06559811532497406 -0.06357630342245102 -0.0912647396326065 0.08361677825450897 -0.005990862846374512 0.06523323059082031
0 4 -0.026205670088529587 0.027220135554671288 0.021963566541671753 -0.030112052336335182 -0.02749091386795044 0.05026330426335335 -0.09787418693304062 -0.042648158967494965 -0.002490812446922064 0.09478549659252167
0 5 -0.012219595722854137 -0.025127923116087914 0.08122867345809937 -0.0024870752822607756 -0.037120044231414795 -0.057520754635334015 -0.012617635540664196 -0.07972138375043869 0.08534057438373566 0.08327054232358932
0 6 -0.042336355894804 -0.02992330864071846 -0.07610486447811127 -0.0969356894493103 -0.01728062704205513 -0.010936027392745018 0.05472652241587639 0.05536781623959541 -0.020610112696886063 -0.028310906141996384
0 7 0.08047741651535034 -0.0405450277030468 0.06611638516187668 0.019893532618880272 -0.0921320915222168 -0.029226327314972878 0.07097052037715912 -0.021872293204069138 0.07127194851636887 -0.09226956963539124
0 8 -0.08186544477939606 0.03195428103208542 -0.049702249467372894 0.05475621297955513 -0.051150429993867874 -0.0014463185798376799 0.0492297038435936 0.09699171781539917 -0.04676192253828049 0.09475748240947723
0 9 -0.09956781566143036 -0.0660015121102333 0.032587192952632904 -0.05220254510641098 0.05328173562884331 0.09731785953044891 -0.07435408234596252 0.07997415214776993 0.005453896708786488 0.017654139548540115
0 10 -0.010222327895462513 -0.06976489722728729 0.030146241188049316 0.01048848032951355 0.07495888322591782 -0.01975851133465767 0.06575438380241394 0.07862967997789383 -0.08191174268722534 0.0885729193687439
0 11 -0.01699354685842991 0.030514126643538475 0.04795372486114502 -0.06422606110572815 0.09252569079399109 -0.05028302222490311 -0.09314979612827301 -0.07130864262580872 -0.06413180381059647 0.08561529219150543
0 12 -0.059108488261699677 -0.07128635793924332 0.015852725133299828 0.0018420338165014982 0.06781005859375 0.03321729972958565 -0.04966660216450691 -0.0060443999245762825 -0.08616093546152115 0.0651586502790451
0 13 -0.028040384873747826 0.04063739255070686 -0.07060617953538895 1.4994145021773875E-4 -0.06308756023645401 -0.08236798644065857 -0.040838681161403656 0.024898523464798927 0.00708355288952589 0.05970665067434311
0 14 -0.07197573035955429 -0.0241561122238636 0.05973505228757858 -0.019287222996354103 5.308210966177285E-4 -0.08926361799240112 -0.08386881649494171 -0.03035074472427368 0.011090373620390892 0.00545468321070075
0 15 -0.013100182637572289 -0.015074873343110085 0.007812327239662409 0.08924664556980133 0.04256099462509155 -0.03222093731164932 0.07769529521465302 -0.0946110188961029 -0.016911137849092484 -0.021706849336624146
0 16 -0.021024346351623535 -0.04460368677973747 0.06862758100032806 0.038514506071805954 -0.05848114937543869 0.07374850660562515 0.013959044590592384 -0.06576646864414215 -0.024113571271300316 -0.08570604026317596
0 17 -0.08395431190729141 0.09885711967945099 0.018691610544919968 0.04062270373106003 -0.053616445511579514 0.035199541598558426 0.028933728113770485 0.0870436578989029 0.03350484371185303 -0.08745012432336807
0 18 -0.014669597148895264 -0.0443861298263073 0.005001551005989313 0.0619984045624733 0.028212344273924828 0.02370830811560154 -0.012977808713912964 -0.009060901589691639 0.05804537981748581 -0.04687182232737541
0 19 -0.07774132490158081 0.05589304119348526 0.08238597214221954 -0.08718462288379669 -0.0519142746925354 -0.08043428510427475 0.07726968079805374 -0.008223873563110828 -0.02728661336004734 0.0691273957490921
0 20 -0.04850690811872482 0.021777117624878883 -0.09170877933502197 0.029703300446271896 0.04719478636980057 0.020702999085187912 0.04673238843679428 0.09739907830953598 -0.08442456275224686 -0.06800131499767303
0 21 -0.022977083921432495 0.08137727528810501 -0.08240696787834167 0.03949524834752083 -0.07209623605012894 0.04704039543867111 -0.08644464612007141 -0.024267107248306274 0.07173366844654083 -0.019485479220747948
0 22 -0.01501321792602539 0.084352046251297 0.053008198738098145 -0.02351912297308445 0.04366923123598099 -0.0631825253367424 -0.048832230269908905 0.04645441845059395 -0.002585428999736905 -0.010889679193496704
0 23 -0.06576520204544067 -0.021336829289793968 -0.017220865935087204 0.06380589306354523 0.002122259233146906 0.0802968442440033 0.03696520999073982 -0.0753762498497963 0.07070300728082657 -0.020403152331709862
0 24 0.07755386829376221 0.04617472365498543 0.03577471897006035 0.057690709829330444 -0.049632392823696136 -0.041834402829408646 0.04083896800875664 -0.018963957205414772 0.0580558180809021 0.0194392092525959
0 25 -0.08623011410236359 -0.03552614524960518 0.034340403974056244 -0.005287778563797474 -0.013738674111664295 0.05816160514950752 0.008142578415572643 -0.07992871105670929 -0.06922201067209244 0.00849851407110691
0 26 0.03272160142660141 0.029979418963193893 0.04355955868959427 -0.01830541528761387 0.05404975265264511 -0.020479153841733932 0.037329018115997314 -0.08532580733299255 0.053565703332424164 -0.02639024332165718
0 27 0.05522467568516731 -0.09193046391010284 -5.238473531790078E-4 -0.03734952211380005 -0.012508595362305641 0.09116839617490768 0.021474426612257957 0.015885621309280396 0.027679692953824997 -0.06372281163930893
0 28 -0.031616199761629105 -0.046055637300014496 -0.08306558430194855 -0.08882930129766464 0.07559552043676376 -0.05681835860013962 0.05818628519773483 0.052389390766620636 -0.09378281235694885 0.042449288070201874
0 29 0.07950868457555771 -0.03631312772631645 -0.06413918733596802 -0.030916016548871994 0.08460500091314316 -0.0945504754781723 0.06949326395988464 -0.07037083804607391 -0.06874804943799973 -0.023321712389588356
0 30 -0.005380177404731512 -0.013780778273940086 0.06762080639600754 -0.07573310285806656 0.07455170154571533 0.08220340311527252 -0.0310869999229908 -0.054264746606349945 -0.010848576202988625 -0.07833009213209152
0 31 0.05986432358622551 -0.038543350994586945 0.0373331680893898 0.0036568702198565006 -0.009461110457777977 0.0703633576631546 0.09141241014003754 0.005005961749702692 0.01388199906796217 0.02309577539563179
0 32 -0.04313833639025688 0.03910965844988823 -0.0453776940703392 -0.028424805030226707 0.0919552594423294 -0.09758131206035614 0.005908221006393433 0.019777989014983177 -0.05186977982521057 -0.07883656024932861
0 33 0.041008900851011276 0.07886657863855362 -0.02535197138786316 -0.028391260653734207 0.07739260792732239 -0.03942861035466194 -0.02223285473883152 -0.09445063024759293 0.011891442351043224 -0.010567694902420044
0 34 0.001445555710233748 -0.061817705631256104 0.021235525608062744 -0.03100665844976902 6.644189124926925E-4 0.03388732671737671 -0.019686156883835793 0.055125683546066284 0.07172845304012299 -0.02985507808625698
0 35 0.06468498706817627 -0.0018305241828784347 0.05819244310259819 0.05225906893610954 -0.09945057332515717 -0.06809711456298828 0.035431258380413055 0.058585625141859055 0.025848060846328735 -0.020464640110731125
0 36 0.08342964202165604 0.039908189326524734 0.02087741531431675 0.029799938201904297 0.07772208750247955 -0.06939216703176498 -0.04576990008354187 0.007331979461014271 0.06490428745746613 -0.03398655727505684
0 37 -0.04795242100954056 -0.0332556888461113 0.03571959212422371 -0.0037365914322435856 -0.023033499717712402 -0.0431305393576622 0.020931262522935867 -0.024889927357435226 0.086484394967556 0.05184973403811455
0 38 0.013022852130234241 0.04533206671476364 0.0028333901427686214 0.05013187974691391 0.06022658944129944 0.09387513995170593 0.0339607372879982 -0.004287660121917725 0.0884612649679184 -0.03853728249669075
0 39 0.0974762886762619 -0.026439856737852097 0.08146843314170837 -0.04318833351135254 -0.07118150591850281 0.05942588299512863 0.08976750820875168 0.02680063247680664 0.040261853486299515 -0.0382876992225647
0 40 -0.04500776529312134 -0.005032205488532782 0.06012523174285889 0.04855474829673767 0.027876699343323708 -0.059982649981975555 0.09969676285982132 -4.515528562478721E-4 -0.07493187487125397 0.040700603276491165
0 41 0.0950603038072586 0.03431214019656181 -0.06681836396455765 -0.042467840015888214 0.06444025039672852 0.06574487686157227 0.04973698407411575 0.09372009336948395 0.008539455942809582 0.08899993449449539 -0.07420780509710312
1 0 0.037499457597732544
1 1 -0.07771201431751251
1 2 -0.012554937973618507
1 3 0.044384706765413284
1 4 -0.005995124578475952
1 5 0.0998585969209671
1 6 0.07468370348215103
1 7 -0.06620839983224869
1 8 -0.018429284915328026
1 9 -0.05760511755943298
