## RankNet
## Epochs = 100
## No. of features = 41
## No. of hidden layers = 1
## Layer 1: 10 neurons
1 2 3 4 5 6 7 8 9 10 11 12 13 14 15 16 17 18 19 20 21 22 23 24 25 26 27 28 29 30 31 32 33 34 35 36 37 38 39 40 41
1
10
0 0 -0.18449470486303496 -0.3255320997551174 -0.06542669423827664 0.1273734517746405 -0.1580677512518817 0.0723662670279786 0.050119061989284105 -0.14062480632902793 -0.21572631367609013 0.17709595310514611
0 1 -0.17462037462205696 -0.5125778765335515 -0.03563526861605427 0.07765548690720427 -0.05431944224842665 0.24339512357760276 0.06021486659854928 -0.15982986615699007 -0.15682059639782261 0.19126406066645377
0 2 -0.3273046078383127 -1.6095088153231714 0.12198390230627969 0.16433302868838887 -0.47272481944085354 0.6050609014221178 0.08293788423657382 -0.4255821272094039 -0.5405125915711794 0.8322799674213105
0 3 -0.1425128687968204 -0.5059788978379284 0.05544036339865746 0.048750996722931976 -0.25557499235949055 0.2747898850207623 0.1275932875394765 -0.09185748432896826 -0.2218157019033109 0.3000252653703786
0 4 0.04070522140944792 0.33879142041932364 -0.13273353071472224 -0.03813485002350066 0.18963997093481097 -0.15239882185957743 0.025326065942743708 0.15014518453384915 0.20242383889849946 -0.2884050386527671
0 5 -0.18386000922471116 -0.5941482073555128 0.13893392100367538 0.011552649197077226 -0.12477791515433345 0.2503961017683989 -0.03693408715794844 -0.2643438828112622 -0.2565727795614262 0.19511224819913103
0 6 -0.048370303638973315 -0.4924017843605319 0.016979441745808906 0.12920750893197086 -0.07991622624425045 0.1499852157960086 0.022891729409452947 -0.12520754305241244 -0.11826380450064282 0.19323886015382122
0 7 0.008634784173338312 -0.023036713297162437 0.08324751659498147 -0.06955173679445745 0.06935964284217834 -0.10446277477414681 -0.03111165008154512 -0.04849143754968192 0.046939631653567834 -0.10325341457912272
0 8 0.04424186257959032 -0.061878597625008205 0.011614808261007482 0.07063515425935117 -0.03233455199142676 0.08311859710901422 -0.06713884697927311 0.04425198521106313 0.04516437153538783 0.051449900163737516
0 9 -0.1579582486496948 -0.6607541350522173 0.09056449148217702 0.05682717324373005 -0.11361062662213932 0.2885633028878582 0.042725533897273266 -0.1460001978364705 -0.1758042659662826 0.26291797961244767
0 10 -0.10484154397238889 -0.5455995450590642 0.018156024569006758 0.0945930594633207 -0.10236209648278463 0.1470787904067665 -0.041944543962891614 -0.14936876162264998 -0.09441567025309029 0.28171066652072246
0 11 -0.0037156163869663914 0.2643409307210694 -0.1050964378540726 -0.0010508708828740542 0.07654270278733069 -0.029220145841940725 0.04165542718378905 0.11699708263631961 0.1146390649799748 -0.19239419085203943
0 12 -0.06247783122300417 -0.5304327464493911 0.10594600016948803 0.08653574877337894 -0.16252064112055262 0.10513960849745171 0.08901391690246256 -0.16785012469865535 -0.12143216058810798 0.20697232566796037
0 13 -0.25110935264036877 -0.5781628366687276 0.07084320419063685 0.011711447474066787 -0.15826259814708984 0.12781458821864544 0.07924001365949654 -0.12136164520196055 -0.14430578454054632 0.2516908360306505
0 14 -0.14989500322510263 -0.5215952853754273 0.008344092262727192 0.07038745667021232 -0.1322795594876889 0.21816766430862633 0.13395956854307048 -0.19296675508754096 -0.12596551404774628 0.18001339987099052
0 15 -0.053008272984924006 0.07609667372199283 0.08621009233077674 -0.0055478615791906966 -0.013398295249536852 0.044981767621017306 -3.96646918937471E-4 0.11768333569555164 0.07213368899402543 0.055543642741503814
0 16 -0.01842269350304113 -0.23650322231071527 0.05059036247370452 0.09182810943214569 0.0013324051952209486 0.13549680892936178 -0.047391129192972906 0.0273791765774643 -0.10947377651617299 -0.014962939787660499
0 17 0.05321863030953472 -0.21380105525634263 0.0848947684749737 0.07166735921608966 0.018111452809588167 0.0022294586530157558 0.08631171055799029 0.0404184487251186 -0.10744111251873169 0.0966247494336307
0 18 -0.0027480681650929534 -0.33841908381049673 -0.07188530678341473 -0.003589774502161601 -0.07993748424126845 0.18926607579182705 0.044137710433542025 0.007124826800429781 -0.01488843412933805 0.08074813514413373
0 19 -0.1251098862062439 -0.33368520543507174 0.05477272277858583 0.02492624194238957 -0.08305266422750164 0.07237701895984934 0.08175804601808148 0.004448809178935143 -0.1367421199552767 0.06218937559241631
0 20 -0.12455758883684294 -0.2505815591291175 0.1272815086498538 0.007716939370373984 -0.17965504686174338 0.16111174983847396 -0.018536609495617126 -0.0786009054519227 -0.1978622485716946 0.15425384138458062
0 21 0.058063640456815474 -0.0776362846359946 -0.04850730829672159 -0.09384030290078021 -0.0133324261918314 0.03288024896888376 0.04452936776453848 0.03097479139099579 0.04288018534151451 0.08181187312753112
0 22 -0.06325986621577136 -0.4223422183106096 0.07875625059163785 0.06034365665257237 -0.15258639590279335 0.06551329362871391 0.06790633063736326 -0.1639066235973654 -0.05029469770959625 0.13293694386964974
0 23 0.024858796838270476 0.061396441066847135 -0.05340725184663123 -0.02112845037021175 0.028536284572779395 -0.11695644921831184 -0.0555793992241987 0.06973128775649538 0.03762975827590836 -0.10552953220140732
0 24 0.014055613747551307 -0.048455881464733244 -0.059267789596957464 0.054579535775310994 -0.13008753812482607 0.11610945741804127 -0.08490221730315708 -0.010190079496392605 -0.09568437974711302 0.16720805684809165
0 25 -0.018186248514074563 0.23004524253106884 -0.10771357979225583 -0.07152135461351719 -0.03182582765494228 -0.1323130163934983 -0.09445264084302461 0.12411359667622707 0.039523247328743565 -0.03937277795681942
0 26 -0.138548993315789 -0.14215770159179006 0.03958879966646224 -0.040202439848711594 -0.021049047254574786 0.07723371814093777 0.02396923998950746 -0.033466403162266324 -0.14915559272514478 0.1395466199763587
0 27 -0.08485136331371104 -0.11196603372596389 -0.017205896039272455 -0.025954073168897883 0.0032827388220248457 0.05870278216971436 -0.019574007581108988 3.622461763186103E-4 -0.1362894937914755 0.1475170433679663
0 28 -0.0018546450590555452 0.050562331454644775 0.08847119362791635 0.028592103237908065 0.012962027972298817 0.043745330839133026 -0.08327325716824835 0.07879798664834177 0.10219562483801231 -0.05469552390581303
0 29 -0.09208688357585154 -0.0026821368401025807 0.08187187690001048 0.10441498011793261 -0.12415255138091952 0.08101216210024537 -0.05596421291897458 0.03147207252785638 0.06524031701097811 -0.03618420569177201
0 30 0.005326028866755532 -0.09770891332635269 -0.07168199686928144 -0.014735508053860126 -0.07716670308305644 0.06286140619005706 0.0824887352258088 -0.051813061143551206 -0.08392858288152742 0.13022400566715114
0 31 -0.045790088588993035 -0.10199831985322136 0.10155218098764364 -0.06768867053085166 -0.15338393796897923 0.08048710183810204 0.08015824584119166 -0.10207575108584704 0.010527447416744162 0.0637670118814941
0 32 -0.12139335710070241 -0.1315954580283881 0.07469711749044562 0.09566087125147199 -0.13191120106222115 0.018430723517635084 0.007945793502304602 0.046268568231125615 -0.05709279348990169 0.09511170413402113
0 33 -0.11496952492065982 -0.10504856393770287 0.06276850140977595 -0.05511239530149251 0.04106847027319212 0.08420639805410379 -0.06154401534150924 -0.023086383757990662 0.03393102983673422 0.0837416443972708
0 34 0.02903794098062217 -0.06004016932168008 -0.05223049371093175 0.0016295348944910752 0.07781279066181819 0.06471582933306429 0.09208366975344316 -0.04969479972765397 -0.08833253407980546 0.054489010103531105
0 35 0.04159255958218053 0.04662052550300319 0.012369276775634994 0.005937005534363678 0.058928227469886144 -0.08832261915280572 0.017917657503019647 -0.07741075933257 -0.01812200319645956 0.06851261426239091
0 36 -0.028452521154112925 0.040754821302692035 0.08333135795746055 0.001852511817104254 -0.07170065735713378 -0.010599359204598976 -0.0865007998892008 0.09601775463132294 -0.0550359252704594 -0.10176001853365381
0 37 -0.0023730059738454605 0.10067933586027843 0.006286772283962353 -0.10186114462819323 0.0520676009727639 -0.07163014632470865 0.03819115856542325 -0.002518765468022694 0.03240916479699603 0.017943967784748865
0 38 -0.07555219264991324 0.013031516911032463 0.07514851344950964 0.037571715667727296 0.030859364193511395 -0.05253528269434375 -0.04366678516492641 0.015732510514495507 0.05141975687799865 0.08893186692831055
0 39 -0.0022944719853107347 0.06937092778175204 0.048166707766204124 -0.0792947063942875 -0.09049269245290718 -0.004038244660163683 -0.014605004523032606 -0.024032464192060732 0.023454607874895526 0.04747828508557643
0 40 0.0167734259584758 -0.08554685643051033 -0.016490267015716084 0.04964959689621119 -0.03964459576798696 -0.09401505218175174 -0.06679214107909481 -0.08967284914377696 0.00211386334376272 -0.0041156500051487185
0 41 -0.028848237783721628 -0.08253617274477104 -0.0432747076166085 -0.10310098404164644 -0.021095563087887213 -0.08866917420682587 -0.06845693185898874 0.06454850376430618 -0.08867195417501436 0.0017149453899152221 -0.2951218658613772
1 0 -0.6487336235569502
1 1 -2.2103071303187503
1 2 0.19534726813338266
1 3 0.22065925635669534
1 4 -0.7788547591524879
1 5 0.8952964940934587
1 6 0.1296559761914655
1 7 -0.7608270628896776
1 8 -0.8805739030973683
1 9 1.1517903574733621
