## RankNet
## Epochs = 100
## No. of features = 41
## No. of hidden layers = 1
## Layer 1: 10 neurons
1 2 3 4 5 6 7 8 9 10 11 12 13 14 15 16 17 18 19 20 21 22 23 24 25 26 27 28 29 30 31 32 33 34 35 36 37 38 39 40 41
1
10
0 0 0.015025244961725961 0.20184427358931756 -0.23072871349324267 -0.07021619435722977 -0.04839912523890809 0.17826579338972495 -0.19981869601268729 -0.12526480642293997 -0.15254344419252797 0.08178037863404151
0 1 -0.05445972929835278 0.39236447458397355 -0.22667068155553838 0.027254588170417843 -0.016884579414523232 0.028901290856465867 -0.1631901387773374 -0.043557040642915566 -0.04911424531927807 0.030043902117560584
0 2 -0.31568251218978977 1.3525952857860015 -0.7613605764544684 -0.3146951987148181 -0.34484817575992865 0.5060258236059771 -0.9162859733471566 -0.22048824915746507 -0.4210078492012597 -0.07004671826158843
0 3 -0.08969018361219143 0.5066566993587147 -0.2457898570365208 -0.1628525687975057 -0.17513744361903694 0.0684020822671825 -0.3777050018342239 -0.0909671796335215 -0.11628781037060475 -0.027142240453133373
0 4 0.01777781357032228 -0.40131794666804343 0.09713856527514866 -0.009324358788846245 0.02831277076973618 -0.08416146165393937 0.13970777176422014 0.052589521465111456 0.028247221041426036 0.014277816632891342
0 5 -0.1553660905419521 0.58572826962021 -0.2830109617803445 -0.06470741635098316 -0.24011368719601917 0.1699014315698567 -0.3900459033882467 -0.034641110904289216 -0.19758678258836884 -0.041577656317290414
0 6 -0.07230702838254909 0.26477544467325886 -0.20067404683305112 -0.0071751936195731765 -0.15463494112094486 0.05702910340593392 -0.19375935470424158 -0.16233078964147715 -0.17595234483548466 -0.035953418297967644
0 7 -0.07020417551845524 -0.16910220249264973 -0.05191221464866459 -0.04154420468503803 0.0595887350321849 -0.036097534717293586 0.046633714867672545 0.03530661335097437 0.04564250812844455 0.0235278977153451
0 8 0.04839984628387676 0.19314628821003946 -0.15112346748995312 -0.11564813038620521 -0.03730878549133318 0.07934627029910149 -0.040033985612669944 -0.02543121450099257 0.045061972732919744 -0.09896321622463249
0 9 -0.15785384376530734 0.5416481416380633 -0.39053246775656447 -0.06321997810726374 -0.06327686678558776 0.1368984964288885 -0.2724749058857728 -0.1606859325786961 -0.28065608861158264 -0.10528034977338153
0 10 -0.20435676969470068 0.35418953429975364 -0.2420173776179991 -0.0021636236384213366 -0.1972070100055 0.05500802661335523 -0.17768026229109568 -0.058555273466268605 -0.24460763452839795 0.0833086163126786
0 11 0.015991955400531235 -0.16673456421828284 0.2144714918480291 0.0661466636425046 -0.011927804719097697 -0.07994498350427202 0.20188022748254228 -0.024690178611533862 0.11434061624027968 0.024325362415602257
0 12 -0.1460544742388994 0.5237187170180864 -0.24444380457863052 -0.07088190188188873 -0.14096610826028028 0.07339063153698885 -0.35206992101835327 -0.14935353128142828 -0.20682100936888137 -0.07896489701271699
0 13 -0.16970661008352148 0.48139722196790913 -0.3700294146429303 -0.014760172711644001 -0.22240635797479197 0.06380460155910454 -0.2616890038619687 -0.11750066304646228 -0.17479388171040128 -0.05566981563527963
0 14 -0.04319902576119984 0.32437394827570704 -0.20720269975593764 -0.15636562114667976 -0.1616676963196359 0.12982925044827903 -0.1266943853744239 -0.10760930157095104 -0.13099623279679123 -0.0030201403497870528
0 15 -0.05244706123450212 -0.16228037923703734 -0.024888126576216814 0.0549741209364775 0.0636628774968066 0.0573234083896951 0.03439364356166409 0.10609438276333961 0.035020565914424914 -0.08922696123872345
0 16 -0.027260824596784593 0.1849292922611294 -0.09418491543501141 0.05405795856559943 0.033101496809101204 -0.04344543552813484 -0.09414934766166286 -0.019089975596030265 0.006676563319502801 0.07798038860934475
0 17 -0.03171109118760833 0.17843303813374 -0.10122732252630197 -0.02343157314725807 0.032415855952238365 0.09753306825941185 -0.1761116628121586 -0.012679498491954386 0.05295344284415065 0.06135552542977347
0 18 -0.03647354463980335 0.32822042390492395 -0.20879651439881933 -0.11055909559415374 -0.0928559040239822 0.14231527506850253 -0.14444219127635338 -0.09347892024604373 -0.16436499305892885 0.037437175294244805
0 19 -0.030737911163698207 0.11046300377659833 -0.10430875813489686 -0.08594048839514115 -0.022315023824877198 0.16751198527623928 -0.1644287805429223 -0.1161531830302541 -0.06795314454111219 0.09428465805942261
0 20 -0.11290130381462264 0.23046797245210918 -0.18611932849974985 -0.12156755098410328 -0.07596271460319445 0.094893084378993 -0.1553485358057631 -0.15671688060685113 -0.10160495353035089 -0.09543431093541105
0 21 -0.1071754733071004 0.08213023494618817 -0.12240938127065051 0.05833134060302484 -0.09749662393442422 0.10749166883328995 -0.12165799894780302 0.04496921158573272 -0.023424050367774278 0.07318841027737139
0 22 -0.173410297098218 0.21342805637206597 -0.14499784668706442 -0.1401960563785833 -0.03204555588957298 0.1859839246035257 -0.13697343384623897 -0.06289134318327501 -0.0689368349663744 0.07752877056478112
0 23 0.03199569670832713 -0.17925069640393318 0.033399032971284465 -0.07286800423809921 -0.009663127385297477 0.07585155771786499 -0.016550850494209075 -0.02537947751176259 0.03822110268716801 0.05523469231660426
0 24 0.0405963541531568 0.15802739797764484 -0.12078299123442912 -0.057167362969108064 -0.04419870353791176 -0.01549965716005518 -0.002492990201482469 0.01957238984888007 0.04731648754719084 0.02808398956880391
0 25 -0.045319534993382225 -0.3368542724696456 0.1793745171921412 -0.03602220000546323 0.06898707447987164 -0.07054378497314864 0.12342036539881873 -0.048751942213308794 0.09002719297457576 0.02431087170120366
0 26 0.008725649084720637 0.09881853767417031 -0.17584378350107277 0.03828361115071966 -0.12073217629973623 0.10440637737167242 -0.030932458414510026 0.012328600420856057 -0.08977374358381061 0.03799485919021559
0 27 -0.006232783046415974 0.20232971357627422 0.0044397986799772585 -0.12523021839873258 -0.12106531538339453 -0.040360256468165656 -0.19714583420009862 0.0413262485532975 -0.024231168100745857 0.009334563485427234
0 28 -0.009729981233574861 -0.01983291694352275 0.04570663665719858 0.028386886757548 -0.07811378224774651 0.059548058106502745 0.10099304439293222 -0.036218586502406724 0.06654996413362385 -0.08062267651776917
0 29 0.032663550855186047 0.03557084658794027 -0.09102040881051067 -0.10964634996796305 -0.05235034851420393 -0.02079631724153 0.03752956233523092 -0.09546478275607218 -0.09106557909323988 -0.00855630431504949
0 30 -0.07477169209331269 0.06992998148498926 -0.12973957677677422 0.044876684416676096 -0.011830458679088995 0.07726201918135094 0.02538288472449553 -0.027748396354343282 0.07013151869193454 0.08693504770226938
0 31 -0.08905379905421623 0.21713221432944627 -0.09136969448018611 0.012636097522689696 -0.0739918957259923 -0.01028273920999377 -0.13034936006316863 -0.03291378671801551 -0.036932796572487346 -0.049225557423265356
0 32 0.030110943850935743 0.060967336596603146 -0.026456111638898896 0.0741397188005605 -0.012003891842165786 -0.02064851635199822 -0.10386769201115892 0.06083069250167993 0.050538113250090735 -0.05379891018896019
0 33 -0.05680564066330649 -0.003921684170444298 0.022724242099334976 0.023397380501984883 -0.0603979132689495 0.0709242376101895 -0.06491233363861525 0.03405693619299626 -0.11251462102083018 0.06243537013713341
0 34 -0.03862239991774184 0.0480663699727792 0.06522610905133204 -0.09637031705721641 0.088617808901862 -0.03782729164563495 0.05462541357172702 0.05384730109690668 0.041495841593120135 0.07718131361402976
0 35 0.009057983328274365 -0.06489140234671709 -0.015043666457929218 0.08912811235129521 -0.05498262925988076 -0.09750558399456015 -0.03389149305905739 0.10833966230243845 0.0722515335922195 -0.01607876716834884
0 36 -0.029315214981649646 -0.05751670027963464 -0.10423184137553403 0.02242613399148259 0.082790627044347 0.021833537960442507 0.046996085589491 -0.0893089765341123 0.07486632474984094 -0.016725710921461856
0 37 -0.03485211493512432 -0.051541407320587616 0.036230696179829824 0.06236438346631116 0.04007049896234738 0.08057578877025866 0.05566922607569124 0.012607566271545486 0.02809986939227484 0.06041770284198552
0 38 -0.07968245794783393 -0.08033973826121231 -0.04275757662241495 -0.01207854383134415 -0.049323165236461665 0.07892198414542474 -0.008629353617050854 0.018044819610090582 0.0275206607062167 0.0018355213871005921
0 39 0.07389378547668457 0.021667003631591797 -0.014061808586120605 0.010114246979355812 -0.028241371735930443 0.04947137087583542 -0.0967576652765274 -0.05090140551328659 -0.026553254574537277 0.006268954370170832
0 40 0.08604226419589493 -0.24943557107872777 0.04903596311530319 -0.005638484139418906 0.07757240794047587 -0.02125402211907687 0.06663364575914768 -0.07603237189387418 -0.03252306044102863 -0.032125022927762446
0 41 0.0745029305111437 -0.13953934132006696 0.051641572234753186 -0.04312063760443944 0.004873593367681071 -0.10904290700615397 -0.02986934753911133 0.03392129628558134 -0.08020415324737393 -0.03521941199980404 -0.18200199260562255
1 0 -0.5719903137776429
1 1 2.058107287715369
1 2 -1.2640569147838372
1 3 -0.4646259798550745
1 4 -0.6736553313326139
1 5 0.6033266160536446
1 6 -1.3531056065552394
1 7 -0.47775782332765254
1 8 -0.7871666569606871
1 9 -0.1389776838164224
