## LambdaRank
## Epochs = 100
## No. of features = 41
## No. of hidden layers = 1
## Layer 1: 10 neurons
1 2 3 4 5 6 7 8 9 10 11 12 13 14 15 16 17 18 19 20 21 22 23 24 25 26 27 28 29 30 31 32 33 34 35 36 37 38 39 40 41
1
10
0 0 0.016596451334314553 0.005966724392980478 0.007887303307605543 -0.010059502981795967 -0.05630938870525632 0.012574523478419891 -0.07353933144633076 0.04520717057152739 -0.06216307570186825 -0.0717947214954316
0 1 -0.08797780938446502 0.06055264200543824 0.06627203232155522 -0.014063328692365394 0.019583195636716934 -0.06095499805991694 0.095023531863058 -0.08257681676851765 0.06421111325440945 -0.0653337987748487
0 2 0.04936497213497649 -0.05509344756266096 0.021450545849351032 0.0015759985512309675 -0.04325672155960053 -0.028920790446172812 0.09783281940484465 0.051960853239615065 -0.057396821086643166 -0.07571900161216165
0 3 -0.04224053769512399 0.010258319416627519 0.06340130783395038 -0.09270429685586676 0.08720031215171593 0.01445892610970197 0.04065507421099648 0.08684140801692324 0.05610651023797497 -0.06167908039618418
0 4 0.03776242044879564 0.028108861853798583 -0.09791542084729062 0.09485541382329254 -0.02746320922378862 -4.2800429340298653E-4 0.02684572577640518 0.07488312428215826 0.06656103589901409 -0.05940208387458757
0 5 -0.07805180145586697 -0.016499972003670135 0.09933947335082412 -0.07891544348144944 -0.03806959839978049 -0.07119538281613864 -0.03736483364603788 0.03182752023262658 -0.07228418314879388 0.08645630157073804
0 6 0.00696886919595028 -0.0028231467262770852 -0.051528269813125915 -0.05683508170992267 0.08050120449220344 0.07683760087290474 -0.07483777004538773 -0.00964746224659022 -0.09825792999888933 -0.08018881970199743
0 7 0.0956452112253036 0.03547658589699831 0.04339746651953502 0.07800120528952309 -0.08550922060837209 0.08232642974905097 0.053720857783223296 -0.04684392646036001 0.011311609321484898 0.08075585101673048
0 8 0.04228804292318532 -0.048996161772747474 -0.058314046686446915 -0.05743385195944624 0.050079488935567254 0.03128772305969081 -0.006979940116824951 -0.024030096134469922 -0.07415929364129199 0.0600702746199486
0 9 -0.05699188533757765 -0.09968865975795425 -0.09768733816845757 -0.08276019961976272 -0.09963749617385557 0.03697029236330134 0.09764570550581975 0.0740094199104648 -0.057035857968405296 0.0721459069864578
0 10 -0.02300330825132102 -0.08695640062255143 -0.0439654874916521 0.014695889045490077 0.015294376515080345 -0.0781630185077343 -0.05879339570604318 0.023103518135685463 0.0907395801993331 -0.017350020106652347
0 11 0.07656918427236156 0.08896147219418003 -0.016238000954381097 -0.02408236810151209 7.329535291493131E-4 0.06473213824017092 -0.08738119788955526 -0.09667235562267437 0.02701746424929823 0.026983503994538475
0 12 0.0621335122650822 -0.010431157004256536 0.08765623995532952 0.06172839444050482 0.011537537065661511 0.06717240628962837 0.07301980690726043 -0.09542639107604764 -0.02419726908682966 -0.07129745299256722
0 13 0.07310031796864884 -0.0721957975950895 -0.04135235057699183 -0.09314165823938164 0.04134914292943408 0.09519522825423925 0.005300259395034099 -0.05553128084011971 0.06055332153094158 0.008689386002890966
0 14 -0.07552579038831668 0.045235732709636454 0.08149752998216964 -0.09661564242917081 -0.004583058388983104 0.008997808113250612 0.012879829728835768 0.011580723560572543 0.06754145457199245 -0.039452925733147216
0 15 0.0645342493404214 0.03059772124469273 -0.008368073364724745 0.09563774080658334 -0.08425683520854224 -0.05256205700999676 -4.8229552955702116E-5 0.030715707049943926 0.08312492589132903 0.015234186676838981
0 16 0.015211162159372658 -0.018957433018604593 0.014308735761108459 -0.010974283076286727 0.06912284352015026 0.08395633291440317 -0.055676288177122016 -0.02349463338209649 0.02833557888668712 0.03014261506399899
0 17 -0.048644309476988314 -0.09039067737046902 -0.0743776380528448 0.07190699825510333 -0.06096968777571162 -0.021755245454478194 0.07403529111708879 0.03419090676721015 0.0757534403523293 -0.06769094815354701
0 18 0.03627694301195952 0.07370573492411503 0.05539097953580982 -0.03434488534797663 -0.02858233180599386 -0.030174251755346587 0.09382979375783479 0.0931191635966669 -0.08498746999590695 0.07241686525805237
0 19 -0.049722899468325296 -0.014202310072011734 0.06243220167086742 0.047459757133176045 -0.047900048553648045 -0.08291213720070643 -0.0929488611223935 0.07607875257853218 0.04750093577528798 -0.024629626634540495
0 20 0.0345895563449316 0.0635719399054292 -0.0011582359301737237 0.07268443194992628 -0.045826126965640625 0.010558774325648059 -0.07170582993540629 0.06237367901780198 0.09555814820251397 0.015553766563685765
0 21 0.030122806478008742 -0.023892709949606857 0.07310706588993898 -0.05832568171942062 0.031987419222910575 -0.07697806025758082 0.0819010052725525 0.04087093565118404 0.05804411628205224 -0.0011373928645488545
0 22 -0.08369201861763104 -0.041869330798128684 -0.009176157887172624 0.06653795751660486 0.01070279188409961 0.009248166017367257 0.06607392274682454 0.06265738971979667 -0.07754495229580445 -0.07559660696664704
0 23 -0.05918372984351732 -0.05488793869724554 0.007038557927308208 0.0318069865653038 -0.04654757632178325 -0.03178169939870676 -0.028681706677349792 0.03498050336273015 0.0630571840372727 0.08050472081897975
0 24 -0.022950923957045864 0.05885502092012257 0.0879744900164274 0.041867198295881765 -0.06060164804108161 0.017036189222421897 -0.07537456222847692 0.05181425960337304 0.03069830219573693 -0.0025272101551514054
0 25 -0.005932673033582729 0.07216740760885838 -0.05967019420916648 -0.09052809841379264 -0.04780362664943558 0.049350618647978434 0.09872924545335691 -0.04570197577622334 0.05971687313009847 -0.017529047172362807
0 26 -0.0969743381604636 -0.06015882413536631 0.029676590708367985 -0.0797099197691535 0.08373546091160304 -0.023571566344245922 0.01883370549058103 -0.0590848038944569 -0.05494662656593187 -0.0933604880901416
0 27 0.07280536973273902 0.01132828483102287 -0.09650603514941937 -0.08907967719315282 0.06890396888666808 0.02882449356838751 -0.07860812852482449 0.08338202389720292 -0.0922356186984946 0.04712290822928019
0 28 0.02550952634223241 0.09856917867623682 0.07151593739822024 -0.08552505841037436 -0.09794957269484815 -0.04794475681229909 -0.06002515555711857 -0.01439478597331392 0.025482711839167678 0.07906955093917313
0 29 0.01751896941639394 0.04462995676504095 -0.09159409247024493 0.08675353099192196 -0.03386778618495335 0.07657170031876898 0.005135818846135491 0.06347093046171746 0.03775469677574016 -0.029582543800211244
0 30 -0.08788487488348794 0.04697232630484974 -0.04794304971726411 -0.0971955652456648 0.07158202004830913 -0.004908616421166238 -0.061571496723490805 -0.037255423208494946 -0.023424972502889087 0.07079274948210984
0 31 0.01699126526426515 -0.01144551381174825 -0.014895667286932611 -0.006725704921375637 -0.03656282781128338 -0.03522424203278358 -0.0057234687035452895 0.023112146328327466 0.03188038214482974 0.08446303797755432
0 32 -0.04111438673772342 -0.029272756662825056 -0.04967693293475698 -0.03298241312892541 0.04982652799814419 -0.02393550306928874 0.0475205307391319 -0.06258827660676732 0.0866009906902215 0.05999408838395517
0 33 -0.013921576292525353 0.09528473509946256 0.08499637105568768 -0.034019952380739814 0.09060198270364264 0.04683153368062146 0.07216731151471127 -0.05803335300219477 0.010169927551476797 -0.08964114891322587
0 34 0.052138021963074814 0.06757840976961557 -0.038802730754661584 0.04388844225321638 -0.0802779276228549 -0.009636194109207399 -0.09818814897187801 -0.08598398047172946 0.03774923805741371 -0.03066706119518667
0 35 0.04915590932465093 -0.07510127947359158 0.06319568037318238 0.055872873045227874 0.03717033094612984 0.050904210499550684 -0.014647732963491507 0.009755884369806695 0.03626240176929945 0.047697810866466094
0 36 -0.01558369861213741 -0.07882020584125417 0.07920671990972392 -0.003799896072299078 0.08587078678579584 0.05848566257430854 -0.028516623293498237 -0.019187207416425142 0.06963985507417293 0.05756171852572778
0 37 -0.025724921797287432 -0.028043894573907602 0.051790808740077014 0.05691950582949685 -0.05367049350525515 0.009506452693373682 0.09579917359711315 0.030490417580808404 0.06154815646434696 0.05413082557269657
0 38 -0.04684789106249809 0.04218580201268196 -0.030782485380768776 0.04112384840846062 0.017739612609148026 -0.02493625320494175 -0.0053310394287109375 0.05803104117512703 0.015696072950959206 -0.03387739509344101
0 39 0.0706227811858022 -0.012191967442105682 0.07417924408701211 0.04085263669664125 -0.04147615103015669 0.04175372967393226 -0.02537816000229117 0.003571553898524671 -0.011337333320708286 -0.03283433394673318
0 40 -0.08621362584174642 -0.09949918142931352 -0.022654766372292124 -0.0890129868303356 0.03367278110115368 0.06195452575438859 0.041448473579579447 -0.07960566568426032 -0.013220148786519073 -0.09371720338682382
0 41 0.02574583102813992 0.04533307680328851 0.06535618205094228 0.009713884269362174 0.0862897427266208 -0.04540066122802379 0.06525384188498014 -0.0030986431867858176 -0.07159209795742913 0.0708850443908165 0.030977135524153612
1 0 0.05754144117236087
1 1 0.013585602864622986
1 2 0.059399694204331215
1 3 0.06244472414255107
1 4 0.08707206696271941
1 5 0.04823142290115389
1 6 0.005368775222450465
1 7 -9.152710554189972E-4
1 8 0.022945832461118153
1 9 -0.04263762384653107
