## RankNet
## Epochs = 100
## No. of features = 41
## No. of hidden layers = 1
## Layer 1: 10 neurons
1 2 3 4 5 6 7 8 9 10 11 12 13 14 15 16 17 18 19 20 21 22 23 24 25 26 27 28 29 30 31 32 33 34 35 36 37 38 39 40 41
1
10
0 0 0.044334401631575836 0.13338992151555165 -0.10031077442823538 0.003969087586394104 0.08169335068347722 0.110771691975057 -0.031071672430444754 -0.011050715529278542 0.04349884523681624 0.08345676598752869
0 1 0.03158865675084254 0.1679185108944365 -0.02275147307368414 -0.13441952626905 0.1816495921850884 0.12405642366472924 -0.08877403327801493 -0.04959456575014387 0.09757106500763062 0.059203520537709005
0 2 -0.1939688382475065 0.9638851827753423 -0.08388887743747316 -0.3470603343633027 0.46988477719232485 0.4200259260671491 0.085630090124252 -0.15083140458480257 0.08592471012800354 0.10533277371535431
0 3 0.04132209575727037 0.32312263485558584 -0.10610523727183208 -0.15322939863907575 0.15986877662963295 0.07821702545731492 6.612326342414928E-4 0.02893464941119465 0.002716693535684493 -0.05450215842011707
0 4 0.03413974882657941 -0.1122438719528268 0.10775505189532365 0.11666696118479954 -0.11969260785950717 -0.07513752964187981 0.014677298107662426 0.0699782129793353 -0.023893589946639603 -0.11137507029806128
0 5 -0.00130663312959572 0.3409861538146222 0.0050328226498689045 -0.20543413065048294 0.08561706730975226 0.05545147515502379 0.020526979642532514 -0.09657359672725525 0.12003247542209552 0.044696181149424564
0 6 0.0014203253939039664 0.31344957038206744 -0.00677735332246561 -0.08129374770754506 0.06779348282887834 0.18548282028744578 -0.0791201668810553 0.06249064651637882 -0.07957037111936265 0.030029229908474456
0 7 0.06380648732093308 -0.13969315299386348 -0.054099076174572325 0.018629580391028404 0.08697755003526575 -0.05532393041004825 0.06157322861301104 -0.0842510399652279 0.040140194435583414 -0.013918523029872355
0 8 -0.03447115819712398 0.0307886136060533 0.008027468734614412 -0.05715899420532794 0.017259344683653623 0.09222647243775481 -0.05892703139171512 -0.014959278342298332 -0.0476430537377124 -0.012928209892263502
0 9 -0.026244879253007922 0.37113606059536625 -0.007608227662078329 -0.08815010358700014 0.1218170988945016 0.131541587268181 -0.06256183344088488 0.06899138165205156 0.013668282878267131 0.001783229630046213
0 10 -0.10422107540343535 0.21039795304649841 -0.061703505019609264 -0.05880930392423382 0.22010596896636556 0.029537661144797233 0.06711212990832899 0.04282017067171676 -0.044515107719991724 0.0229824190509294
0 11 0.0019004102058258374 -0.15302130016871077 -0.08282195700834609 0.09513671914780374 -0.11547901402882838 -0.0027190256505826554 -0.008741906733288117 0.03534334183637115 -0.0913898250652486 -0.09205730938879524
0 12 0.055199563408718476 0.37092297172584526 0.05999698054103527 -0.04062163745330321 0.19560825486628178 0.03101157984938945 0.09535403630556154 -0.06692730736286419 0.03735063716945679 0.035041349164753446
0 13 -0.0916224685366291 0.41612676432943074 -0.02770194902082639 -0.14588415809986693 0.09417303305058891 0.12392261272449513 -0.09020771956964362 -0.03790168542548799 0.04997440408987113 0.07981750861703471
0 14 -0.11599646772187941 0.2638757082377558 0.026018921452169764 -0.06634065695121558 0.03505450483583548 0.1032957951921096 -0.0025299047365194473 0.03979561120737599 0.050642881945634884 -0.02375411073938277
0 15 -0.06185617987037806 -0.09032434796890353 0.048637575245367416 -0.04846125625620113 -0.008111901839710289 -0.02710998343462274 -0.02531352822616844 -0.04145777850886068 0.027016643661652535 0.062185602790153324
0 16 -0.0086905549078214 0.12535477728198027 -0.10057954561234839 0.06445951464494538 0.009383779439695155 0.11677626002460362 0.029725712405104007 0.021042418615320923 -0.03324391789430373 0.027526987912601022
0 17 0.009309062258323387 -0.016825146982376006 -0.025156369783799485 -0.11542950806637328 0.09843479166802066 0.1265398022879763 0.05795389609402847 0.05456171484007527 0.03244617592860138 -0.028804620216681908
0 18 -0.11298756645976417 0.1752774328900849 0.06403729947073399 -0.13444577108862277 0.12086730438023671 0.10565841918614384 0.060121167388618786 -0.08163431105607934 -0.02903389067759113 -0.0273256113788627
0 19 -0.06868727607552572 0.22012417450701674 -0.04450319461590049 -0.015201614054707746 0.12593535549377835 0.009571288486820794 -0.03718336508361327 0.01628737252751613 0.07034578869955235 0.06469182226601894
0 20 0.0268813720233567 0.22158587452099263 0.014918454151931338 -0.03595286529785771 0.14687378720558422 0.015350408828500703 -0.023773339713519703 0.08253162443018003 -0.08223270537173694 -0.07298388061674985
0 21 0.07773654665967714 0.1312230796893688 -0.09708321847713004 -0.048936432078915945 0.02412100788327378 -0.07395974852833295 -0.07062756594410918 0.030660181155545477 -0.07894544227082581 -0.01639642291262202
0 22 -0.012057384727961478 0.16921771479008804 -0.022618422128935223 0.00971473521233381 0.09858345282000747 0.009998892183803636 0.018898782426818743 0.0222023726531692 -0.013018159710497051 0.11062530579449319
0 23 -0.03126648303500656 -0.09689517169882092 0.07321562889613711 -0.07550816377626514 -0.07700500822102642 -0.09826123538896334 -0.043127809979421165 0.05443195437874477 -0.023504656898754576 0.04582714119526706
0 24 0.059858575718773725 0.1370211122037944 -0.05092292474042453 -0.12487714467378654 -4.62555624463779E-4 0.03266190409696598 0.07189951439139079 0.027810291413739956 -0.0852932167134165 -0.05141771203822531
0 25 0.041842735575936076 -0.10590509755758178 0.04350218864974369 -0.02726654950770782 0.019330648123323132 0.0066717328859236796 0.04676998287767001 -0.009262035735063323 4.6150435565297653E-4 0.06759731989049445
0 26 -0.012985981097425811 0.18242655591156018 0.06239241872980619 0.01233945057710369 0.12599116494398718 0.005895285525000795 0.026735194902898413 0.052725524198432905 -0.07652902907390036 -0.03563252108570828
0 27 0.06318010343346148 0.16002312230901244 0.05707414821329539 -0.09136272010475457 0.03140962598217553 0.06743738359412843 0.016928782261278207 0.04218181868925266 -0.015179048957866143 -0.021818052706325447
0 28 -0.0043834536974731 -0.01960788152156347 -0.0034953246150086228 0.056411613203907925 -0.0034565627958482695 0.028527579293896092 -0.0716724410074473 -0.06975259824495758 -0.07706151328912222 -0.07780877118127259
0 29 -0.0018818269025723232 0.03745098421163104 -0.0071774005584266986 0.05298645158680471 0.03155533058292346 -0.04154852954066638 -0.056994475937626105 -0.011970079286059051 -0.032692351691397704 0.0039419576569241265
0 30 -0.09116978681470618 0.07319364145657248 -0.09052363423285444 0.06002625663074648 0.04306051407036522 0.04591829104411434 0.006572287531067962 -0.06916324791033145 0.07081736952451306 0.08456039983908668
0 31 0.07256313946569305 0.04797513435073539 0.07756942926649643 -0.12898624950436985 0.06976768794036872 -0.018094748793112774 -0.029515158564031578 -0.046002918798946205 -0.06262799820701387 0.016219646063053816
0 32 -0.08502176797996865 0.05128586187720225 -0.07772259695498655 0.06011118332298243 0.1258115427249367 -0.03618179581710567 0.017513752409047637 0.01503729032032896 -0.04506990182700585 -0.025025311821871503
0 33 0.01958045646842966 0.0016241732805063682 -0.0608314986935475 -0.08911535326036801 -0.03691856793931038 0.033721512297200384 0.08394792103554277 -0.07481228933292462 -0.07234695950613153 -0.09330092213044958
0 34 0.026074681318363737 2.1947285227738865E-4 -0.06138032214829138 0.048404816353470874 0.06054219759998533 0.019511676451614262 -0.030302717467156497 0.016244537767905583 -0.010064014043750161 -0.05777761167819379
0 35 0.04538864671438473 -0.020022760358847546 0.07607037757601716 -0.02423530471710798 -0.006238069643417906 -4.3992331842885614E-4 -0.003022487887183002 0.051093733076234785 -0.07365265187940459 0.08225115601061132
0 36 -0.045496097941632015 -0.03262278688164977 -0.07125260509984542 -0.11911362835871178 -0.004869854591325266 0.044307963661584196 -0.07168668380855525 -0.04529390159552708 0.08484637376209177 -0.037457387797356495
0 37 0.059978402353306204 0.017902142662799533 0.002737343121514413 -0.07666335195327123 -0.005790913552737183 0.00781731236892163 0.03449583599759534 0.010296361668236371 0.01057807895243424 0.09397196735252943
0 38 -0.021640321794627045 -0.0010276532731672487 0.03502957489345682 -0.016556965874159377 -0.0748688870461026 -0.02803836994845816 0.025419739655397927 -0.05924800756362468 -0.030965699968837676 0.03765641741270902
0 39 -0.09684216553085101 -0.09614250582105083 -0.021647281317666103 0.03250758671634532 -0.07878858686881816 0.025529004151502655 0.03312375123824068 0.04852983192464358 0.0730392751739256 0.09208253412845767
0 40 0.012013357050469515 -0.05503155401985489 0.09975997493405467 -0.1023846552002117 -0.015089976839077299 -0.00327726408658336 0.07237235342955463 0.09365746523092684 0.042603444665530774 0.0397530404234237
0 41 0.0786058669930914 -0.016612399126185746 -0.09057507594584703 0.09706352924227248 0.0026362257556155244 -0.07515679978223552 -0.05457042591781591 -0.06520451861812306 -0.09669661656435 0.03365065924397341 -0.18488101723970396
1 0 -0.22776152079596113
1 1 1.4137713814074173
1 2 -0.16039550736553088
1 3 -0.54723383602832
1 4 0.6576671039115045
1 5 0.49914830737759686
1 6 -0.006545293237390881
1 7 -0.1435211459999137
1 8 0.07362168652581771
1 9 0.09998354458054
