## LambdaRank
## Epochs = 100
## No. of features = 41
## No. of hidden layers = 1
## Layer 1: 10 neurons
1 2 3 4 5 6 7 8 9 10 11 12 13 14 15 16 17 18 19 20 21 22 23 24 25 26 27 28 29 30 31 32 33 34 35 36 37 38 39 40 41
1
10
0 0 -0.06957029161748665 0.03280210338967478 0.0224890754859692 -0.01559096417839977 -0.049882383696340266 -0.008859032517556074 -0.011409938850173523 0.018491679022042597 0.013512720406894808 0.09139772013183403
0 1 0.07324265375519451 0.0018486252650004532 -0.024885700566646813 -0.024191751837847015 0.04079411383075337 -0.06870520929528899 0.004047226015778243 0.02890701611543469 0.0891579065413562 -0.016685146611090048
0 2 0.0986740033024213 0.02970324251688378 0.07630129937377056 -0.09479256182761849 0.0416306170280646 -0.07702957585114842 -0.0074166452563318224 -0.010634786143915186 0.02047043680289661 -2.6921660568926336E-4
0 3 0.026756563829166313 -0.008637896658449735 0.08365092093479416 0.09553865136891959 -0.032699345240008754 -0.0181878873756211 -0.06530694503663084 0.009662147674745861 -0.02066490661725738 -0.0027947744969463516
0 4 -0.065635476003141 0.06093684317007662 0.08518562750857683 0.09038879251601331 -0.05249897948585921 0.06574698527657542 0.03709468597213554 0.09959701009512795 -0.07971615281821622 0.08798234583173663
0 5 -0.05059252059357516 -0.0880561046889008 0.09035098736533524 0.06948113989517571 0.03072927732919656 -0.07853241778469097 -0.0847951402054188 0.09103586081491344 -0.06834374953649841 -0.00691777619480113
0 6 -0.08187766277894465 -0.0692670170339935 0.03403698756725152 -0.0377541840963443 -0.021368901287778557 0.04049916849888863 -0.03267175535493067 0.08144137872573413 -0.03270319478633978 0.03590241684569674
0 7 -0.08211471730679233 -7.906618379110549E-4 -0.07843643645175175 0.08003820250954076 0.019389251509843393 -0.0073071399516896835 -0.04850943763766638 0.06545742959726132 -0.03061972088480657 0.04480636503859813
0 8 -0.007529128208477496 -0.08391693072944512 0.024513070169713894 0.052668897242898485 0.017421726153773253 -0.07673153080499559 -0.022900404440891302 -0.019931970811648603 -0.09415873813610029 0.09137837082047102
0 9 0.09370464032188783 -0.06308053456350303 -0.011496053211585033 0.0876942445560838 0.03446101900092555 -1.090590329792781E-4 -0.03242584042311406 -0.04602152830438064 -0.09198358564557771 0.08181154111829712
0 10 -0.04345522119791424 -0.06387058937539088 0.02458910800419734 0.05831392691075077 -0.06001973956075926 0.015553045043979826 -0.02139586578851345 -0.03530391305886949 0.08364226711400984 0.0787859213188522
0 11 0.04576630184904001 0.07721091946240767 -0.04923872897164726 -0.08053381842445873 -2.061921531443603E-4 -0.05462688717529107 -0.0018242892184559825 -0.03830721644892066 -0.006741208388879681 0.034924937087611824
0 12 -0.06686609652118691 0.009342392708440114 -0.05331868101687108 -0.034209495898333234 3.9841824821592133E-4 -0.043706356519339504 -0.08258479353583806 0.018553391015803233 -0.038736580409380064 -0.06928602667428631
0 13 0.08289784143805602 -0.05414409341154656 -0.05528512352080788 0.009278234567047686 0.01641236601628103 0.06090209785202531 0.08441092845921286 -0.027591751179918463 -0.012800260601508712 -0.005984132099626297
0 14 -0.07240356535721544 -0.0570308615828045 0.06910284625805468 0.00861584559608781 -0.022803416412171408 -0.0527486343550334 0.03478960089338405 0.008924352672974749 0.031163832411778405 -0.0422522964029995
0 15 -0.09111351358900567 -0.05185786504942036 -0.03889031264432507 0.013235435163209457 0.094700162426572 0.0024205536254195232 -0.07838917279278448 0.09565366787718689 -0.04191907559862418 0.09207696800614402
0 16 0.08077686749307454 -0.038343278312101416 -0.08925664067886799 -0.048646183213883275 -0.07649452927898459 0.08607531457892986 -0.07013625675208583 0.014079447765702777 -0.02403932393584845 -0.08720146901964423
0 17 0.07909764938810893 -0.08826367437363997 -0.0416909668966231 -0.028278856075665822 0.027631353145737968 -0.09081615345031269 -0.011756261722426534 -0.0352262433268964 -0.022602235668423298 -0.022320245145747052
0 18 0.01541957795313284 0.09541257042810336 -0.09537075317926519 -0.0494375731553973 0.07889228917886815 -0.08866960626952754 -0.09388594567862427 -0.027130554583799843 0.04372030319430329 -0.02161146283476978
0 19 -0.03050211726762609 0.06103728224225711 -0.09614089934653691 0.06481124360096872 -0.039220725455511314 0.01652832770408516 0.08262199006165273 -0.08267197255401365 -0.059846118670015123 -0.03616958659449449
0 20 -0.09970689143947978 -0.02007722268267363 0.08294161482015865 0.0038985239752106094 -0.028115335468576422 -0.010504221764252662 0.09545886856757461 -0.050061055292811935 -0.006364362120225686 -0.09991627587620316
0 21 -0.08803908876633751 0.04026447216901027 0.057001470802579925 0.06757693487168494 -0.03821299690029065 0.019145091369523737 0.009469661500156379 0.04365467451667641 0.03239514286966514 0.025561687600767786
0 22 -0.027950363918323548 0.08599686992886071 -0.08401046592933237 -0.09845761783733586 0.015454375716717287 -0.0794885950962902 -0.058812640970085366 0.013582712725663231 -0.05867734003296195 -0.06281854051356744
0 23 -0.0721797397621258 -0.08492055060958384 -0.06793257759498142 -0.07695435802720592 -3.1723316675327096E-4 0.06396992266936574 0.09890337560430812 0.042509522723243744 0.019903820020251206 0.03707392360494426
0 24 0.05897414781145966 -0.05205245024490178 -0.005949063952437311 0.014441567674507478 0.06037757537315133 -0.05022212412542884 -0.04092725928237639 0.046613277216397304 0.04365304981152379 -0.043072344868979894
0 25 -0.09970922427713665 -0.07025029118866538 -0.07133891514322288 0.042265439285491584 0.04928192352247995 -0.027755005540468503 -0.0871889026111362 -0.09460166231547316 -0.05628618912840082 -0.03524475411254366
0 26 -0.05897289007142775 0.0953414819469887 0.07616616498120873 -0.004231428751502511 0.018582154619428647 0.023605508539599487 -0.08761580585303493 0.034383333490471686 0.09753097106889505 0.045526070744569394
0 27 -0.07349989750727523 0.007094096688127258 0.07572361155455187 0.05794292210831981 0.045475519004626014 0.09843441915875653 0.0555530694432724 -0.052212591664515924 0.06921895539476011 0.025719581029231976
0 28 -0.0581646234686641 -0.06073875150527562 0.013108848159443996 0.01732267344934181 0.0358716366577006 -0.05064162670780144 0.09656024623119551 -0.0646681596999859 0.026561953108329928 -0.0914291350280448
0 29 -0.030419397629380087 -0.07521495021424784 -8.721826836974114E-4 -0.007239825061463055 -0.022372855068185253 0.09704326950315831 -0.011467843307450189 0.06296556500166979 0.06434944154868709 -0.024463197746983023
0 30 0.014626273004885152 0.004815864877882749 -0.03763502885406601 -0.027085547074405893 -0.024463585898023617 0.09255364669816527 0.03946702571513397 0.06909684910624113 -0.0495979016059471 -0.012848543836823462
0 31 0.08971834343880596 -0.09396674909617485 0.08295989156762293 0.06278431207256253 -0.07447051300263977 0.056814046444840026 0.03944818562285734 0.024120939936117497 0.0658793497139176 0.08228045332325355
0 32 -0.08859245915473613 0.03336881330648713 0.09657482060166614 -0.003813994660960956 -0.07666325730089947 -0.06029415792337094 -0.06398977473614141 -0.024263220800558084 -0.027117908534513995 0.07550367019622649
0 33 0.0305493742671484 0.09959350781277894 -0.08292876011258271 0.0803696021549146 0.0011709681204729319 -0.001809165837984913 -0.07326274231512481 -0.015596002434751111 0.07816922237569786 -0.06973077072392561
0 34 -0.005001453341266092 0.04227696168046447 -0.054189393280904885 -0.0913885169677728 0.01982908248460882 0.011774934851661784 -0.04063708893754582 0.08986031301869189 -0.01139198618714101 -0.0022621095498906304
0 35 -0.029824974101439018 -0.006260876622886542 -0.06894682670896789 0.0011518770728919504 0.049241936337491715 -0.0794180727035365 -0.09409659580929436 0.05439303967879475 -0.0049365479432203745 -0.027218579874086074
0 36 -0.04940484153139371 0.08943013021100396 0.002127408908288683 -0.02121144209069823 -0.09904662777298197 -0.04053167002105447 0.09194890387838595 -0.030091868637522227 -0.05044526425685613 -0.07051428630777647
0 37 0.029369723186261874 -0.08113347390036227 0.04095131521300385 0.08704128596043753 0.011336331963819179 -0.04769559214636228 -0.08550958118387104 -0.09965688333612893 0.027762544178972143 0.02888289494824148
0 38 -0.07683878391981125 -0.047421496361494064 -0.08400899916887283 -0.028727376833558083 0.025919979438185692 0.0570434108376503 -0.04043670743703842 -0.07963795959949493 -0.040993016213178635 -0.05561040714383125
0 39 -0.07224403642355949 -0.0766899492930213 -0.06941430671979368 -0.07369427630007466 0.07533213782725422 -0.00969657849275579 0.0689166393523737 -0.021272247474207674 -0.029176805563609017 -0.08360973662483628
0 40 0.03202929153300486 -0.009396512260691188 -0.08204649725353709 -0.016729889162972533 -0.06103655031620383 0.02093749723307525 0.040562770309426996 -0.09269738791871544 0.07895238699676774 0.002378511401393104
0 41 0.07435066123857786 0.04868680843746364 -0.012713342933740227 0.044694809981158226 -0.016233616536884578 0.05656772710724861 -0.013656028219620676 -0.03395064722272344 -0.07820621652128033 0.01004083744897525 -0.0026286244392394824
1 0 0.03395897150039681
1 1 -0.024521315470337673
1 2 0.06490244716405963
1 3 0.0651384741067885
1 4 -0.06569446623325176
1 5 -0.05174807459115982
1 6 -0.03076885268092156
1 7 0.030504245311021364
1 8 -0.08813611418008839
1 9 -0.05820511654019243
