## RankNet
## Epochs = 100
## No. of features = 41
## No. of hidden layers = 1
## Layer 1: 10 neurons
1 2 3 4 5 6 7 8 9 10 11 12 13 14 15 16 17 18 19 20 21 22 23 24 25 26 27 28 29 30 31 32 33 34 35 36 37 38 39 40 41
1
10
0 0 0.007532202610741308 -0.3536292152661836 -0.01170300990962812 0.057437810710887195 -0.04014551003917921 -0.044683902076039436 0.22992311071914112 0.0547062383686827 0.18733268003053125 0.08446362281546024
0 1 0.015046371143517985 -0.32181433898006534 0.07525959306070558 0.11522759225981254 0.01772621889683256 -0.20487676832360796 0.311205075296528 0.15838920167031506 0.2300181496387036 -0.009376417078662156
0 2 -0.33187597966764165 -1.5192419959899945 0.06405803760602434 0.668358369449081 -0.24887627972071746 -0.32069212031329053 0.8820189437453342 0.4712826888461127 0.885301727394653 -0.04569063986383268
0 3 -0.08395891916148218 -0.6103741934553897 0.07368500705874759 0.30349145298828256 -0.02644983895368078 -0.14212290318833923 0.36304015474032514 0.23820566031706153 0.38189607060006076 0.05385069608843751
0 4 -0.02960719080564176 0.18695143027251349 0.05966454251753536 -0.23893573436002072 0.14068686475202521 0.04791515193472318 -0.13118322528571894 -0.029004993424032052 -0.2971189264131407 -0.02233767824099361
0 5 -0.061172572123604184 -0.6358793043565671 0.0459048214096134 0.1630589671167252 -0.19793600992429775 -0.22887361158110664 0.26587864502699654 0.09453391552322918 0.41409656795032895 0.04288679357799675
0 6 -0.17149011176310247 -0.43656309313729275 -0.05940465577010329 0.20552301664835793 -0.07800327963543956 -0.10994351014075902 0.17178612253743156 0.16046865428326892 0.29132217006703703 -0.002126379070558956
0 7 0.10301316063611655 0.17421939149410423 0.006247718540749973 -0.15824650909957275 8.080515412146211E-4 0.062080891156593855 -0.03110236340098156 -0.10550053505180094 -0.06186829988361643 0.06883771089690464
0 8 0.03586333143350405 -0.05112903019127219 -0.0699918585960702 0.038990667406699535 -0.09179576738048588 -0.08456876769517926 0.1031448202718482 0.08952068781069558 0.044367039604268695 0.034408370991155963
0 9 -0.20017999735355368 -0.6038003386311948 0.06570309849607803 0.3035360885554403 -0.1789806844400702 -0.253135998072557 0.26877891676282334 0.21540833705421825 0.4568802978399453 -0.10834611611593453
0 10 -0.1623651665067816 -0.5437872246191322 -0.041639877535278105 0.16565153189078546 -0.18804031318086054 -0.18228734191898285 0.31650150941379873 0.18481406540696552 0.31808709029666377 -0.003194567915223716
0 11 0.12012066718824091 0.2709070610812043 -0.09658352988612526 -0.08131017478412951 -0.02200551060291153 0.04096988884460456 -0.1521249314932644 -0.1602788746929968 -0.0960491804166746 -0.060448799206183804
0 12 -0.028224650050685408 -0.5731162662017792 0.051934884825026346 0.2850605256223765 -0.16536219048593473 -0.1680027729958485 0.3045879565754609 0.12157994938604724 0.37469168355603333 0.04011801599817052
0 13 -0.06061466185298691 -0.5795116796721697 0.09949269209152346 0.15843733790986883 -0.04475418357135847 -0.09902544360736291 0.24452783771775208 0.13820065353834654 0.351630944397232 -0.042034715381176035
0 14 -0.009116291739829576 -0.48153371811537965 -0.04472483796406943 0.26060317028028307 -0.1383582180541916 -0.18285907459832465 0.23572486813508414 0.06353816395782104 0.3421629043317524 -0.03139999945931079
0 15 -0.078824054453392 0.128456293929401 -0.0937292134525789 -0.12483849919515416 -0.05229639151546781 -0.039110756428513985 -0.05189041112766616 0.023539572825846535 0.05295154134933064 0.07300366820298242
0 16 -0.12563327730296403 -0.0661047676135204 -0.03571700528871435 0.11330631519407056 -0.0038496273864111613 0.04151154675454555 0.12402750197637846 -0.03611140547232837 0.027054885857367962 0.03990559017295693
0 17 0.03682868694734916 -0.23413685836075526 -0.03089363330704764 -0.0016928436744563149 -0.08766574485262899 0.06379372424736826 1.459614082389991E-4 0.0057306538679275255 0.104634449463574 -0.009528585214251513
0 18 -0.05812997685205154 -0.40014654313606723 -0.0504693377502226 0.08299958032411658 0.03588705396867287 -0.05999179690443631 0.11903444643490596 0.16894488610698621 0.2103016483181731 -0.016736960581248104
0 19 0.013582029995267574 -0.16928412557258785 -0.03083916930684173 0.12049952519394856 0.04628746116529838 -0.04854272598055684 0.05153684748486105 0.08449438958037422 0.19347408473160488 0.014380641134406591
0 20 -0.013596001577928254 -0.21030738976888994 0.011937807697503425 0.20100839290471698 -0.09670453199054757 -0.07642058799288393 0.09580936998568011 -0.009353387803212078 0.1108479269511486 0.039531050579955145
0 21 -0.058621075370828106 -0.16279353892563292 -0.03916479829198551 0.10428403270447871 -0.020986646790147098 -0.11256721915536134 0.08257966064570509 -0.043171932812591296 -0.023092743269407537 0.006568843251930601
0 22 -0.0040110146210279906 -0.36065518619720305 -0.04819349495448954 0.0739036155957202 -0.12315524236749405 -0.0884392662978137 0.2737490362956118 0.07692178598766303 0.14330550759906052 -0.07335420231848293
0 23 -0.038544318977258844 0.08238409717655386 -0.09336445425177978 -0.027270428332688754 0.062683359295982 -0.064683341821653 -0.0674262752738825 -0.09160248584598675 -0.03275516122779512 0.09978345963937837
0 24 -0.07466387462352399 -0.13513178287089822 0.06662894597042454 -0.034255892387663175 -0.0917330184381036 -0.051294363074031034 0.15209920177084144 -0.008129991826621807 0.04424648532405811 -0.06097167805812651
0 25 -0.0113380392618277 0.16167853253030934 -0.08670305828442629 -0.18207344457806554 0.020993620498043663 0.06719105369616095 -0.20220128218363118 -0.04658578121022453 -0.25825263051333464 0.0743679418770466
0 26 -0.10172866873096083 -0.11873047946914082 -0.09295197273796006 0.09293298287495862 0.04815849838539291 0.03936912476016234 0.027127964658004385 0.10210894126482757 0.03625436852247478 -0.07024547102727989
0 27 -0.07482925587749863 -0.1913816587330064 -0.01852398769015509 0.046023750508616866 -0.013747500632023244 -0.11655239853910417 0.15908752355386083 0.13298855061330495 0.20414133554162237 -0.10185176173943888
0 28 -0.03993458895178817 0.050351662659237566 -0.0588892046843287 -0.05696269339269597 -0.003645692639329735 0.06510397681434181 -0.11359250867890838 -0.03382408188108831 0.005530377258331726 -0.09627961315872556
0 29 -0.09708058619191848 -0.05840894182038067 0.06502245727740205 -0.013173555758061733 -0.0519356614814867 -0.0941775951311481 0.09288031509472448 -0.06744756488259378 0.019507264639975742 -0.10023393104033546
0 30 0.061169358273599095 -0.0440953135136528 -0.05294159363290358 0.1011282583239039 0.05446008648884118 -0.09106671040872844 0.03836033679855837 0.03835845880012032 0.008582086232858747 0.08542891565783964
0 31 -0.08323282946867364 -0.1178880069222585 0.10336864373644711 0.09412180317528483 -0.1165222359734781 -0.09889581262738772 0.07430260639511194 -0.006934906257183889 0.09910653323054854 0.09396528477826575
0 32 -0.07909402607701305 -0.16940179878078077 -0.056066446602920435 0.14944402034162918 0.04492338007650915 -0.011296983269841578 0.08588540551285774 0.039704142123013896 0.1600199041967987 0.022669447249553533
0 33 -0.043180347374563874 -0.07191392188580513 0.07765874571665808 0.03815254073152735 -0.075151611412171 -0.04552888642304729 0.08816772784775798 0.019257623870085647 0.13128969899207174 -0.024308744319036037
0 34 -0.018583006316636137 0.07263474371650894 0.08137013912036677 0.010190159414661637 -0.004407701734551503 0.016158435738236162 0.08781641164150583 0.05496706275982368 -0.06553997980472813 -0.006011247552879641
0 35 0.07487215164330314 -0.002247738935099904 -0.03862880729957337 0.05495316862476711 0.07036550249430411 0.09726348886608058 0.03877560561678869 0.038573234250063516 -0.009878558280247326 0.04985152447120885
0 36 0.023060722843126633 0.062295964271859135 -0.08394705755730099 -0.09601115465457334 0.06440102670875027 0.02179410984080327 -0.06708806634171308 0.011269018232382988 -0.07708100618639833 -0.07208797297490238
0 37 -0.07949092026802104 0.035838252236821556 -0.07403297415912972 -0.12577048080483447 -0.03673267884405214 0.10668890280609628 -0.0203429043924538 0.0035885253768797344 -0.07141394454790209 0.047937326518926036
0 38 0.02269864315623398 -0.08337120267368678 0.06396602436656286 0.017531399235229502 -0.07368343472595851 -0.07552763731326671 0.05381678517634655 -0.0800149844867432 0.007808044235374776 0.015171531042602883
0 39 0.08742869645357132 -0.020593494176864624 -0.029235046356916428 0.06437240540981293 -0.09747522324323654 -0.027268314734101295 -0.06782592833042145 0.05895644426345825 -0.09177239239215851 0.06240512803196907
0 40 -0.023354853598477877 -0.03630667356106187 0.043380020112569 0.001826413366917569 -0.01257489657570943 -0.057655386477029294 -0.19157293533615763 0.03224160236019008 -0.04071276998741338 0.019917851298809817
0 41 0.11537721537313757 0.06738302596378244 -0.08261005125153817 -0.1366325937701945 -0.0018189005269375082 -0.0014391632665415593 -0.1878269307386355 -0.06398355092813607 -0.06517122390224891 0.034672451962174035 -0.40616511842113684
1 0 -0.5615089410580263
1 1 -2.199503616339453
1 2 0.002230689209075529
1 3 0.9597113974917726
1 4 -0.5712039308612518
1 5 -0.7429315329210752
1 6 1.2545187003202547
1 7 0.5941953283396852
1 8 1.3779146159172624
1 9 -0.1745106112577616
