## ListNet
## Epochs = 1500
## No. of features = 41
1 2 3 4 5 6 7 8 9 10 11 12 13 14 15 16 17 18 19 20 21 22 23 24 25 26 27 28 29 30 31 32 33 34 35 36 37 38 39 40 41
0
0 0 0.07927577418989837
0 1 -0.022211262696998284
0 2 0.014336727907969153
0 3 0.026966153711659523
0 4 0.03251092453501722
0 5 0.006769996015295531
0 6 -0.08959033923666351
0 7 -0.08629371211924752
0 8 -0.08752632458264878
0 9 -0.08345147736960337
0 10 0.019383864001843467
0 11 -0.02176680939366646
0 12 -0.05986579755982183
0 13 -0.02114105724221868
0 14 0.016007846285778907
0 15 -0.07896384423997105
0 16 -0.07488643556204042
0 17 0.03601719129364231
0 18 0.026131125694068055
0 19 -0.05136069308217177
0 20 0.07706929929675817
0 21 -0.05487773092621985
0 22 0.05654187994300883
0 23 0.05726405656918872
0 24 0.05361253936185428
0 25 -0.045585376130919134
0 26 -0.07643933433592875
0 27 0.051893102273696735
0 28 -0.08465696671251378
0 29 -0.07449800135976692
0 30 -0.07431257016746087
0 31 -0.04740824804316927
0 32 -0.022394007702695607
0 33 0.06965029686235923
0 34 -0.020561208543940522
0 35 0.07098393327722163
0 36 -0.09026679622583386
0 37 0.015806169705098738
0 38 0.029192153472244676
0 39 0.04374010271155674
0 40 -0.06368521346974786
0 41 -0.09559524059295654
