## LambdaRank
## Epochs = 100
## No. of features = 41
## No. of hidden layers = 1
## Layer 1: 10 neurons
1 2 3 4 5 6 7 8 9 10 11 12 13 14 15 16 17 18 19 20 21 22 23 24 25 26 27 28 29 30 31 32 33 34 35 36 37 38 39 40 41
1
10
0 0 -0.07624288410526328 0.054905296881435486 0.0116618381715658 0.005818192767898871 0.01342542671133967 0.04930425559643045 0.0794057759206211 0.0700101067307475 0.040766819559059746 -0.002580704897942212
0 1 0.03179307858215302 0.0023247921544094184 0.02660860215676069 0.04805941135948134 -0.06637555489783463 0.09850124507212417 0.00906428208107749 0.016976138382593875 0.004626195558766112 0.09500402960804598
0 2 -0.08884708989950851 0.07402658751329232 -0.04076411776901232 0.02998961563439923 -0.030263524891815198 0.021965688667136118 0.008619866000676941 -0.03884657037471073 0.04360921921478242 0.034760692836739625
0 3 0.05269166241498428 0.03249020229934324 0.043111543252757595 0.05589329569717225 0.061681919637980226 0.048799283242009085 -0.01678456219853287 0.02418281407624846 0.0548299991170694 -0.09129115005947834
0 4 0.09434509926431506 0.04637334766711905 0.010973070275809594 0.09195477747569517 -0.07365514666070799 -0.04014810708438661 -0.09648767434911384 -0.044575788305414955 -0.049405047358486054 -0.0137472107683687
0 5 -0.07900700603488008 0.05283400553078795 0.08928634621093977 0.030605416564559815 0.010291712442883409 -0.032350611076924427 -0.02042852629100859 -0.03305173046215365 0.022305631564002445 0.08439477897916614
0 6 -0.021726019198018767 -0.060499733053812205 -0.013065926855549762 0.03354457790847435 -0.06399339580234109 -0.008939331113273524 -0.08563481605028006 -0.08200548013269987 0.005189873766662387 -0.015121938187017866
0 7 0.0675765344541411 -0.09073683579241053 0.027645656190342125 -0.045008688206140464 0.06255920945432537 -0.03839812432268689 0.09811107278915204 0.08545204135044458 0.07296330063298317 0.044238245178444914
0 8 0.04292693641718164 0.010902135002666263 -0.09202732161842421 0.07003454788160907 0.05524541108619214 0.001052048632008042 0.08318956669409792 -0.02675334456632708 -0.09669893810608295 0.03889939151595418
0 9 0.05231825442594002 0.023533517664418652 -0.0092878559618406 0.003184601302104301 0.07174416203407334 0.0907826443831064 0.028890186027161015 -0.003965517707359718 0.032885074262350926 -0.09865393528602148
0 10 -0.08001922715727469 -0.07689079232422943 0.08845549137376055 0.06879477471275329 -0.035745199426572734 0.06744223111132633 0.09469252191608603 -0.050862642295828674 -0.046918311268394346 -0.08332134667764265
0 11 -0.08078573196492383 0.0885878438715694 -0.07961344695154964 -0.0907021792175345 -0.050743696127888746 -0.05777478589194252 0.05278796485732626 0.06058644678962202 -0.07348951998517769 -0.0938487500143092
0 12 -0.03279170077713171 0.04629664693344487 -0.025006968181652704 -0.062071181625530346 0.02596965294305255 0.08607647227908449 0.027885382828115163 0.04370230866271456 -0.006751617698990755 -0.08484466781355275
0 13 -0.07395021801693662 -0.026696944228894258 -0.035499321310954256 -0.01658896655250295 0.0273139555402939 0.08933690223067584 0.04439591685504487 -0.03511943359114667 -0.07775750264855719 0.06438223998751941
0 14 -0.02127069825529706 0.0495808917828917 0.057612250590598046 0.05173442504861359 0.0768116867866214 -0.04366013747165059 0.03546290041204474 0.026058728085035707 0.05900348313701483 -0.07418663888655945
0 15 0.08107094691558289 -0.049980763193001786 0.07107374518713964 0.08378867817976371 0.021355536840419024 -0.06203253728799195 -0.054150312757799926 -0.002270126549447438 0.02157292976479543 -0.053448629025134274
0 16 -0.02270181466531558 -0.08953945616600639 -0.08569937472421743 -0.08968282509417853 -0.07644701465483397 0.09882700323928538 -0.008482378819428024 0.056216903923332305 0.06787135858489446 -0.092759397048288
0 17 -0.010061283595178602 -0.03167027926598512 -0.07562965320817211 0.05415635265659368 0.0498809536446219 0.09924980254416181 0.017817060461264685 0.07151286749496269 0.04685443235065124 0.007972077206485323
0 18 0.041771105527757355 0.06436945089209643 -0.029814242775686967 -0.08674726222083386 0.04330114191248585 -0.03700760653673132 0.004644030652813889 0.09572054660804324 -0.001037995737240571 0.013956811174009619
0 19 -0.05159368081312467 -0.07246046803529527 -0.05993035261668657 -0.015604584100428778 -0.06068257078938025 0.09178776362552166 -0.06055882039316046 0.0776103539168624 -0.07160770777234207 0.014187278817451876
0 20 0.09228821533824505 0.005877533019639012 0.009105386870075224 0.03956214502252341 -0.041429600751413866 0.08326894920584005 -0.09549317413807337 -0.01973043816061844 -0.01752464355052715 0.015105094722942743
0 21 -0.07825519312242019 0.006890533129097383 -0.06570816797305343 0.005142844332527867 -0.031199279868240056 -0.033881439524509234 0.01715103934716824 0.006426111163262945 0.0756373515387171 -0.02543067785457683
0 22 0.08495181009079433 -0.07801326844779172 0.021047346458259435 -0.040180378058927 0.08704792501066054 0.010252546752342325 -0.042507953384527515 -0.029081797896087367 -0.06656762541462538 0.05160042134290136
0 23 0.09672709515807836 0.07564986734980864 0.08425532179389168 0.08152662005839846 -0.027629945672335395 -0.05160117210865068 -0.07647656225468111 0.026490627115593232 -0.029602040144179154 -0.08294764106989877
0 24 -0.01129588000120457 -0.007082902575603763 0.013309901384843852 -0.07020187573891486 0.021915777082420023 0.04025758618930482 0.07156965697891939 -0.04886323388489757 -0.06648644219164832 0.09256182542049407
0 25 -0.04982671006932888 -0.007290093773602951 0.04627947276855717 0.09491520050755847 -0.0055992433855863895 0.0023393301083246398 0.009739266608146451 -0.08601011383545837 -0.08530172060513888 0.024757973368745825
0 26 0.08676896437733675 0.045377984060600327 -0.05476346647209976 -0.07132854083302595 0.023663697926942562 -0.015792121167318204 -0.09537508428655199 -0.07403833029447386 -0.037947306582458436 0.08909424192450176
0 27 0.017300911443519123 0.022077730801093737 0.06959276025515292 0.04970988549461901 -0.04808977280264456 0.08725479441628052 0.0831418617470909 0.026585254684077506 0.025536527278205032 0.03021856658222129
0 28 0.06719548991069392 -0.004431133710490591 -0.061849721981717724 -0.02121159212551622 -0.08430097250139033 0.08385275576127188 0.0484069214647998 0.05657374743228837 -0.04829655237939804 0.06067192539022558
0 29 0.03898545218304458 0.09011314072028143 0.04451738715341975 0.015255271005428155 0.08349951163354011 0.02723539686097728 0.06269877838867534 -0.06424013004027657 0.08391087157787999 0.04878423105074934
0 30 0.08258739152828043 0.02897320156001296 -0.00937820314337251 -0.04150040737152626 0.037690735019189646 -0.01783718058974501 -0.03858531349251496 -0.012528254605930777 -0.08411799318814964 0.0026943921427004546
0 31 -0.09383331964287842 0.05642942700179535 -0.018111978261069566 -0.0938410058208901 0.09371065862964334 -0.024909965118337696 -0.018637515442560707 -0.08221817637024664 0.0787888966945892 0.021947634978758894
0 32 0.039141309005953515 0.023024964653601192 0.05871155220665909 -0.009858296370782508 -0.03712549431249284 0.08040556093516257 0.08747555844851396 0.06538204008738623 -0.008467922559193692 0.039500293953625816
0 33 -0.09894618727326111 -0.06949008033389423 0.08955283396341365 0.019224347676999858 0.024811234071664127 0.04898220081965206 1.4806493018410175E-4 0.08664577953320346 0.07299414902734838 0.013754505993020475
0 34 -0.026626406562243445 -0.08227279885253623 0.06635171352701741 -0.04963932026222235 0.08679899040421364 -0.014413610061124767 0.0285685388679853 0.033486584790668364 -0.0754524682112344 -0.07048533417550551
0 35 0.05689243602439437 0.03439921778411359 -0.06218867032929992 0.022844496301931853 0.04011032160336185 0.05294206977532857 -0.003499174812746886 -0.07871795954763045 -0.06378476824450849 0.03021144059861885
0 36 -0.03158394906121567 0.03235291862530028 0.09586457244969807 0.023750433861755908 0.009859758807641002 0.03514973664534898 0.057161942179462966 0.013390626825729848 0.07035910478757164 0.08450205558144198
0 37 0.06912248633181546 -0.045094995108165115 -0.009708390894512165 -0.07256388396083434 -0.010101340958140245 -0.0645326785937099 -0.08030218416359529 0.0057543573209375 -0.029312230313392487 -0.023788472110417343
0 38 0.09904199165649609 0.021865937089426565 -0.04260595464783737 0.06627218705917151 0.09312886012320154 0.08666986351925086 -0.07861285258357413 -0.008415614658019 0.016471183167344104 -0.04756654785975431
0 39 -0.052702972022074364 0.040088530405468364 -0.0994783415667315 -0.058401554498172664 -0.020926753502101523 -0.0599972180404516 -0.04016646436690488 0.06651213019037461 -0.0064222450688439375 0.04718920607012889
0 40 -0.005044508177935972 0.07085506708028518 0.09683044739253083 -0.045332213136197105 0.0849336387302476 -0.01794755462404271 -0.08224777492952025 -0.00203434093174746 -0.040920843567728044 -0.002445920427873251
0 41 -0.001175411994741713 -0.030218225346287642 0.012755563925604249 0.06305223426095488 0.03472385514892193 0.029632695902265863 0.07738437316971976 0.07927334982789565 -0.02171558582325828 0.0546558120687859 -0.03567269444465589
1 0 0.04216576740145647
1 1 0.06379026919603153
1 2 0.0882081836462014
1 3 -0.07695568352937678
1 4 0.09017131477594324
1 5 -0.0719960480928413
1 6 -0.07971246540546334
1 7 -0.05742747336626073
1 8 0.055169977247716
1 9 -0.04544417187571485
