## ListNet
## Epochs = 1500
## No. of features = 41
1 2 3 4 5 6 7 8 9 10 11 12 13 14 15 16 17 18 19 20 21 22 23 24 25 26 27 28 29 30 31 32 33 34 35 36 37 38 39 40 41
0
0 0 0.0616460892536675
0 1 0.027736072089752716
0 2 -0.081334305227003
0 3 0.018804989440606608
0 4 0.05634231682952351
0 5 -0.048736583374497267
0 6 -0.05859753864566175
0 7 -0.09304761014680725
0 8 0.007655983896020234
0 9 0.048884959483154224
0 10 -0.02131262532034586
0 11 -0.08203382857166107
0 12 -0.07947591740593862
0 13 -0.03499520794821244
0 14 0.05349019793392112
0 15 0.09866612752466057
0 16 0.08658472894025092
0 17 -0.006613662540021127
0 18 0.05519479355886757
0 19 0.08956090806129154
0 20 -0.044609910011724555
0 21 -0.07059089485099253
0 22 -0.07132547766812185
0 23 0.06905190280406706
0 24 0.04641569633511239
0 25 -0.021348310676035025
0 26 0.09213524395429812
0 27 -0.077519041104307
0 28 -0.0050052039818312055
0 29 0.048190323550072155
0 30 0.031568637842816
0 31 -0.06690337559945936
0 32 -0.08831780120451495
0 33 -0.02772229678493224
0 34 0.06795902146382166
0 35 0.0952334002754508
0 36 0.052005789632625705
0 37 -0.017363235349295174
0 38 0.060362168454585245
0 39 0.003814536171895336
0 40 -0.013088708873328801
0 41 0.02649589814245701
