## RankNet
## Epochs = 100
## No. of features = 41
## No. of hidden layers = 1
## Layer 1: 10 neurons
1 2 3 4 5 6 7 8 9 10 11 12 13 14 15 16 17 18 19 20 21 22 23 24 25 26 27 28 29 30 31 32 33 34 35 36 37 38 39 40 41
1
10
0 0 -0.19598301365558196 -0.3794310930251077 0.03643368222847211 -0.03383026649814919 -0.19620019952113657 0.0612042086592869 0.11094099725457965 0.02561887659081698 0.14355479338211233 -0.1410728745031347
0 1 -0.21233522372034933 -0.3191026577579919 0.0964068037321997 -0.1450751525079723 -0.41690851431331705 0.034614890583377904 -0.07565986128905774 -0.02756441455740398 0.016930902609072488 -0.18965488857292773
0 2 -0.38754795607805925 -1.4428417866747167 0.43376120504899607 -0.44409841660640725 -1.3921675101743953 0.10446090479431541 0.12295112294904947 -0.2568008529782717 0.46017958762002875 -0.6054596303676636
0 3 -0.24295884614616978 -0.5259313583066566 0.06496723145504975 -0.09706750102745605 -0.5198825288895832 0.018876937261972548 -0.03778725639144632 -0.18236318229520426 0.18422147525452773 -0.2589599422281104
0 4 0.08938957536462923 0.23053230198792699 -0.01740093550683708 0.1665555714098033 0.28164474717642207 -0.028594734659833983 -0.021683317855939167 0.07590050747931142 -0.07871135951761646 0.11412365131465091
0 5 -0.11983866389533719 -0.5432105837809313 0.07580626154608927 -0.16519767769826985 -0.544184767474449 0.16464807260878722 0.047824141504233884 -0.04431217015973957 0.21821590791175932 -0.3013602769743137
0 6 -0.11073340158130758 -0.33928364128812416 0.056506469575271896 -0.10982826911665756 -0.4024165124884992 -0.015667283842413445 0.006072220237839295 -0.12057650090643122 0.15111761289526293 -0.2420748069447927
0 7 -0.010294748989765796 -0.09831585724874323 -0.06153895330249473 -0.09213903900949795 0.051203900422759734 0.05730206971439304 0.07823238621365036 -0.08021773817313224 -0.06725216591806875 -0.07598583230369806
0 8 -0.1069521590703474 -0.13463523367387406 -0.044521258208871685 -0.07328881342269264 -0.07637127072123091 -0.04893615619665206 -0.0514843097760559 -0.09537315436084184 0.01966994788797566 -0.10915985371415633
0 9 -0.2442776190112169 -0.5386181517576472 0.11924130565410733 -0.25265893883507173 -0.4753307240238931 0.12749648678397515 -0.058830949589676364 0.0028406013142382464 0.13125903131944677 -0.29124895497648157
0 10 -0.1895236803866276 -0.32327532096180384 0.21106348552093337 -0.20394195385830793 -0.4499499537662843 0.12950365736752495 -0.05980772839447431 -0.09334578773988157 0.17880404512114678 -0.25937022024023304
0 11 0.032936016506132856 0.15295572136999233 -0.11774322258727826 -0.031615695393975914 0.21869238900937213 -0.0938254538099932 -0.023978968588105457 0.06743228669863544 -0.12360968286639211 0.12889522589313318
0 12 -0.21409739074626666 -0.39714423307247626 0.11570143928351524 -0.08561268023770015 -0.4677846865552478 0.14001139731048093 0.12244216143889392 -0.046871321949671946 0.08608292163322669 -0.26137742726659585
0 13 -0.25584584132099236 -0.5113349140156301 0.12169685772259654 -0.12360610531510816 -0.5963221073707136 -0.010849150002202657 0.1013407537625535 -0.08503717785656638 0.21793460831441336 -0.30301632078427265
0 14 -0.05794338407059644 -0.4205168618348371 0.10069482946410632 -0.19919238896288954 -0.4036621133808942 -0.032576566219587676 0.09980607110894862 -0.010964248567321162 0.10943153960639095 -0.11350649685262738
0 15 -0.03355676555021389 0.06008841578003222 0.0590781180720975 -0.04827850267599756 0.12663267326535071 -0.052246273011822206 0.011481262521836778 0.05457999980517492 -0.019636981744956792 0.09784876163428854
0 16 -0.1137400376508135 -0.08415752267036847 0.027672606911285702 -0.11580920771918721 -0.11393082571070696 0.048882224946784694 0.08158440369336728 0.07589915747141557 0.13106853895908033 -0.02197042081805207
0 17 0.037576306208190316 -0.0854165415468595 0.1216053667891272 -0.09998889004532686 3.902126001089706E-4 -0.08389839789225159 0.09251265947702329 0.026547170634996283 -0.028097433069719034 -0.06611309501353343
0 18 -0.2018304225575494 -0.27718277534381514 0.0540651304724242 -0.09458963232489458 -0.26195908532070616 0.09740850105910122 0.06311278420576713 -0.040931672772930965 0.02469115150894324 -0.07522283878919396
0 19 -0.13624334219993522 -0.11232493230333447 0.13472405182735697 -0.0732783416218058 -0.2296473535819868 -0.03715348471152763 0.04295991654858574 0.0429965044548946 0.054492746436236666 -0.009960274565384461
0 20 -0.04997727350132869 -0.2744648379393367 0.14595990498482225 -0.046540794098778586 -0.21235608504136938 0.05963851047697367 -0.07462091877411037 0.05131005696905219 0.038747785101538694 -0.05208689899078955
0 21 0.038826705468274575 -0.14245282123571287 -0.07598786051344457 -0.05060846755531896 -0.02838856822725546 -0.02489374903413001 -0.03941924625002461 -0.04405533406580435 0.08604019423062342 -0.01507670473412006
0 22 -0.09047549758284447 -0.2432671319594585 0.1657731028397855 -0.15785399072137385 -0.3609965963018452 0.06035011833526016 0.07028804566428823 -0.06749645188276068 0.16279968663092598 -0.03866152468756548
0 23 0.04529517614202503 0.044191952817842745 -0.06010109036943755 0.017484349986366658 -0.09156557741274686 0.07357285291807276 0.04856795890787457 0.06963831594911066 -0.09911589910240176 -0.07712698586427379
0 24 -0.12619414211780997 -0.1420641927802583 0.04691618553533743 -0.08008239780549281 -0.10885485086378437 -0.0023393481712626033 0.007453809608609333 -0.029561650346406475 0.1137204680658224 -0.0846175682886479
0 25 -0.003528516537835263 0.11507727654492067 -0.11358889101368382 0.12065021850407397 0.028833436389379498 -0.08818134165243365 0.03743180072939178 0.039706498474270616 -0.08306000056216248 0.004889015608168909
0 26 -0.04200897451968859 -0.11618278195862007 -0.035675933798448946 -0.05279917660877874 -0.13803143508575236 0.11059580444835178 0.07041730885077255 -0.04617241156552587 0.058991094030258755 -0.1437184180183647
0 27 -0.05193156403507961 -0.2056821950796592 0.07622110281573294 -0.01665036313157258 -0.16950017399314815 0.03499547459323416 0.04116819898379896 -0.03980999086259542 -0.05759799562916107 -0.10325333718464855
0 28 -0.008830992976956073 0.0012102467490916567 -0.10141423839342911 0.013852221271599097 0.08715509378448304 0.00816356461060685 0.08539002152483018 0.03342485759680104 0.04375151348253724 0.06644462606141023
0 29 0.06330950360942526 -0.06467328210736673 0.10114300971659482 -0.016346570120950397 -0.15161654846647224 -0.03541976415148092 0.03858150353287862 0.04318023248175763 0.08018368041771747 -0.0379066698573791
0 30 0.05464087369159829 -0.0498664585560927 0.040442107955497276 0.03264965117368207 -0.027760749247958908 0.10875869874473422 0.09066634237028585 0.04795849112988228 0.08142881622515463 0.046558309640062384
0 31 -0.018361412676651055 -0.16908908117814528 0.053343248286592496 -0.13993632886284113 -0.1448282234682624 0.052585177449721146 0.014307442681618529 -0.08368584818096006 -0.05855553909049603 -0.15316080655972883
0 32 -0.03593302947399488 -0.04268382632392064 0.008881620965531717 -0.08754589970009448 -0.12014935592208859 -0.07636504395717847 -0.058853591740190864 0.0457450369337817 -0.02126973162915137 -0.008169746708241265
0 33 0.06148088303614937 0.006531199526893087 -0.005812881208954043 -0.11068911692442208 -0.09772663972331047 0.10525346638728449 -0.08790190957112824 -0.07263088473531494 0.036520170794333416 -0.02495050405094325
0 34 0.10406630175905991 -0.05643381227753191 -0.021384724331463684 0.011670179191778592 0.1169888571279182 0.07873752235276299 0.06911099225758682 -0.06673885418714594 0.04834834410440373 -0.045875865466123135
0 35 -0.03576660708441889 -0.0020922412017561434 0.005728544283515145 0.046837961858739126 -0.0546272122241046 -0.06457117444614474 0.08749087664595465 -0.0030205127174013522 0.06294472553805776 -0.012176929054556303
0 36 0.07847082045778109 -0.10599081776527758 0.08774809280433114 -0.07509143626228967 0.04826766670151083 -0.022308475899057364 0.07636245969037887 -0.06710101425907693 -0.07706452114841798 0.009344718833182596
0 37 -0.09464969587897734 0.06911490242741242 -0.09143741009797135 0.05381320555492329 0.01109865325116442 0.06848191639654977 0.0738091257572279 -0.04018681429871002 0.09552097658399228 0.09201343711849241
0 38 -0.061230420894466384 -0.03721907949953304 -0.058894824666869384 -0.06955462749938678 -0.04710692253016889 0.07129298289293813 -0.05689446674032886 -0.03841549579947471 -0.08132329663135074 -0.09489572216437558
0 39 0.07350109855275587 -0.0848282758674625 0.028014495809495162 -0.04991710292067982 -0.08362678006246285 0.021105556714892674 0.046531620241908676 0.025287914836777007 -0.06789000220316822 0.054580476043489846
0 40 -0.09494376749608972 -0.10139817898466241 -0.09602848763376806 -0.08715802337277748 -0.07989127009622389 -0.0029799275919224293 -0.04755928041971635 -0.09409882364843511 0.06071231525479107 0.09438054176839664
0 41 0.07169618143486381 0.03962127657475497 0.015366614236205202 -0.06023773107898248 -0.10237484906710126 0.00983353018588931 -0.09022045218257964 -0.0729710297230318 -0.057161211880979064 -0.03638221978416964 -0.15529120885166964
1 0 -0.7722433150235244
1 1 -1.8608093941718162
1 2 0.5748759758451761
1 3 -0.7274604618935031
1 4 -1.8702568771151222
1 5 0.22711448161835016
1 6 0.1161627688614367
1 7 -0.37479131971446034
1 8 0.6629534650387231
1 9 -1.0157951614801526
