## RankNet
## Epochs = 100
## No. of features = 41
## No. of hidden layers = 1
## Layer 1: 10 neurons
1 2 3 4 5 6 7 8 9 10 11 12 13 14 15 16 17 18 19 20 21 22 23 24 25 26 27 28 29 30 31 32 33 34 35 36 37 38 39 40 41
1
10
0 0 0.06326808924420604 -0.11656777912736749 -0.24821060173221818 -0.2186202892947576 -0.23032791157876875 -0.09479814086034966 0.32418901020324753 -0.18909838381999652 0.06421127240239213 0.11965712569277508
0 1 0.17514346286439295 -0.255417080337138 -0.2775690032933545 -0.3071063616920584 -0.11463204473370932 0.032372932176720964 0.33399426751331207 -0.13905392034767491 0.013457969249955376 0.1533471539443395
0 2 0.6850338457400532 -0.783773829893517 -1.0460175488841166 -1.08029558000154 -0.7438701940919356 -0.0032443522126210794 1.1430980428723776 -0.4804545823624412 -0.03371983904278292 0.6550014664652434
0 3 0.17739071622165573 -0.3027478903523002 -0.33012056948256796 -0.34166610106124984 -0.19164529079714598 0.043286969839376306 0.42883962170800943 -0.26206107704936216 0.06526461130109863 0.23554884084366778
0 4 -0.04791945422644836 0.048357034252237335 0.06964487113001529 0.10562132935790743 0.0782104150086514 -0.06503463380074226 -0.3007734057170864 0.09042131051232931 0.023253889363202843 -0.07694844845254609
0 5 0.34060905710356515 -0.3920569248693588 -0.3221970036270303 -0.40592625089831696 -0.3239620426068502 0.05427086608579086 0.4465890369770682 -0.08737333618952584 0.011463797409351885 0.19578853398046553
0 6 0.19437344225144076 -0.1980427035807198 -0.22933444627393956 -0.17753698196776935 -0.16866370320860677 -0.006339235293457298 0.19671853533650493 -0.1138930474759958 0.007808841787385785 0.11364696004977848
0 7 -0.10219374517834542 0.09837409808840411 0.016306256954763336 0.10623856571028976 0.0371072960711896 -0.018905906502606894 -0.09028696439229034 0.07172371296704137 0.0980420954144329 -0.015338479632975072
0 8 0.0478809784114211 0.03268790863923949 -0.11361427140004313 -0.04825476981173983 0.03150113898157999 0.0017741788720695376 -0.016695479240318604 -0.1230493781481718 -0.09028642517272222 0.09620169879605053
0 9 0.2715154838759172 -0.30741161086637225 -0.41278349211234183 -0.3925954104947184 -0.1856120208250274 -0.02390849324740706 0.36005254751010374 -0.2034737774254985 -0.05932545537533157 0.14201933443973302
0 10 0.3052063652678697 -0.18128142683038545 -0.31808829935036326 -0.29663334546642584 -0.12075065534772848 0.030118015259528792 0.27649464831797704 -0.17728424648045582 -4.7416413000959907E-4 0.2122507145280691
0 11 -0.09577946719235993 0.11428276685971087 0.11342164947223915 0.22650026143861787 0.07679324218335368 0.007272826444337999 -0.24603974815870083 0.11979979104128441 -0.08701424831725299 -0.09770394371967873
0 12 0.28675335197396207 -0.2396804483566292 -0.2964327290409281 -0.39023104992358015 -0.2502375307288485 -0.038860662834357455 0.26259554286067105 -0.12209624279836286 0.01347109388960502 0.2869057331250929
0 13 0.22928592183919755 -0.3609224752267699 -0.44511703024495003 -0.3689458316593041 -0.19964819499644337 -0.006678606730190877 0.3254090572922415 -0.2063732200610116 -0.03738303715526745 0.17487281396288368
0 14 0.25759021621558836 -0.16372440155760268 -0.3552607162426539 -0.18906281236273864 -0.10161098791723455 -0.029956169193064305 0.31142649367281977 -0.21232291607057424 -0.10649215835040987 0.2324364422484566
0 15 -0.12022692242557684 0.02813234855449711 0.00602910545061707 0.05544740241283378 0.08928412424632563 -0.0765456954588526 -0.12078230884181178 0.003624353833871531 -0.048121046334314195 0.006620450281280389
0 16 0.11912699195710028 -0.07535549874046553 -0.08185984821696538 -0.10201547764566093 -0.11579589551500537 0.051582311688704606 0.11352868700063863 -0.016051015531645133 -0.0836879114833276 0.027877097345294262
0 17 -0.033898545641975295 -0.07663535699574674 -0.009577566476744627 -0.016848734436239264 -0.0064433090733990945 -0.08297864238949355 0.11597113395120744 -0.13614240520751777 -0.10551609706347229 0.023912238479691116
0 18 0.18725882400636396 -0.23801607017293777 -0.147152630026609 -0.22212973036117717 -0.1754600649966267 -0.09075388308860055 0.21605186561104409 -0.032162410032062015 0.05382209643009279 0.05391342122353604
0 19 0.1437972968729816 -0.15029169059303288 -0.2491302438775472 -0.20645457252923324 -0.07864149851288689 -0.0645994683555853 0.2182189791803809 0.012412544429676741 -0.0027773041418164084 0.08100587814388596
0 20 0.0710881181218018 -0.21321811771941618 -0.23662228366597485 -0.08916833117317276 -0.18725881512931966 -0.031172753989148157 0.18814187632433788 -0.08109249765936236 0.014760783746909872 0.013737029652717175
0 21 -0.0024652444893031385 -0.0552320731308353 8.476124023687765E-4 -0.1219768118024469 -0.004801555033667848 8.469388324026482E-4 0.06736103275320039 0.06163385591699563 -0.015130426631209004 0.04113228456457384
0 22 0.04242722075257857 -0.251769668259922 -0.14814457465415454 -0.23867905251314114 -0.11360933561733094 -0.08586268716592536 0.11292302398630366 -0.08110835226350659 0.008074675769157975 0.11684105621534475
0 23 0.0314052469219885 0.07889926587876352 -0.07172228508262563 -0.029332568810861315 -0.06233053849116388 -0.026335345781523353 -0.16857037615507411 -0.0753470254333257 -0.029245455323885877 0.004365259259936212
0 24 -0.023097168026296046 -0.017835136056077054 -0.1039052109074686 -0.18501992111189233 -0.08432730560409168 -0.09133108659813705 0.10040346227924798 -0.1327769758403197 0.057058749789783154 0.06991492573093343
0 25 -0.15748585537838827 0.11380746391029732 0.20904654540617307 0.12381319273726682 0.05179554652883479 0.10054750558501908 -0.2101726706574265 0.005909711447152905 0.09340759396128152 -0.20501509285791047
0 26 0.06733145979650422 -0.17364058354380285 -0.12489410731544603 -0.16776927562985622 -0.16847712435871534 0.09599818099830655 0.04125263269890132 -0.12931396255036814 0.04190077735175587 0.13392490958508177
0 27 0.026757788813518205 -0.10102707679908428 -0.051105562341677326 -0.12028683097682348 -0.14969283658661778 -0.032595651823606624 0.20089001981456306 -0.13135978233560955 -0.05818751534766198 0.1279527382828824
0 28 0.013526677119309811 0.029656144253518545 0.02089357086386961 0.1121710455349191 0.1312200218870296 0.03762203796894928 -0.02054487837292288 0.0967889113281203 -0.09101197289806336 0.008297990603497557
0 29 -0.016823626647781385 0.05687027819428311 0.04511947089774465 -0.05979965653199007 -0.019652892697570815 0.022202317261761202 0.11817581105727062 0.05547933305519764 -0.04616034943509101 -0.008635383242817754
0 30 0.06453425981736961 0.0566055898245918 -0.036944192612564285 0.03293032719592411 -0.05260841858412569 0.058390598822891375 -0.023551851973967995 0.045226723232506365 0.08313899541354443 -0.0509293926383621
0 31 0.094159056202598 -0.14077477050391923 -0.029476330254079117 -0.19154453734232796 -0.12150260581275636 0.09658448491783132 0.05825761311180799 -0.05283339567274751 -0.04129979150048262 0.08154317994222249
0 32 -0.02666772256003209 -0.0665503098655885 -0.03318488948594618 -0.05714224594986855 0.020758949974815713 0.08246444912635012 0.1648642044143507 0.05302975442553214 -0.09097247150653211 0.01822857415006316
0 33 0.008837992135454175 0.05193188990604723 0.02603592760594647 -0.0923675400575927 0.041202412544998304 -0.04699062368609891 0.11462686115375953 -0.05586946182679845 0.06426378397105467 -0.04507006283340823
0 34 0.052403267959828095 0.0736567340258723 -0.048580267838528465 0.019017514332340637 0.07562295701518919 0.06832597198411049 -0.08378787390790347 0.08475715368784668 -0.032326271780943175 -0.059249640698892464
0 35 -0.11107655322243622 -0.023039618790194435 0.027916863147664617 -0.053623645136691094 -0.004615598187519127 0.027575882411199754 -0.12286195652120009 0.10815221378402178 -0.05665444499827407 -0.015374413867656448
0 36 0.02420842647678763 0.06617001964596887 -0.04360853895257628 -0.05576402239087338 -0.051107468236475245 6.687093989253736E-4 -0.19231616188642361 0.020873941185668696 0.03848947371312108 -0.09201537453409443
0 37 0.0600453567248953 0.007318226690929424 -0.027692855489427116 0.10480758629130466 -0.059342838044903284 -0.07702629835261506 -0.11836064433473537 0.08419946303483566 0.009921642415309727 -0.06508259505041465
0 38 -0.07178041151871646 -0.036795599004942454 -0.018911103476919672 0.011392581180836376 -0.035428773323937526 0.05828397947732035 0.09626333825801446 0.06349176122458543 -0.08935667662823422 0.10198796913991236
0 39 -0.08872494282163207 0.0454435449016679 -0.03683398025545714 0.09481491504669975 0.07778077605070922 -0.060939511888276746 -0.05636237031346151 -0.042061081862564395 -0.05808302122661352 0.0012537233440898167
0 40 -0.10287532141240187 0.09322180920372379 -0.04562747147764148 0.04552052475298759 -0.001677483947423228 -0.07474566705816621 -0.11864806550108074 0.028910349832958666 -0.007504435950177338 -0.1285613413745332
0 41 -0.07607918450291237 0.10761873724642494 -0.008002995513131276 -0.05185975611861675 -0.0527131289050075 -0.07287846057384212 -0.26594309164476243 0.06069770132070428 -0.02662657706608774 -0.09138802606877268 -0.33546879839294896
1 0 0.9839350849863338
1 1 -1.31933595925125
1 2 -1.4738476227301425
1 3 -1.5506016510901088
1 4 -1.068597666838837
1 5 -0.11453858081358427
1 6 1.6474864252307704
1 7 -0.8485103921828181
1 8 -0.13846660822814535
1 9 0.873443123865933
