## LambdaRank
## Epochs = 100
## No. of features = 41
## No. of hidden layers = 1
## Layer 1: 10 neurons
1 2 3 4 5 6 7 8 9 10 11 12 13 14 15 16 17 18 19 20 21 22 23 24 25 26 27 28 29 30 31 32 33 34 35 36 37 38 39 40 41
1
10
0 0 -0.01556690084939438 0.06537880877891987 -0.08571760199282258 -0.04560180223085302 -0.015293735775552304 -0.027297305399561385 -0.01680152536243913 0.09854940945838517 -0.015696601383740953 0.0855740588309508
0 1 0.019939593100479863 0.06984938007807054 -0.05824004431607512 0.08001785176980658 0.007481493603487869 0.0961240637074495 0.01771449353506037 0.07314551000177241 0.06563754530855209 0.08761447215621164
0 2 -0.024094124122516564 -0.0969760858006332 -0.052998060146046556 -0.04902453997359966 0.05865202592443453 -0.027689155319243784 0.07889559742408486 0.09429272485795803 0.06144161676860568 -0.008007163883333775
0 3 -0.06236899303427684 0.04196637659054838 -0.015927596679212737 -0.0832401809521299 -0.0630197731231159 0.005569304808407587 0.05947065959107496 0.04735206197964463 -0.09096656577794673 0.06247452491250131
0 4 -0.034392899579381644 -0.028888276642345036 0.024239353803193503 0.09002004842608127 0.006542464026070393 -0.0535196508161736 0.00790780977004262 0.009889942755812085 -0.0720824397441542 -0.033789004120535045
0 5 -0.06405932201673513 0.06844578152939647 0.02142721272155182 0.02958838371031761 0.016671011405038343 0.013436297594023882 0.05188519380889433 0.014753629696085947 -0.022414236893950435 -0.09585586621527584
0 6 -0.0010465090731604293 0.0589430498583672 -0.005386712034935904 -0.03929337893564182 0.02465054345152629 0.007997376515509589 -0.010561267855438343 0.06948968596202652 -0.05769716734640771 -0.003007572934042383
0 7 -0.02919431723819723 0.09107750978520755 0.0782124424986501 0.02933566933122513 0.09922466723703305 -0.02988281085123208 0.0396233501699429 -0.028382018813461037 0.05093808263416325 -0.03509709314524265
0 8 0.050340195503557617 0.036553564487830294 -0.05051693070706966 -0.04845070003637165 -0.05666182146627627 -0.03763524430551902 -0.09296396744777559 -0.004212049206122555 -0.02834509612543278 -0.028786033590970983
0 9 -0.008420172157514427 0.018145460697036455 0.05617195220880929 0.0027471112936556614 -0.07645084996671284 -0.0613027829194179 -0.044143210732989074 0.04460343741058881 -0.08757275329196816 0.09057314388036058
0 10 0.020479582272501285 0.024650060505756497 0.05055131019779351 -0.02646569706140296 0.09756660952419752 -0.04563419666117243 -0.02415102515750529 -0.026329737442958957 -0.08062545201424079 0.0682075621358749
0 11 -0.03757898388290098 -0.09936752457277898 0.06610990667837384 0.09555267538958365 0.07896694725552206 -0.05231146839335645 0.06822111348653756 0.045302318981419495 0.047393819259520416 0.030271047976224822
0 12 0.08548599441143055 0.0734423032699976 -0.007245193442818761 -0.042519686866973654 0.050628491741469855 0.04732060563613124 -0.03699776134771944 -0.021207686962151383 -0.006497941357919848 0.0797864140845746
0 13 -0.033059578064207874 -0.06487230915476938 -0.01906219872783387 0.047710359674137115 0.0173061951317632 -0.06090072784214881 -0.06441776958476106 0.022955070886067047 -0.0957263852976168 0.06289130647656768
0 14 -0.028533708847160864 0.025206319961061853 0.03503865298063361 -0.025796269708891647 0.017655038458634385 0.09911510360837703 0.05458335378570703 0.06335935428933591 -0.005628913429578357 0.08232499012625384
0 15 -0.0799964990448399 -0.09924351054710077 0.03835028212959506 0.09772191675352856 0.0686529597818365 -0.028354197893504775 0.0742314876951953 0.055920548990041063 -0.09640695446775392 0.09158058679831046
0 16 -0.06448812577210696 0.09818061267221155 0.08980956534836847 0.09405822644588764 0.0672966611726364 -0.045105203992412156 0.09922504476517122 0.06477050471786473 -0.04572835489110459 -0.04156053882694695
0 17 -0.03393872165388522 0.06378709173220207 -0.021275866619112172 -0.004863845642394032 0.02267015527573124 -0.09202080697766284 -0.04150343785489958 -0.08946912756002742 0.019850945244149286 0.04810431169249744
0 18 0.07369080151018752 -0.0792212861547194 -0.05275415576090578 -0.0074640340783820565 -0.054477926983342126 0.006130054267202417 -0.09010242206989222 -0.06904747261094003 0.00969426832829513 -0.07280635852954251
0 19 -0.02147839340986653 -0.02623689306341878 -0.008013517840626901 -0.025610026396097958 -0.05312157692077088 -0.07205381830191847 0.02821298973762364 0.08482859640101675 -0.06337137479449223 0.039370347626375805
0 20 -0.0997246654867271 -0.08940171373414339 -0.011721877680706629 0.011840649590648655 0.023310206265583614 -0.053719839922693295 0.0625004770453514 -0.014280552659879786 -0.09092807157064514 -0.06696063743760228
0 21 -0.0663927432734542 -0.005923881669175542 0.0016725946503545301 -0.08711623779160366 0.04140969410133084 0.055581982964343545 -0.013709917144810471 -0.09466112822772557 -0.008891477352174618 0.07278825466989237
0 22 0.0818911829554399 -0.07535993818491832 0.06884900863898476 0.006303765163679207 0.004847025246878505 0.09466777740921403 0.044852940503138844 -0.09752650112221846 0.045885761638309194 0.012502894380090944
0 23 0.08851473266411199 -0.09470725862059233 0.09884315199692584 0.06049812400332216 0.010280763403914726 0.09218414652621466 0.03887910600410868 0.0736316561769901 -0.09549672253309602 -0.056678143331444
0 24 0.039735180633511495 -0.01971763891153663 -0.07106836780939936 -0.04407667066546522 -0.037595626623123816 -0.022878651985206635 -0.012693880006983805 -0.08876194295577979 0.09286634920974128 -0.011185530752058321
0 25 -0.020239604826623462 -0.06875784791923989 0.03381316454533678 -0.04968083108372385 0.043632725968050325 0.012213641650001798 -0.0667156732799663 -0.037328767195091095 -0.012329215500997848 -0.011037991696301224
0 26 0.00218173659870201 -0.05861722056756686 -0.004767443886051338 0.052430410934319556 0.07694800588428549 0.0780668659066446 0.09939811255334388 -0.060663818598964095 0.04992675950857605 0.06048150309565558
0 27 -0.0619016077066 0.06499180643147823 -0.010770538017913382 0.07770954449240121 0.05771434474646808 -0.07709689050264606 0.06749963948115384 -0.03909166868219433 0.026121957345079865 0.0621345463835479
0 28 0.07588855749387607 0.04133472524397999 -0.019669887211929225 -0.03790489278539136 0.02703788644534611 0.0922944388077146 0.0829285318151652 -0.019934194061635026 -0.041012027335242514 -0.0016297059531336056
0 29 0.05228245266765022 0.057086509609303546 -0.09832091203682451 0.07155105087783147 0.05802556789286194 0.07356147063556541 -0.0016212710354443528 -0.042713760099189 -0.0424159822429643 0.03730213674695122
0 30 -0.07914737610387221 -0.06783296170513459 -0.04732839867711826 0.026077037796754632 0.029439821692000365 -0.09241264982360084 0.08288144019695162 0.05136280238798814 0.059730142067336324 0.018915683735761704
0 31 0.061517140423922693 -0.030607981086155034 0.08851528360927786 -0.01888606272255236 -0.0709301692274681 0.06894638351578573 -0.06734015682586562 0.036142807572490186 0.06343785531801592 -0.023041135796113214
0 32 -0.02610176240314322 0.09341676468324468 -0.059660988430382 0.07180814591013594 -0.061807034497504056 -0.07466441314025067 -0.09968242150802555 0.011343440604164952 -0.0717912011192214 0.0054794785522970955
0 33 0.026510386442859628 0.024817196091619035 -0.07782991288713723 0.09591982033596504 0.05336526530942033 0.051601147967358076 -0.0026311983895132805 0.04104450881212977 0.04851662845994948 0.09544919171558112
0 34 0.03385333857905223 -0.09659006727799532 0.07039325789270783 -0.06529859078577305 -0.05822978790595388 0.06164049131068043 -0.09846035563894327 -0.03935933500776532 -0.05488649495666175 -0.0020399087872937246
0 35 -0.03554342602185842 -0.07878428758671537 0.01299484261499571 -0.043631832913841546 -0.0017148309151831997 -0.09459161083250761 0.07826010390593133 -0.048878306781214007 9.475226574987458E-4 0.0891875554897604
0 36 0.03970906061954786 0.06589878294518182 0.017870843085619183 0.051953636414443075 0.038993394135615825 0.0051790919843462385 -0.09353124050029946 -0.08739171546920016 -0.02198228627042558 0.05603225986116732
0 37 -0.037140763692769065 -0.0941390386450215 -0.05534574675402307 0.0018908970739346597 0.053564178987291086 -0.0927206210418902 0.09907339501233987 0.03192454584280694 0.005225527518752122 -0.021347853980986528
0 38 0.059977155178785324 0.07480097562074661 -0.08116428554058075 0.07999268919229507 -0.05121120065450668 0.09984727203845978 0.016825616359710693 0.005637818481773138 0.04767932370305061 -0.04047350212931633
0 39 0.09265391712522457 0.0033325585141560617 -0.05867262830991927 0.09553588741657221 -0.04185977468410024 -0.042035587885525395 0.035307547775995124 -0.05515458520320198 -0.014012053827019998 -0.047395306479837966
0 40 0.09269110763710332 -0.07938359600452838 0.07388500664465368 0.08849663062437314 0.054551841798976965 -0.03044969629051758 0.06301015006636795 -0.06072432694576928 -0.021557221884860027 -0.022303276430334168
0 41 -0.06674359961841116 -0.09325353454455525 -0.029637493388534206 -0.05074977828677701 -0.055179113018201095 0.08569765276808869 -0.08816746242049882 -0.006382565861889407 0.08210085608820851 -0.06825275459905498 -0.0394582562148638
1 0 0.015269177965820313
1 1 -0.012696897611021921
1 2 -0.023410707712174267
1 3 -0.0046272515319288315
1 4 0.09718512743711591
1 5 -0.051525820046661105
1 6 -0.04001545906066976
1 7 -0.04332847148179896
1 8 -0.038520060479639705
1 9 0.08802495151758437
