## RankNet
## Epochs = 100
## No. of features = 41
## No. of hidden layers = 1
## Layer 1: 10 neurons
1 2 3 4 5 6 7 8 9 10 11 12 13 14 15 16 17 18 19 20 21 22 23 24 25 26 27 28 29 30 31 32 33 34 35 36 37 38 39 40 41
1
10
0 0 0.011304808861078763 -0.07026866030822959 0.03017957422162764 -0.058919085631128194 -0.11043803908794736 -0.3516458705357754 -0.05113462415107304 0.29446529264307686 -0.07858299842178108 0.012356956741228985
0 1 0.04038960805371949 -0.21323415553546177 0.08082711547698786 0.03616242207028085 -0.13106184801784748 -0.2607166043556291 0.05260562175599976 0.29418168475488143 -0.04408237267114393 -0.015332976279505094
0 2 -0.15533875748656534 -0.6086684606071694 0.41174756284623365 0.017682572724406192 -0.9447868047617811 -1.3963210435224813 -0.03494770067716544 1.19333316832146 -0.36050101368249193 -0.31723449589602476
0 3 0.012336256491184836 -0.13210950402840255 0.20274155889461926 0.019956121575504294 -0.4097720837359648 -0.412041199414001 -0.010434456251239411 0.40393148542456275 -0.16373244210527352 -0.09423545319597959
0 4 0.01827433306295669 0.11595399968581631 -0.10810560495590778 -0.04496655243806739 0.07747287179556143 0.21481063577662807 -0.03248957641251572 -0.2560915902501585 0.018454650996652864 0.10172737085304878
0 5 -0.06360709030675352 -0.19205629928254309 0.16217941063959282 -0.003677050052831174 -0.4066235127811366 -0.576274987770915 -0.0445623175679408 0.4839949057464667 -0.2190099105170679 -0.1841917323134379
0 6 -0.0783739040647175 -0.059430900100077504 0.2035992178030243 -0.04470084055232288 -0.2728262770323261 -0.29893135933529785 0.055930797006230416 0.2467084502601956 -0.1789820409821814 -0.0647468705244642
0 7 -0.015741584255855832 0.1157874261229815 -0.06525545571695487 0.0020431263251482323 0.09577829374202927 -0.018703423054468912 0.05994517896431486 -0.1258833456215388 0.014986597687498658 0.05982190638390779
0 8 0.018968399442977797 -0.049186937480087276 -0.035755010555213386 0.05048694151376692 -0.05412100436602018 -0.015021107460446187 -0.0796576334219734 0.00883282627347665 0.07614267933436986 -0.061151885047049465
0 9 -0.11037997215984918 -0.24897894000824708 0.16025145535557467 0.04869294041505119 -0.42558063113434264 -0.6299273930844831 -0.10445303388927268 0.3424855384840265 -0.13746299800929934 -0.2055458951360297
0 10 -3.0897848801054496E-4 -0.1708341248632315 0.21516385516462716 0.10734692764727931 -0.3465282838107151 -0.49553621646797286 0.010103856773790573 0.36447016308075497 -0.09226412642229358 -0.18066234812934187
0 11 0.05397123105134484 0.16545548105105634 -0.14179969259512165 0.08014946785475767 0.07667106864326886 0.26385799571649554 0.041686230008440114 -0.24162987740267303 0.049707947458067135 0.1478199702123686
0 12 -0.02174861010065776 -0.29550818620513125 0.19640215084734616 -0.037473693493219974 -0.2773539994840973 -0.3896498730016861 -0.10883841877536943 0.4602808423878165 -0.1571183768819446 -0.02951484304439386
0 13 -0.11971138737605003 -0.27064647789102697 0.10336357049526493 0.07313387176219634 -0.3276450731322057 -0.4641206299711847 0.049674254949278865 0.24344251037739023 -0.24914826296167536 -0.16244324260445564
0 14 -0.02883454207852661 -0.18822344591444365 0.12154115943360358 0.03516092609551461 -0.18090460406044614 -0.4361053585321656 -0.04413711980300042 0.2550333873613855 -0.20924538320375813 -0.10125368645385198
0 15 0.02440841483882151 -0.0318524623503575 -0.019012647082207 -0.011308337817670345 0.05078775356024202 0.028338903022411644 -0.0423865789149684 -0.0633668982459427 0.11372625725206602 0.03330377517823357
0 16 -0.03614888481170668 -0.1262095108400453 0.07587960563213686 -0.026483308030571178 -0.052783665467682254 -0.24073602759478208 -0.026848349132744618 0.06680120216311775 -0.012003925226514755 0.013028479588576189
0 17 0.07825380201194765 0.011161276472134928 0.06517354866621006 -0.05851350162264003 -0.06648247015874494 -0.22753175198761763 0.064886207166799 -0.010070066712933635 -0.049213120580432375 -0.08396986272069787
0 18 -0.08565719903255554 -0.2184449525450794 0.021535026773900862 -0.013161981277859764 -0.28043173265400073 -0.35377364362023395 0.0025220313560143396 0.330300212212543 -0.07325866128261094 -0.1552956150271859
0 19 -0.01106911131873645 -0.09053152490897687 0.1452906064727769 0.03682660127293623 -0.21470525729690712 -0.19250335235476532 -0.10913039395176398 0.2460352331820149 -0.09980066911715652 -0.10976567510567213
0 20 -0.05312643563777109 -0.18156345893216405 0.11626969302883175 -0.08123725136063664 -0.19736191924831187 -0.33196056759192094 -0.09139522886268395 0.16269863448042238 -0.0980868735618913 -0.018041436321873355
0 21 -0.07799706488195397 -0.0241929585280431 -0.024801252104965307 0.03271581462372011 -0.07301384906091729 -0.08454740988547459 -0.02886750916374704 0.01543334250412727 -0.04671304793561388 0.006460690766061081
0 22 -0.021456150208605317 -0.15369714066325196 0.08675322391046467 -0.07136755598238387 -0.2583260009673336 -0.42436371206662676 -0.10321031866743162 0.3287546851884616 -0.0452332573711121 -0.03522069369330493
0 23 0.06463600711207843 0.04756717633574063 -0.0881444107953344 0.09993699740760494 -0.10843568373138762 -0.042230859390427415 -0.0701250479236054 -0.1251552630855901 -0.10360544573408191 0.05020803361803938
0 24 0.01955781468626531 -0.12933725157805673 -0.011019737896522079 -0.0037351982174359867 -0.04457429525285243 -0.17256427629580098 0.057444753237089814 0.04838179136022662 -0.06328531083348687 -0.05065145986330072
0 25 -0.047185605261418205 0.1805790033417465 -0.08501626419164772 -0.04807273425133843 0.13469979710029203 0.19985803716324713 0.04036156829911883 -0.22740393453693628 0.10115529010355276 -0.02570384660029772
0 26 0.03589193860689889 -0.15280262722564944 0.004875279265707062 0.013795095330102444 -0.08179834160608292 -0.15885119395895597 0.0055394609556182655 0.17466379302132162 -0.00493613015126135 -0.021059378809463212
0 27 -0.11241975683937516 -0.03932619324798996 0.09957621878638712 0.06078771863875639 -0.13698255832695982 -0.23681333770187674 -0.029977682870667707 0.22695337836723517 -0.14448265697522072 -0.05398276170881279
0 28 -0.08826761058506799 -0.022638019586167613 0.07352150347792233 -0.04573972757515013 0.037699763281156984 -0.009055914481293588 -0.05482375215997671 -0.024477542916013596 -0.06540077591704731 0.09337015236056107
0 29 0.052297765104973866 -0.03726315938106489 0.03363675849529577 0.05236081687613066 -0.026296407615321652 -0.06448813221972088 -0.0329058393868158 -0.05152071919820505 0.059050994861505425 -0.07184404874108474
0 30 0.0907963089081843 0.04815011619338063 -0.03661135221924603 -0.06932443831281361 -0.11267782016863061 0.036884048457804075 -0.09816215164048957 0.046803155768060115 -0.1091096183216482 -0.05442370007785028
0 31 0.018495536843240235 -0.09839433276998064 0.09320265124911514 -0.03726129209614739 -0.10134010091052058 -0.21752527571644645 0.043499688898421464 0.0920796904808909 -0.11559337271931683 -0.10418319813221336
0 32 0.015903656841030667 -0.02661434052683215 -0.004145744183110276 -0.06754555968892981 -0.006281042907699459 -0.08273881780107038 -0.01644514656598698 0.1288643552935571 -0.10489704542993833 0.012761819701922117
0 33 0.0924495331665055 0.026734101458576413 0.061474507893855106 0.0740828699868043 0.020628967076673162 -0.07060557514170263 -0.09509686547401984 0.13180783766679416 -0.019011832908384582 -0.11362281087743964
0 34 0.03260411528801292 -0.03495637910393812 -0.03612185739198198 0.016526247416329413 -0.06474711597646826 -0.10121385607076032 0.04686548664290226 -0.0682313703380274 -0.02838095899384047 -0.082308859672437
0 35 0.044716066181804896 0.0074714478275455755 0.05990937329327861 -0.017139092939368456 -0.07635456061975543 0.02271106600374296 -0.04476646624523503 -0.037006821862335074 -0.019325593229383434 -0.03485770672394113
0 36 0.058080980328404884 0.08795457672363963 0.05738204288663642 0.08208053925794728 -0.03838299992019402 -0.042660735715290006 0.06478117564711953 -0.043676052328467815 0.09382031543151818 0.05252450050294226
0 37 0.05623746867201093 -0.07510069669996071 0.014776253101253606 0.04311664357716339 0.07360488274567883 0.0015926726297999833 0.021078943042779227 -0.012103817087409003 -0.0014780178516886503 0.03177407392088823
0 38 0.0015190487231659781 -0.03226653282224013 0.10372074876215263 0.08311025383629689 0.06936595488436195 -0.049840353438660806 -0.016886835240308 0.045577441837352094 0.060108628939170364 0.019036988081764322
0 39 -0.014656583630769288 -0.045176712446704945 0.03796609717732322 0.09162482646243017 -0.005752144322103763 0.02703796198506959 0.08507455859538052 0.03886541683977121 0.1024929178781488 -0.012298656749219001
0 40 0.03750068409970859 -0.05172819188888823 -0.11901297722612968 -0.03462177262459948 -0.002283466963236929 0.043224283494631574 0.06329433479362914 -0.067726160402334 0.0075411203670364005 0.04111682809610434
0 41 0.007286108334961343 0.0071293827138472175 -0.002523517137178625 0.007447504036121985 -0.04907201970255849 0.008669914514044079 -0.024969190647260307 -0.11420558815818992 -0.08136983195433611 -0.013065980504774916 -0.21361026790303658
1 0 -0.27850132860847926
1 1 -1.0256574706239945
1 2 0.6437536158526352
1 3 -0.028816269824082905
1 4 -1.387716059836816
1 5 -1.9798272247090136
1 6 -0.1897854306484827
1 7 1.7196638883181878
1 8 -0.7119298924068308
1 9 -0.6112264663204633
