## RankNet
## Epochs = 100
## No. of features = 41
## No. of hidden layers = 1
## Layer 1: 10 neurons
1 2 3 4 5 6 7 8 9 10 11 12 13 14 15 16 17 18 19 20 21 22 23 24 25 26 27 28 29 30 31 32 33 34 35 36 37 38 39 40 41
1
10
0 0 -0.23712834682706616 -0.05039196715031128 0.21508591180697195 -0.016797422597696884 -0.05170935689583029 -0.05923108709479997 -0.24932632157662388 -0.12631103936833304 0.11315061494757057 -0.18260267530433216
0 1 -0.19006543470075976 0.05059448937605658 0.1450659164832886 -0.04685737664373716 -0.17153649784168926 -0.024145186023593578 -0.12447257568836423 -0.07513428089472499 0.08890083906073933 -0.21795316761723374
0 2 -0.7207628685201036 -0.21024979673163344 0.9539572535343996 -0.2771086132030367 -0.4175818841317905 -0.4738201366892033 -0.6704787296601649 -0.6476189744341214 0.058139079400155225 -0.5534271847306789
0 3 -0.13777932669228293 -0.12771898766824033 0.2978206789209283 -0.12326240830034577 -0.2009639533807048 -0.21466289921624418 -0.22676018343412827 -0.19843419798873516 0.06192155393183842 -0.22334636183120837
0 4 0.117318703261124 0.11873234079260607 -0.2182190694225105 0.040826172765564765 0.04089760399303567 0.0904411761157256 0.144269761913841 0.02629891339281658 -7.146072963294741E-4 0.09270043292326648
0 5 -0.2937175681448302 -0.17042300069387784 0.4310468633414786 -0.18251930722577486 -0.1944218731860704 -0.24554267672126423 -0.33211980416771947 -0.2596600674510083 0.11366523192924796 -0.17256673335139275
0 6 -0.24058801231724192 -0.0670889653703101 0.19954875021366394 -0.17268965389827534 -0.21497891989260143 -0.17020292769106485 -0.2635072578035343 -0.23451086395788803 0.041901894367363246 -0.057369260838008335
0 7 0.09150939797557242 0.0015595039327014376 0.01729665833487812 -0.003092761489409158 0.07104829586860956 0.1032135151843774 -0.08217815112613923 0.010122512374089381 0.03231480177534898 -0.015301074424263235
0 8 -0.13628080639563286 -0.0799587386915009 0.10455523363527917 -0.004384471184988858 0.030926244499571 0.060792425735882505 -0.14958513744337143 0.03043361547384607 0.08002435415520608 -0.09394845449446443
0 9 -0.2742671077854342 -0.001965881751256975 0.37977640793808815 -0.10720835592058164 -0.23473494843926995 -0.16474121878191858 -0.1994296534968154 -0.30292296951282066 -0.03301440319974393 -0.230931182675244
0 10 -0.168504983978288 -0.08987259830561437 0.20795028009001543 -0.14821849032230677 -0.21117127322245938 -0.1210910156275642 -0.23276430753064897 -0.3049784259205983 -0.056827604135460286 -0.15149496626371584
0 11 0.04673368487092446 0.0901781475459656 -0.10787771612577614 -0.02546054801124893 0.09317735359033605 -0.018375914820507648 0.14071307870293448 0.10087090439844956 0.0694168154156923 0.17179663466152328
0 12 -0.1841853581856714 -0.0553123941869466 0.36518379544738044 -0.16494863032025178 -0.07624435121927636 -0.07630203488521384 -0.2968630774726819 -0.2506597603629922 0.06002636523668658 -0.11334072053900256
0 13 -0.2567305916526021 -0.013320657293129149 0.4088118319936536 -0.04637902070665893 -0.10227593818971802 -0.1895309970791023 -0.2337509325874901 -0.190631569119298 0.06616903677275154 -0.20607437469535286
0 14 -0.24459618114352977 0.035923025523114493 0.1942178636880316 -0.1604024715410013 -0.12255571744530186 -0.22633614431255647 -0.2830023273083765 -0.28220095198606754 -0.059376798606324346 -0.06899706947040976
0 15 0.12033318911445316 0.01651014521176756 -0.12366001419682962 0.08927437163309507 -0.07826836874542235 -0.012720587627621904 0.054117408843685634 0.106866703542562 -0.011056504569510652 8.096405237600499E-4
0 16 -0.15838210320591328 0.058780525697630544 0.16186643668343295 -0.04265407692542961 -0.03339980646869513 -0.08589199127844929 -0.0364665155194691 -0.061604813537434064 0.09836973399826633 -0.14207752777461943
0 17 -0.10689315953779226 -0.08065920193738513 0.11177150394593892 -0.09617550118335254 -0.02455224483398462 0.04096513474752614 -0.15298399366916213 -0.0026018395244630167 -0.02246923360979108 -0.06475683890363713
0 18 -0.24877395644823452 0.04502641654200421 0.12213183668997761 -0.06572946594440984 -0.07770182826759073 -0.1137595048221974 -0.12820696864348535 -0.2073707205382613 0.07467989169137847 -0.07292660908339123
0 19 -0.18933375945602252 -0.02429685516197061 0.20574899854812054 -0.13175793045477788 -0.004157648746765558 -0.04012230759670784 -0.03651469279803742 -0.09782529642293925 -0.054533074394193526 -0.008326297539384735
0 20 -0.17275153428536014 -0.0692868446900857 0.12809761179002332 -0.12377232534671986 -0.186194374207557 -0.06002647575018051 -0.19276368370002028 -0.13485589781987045 0.09889183634410173 -0.09712141572652674
0 21 -0.1270959494487445 -0.037167266725675066 0.07655492929419759 -0.023661282538067523 -0.03234768039385478 0.002403126442034697 -0.010882248118032487 -0.13420265509792526 0.008021967600928574 -0.0977710900666761
0 22 -0.08961075911147139 -0.12241874729274921 0.280136957907021 -0.04343328070386064 -0.047922927567821995 -0.11365012350579888 -0.1052247167139887 -0.24107088733743756 0.08748732114779637 -0.17905463581044861
0 23 -0.023394573080837932 0.09037243440515295 -0.06312102038062418 0.040640135148739105 -0.03288920842215991 0.08636743697843897 0.05137299605956055 0.11051186658250706 -0.06713286907152129 0.04263666118010067
0 24 0.027507910525048942 0.005352395840988715 0.15404739101285703 0.0624360271622415 -0.1341040469746568 -0.10984728738666671 -0.03529900162600572 0.03389023811595479 0.008133009152422415 0.02140462783750024
0 25 0.10824971004637769 0.069094981215031 -0.21708989320961267 0.13021309653011598 0.07589318889322638 0.12412456831965278 0.08663589599063964 0.07618815443001345 0.07422568815595866 0.1073398547909696
0 26 -0.1243752217444258 0.00480942841387709 0.0813599741971202 -0.1381692840956874 -0.05785956719968799 -0.07877241908645544 -0.1780098752943667 -0.1267109567184176 0.07491332201135364 -0.14086831985011147
0 27 -0.07921006261901566 -0.01859754061378578 0.05667796689413921 -0.11122324940048141 -0.020285078108487644 -0.1448675700937084 -0.11480397261260011 -0.10399149937543897 -0.07569308292449295 0.03733952529730117
0 28 0.09157458806775445 0.09780299267174211 0.03934391871882638 0.03310958934099807 -0.018365423145579308 -0.07595025508406503 0.09998195581604007 0.005967885989100158 0.06939319432808225 -0.06948683102407233
0 29 -0.09763271722344785 0.08352621590227988 0.0010056915300121398 0.007334898129852051 0.012945703514167817 -0.07515583445170823 0.0621228971798949 0.0069174360061223265 0.0057713135870008855 -0.09158234673611801
0 30 0.0016586202913448137 -0.08323525138876832 0.08280730640438476 -0.016552794811491953 -0.037317992991353514 0.058273153508796194 0.01015605102660106 -0.018099255541083593 0.03298293824647285 -0.020687640268709753
0 31 -0.17262305441315504 -0.08476649019081021 0.10954118256070107 -0.1008155058237155 0.0033078902425417544 -0.002271910113966636 -0.17869031160152835 -0.1674416218478847 0.09184329267290597 -0.038813945422059105
0 32 -0.05503742185022179 -0.06637229980211298 0.009952631701825759 0.023503317180333782 -0.09055748294192595 0.041252966594301735 0.02147754710988717 0.006017964930011367 0.08655882149557799 -0.08857967772073562
0 33 -0.07867181293509787 -0.09123394812419015 0.04005190483265424 -0.04232322639942297 -0.03552075951417056 0.027388715233820905 -0.05264467129114872 -0.0908687129919456 0.04623110679888954 -0.08256442596604859
0 34 0.08201880259700219 -0.051842119279842 -0.13477123864488974 0.0748055036979487 0.026865990298447856 0.017282005937847258 0.09642135570639157 7.648783756220047E-4 0.049613367748776005 0.004110392505266254
0 35 0.045340124159859885 -0.004497894282824186 0.08796073017841298 -0.026082674721690152 -0.05151974310310827 0.02590165154502542 0.08677376716182213 -0.08485875713877082 0.02514644543223405 0.039413299580476846
0 36 -0.10540335413831248 0.061000036810562076 -0.04096282922077638 -0.0234310447544999 -0.04574405905265157 -0.04134300464568701 0.05450788041931788 -0.1117167546049893 0.047331254962121275 -0.07916376508453253
0 37 0.0832522488512016 0.0838323732499038 -0.12634447052828698 0.06087978152623402 -0.08891134509038934 0.09932454870553784 0.032805323575970616 -0.018171778138136484 0.02072254099240928 -0.08854166186550068
0 38 -0.03723713566454325 -0.061054226069169916 0.07713752805151439 0.036282155702954226 -0.08545670804800565 -0.09732532969960553 0.05580534860075492 -0.009153119972478288 0.03853114606873878 0.08832438165498545
0 39 0.06857894976944423 -0.094360410886316 0.01760796614093659 -0.0495117334717766 0.0578101313202068 -0.04343867870276022 0.09313298868119345 0.06152599540065743 -0.08154188433818234 0.1015081001613589
0 40 -0.10774696579915351 -0.061153327338994354 -0.1664877657028893 0.08150268888662632 -0.014725746898508613 0.02150420562848095 -0.11230619027259539 -0.006159750773395372 -0.08249259386209011 0.05121661838359297
0 41 -0.02927833926826097 -0.09240747954502865 -0.016252211953400025 0.08584667232119018 -0.02736490677043669 0.03913857036712656 -0.017597943246148592 0.03738621377265197 0.05567640271234691 0.07607340720555386 -0.027389602824636105
1 0 -1.0800235280400132
1 1 -0.3503711112888956
1 2 1.4488105502551818
1 3 -0.5657281798837134
1 4 -0.7125300143957347
1 5 -0.756913423270333
1 6 -1.0880352553438841
1 7 -1.045685761319129
1 8 0.13144006655938745
1 9 -0.8514274800914753
