## LambdaRank
## Epochs = 100
## No. of features = 41
## No. of hidden layers = 1
## Layer 1: 10 neurons
1 2 3 4 5 6 7 8 9 10 11 12 13 14 15 16 17 18 19 20 21 22 23 24 25 26 27 28 29 30 31 32 33 34 35 36 37 38 39 40 41
1
10
0 0 -0.0033007743539132514 -0.08204986526034394 0.03429417122387402 -0.025969822889494502 0.05405790137620271 0.03731753303149207 -0.08652721712217744 -0.09397581747253142 0.08126840657275229 -0.01327231149923395
0 1 -0.08646427443930951 -0.0918544337629713 0.08497909073900754 -0.004714366675614804 -0.04005701405565638 -0.023578341905023326 -0.09617895266981286 -0.054670642952255065 -0.06457312858075812 -0.07311029237619202
0 2 -0.08303503353731302 -0.01489662671501385 -0.05827793926975933 -0.057102607232484524 0.08411700659341426 -0.08165432316081264 -0.020612645799264747 0.0549583505584079 -0.05574333198736578 1.6718348343966238E-4
0 3 0.04335397785883553 -0.07288700628739112 -0.07851763603239667 -0.05138188127611249 0.0991594035597445 -0.06762443066096394 0.04633440367018851 0.08958241076258903 0.02620850265055033 -0.029807220819004634
0 4 0.054228154839630144 -6.291757812322254E-4 -0.04366066438254034 -0.07734117605161829 0.005420425275853949 -0.08958330926068599 0.03674346959426039 0.05849225314682659 0.08364825859849251 0.08649468637458221
0 5 0.01723647305236464 -0.004417575773191962 0.07566713346821194 -0.08010888390467391 0.0014623067645944587 0.09549794102568562 -0.08192546972834588 -0.05021215662926984 0.04456808364208157 -0.028936191832776847
0 6 0.024132726842531878 0.07232991077426147 0.03835306043321631 0.08246448218465283 -0.04406360833547916 0.009925541597827721 0.008671601868459732 0.07034139091937495 0.08948793004405312 -0.09379166737727837
0 7 0.04544548492185034 -0.07926933977769475 0.0991888818845609 0.01135954591629298 -0.061572334730712 -0.05273628455264103 0.03241534852650514 0.0935794351214271 -0.0034947162560642216 0.06545270330959586
0 8 -0.03578886043268891 0.09221107512201117 -0.030461473752788258 0.0919933307677069 0.004166564320579671 -0.085814610854252 -0.038430924925587764 0.028325381577195094 0.07325041672512456 0.04001323014046468
0 9 -0.029197003568420716 0.06646168621603962 0.07235118270264371 -0.07337754848902113 -0.014664183924009524 -0.0620275957628058 0.08315508398093804 -0.04878598410118957 0.006571451505518865 0.055428250037319035
0 10 0.06862507018868969 0.019534103884606115 0.05395538262735122 0.025223198072331504 -0.08595261952609515 -0.00451251773355981 0.09182791948586645 0.06068365873541111 0.0479231985633421 -0.061524119965947505
0 11 0.0020608734602606147 -0.03381077356979546 -0.07596627175119242 -0.054162269314443075 0.018843302154109256 0.044103863081157116 -0.07301350316640876 0.08007926319918389 -0.08745792698845463 0.08380329553809938
0 12 0.05064819662954422 -0.03882397079362221 -0.036860192373432965 0.04292150724043863 0.06455256556943073 0.07169467288726596 -0.043693132840950714 0.03180106618948479 -0.04742307279065181 -0.09553394199999657
0 13 0.04310104619383471 0.051188507820815875 -0.0809360706597177 0.08868062208942604 0.0908087238904521 0.07922678301159135 -0.01381102809192975 -0.05865927963417353 -0.0932348792240585 0.0764663060876402
0 14 -0.016821297358827356 -0.039494956572805565 -0.09628574740881675 -0.03568727690499298 -0.06318675903470233 0.015056922336166316 -0.07445101116630487 -0.00931657560422995 0.03578730548086806 -0.06932465770508808
0 15 0.061697811865192825 0.060057475374843725 -0.0939294423780571 0.0933115552465927 -0.04864080162326711 0.06604020434631054 -0.07552588167430754 -0.05970017384154432 -0.005490751387453627 0.00212195467221823
0 16 0.07218944468825801 0.0926632818664583 -0.09830456986937611 -0.09238112392206303 -0.09081191330768665 0.018334210940611433 0.03759287456748741 -0.09497046577899618 -0.007000725621577129 -0.08107154975980402
0 17 0.034941293987014344 -0.0378988565861637 0.023333020039622388 0.04961811597289854 0.0466581038545609 0.07108282092282195 0.06861616656540925 0.01765235392134596 -0.05177061994585043 -0.03831630561497265
0 18 -0.012954677519008698 0.02414817693569752 -0.04547064804367875 -0.0013939836170914206 -0.027411922889032433 0.07976164588291876 -0.02952289824295561 -0.06706107055625246 -0.08925694804014163 0.08952714753575496
0 19 0.04559031621245508 -0.08023964973311877 0.015223113589263235 0.09989903188164233 0.02879004470805136 0.04192654622480972 -0.010216646318840679 -0.09026643607595741 -0.05627952070259485 -0.007523123899034671
0 20 0.035957822141306266 0.04153179486054635 -0.025868327491012474 -0.09901801636279345 0.03248040149368716 -0.08973213592008088 0.02930483834237692 -0.03778196076645609 -0.07787912476250801 -0.07058572034944846
0 21 -0.07749102392844459 0.06884987813241285 0.034020573579944806 -0.010169288238431091 0.09437402533027364 -0.09906095379563547 0.0038157715204911323 0.0014176524889958548 -0.020300400338250358 -0.01787780388785067
0 22 0.02356099837274722 0.03557714761454597 -0.05681182229928057 0.003178872436857054 -0.02173350930599012 -0.022326043902778973 0.04005668958726667 0.03993604259442473 -0.0036866241896270904 0.04339058879387945
0 23 0.05230637631167753 0.09667531983814605 -0.06278863437755375 0.03163062216291512 0.06756524585694648 0.010011368017350718 0.07647848662443214 -0.05809750055402572 -0.08024440485376996 -0.026379151796281933
0 24 -0.018186751951008877 0.03862873906104992 -0.08538614955217692 -0.03657525756737282 -0.006078704412949245 -0.04437819879990438 -0.06065490485162897 0.01862583219551253 0.012278025765085241 0.009334795136647119
0 25 0.053099892278072006 0.07316140139464315 0.07789279960274637 -0.08236507936944565 0.085844181513515 0.09521021799693237 0.013771875439209618 0.06311003483286802 -0.08414338897136545 0.07650461301098166
0 26 -0.01854398055725619 -0.09273579584764696 0.06258072396213293 -0.07583760832709098 -0.012074547805671597 0.0489666463904757 -0.03310658230845221 0.021657971516528332 -0.06612482268191264 0.0031567285703941322
0 27 0.0649049656068552 0.04047633719222477 0.010128169108001246 -0.05779361679295522 0.07621900458893846 -0.010695355964474443 0.005676205178005485 0.07577053027553306 0.04396110103565901 -0.0501179943805963
0 28 -0.011870195594017087 -0.04953138571095819 0.09272094361671987 0.03695165620925383 0.008420538791835111 0.03619864597859798 0.06514980406279298 -0.0502733964503807 0.004982723774958295 0.001306040968477271
0 29 -0.0815849823057172 -0.09018584893272667 0.04010584434368026 0.07277155759966633 -0.06829331276494814 0.005884065784836216 -0.06681112261507 0.005835825231271185 0.07077459556703432 0.014316357785623006
0 30 0.027399586819933243 -0.09816949470668129 0.07190598843323977 -0.04139104089876028 -0.044992724897695915 -0.07593335778506959 0.0025372346044896547 -0.054585722410447395 0.09688142347640487 -0.09138597455322524
0 31 -0.06670154132065942 0.08481978453735897 0.08969125098422942 -0.034359547271938996 -0.0030403601347696843 0.05466820847605472 -0.026239844536312028 0.06217282316105961 0.06952009433000647 -0.039728250127861055
0 32 0.03971124366721339 -0.09479673377977287 0.06942366585136124 -0.09058807126832613 0.07187452070759327 -0.005859485644607353 -0.033135586951464485 0.033888629174688274 -0.08914578264854289 0.06364968751334735
0 33 -0.0325481749918303 -0.052624645060157904 -0.06263028158895076 -0.04097340446255665 0.03269213145604204 0.01845692166240237 0.08666935891449516 -0.017913661301912846 0.07858289721215064 -0.011441598306886533
0 34 0.07389251796253365 0.04728473878927787 0.07453042696209201 -0.016476628347254007 0.044374532905573694 -0.039040153238178145 -0.037689587010520866 -0.02994468328629777 -0.021600660710357447 0.04687416984636427
0 35 0.09803160521373071 -0.04464014853757608 -0.058091834059171586 0.008091576008055905 -0.07293852572819196 0.007072727930266149 -0.04066276127440545 -0.09575855165856141 -0.06615858535069989 -0.05685519301210967
0 36 0.06615531513599779 0.09192221540988198 -0.027780003057806032 -0.06482205690067094 0.0371284664819935 -0.07867233699044339 0.06558733643942209 -0.08389864157804558 0.09876581676423345 0.07601909079992279
0 37 -0.015128963403394992 0.014920335478304379 -0.02866416075647968 0.02453889929451372 0.0618721467216493 -0.0675664294931095 -0.09422795420224277 -0.023339502510734637 0.05634078450607095 -0.06667036146358934
0 38 -0.012692445324591503 0.08538881801713231 -0.08055702208293765 -0.01337426972633446 0.08523316511060458 0.0650234822585863 -0.0033147714974931263 0.06155733873252392 -0.02676556953291318 0.046048968291673986
0 39 -0.00973819475620985 -0.010474532842636108 0.08076190948486328 -0.05227619409561157 -0.0018135905265808105 0.047028910368680954 0.09050866961479187 0.05728191137313843 -0.04502358287572861 0.09287510812282562
0 40 0.09652751265479374 -0.025181395967642992 -0.07938711563591495 -0.024828698226998305 0.043669923880851426 -0.0100714539878342 -0.022381271134695683 -0.04051568022523471 0.010587085068543669 -0.07808670074418965
0 41 -0.01921391640761629 -0.003572966064398156 -0.05269574041146679 -0.08300034050362488 0.007320619252154119 -0.007655539249221415 0.03954618507775123 -0.09290050455511296 0.07315955246129335 -0.096583803002763 -0.09589577466249573
1 0 -0.06589700281620256
1 1 0.035709448158741816
1 2 0.01968072727322562
1 3 -0.09344173967838375
1 4 0.009705400094389902
1 5 -0.044168043881654594
1 6 0.0459147803485392
1 7 -0.02680640295147893
1 8 0.07996418327093029
1 9 0.06683491170406504
