## ListNet
## Epochs = 1500
## No. of features = 41
1 2 3 4 5 6 7 8 9 10 11 12 13 14 15 16 17 18 19 20 21 22 23 24 25 26 27 28 29 30 31 32 33 34 35 36 37 38 39 40 41
0
0 0 0.07551587005824728
0 1 0.049136648473173256
0 2 0.06448875672208138
0 3 -0.08386087132624952
0 4 0.04874989228203362
0 5 0.03382225911575041
0 6 -0.03980866187287849
0 7 -0.04555297124042539
0 8 0.024989229484018702
0 9 -0.08972604397261214
0 10 -0.0430611792950006
0 11 -0.007266261409652268
0 12 0.09657012084040446
0 13 -0.02488426713892772
0 14 -0.09725835943318009
0 15 0.012010625689565093
0 16 0.021713359558082616
0 17 -0.04326640495086969
0 18 -0.04947744969853801
0 19 0.06946913800219745
0 20 0.07633935048777736
0 21 0.0021059135710167257
0 22 0.06522864720089032
0 23 0.06813289828053522
0 24 -0.017479384762428874
0 25 -0.02254387615974731
0 26 -0.029677967337040884
0 27 0.04091840164651002
0 28 0.06498474976449195
0 29 -0.08132736781716499
0 30 0.03250221742201505
0 31 -0.014555446674605371
0 32 0.046450794044219854
0 33 0.05058621766027701
0 34 -0.026202541394645746
0 35 0.06009397895504199
0 36 0.0025981576330196894
0 37 0.03131157988711825
0 38 -0.017576713302252515
0 39 0.06338043963264357
0 40 -0.05874912958248215
0 41 0.082333043217659
