## LambdaRank
## Epochs = 100
## No. of features = 41
## No. of hidden layers = 1
## Layer 1: 10 neurons
1 2 3 4 5 6 7 8 9 10 11 12 13 14 15 16 17 18 19 20 21 22 23 24 25 26 27 28 29 30 31 32 33 34 35 36 37 38 39 40 41
1
10
0 0 0.01754782552183893 0.0906783201972322 -0.014844476426410642 0.08969177729900138 0.016864776167235567 -0.03840324787299109 0.08606428078196952 0.03914540906585394 -0.08722369021245975 -0.022295356763500893
0 1 0.08626437297478613 0.02930658626701671 -0.0365029701166912 0.08165662919141158 0.05589449297739788 0.08327290548657366 0.06768380926131039 -0.03203639607125765 0.02092585830981249 0.00418348345689986
0 2 -0.0671970926309045 -0.0664555425430292 -0.020702256105421635 -0.03753146497942021 -0.07377016274782502 0.0949142627170456 0.06942984711595387 0.017651652180686223 0.019218696034348406 -0.001005874190548043
0 3 0.09882894081552854 0.014370559555945038 0.09967232414920557 0.031234990572981514 -0.07099164749736134 -0.020242064485135693 0.07423475097844376 -0.06157461300503534 -0.0019988544414935483 -0.07406695154617171
0 4 -0.08065089543293874 0.005722056247321147 0.008101802129324778 -0.024742579220981716 0.029629917829081365 0.03795954415872617 0.0728363263765626 -0.07795806472160119 0.06741983900983142 -0.006259963417193339
0 5 -0.03211886699831526 0.05372069334100691 -0.09136722141531975 0.09915889193008341 -0.09530013600084099 -0.005336101582468888 -0.0692634587303803 -0.01501243554324989 -0.04774971236671304 -0.015553006613553617
0 6 0.03753663402453125 -0.053072865688399244 0.03284735052013176 -0.09115293501416438 0.049006701443417074 -0.0071204981835919084 0.07284145533237303 0.022791734360640928 -0.09841805751728004 -2.37315304923236E-4
0 7 0.06842289555325143 0.062284923333946314 -0.08040293978347741 0.038986481153585176 0.010645762261068737 -0.09862869553810472 0.0231165707833241 -0.0033543937416227305 0.05109529259706574 0.07980934686899337
0 8 0.09827782807889827 -0.012465457614881078 -0.0010998804331743108 -0.036877078226435836 0.02857033119667912 -0.02320907411967894 -0.07404334803385368 0.01582272427337232 -0.0012357360162729093 -0.02565948379239088
0 9 0.03952420042104135 0.009643099801906363 0.05147738948569512 0.09436883141140923 0.036838921073314775 -0.019962995923314145 -0.09059245796272881 -0.04743797869027904 0.07636780421003479 0.03815390585166071
0 10 0.05034646902411663 0.03817465214311606 0.06913006952532544 0.05734414171903544 -0.050950293860947724 -0.0767720910950385 0.03991668374861106 -0.07231452868477553 0.02560515894072276 -0.0397105405070485
0 11 0.017224112731870887 0.019828369507968752 0.010175151937945711 -0.07240478918263445 0.0440561825098802 0.043642396611876126 0.05589048819695643 -0.0342277360218799 -0.02059196015178255 -0.0442918719320548
0 12 -0.03246731078595023 -0.06559821751466348 0.0714068285343748 0.0860285463366759 -0.07029934461422514 0.07932188034203282 -0.030293408911306566 -0.0904081692498409 0.030430309183838274 0.09141921401835303
0 13 0.0462587466839573 0.04095321177960591 0.0022147830528587314 -0.01078023471902561 -0.04690184700887649 -0.05909949344434896 -0.003529562976353928 -0.09978611096105336 -0.03750073096202109 -0.09038847954150447
0 14 0.0957359234772889 -0.005398396474665386 0.07819235216465031 0.05631369085514054 0.036381888067043476 -0.03273833157544597 0.053871469252188275 0.08462447991401535 -0.059601679488360655 -0.001270220089469036
0 15 -0.04621826245650355 0.033061331912410535 0.014230986923021788 0.08027716771750094 -0.024322735771749746 0.05711160970979216 -0.09109276544847848 -0.0470012817205696 0.09256616543040073 0.05531427726379797
0 16 0.04040610564205867 0.048905697551074476 0.07401241530541156 0.04525007127228645 0.013362355717089257 -0.08088256249224371 -0.06144366837641614 -0.08520365890834247 0.06225308079234289 -0.00643692747150502
0 17 -0.03883715428541828 0.0581655680116239 0.09862110753296165 -0.06258368396266556 0.060982078786495184 0.0779338319349894 0.03998919996234337 -0.08813108872356341 -0.08082147563873904 0.0601020157621905
0 18 0.07207235267637124 0.006514576448904053 0.03040614584480543 0.024627076629389073 -0.01601663504402503 -0.07577841468164483 0.09471293331920899 0.06155500886769889 -0.017456280690588997 0.09084367461371082
0 19 -0.06459923006291352 0.09613557045780963 -0.06819665288934346 0.08621119466669182 0.020037077024573535 -0.03585090048223197 -0.03004174303796051 0.040719470472383945 -0.07339646958269501 -0.06800685717188397
0 20 -0.055124399947390545 0.030313376366110673 0.09803111200800514 -0.0036140668712105538 0.08769366828002143 -0.009713558111544552 0.07725645237759694 0.03163626390709284 0.08691621335716286 0.0291632954961356
0 21 0.0375702550662992 -0.05331248638120538 0.03514625287614959 -0.008508445870887367 -0.06655991748894037 0.021281137948345262 0.07860458192054873 0.09833890810815536 -0.08095944249735519 0.08875886539463769
0 22 -0.004047497514641863 0.0538022488011857 0.07607092280679428 0.013318635750939655 -0.07203393522482641 -0.03667047407590351 -0.08170819581625305 0.02400825074221824 0.011586399353583446 -0.037543778908491
0 23 -0.05186884604785477 -0.0757812120653445 0.03045541271551446 0.08160426450951373 -0.035590580950517293 -0.06513701630100362 0.010917814037249979 -0.03931129115227107 -0.012807915979302566 -0.07505130560829867
0 24 0.042582775551026616 -0.015850983836357076 0.02935445988307197 0.04882213752730459 -0.08805707231880484 0.03118646055987356 0.03303618319067372 -0.0689625476331707 0.09287499812391728 0.03868771139708636
0 25 -0.09493266997667872 0.028712632440549713 -0.02572644549891014 0.04834330653293329 -0.09746825646347887 0.0415762850013486 0.08063995696316291 -0.036282330994737405 0.08593373021746677 -0.028485005190605504
0 26 0.0805644120200331 -0.025214324018534785 0.008189934723304818 -0.05944761523693334 -0.09746616379914 -0.013905132794276106 0.013735465152551963 -0.0030147346710082683 -0.043631838164219644 -0.02010013065364995
0 27 -0.042172758331095475 0.05500708375593427 0.0952158973371664 0.07536641533278432 -0.009160268825576327 0.07607080065321967 0.08060418124809143 0.07739701485507518 0.08864174946054235 -0.06653076477017829
0 28 0.003281869464781451 0.06161524772415444 -0.09819290934731054 -0.046612918291340025 0.0718315327241608 0.0014096232541775517 -0.017195133200484738 -0.09022674632455598 0.07806433724779958 -0.08439636238292722
0 29 -0.00677600820464646 -0.08148104286700966 0.09834903126960926 -0.040406815491258824 0.054019338813476314 -0.024220150509150416 0.09302812402645844 0.016628486546985368 -0.03399553685558056 -0.03714980853939022
0 30 -0.04414287747274921 -0.00472400034051156 -0.0679873880678049 -0.009808946038693379 -0.0023417830190571656 -0.025536163669477915 -0.05788001237858638 -0.07779178637350825 0.010885603042387197 -0.0679138518538378
0 31 -0.09372216652612439 -0.09967261491647454 0.036602384394813156 0.06014951682872065 0.06359298674046653 -0.0825779164869729 -0.0653728438337067 0.024590226186763025 -0.04346780826304901 0.008543993906360335
0 32 -0.013581273955318286 -0.029283200636752636 -0.008268976274980893 -0.05962635308025854 0.06557803789093836 0.0038825385418657632 0.0847524956806184 -0.026090204075007555 -0.07228197974320198 0.031420101659869484
0 33 0.06201264595671669 -0.009141472659441562 0.03609133237544939 0.06234687144161161 0.08582648785684248 -0.0972479250866422 -0.06355513120356873 -0.02280112335207712 -0.08951541466026948 0.003461954470975174
0 34 0.08844658688513167 -0.005075322984794499 0.055805927362535694 -7.895922554733646E-5 -0.05545919154917068 0.035081538859325585 -0.06170553794081626 -0.07645335135085142 -0.007265886953430713 0.008954553289725466
0 35 0.031528153201879766 0.0760848966090053 -0.03637853522316813 0.07892767200482755 -0.011829682627455684 0.03994430578275365 -0.047713656119933674 -0.046677622515922584 0.08787806475855894 -0.0934770333840704
0 36 -0.02497940416237485 -0.09424306967845601 -0.07622894530365741 -0.06954534058610402 0.014911716396184516 0.03598082605153746 0.07362433928273363 -0.04755658504569823 0.01773371075814969 -0.03538951865934423
0 37 -0.08133789665651422 -0.027793095561123977 -0.02221118612239731 -0.061594669994533655 4.602225210818762E-4 0.029474108829996473 0.03695492615320053 -0.09934019536694517 0.07215990400549648 0.017380688751680667
0 38 0.04560636356288811 0.0451916381733673 -0.03551406413962599 -0.018083106732699153 -0.0559701211830374 0.036225598301309475 -0.08958251774073894 0.08056475221548698 0.025320703156381894 -0.0617562346135071
0 39 -0.07577729556575646 -0.07365376012051185 -0.016449608575672976 0.0023581014218565935 -0.04139329028173582 -0.08962560185538397 -0.08017405457144552 0.025366538276386224 0.006070570683011927 0.04076962902641229
0 40 -0.06591240470851183 0.041620344319997574 -0.029065118243289972 -0.09417121166365443 0.033445608899190286 0.09427647563497453 0.06708226829560214 0.08877843120844423 -0.07632609671697918 0.007321638016751425
0 41 0.06991663320663091 0.07952007331774767 -0.04504780033664486 0.004639647180669956 -0.05397496831706632 -0.005971533649851649 -0.008440501670510237 -0.09952358421011717 0.09111829173642268 -0.0938539386366254 -0.09452410042286025
1 0 0.0201431326568127
1 1 -0.018599683418870215
1 2 0.0699225887656225
1 3 0.06860191375017126
1 4 0.08577126264572134
1 5 0.04558765888214062
1 6 -0.026108210906386008
1 7 0.06048582121729873
1 8 0.08089440315961842
1 9 -0.027230333536863487
