## RankNet
## Epochs = 100
## No. of features = 41
## No. of hidden layers = 1
## Layer 1: 10 neurons
1 2 3 4 5 6 7 8 9 10 11 12 13 14 15 16 17 18 19 20 21 22 23 24 25 26 27 28 29 30 31 32 33 34 35 36 37 38 39 40 41
1
10
0 0 0.1886141230449089 -0.12268868347361507 -0.017990575865736814 0.02506729185724838 -0.23948641968744291 -0.15426357618522776 0.015602167235570516 0.05029144237445575 -0.14230696212004335 0.24515774149796896
0 1 0.28701701443024313 -0.04839546826022576 0.09803403244995824 0.015181920650702006 -0.2016205023868643 -0.14152533012668184 0.13050246644983898 -0.02720569148562492 -0.10209003012822612 0.28415268790025583
0 2 1.3196760684357183 -0.6481678887981295 3.5826047413151866E-4 0.18593704663833013 -1.1640110532449923 -0.3050194087078565 0.24588600553533302 -0.06336042113523885 -0.33080283345516925 0.8608308370919591
0 3 0.45634063787006823 -0.15696204945014866 -0.07293325121449026 0.06456655565123963 -0.46095741295188714 -0.14206204018701296 0.02463136240135351 -0.06898124513471612 -0.050317249848028246 0.2539862507591933
0 4 -0.2836168727709381 0.029911972296785883 0.08001054466823669 0.014947075497312579 0.11931562026725064 -0.013998422818493313 -0.06953985847693835 -0.031549827866695725 0.0672963165668626 -0.17808544855438843
0 5 0.3968832866222934 -0.29172390118777924 0.025494609116704068 0.10272965095432991 -0.3541029452188168 -0.11373467418355018 0.1354291914047157 0.06349999165843646 -0.09864086428037024 0.4064274425871828
0 6 0.2821053148896572 -0.19991482323150764 0.09231790132504492 0.04984701229239188 -0.24649627329431403 -0.10005820547698759 0.10014222064120464 -0.03303656873806105 0.022965538981897373 0.1744006789812436
0 7 -0.18585803507194204 0.033254549170948715 -0.07283868371064557 -0.06927999218958678 -0.012177249159568576 -0.02529593213694461 -0.03771895426002287 -0.039946865531090794 -0.07074695347293145 -0.059337862008129
0 8 0.02702143663400925 -0.13061595494301736 0.04416250787897232 0.06602219933261648 -0.1704423917783288 -0.0023946891309304884 0.08469437229552203 0.08233143195784745 -0.114001494892667 -0.008349473525904559
0 9 0.5285092665585425 -0.2818566454044269 -3.693711901115133E-4 0.14220266503677934 -0.40748425980899916 -0.14776143613264558 -0.027212326048243685 -0.0828563465068017 -0.14535793324785928 0.31804720584578605
0 10 0.39947175386457195 -0.1422019794797073 0.08856356071608101 0.12027130460090918 -0.4138010964692079 -0.15497614584390343 -0.011013779489405783 -0.09214303218550099 -4.34879983856028E-4 0.3050960489825948
0 11 -0.28955322423978086 0.03267988159971132 -0.05589724518723024 0.05634064587143588 0.2831964382089409 0.10968655811469481 -0.03540263419541489 -0.09271211922749228 -0.021614639850388827 -0.1593630196122422
0 12 0.3943867903485815 -0.28755237099210973 -0.0034012485790858946 0.045878565817423125 -0.4166273680065393 -0.07160782624229006 -0.02928481681959191 0.002869470761741705 -0.11992425880306673 0.2516194006157257
0 13 0.4919310325720425 -0.16514695849344815 -0.054781328350463135 0.12450861608818718 -0.43356551056805964 -0.26274184470245415 0.12911440030044521 -0.06671685506325288 -0.08803334684788586 0.3022074366224308
0 14 0.3088645328059509 -0.15466237676842157 0.032383560821541715 0.07919965872476156 -0.18785672646243817 -0.19082353551824985 0.07628064125078056 0.031107238487733318 -0.08724847113236851 0.23649714965570373
0 15 -0.09468367850750903 0.10955847497755485 0.0893367649102091 -0.03133434614734471 0.14757898925124 -0.06650231548881258 0.0253440976919304 -0.027344653726198827 -0.025018513090313967 -0.03288474373903109
0 16 0.07319379970873184 -0.08293649722031804 0.068594142448514 0.020817123546929654 -0.1611258879589564 -0.09130729652900997 -0.002947373937341471 0.04696711825886688 0.0263811623327104 0.149923636112605
0 17 0.10003375880887487 -0.020397683116841016 -0.05771665824538411 0.09100840708197273 -0.03563785866635005 -0.04147483653220749 -0.0535964722886255 0.06486581077069366 0.041023599121025114 0.02805759566953195
0 18 0.2815020991008289 -0.04185276020596696 -0.0879559500916875 -0.06090065427119652 -0.17162569720665924 -0.17219773680151418 -0.049318946116726006 0.08085082185421029 -0.12038886684391133 0.19970952516187276
0 19 0.15622385256165952 -0.0990343429039149 -0.02672883396787403 0.10744060817422306 -0.2340380904299198 0.005916337923302434 0.10837538377746807 -0.06382398177098363 0.0036579315643419934 0.18389414325195824
0 20 0.2095258789789514 -0.06283056555765829 0.04941909227034062 -0.058347796110027834 -0.1434329687211671 -0.13384628018348363 -0.04371301950250864 0.04488248038652409 -0.07937990300749274 0.13541295406731058
0 21 0.12393610184993266 0.014084985658427349 -0.07056861560081185 0.06640338840429175 -0.0940172135060737 0.04519425358641075 -0.07733063089622086 -0.10043305915632308 0.04839972361361422 -0.06252535405073396
0 22 0.34783604378332317 -0.08177605652291774 0.10216151713986943 -0.002717722032634532 -0.2648026726510745 -0.0803329703972285 0.1289123644334447 -0.04406828264453829 -0.05946957794514861 0.17812613717159095
0 23 -0.10479134314446202 0.01678727354247345 -0.077682155208367 -0.030441891973932055 0.02140064141826095 -4.914427964575924E-4 0.001580707960611903 -0.009959039855284202 0.007424944269960278 -0.024525019435402563
0 24 0.19122013014949663 -0.0730837483757487 -0.09060173767182582 -0.08555342753663966 -0.05217125895683902 -0.008242629649361644 -0.043021655133099156 0.06084577753295329 -0.04388911660307826 0.14384915694596426
0 25 -0.1971276436159796 0.052853586134560204 -0.02257505593483624 0.0339959913020717 0.16160318241984045 0.08067836733296277 -0.03589230665846604 -0.06073645964688334 0.10014063942544846 -0.26525053085255634
0 26 0.08245665126881489 -0.011701885057590431 -0.09291029268764167 -9.88007584647562E-4 -0.15406614123970763 -0.13090968738797557 0.050088064106088605 0.06648080335255445 -0.07701613967769923 0.008533904223801249
0 27 0.049697176924259116 -0.032349868715107435 -0.06410862067357037 0.008419781480458173 -0.15324172779089032 -0.0345584947817551 -0.07308907312562148 0.026202416723057995 -0.017369446902831764 0.1315644062662119
0 28 0.04675856499365895 -0.0765283913093893 0.05219939551295293 0.02101186489790424 0.08993883384998339 0.08060884689208553 8.197083512367307E-4 0.01742869837758083 -0.03619717590705426 0.03334174578746419
0 29 0.07284643072410821 0.015602352738987656 -0.060940718191828946 0.03666548424634156 -0.03407257254459023 0.05274340849028396 -0.03785080404850191 0.07244473827468459 -0.028362700544237708 0.08493747675362066
0 30 0.11620111825049523 0.06242664668273966 -0.05963932579660445 -0.07068281721054184 -0.01509009444352492 0.07527521140587456 0.04257355516174583 0.008942968256944843 0.0696836246010037 0.13727939587577861
0 31 0.045310057542499255 -0.15343472762652743 0.07401875529016508 0.09904857199591409 -0.18396519442187248 0.04966567323987893 0.11626195007205169 -0.01262512321372581 -0.07501741107261997 0.1028389347504482
0 32 0.16815957830460276 1.073059101023779E-4 0.07157722340452723 0.04996236463189365 -0.12272014471082618 -0.04118994800693382 -0.03508870602765846 0.037314750293559046 0.06708134928683282 0.037512875263340587
0 33 0.03797189406815639 -0.09877118714405163 0.09660641311188682 0.033248053846197397 -0.16051322376862795 0.0627779834276728 -0.04838235139398096 0.043704860734364345 -0.0997608785791011 0.14686939565247298
0 34 -0.10440475068667077 0.008788620745628993 -0.09348636846668645 0.03008830270846105 0.06951646286946751 -0.023105178421492872 -0.06527249809741316 -0.04622425154918487 0.09283287151710545 0.05759894973550031
0 35 -0.02773793835804706 0.07737219805993807 0.07437094498656709 0.06770839446784574 -0.05596138510598043 -0.025921222031917247 -0.044114262726261115 -0.0696081364054233 -0.06764463399042828 -0.010187379774502566
0 36 -0.09413420444048094 0.04662680481774918 -0.035223397030243124 0.032194187163995254 0.0884768550001602 -0.01653108280324658 -0.07310701052701357 -0.04061633789383952 -0.013926339634742171 -0.14217696688149417
0 37 -0.06484886919568873 0.08867286205819279 -0.037197223000447206 -0.03740845663810705 0.069414787083881 -0.08470958796702596 -0.05292904621319352 0.0793809342429661 0.06969301761232632 0.07745316376998074
0 38 -0.00292878359951925 0.07745508292302627 -0.08092499246689057 0.08729775139166239 0.0263699656634634 0.01367045638538587 0.03303417495486563 0.0213292511886863 0.019255798289943466 0.03854070514343036
0 39 0.0590323428578564 -0.08255498661485222 0.06423822242218746 0.05129453886817245 -0.018558123302909405 0.0780522693875961 0.014069421393948706 -0.06052569349621171 0.01066288051652747 0.08251166437230185
0 40 -0.2557097964885402 -0.02013788890042793 -0.037632252343096334 -0.07545465679595013 0.09399662877511596 -0.055637289796567554 -3.4212391425682953E-4 -0.04714664995880744 0.025854625906548384 -0.14348319640922622
0 41 -0.23773209223509734 0.07010230346948418 0.014013312525296431 -0.009095711396141494 0.05106119028468005 0.05670494060139015 -0.013752104871652203 0.0764207018027203 0.0615975286664334 -0.07035433840146106 -0.40375172575413154
1 0 1.876587558212912
1 1 -0.9964999901723338
1 2 -0.07260806834913287
1 3 0.19380052338376869
1 4 -1.748046230136534
1 5 -0.676128582942735
1 6 0.21193612667755823
1 7 -0.14486083581251252
1 8 -0.5552870388480523
1 9 1.2816596278239953
