## RankNet
## Epochs = 100
## No. of features = 41
## No. of hidden layers = 1
## Layer 1: 10 neurons
1 2 3 4 5 6 7 8 9 10 11 12 13 14 15 16 17 18 19 20 21 22 23 24 25 26 27 28 29 30 31 32 33 34 35 36 37 38 39 40 41
1
10
0 0 0.3244191134281959 -0.26491752984514416 -0.07101474277364397 -0.12249613867725268 -0.10890865953253928 -0.07248061184516454 -0.24665974392265652 -0.18382980363765813 -0.10603613572365983 -0.2782505873427268
0 1 0.26495975351828255 -0.24028453305568728 -0.033594207121386534 -0.0871865790314675 -0.08204454413097399 -0.17212207780715982 -0.163369105028208 -0.0351042988451495 -0.10857431544022667 -0.38988031666947215
0 2 1.1700623450419614 -0.8309792839567598 -0.0748609295413468 -0.0912601907863368 -0.514078224855003 -0.544448455977643 -0.9776968789149769 -0.4353910501148156 -0.5416378001835409 -1.632791173130628
0 3 0.4437805550162769 -0.29975892655982056 0.09766610529255759 -0.12614871752169285 -0.0785921865102531 -0.08986114058463707 -0.41787401208687286 -0.06976734953889967 -0.16497693183092751 -0.580948206887363
0 4 -0.2885054918834954 0.12544716517159019 0.053184535464226766 -0.07014028474069643 -0.008563937763670988 0.06231901817939048 0.04969572885303312 -0.029026584219008802 0.08260730392525341 0.1488225593364525
0 5 0.4982177017677956 -0.321277819758887 0.009547997572984022 -0.12329591237767452 -0.07560165937116185 -0.1955200363824028 -0.37881145148999706 -0.1309766863443718 -0.10438384818890094 -0.4949994181522994
0 6 0.34009983868176275 -0.27538912864754383 0.034564810254289445 0.0672751108806133 -0.11373756202409446 -0.1839515656883819 -0.20840562781071637 -0.17785148182896404 -0.06377332581709574 -0.44615758232798464
0 7 -0.1913874288417577 0.018974892798571334 0.06819401072155926 0.08653962568937093 -0.055387504090725286 -0.0280573390580667 0.046452219599678 0.03780646777776753 0.08822232251119187 0.04793953867505374
0 8 0.06367300797139312 -0.02495544135388652 0.09511776855348797 0.040428938364763606 0.01296226645714301 -0.04217438649613267 -0.17284884135713915 -0.12590690725433532 -0.06541648137654069 -0.15720423066070532
0 9 0.4264564814832006 -0.3772116644470342 -0.047352345262377665 0.03947143603701179 -0.23312607742334696 -0.17117279402536145 -0.45128525984253626 -0.12351125617927083 -0.10068987420060414 -0.6465156716411278
0 10 0.38600786925572056 -0.3764092522257755 -0.01954957191068744 -0.005610325062745891 -0.03175198704516581 -0.22066139512082544 -0.22343540146056204 -0.163157370912057 -0.22681406059134818 -0.5341443586639782
0 11 -0.12426584187006051 0.0775324641916716 -0.04676779887715848 0.06980321481222193 -0.023288503226525144 0.08652081211110185 0.07661287507936905 0.09270640901252598 0.16162044670798853 0.32262775855468934
0 12 0.3153362878146374 -0.36041104590168477 -0.03168796527591959 0.036109066139520966 -0.13126492937085957 -0.21651940727774077 -0.350929643961353 -0.2194474726017058 -0.054897378062305116 -0.4812588572001404
0 13 0.3924134262784606 -0.3116357147521395 -0.08950864381766863 -0.018411890172082324 -0.18304014649581427 -0.293480653675313 -0.3855757777386259 -0.131735495891967 -0.27060855466786504 -0.720495619285524
0 14 0.2943957191100539 -0.19959391202487872 0.015430105080787269 -0.12040441585996783 -0.13869225375896116 -0.18947884107791957 -0.2010251350228295 -0.0351906141200787 -0.07004270170972633 -0.4347069229834136
0 15 -0.08157893149914595 0.07768100385696086 -0.0051972583862536096 -0.035821395035669085 -0.04753211284602715 0.04871412125231351 0.12917924215181412 0.02633264781196654 0.011763560926476556 0.1310331644555782
0 16 0.11190230110901725 -0.038395114595371475 0.04282103699404553 0.08647346518325989 -0.027676369532420607 -0.019190458482900616 -0.12229210383472526 -0.03644203697360317 -0.002372031767826034 -0.17415610022471878
0 17 0.12190814500173919 -0.15583082277403876 0.019408502200591923 0.07113139789825984 -0.021421615337636726 -0.06839559026050691 -0.14100489024079363 -0.09331623998227193 -0.132834372375748 -0.15735662057713237
0 18 0.23234728907701513 -0.3072858051714479 0.03344476884706866 0.056495886521165356 -0.11401821955938382 -0.10400241628275632 -0.32716951012417483 -0.0362016942861985 -0.038398616705242146 -0.3036561562237833
0 19 0.17511675079757041 -0.17856838780248588 0.08962138067276414 -0.019556399014592017 -0.16045382337129213 -0.1283002570135467 -0.07384877794201297 0.017201393712196766 -0.07205670906961135 -0.2368396994187426
0 20 0.14205070104674603 -0.1618247939281983 0.05257274394859888 -0.06273898937586485 -0.10663197294746231 -0.17420317965075527 -0.21733401779794173 -0.08264139084253849 -0.12950024029624738 -0.41252539643652936
0 21 0.07252828996338286 -0.14091841029470817 -0.07691447913603539 0.04879616606447506 -0.029469187938232055 0.031005116730368813 -0.08488134303992334 0.029979642011656826 -0.11589000298353974 -0.034821831142186746
0 22 0.25587758190671783 -0.2003182609401094 0.09315084708687435 0.003390936744821353 -0.16941853206162505 -0.06091507552536965 -0.2004549964733058 -0.09824322804153501 -0.11748410332601857 -0.2524266011854611
0 23 -0.17332839211360218 0.12189185306579324 0.08626616336841068 -0.06848127118824494 0.07759033008815808 0.03197117864062269 0.08261215154809302 0.02580998138834902 0.03755115636625833 0.001946018639277802
0 24 0.08584385881334686 -0.13473398021173771 0.07734349820889093 0.051064478140106825 -0.1337773934160087 -0.031941038466719425 -0.12000379389889401 -0.0689298213923502 -0.05848821418222212 -0.2368530273728146
0 25 -0.20846361189853901 0.1811432509108143 -0.03463801805057401 -0.06489000255280643 0.10487693200139045 0.09793957695394492 0.057850590522259736 0.01818622988769701 0.1102164509056432 0.26174858974978177
0 26 0.06358368507981137 -0.08392551895708036 -0.032031730789649056 0.04635005281623313 -0.14301042911600848 -0.07417450364983562 -0.13098603669672773 -0.128722965626071 0.02679326312470159 -0.196662924255156
0 27 0.09163028530729073 -0.13492834066268844 0.04084606224163616 -0.09809781728815017 -0.03553604768638494 -0.06525266153281267 -0.15383759642084144 -0.08034988994656694 -0.06290840486173768 -0.10041558192152282
0 28 -0.04692224527388969 -0.08748264804991707 -0.04051351326557612 0.042750278104366796 0.007957426124134038 -0.09153722875498568 0.04110044603782227 -0.09808058056421398 0.06618177741341433 -0.027273171352583767
0 29 -0.001655462021877977 -0.06576577693605486 -0.007789429802715998 0.019647184657952267 0.01966109794282788 0.03957640550808896 -0.07805533751681999 0.054237330830111605 -0.08877873470728621 0.004937618371345273
0 30 0.050165905314857887 -0.09637733237669607 0.05575735924960903 0.03931430336129166 -0.054978251244098005 -0.10378093422993591 -0.10316554448219847 0.01310334629325567 0.05851766290888325 -0.043981628491818484
0 31 0.10608075572810949 -0.16025565035659187 0.08986204127134308 -0.06115162143789117 -0.12666744036919692 -0.05750504353158763 -0.13524784094630643 -1.0626346324242171E-4 -0.05633425025073289 -0.2634688804673017
0 32 0.08802763062220613 -0.061086978887729605 -0.06704757889615026 -0.025910911147982843 -0.027151098025528217 0.03192649107096421 0.037871324719698535 -0.08458316610303095 0.0188344716059982 -0.0651041234568674
0 33 0.02830167186994645 0.0046973133050349876 -0.09727482662019266 -0.10507745165742381 -0.06431581092011351 0.03192197298344659 -0.01625461469560031 0.014889026223495904 0.07230661281746045 -0.012456552844959012
0 34 -0.02533109751461364 -0.05762218385445939 0.06697119357695433 0.07455790604746651 0.013692653365797789 0.07082098732552854 -0.050232736472079306 -0.08758999174922875 -0.09491128533009838 -0.08928142787793118
0 35 0.04058818262820535 0.06996569949110822 -0.023309839086834046 0.06502399743219162 -0.01023918546815787 -0.029704310884347985 -0.00779148651262202 0.07000926019845236 0.06864836943959639 0.09319779618334309
0 36 -0.14437902779703551 4.5261399780512486E-5 0.02880058429053777 -0.044115442938114965 -0.04384671965513588 0.0512586034888703 -0.009787686838746779 0.07385428650537541 -0.08365003370959553 -0.006454424745402981
0 37 -0.0027812425667271424 0.012443226193846265 -0.09615869537492502 -0.01320391207254727 -0.065061943408742 0.04758731649744063 0.11043155206702132 0.03155321662474862 -0.020851811294576528 0.10122760979952311
0 38 -0.014472034419810377 -0.005748393589528623 -0.09705138329675164 0.07425751785953603 0.06543359992757762 0.009129988603429293 0.008073920919102754 -0.063726079553833 0.053012997702663656 0.04871258642266303
0 39 -7.818698227579902E-4 0.09727394295506256 0.004298980516313372 -0.06803333895222861 0.04717401239721098 0.051011232074409024 0.10216495801130819 -0.06001241524119041 0.09571581634494034 0.04525446315317143
0 40 -0.061960562899918026 -0.06970301322843976 -0.03695051891347133 0.03923116707483245 -0.020783092905396355 0.02429798577089555 -0.117778560914845 -0.07000867811179515 0.08475439327906989 0.01755038374657937
0 41 -0.0703746576377609 -0.061083676244853995 0.043720279184095955 0.012831440635678353 -0.03265921289043946 0.09558276977818803 0.04389569373544988 0.05218398341901121 0.09270968382728417 -0.003524993873472685 -0.19156566968820504
1 0 1.757596264624592
1 1 -1.3548182408381193
1 2 -0.0671890550187466
1 3 -0.17746508049714582
1 4 -0.7205762313635462
1 5 -0.8753912218766325
1 6 -1.422780665604387
1 7 -0.6599005144678274
1 8 -0.7812111048121239
1 9 -2.180821313947638
