## ListNet
## Epochs = 1500
## No. of features = 41
1 2 3 4 5 6 7 8 9 10 11 12 13 14 15 16 17 18 19 20 21 22 23 24 25 26 27 28 29 30 31 32 33 34 35 36 37 38 39 40 41
0
0 0 -0.0326653076942079
0 1 -0.045908192172036726
0 2 -0.052871740506277784
0 3 -0.023435785097414362
0 4 -0.06261246632108429
0 5 0.01634580453105595
0 6 -0.04035037914381209
0 7 -0.058837045173483156
0 8 -0.019059296714505167
0 9 0.005844496619460206
0 10 -0.04250805477608192
0 11 -0.016371676361377704
0 12 -0.04687544146740233
0 13 0.09933382643193873
0 14 -0.06618094473213965
0 15 0.04989603161274573
0 16 -0.07076295716348584
0 17 0.08171940562076202
0 18 -0.08171638275052784
0 19 0.010535237204070508
0 20 0.04381059536956272
0 21 -0.012372087368030622
0 22 -0.01306999621544544
0 23 -0.011920380658195714
0 24 0.06499581372094529
0 25 -0.03738052951792696
0 26 0.07310890337986606
0 27 -0.04116968162122736
0 28 -0.09457886380490761
0 29 -0.06175885309662876
0 30 0.06534995624063439
0 31 -0.020340024167394305
0 32 0.06382760622753464
0 33 0.03321807982381896
0 34 0.06085874714229056
0 35 -0.005793633632530777
0 36 0.01135351004196659
0 37 0.0675551262960215
0 38 0.024231833708089727
0 39 0.01566956452001676
0 40 0.05324733383652025
0 41 -0.010913753882050514
