## LambdaRank
## Epochs = 100
## No. of features = 41
## No. of hidden layers = 1
## Layer 1: 10 neurons
1 2 3 4 5 6 7 8 9 10 11 12 13 14 15 16 17 18 19 20 21 22 23 24 25 26 27 28 29 30 31 32 33 34 35 36 37 38 39 40 41
1
10
0 0 -0.03171455684329979 0.014664814048631443 0.09464212540726098 -0.08901908475209415 -0.08280823624968837 -0.0328834610225441 -0.02533525417373354 0.074182686462286 0.08817423424255723 0.041107993147557004
0 1 -0.07073889746703498 0.07910419838469253 -0.060593444697508214 0.05575357224937523 0.03249614828787268 -0.006059655582269011 0.02757095687026424 0.05255423151634708 0.04073920110702673 -6.948691161188623E-4
0 2 -0.03684821180370748 0.022689838944577736 -0.0016456706888226934 0.052618195384559044 -0.05437701678783757 0.06025631046385423 -0.07969709419628473 0.08791617577965058 0.06574573323641832 -0.005780154538762032
0 3 -0.040780972489252706 -0.05340454231078171 0.051914076036079435 0.09830260005945188 0.005359919011331014 -0.025451974640003316 -0.053309083583870015 -0.022709292470873433 0.014549745223033244 0.03386574007891906
0 4 0.02630105578638187 0.056426113110133964 -0.0966487820445671 -0.08932435664679361 -0.07470374919824242 0.030768724702823318 -0.08566631472812399 -0.05076539516542481 -0.04563329572040724 0.02213905172434118
0 5 0.06608578984897641 -0.05427630188437692 -0.019062152451268303 0.07324166220298395 0.015240216479690523 -0.034613902866077996 -0.02314856434756903 -0.04573034667303338 -0.06916430790270875 -0.06088535341322792
0 6 -0.09194581694454128 -0.046746730667013375 -0.0630434739465498 -0.08202080100989731 0.04177422490089309 0.0673334930660462 0.07507965827736422 -0.05413938946204885 -0.00740098936136592 -0.09989432741952974
0 7 -0.08317946908827897 0.08036143989876918 -0.016493095199282912 -0.06135471296499734 -0.027158956466276144 0.04390139367630625 0.05357248943168455 0.07434202260478005 -0.09473413058340927 0.06837899508489481
0 8 -0.03289821970587497 0.08921959873192017 -0.0634094703938235 -0.04916151311796562 0.019500907901807002 -0.04524861896064581 0.07595217391109384 -0.06159527698899645 -0.018286565148119042 0.07135401445752919
0 9 -0.09110929165484986 -0.018710552992521792 -0.009750963953642468 -0.03312089764526769 0.015873007215224236 0.002330251452727949 0.032016962685009316 -0.011699797302898714 0.016536480044407963 0.05179124032957061
0 10 0.08358612647138972 -0.08374126698930572 -0.013910215810147172 -0.00637731856209307 0.0782170830609179 -0.040245090208501276 -0.08375772986683062 -0.05345069113095023 -0.09910797278159711 -0.04253166274803807
0 11 -0.02048678477230702 -0.020848882412336667 -0.07609631157148933 -0.057159889028514 -0.07686445261174694 -0.09652767669203945 0.05513683494019817 0.07042159842989766 0.0504127620538236 -0.014954671243569636
0 12 0.0520139268550597 -0.0885636777189824 0.08206549427108929 -0.08396194194765166 0.04554586721454741 0.07831689447796243 0.019140700799127514 0.06494363458100813 0.021277915098280017 0.09575625875335567
0 13 0.017826345509803762 0.025069702246207814 0.07894274227525083 0.07183598059962475 0.07992536065131348 0.00990958657037347 -0.08881239830307354 -0.09415855460718528 0.07710162759184508 -0.07024917723137407
0 14 0.03616270966453676 -0.040990748301208114 -0.06045983953029841 -0.08281788369496858 0.0815423426172291 0.0673477149874867 0.043989077647801654 0.07439644921414638 0.04902600932837134 0.03140432396949052
0 15 0.032130014355761356 0.051192150411897265 0.08484236199510575 -0.09451570763634258 0.07553627928955009 -0.07616128858117792 0.035433035634500766 -0.08119438053443398 -0.058400718630434424 0.017961412254284544
0 16 -0.05973623935648371 -0.01994438584291844 -0.06187906831733117 -0.015609236020726232 0.028334109031090186 -0.01640285555064495 9.640996051726253E-4 0.06440834900047672 -0.052046598603899534 0.030014044266781628
0 17 -0.004536133129792535 -0.030110668766728993 0.06958850185632465 0.03141277096158901 0.08728987769032867 0.04132940833924774 0.021804685490113388 0.02405303356650661 0.07781021089728854 0.09610683005282718
0 18 0.07064225625909462 4.6870855505306875E-4 0.06286371300103767 0.035513288005833095 -0.05842304785581885 0.08672559353998938 -0.06315222321964643 0.010868335866201125 -0.04881798451785238 -0.0987715631163081
0 19 0.08466208833819203 -0.06994450190713693 -0.060776265965111556 -0.0038781333813236334 -0.06726789130673189 0.031935417893743004 -7.433796184963026E-4 -0.026259820069253408 -0.02752827645730353 -0.016862838314292333
0 20 0.08510508943624873 -0.08024267384740871 -0.07323472703314489 0.011172400438997882 -0.06643829615583462 -0.06329474261303318 0.01349166592380171 -0.025256221702213075 0.008015185162560085 0.0417257384285157
0 21 0.07104779647374895 0.0033481528673505075 -0.09631798733449345 -0.003463144574429561 -0.07868645032465313 6.941747063105772E-4 0.04712217619944675 -0.04153747602143781 -0.0803632313016512 -0.026322265985049175
0 22 0.028454516818787457 0.03768518644013003 0.042483186108296475 0.08257402740433671 0.0335993373332121 4.716044048528148E-4 -0.05951454780321242 0.0031837829699117156 0.027806889554165364 -0.09107317540012722
0 23 -0.0487300158288658 -0.006878419295039323 -0.03735113697851176 0.042429739629135634 0.05046268070142878 -0.022931969818974222 -0.062245690236516084 -0.03170282979719686 -0.08009112879004185 -0.05724700281668666
0 24 -0.08800708896370663 -0.018754232978561332 0.026777865649987354 -0.08520189118974186 -2.749693557653841E-4 -0.008231513230914703 -0.08018518626583535 -0.0321280916077361 0.034793628694786485 0.02051559886104447
0 25 -0.02004550043502755 -0.0310076522566174 0.06012075006599204 0.07745385886256795 -0.02449573432008798 0.08426763030833295 -0.043357278966900226 0.02792610232774671 -0.057386221217199475 -0.06410380638643583
0 26 0.05358191915690462 -0.034843512841088296 -0.025352635193268667 0.016878671918360566 0.030417513305584242 -0.04814168718478973 -0.03790885876504871 0.01704817485278289 -0.09415983004908028 0.06099330790844591
0 27 0.07273321301225467 0.032674576310369505 0.06809766921150062 -0.03526201603113918 -0.012838628990901954 0.021317986255776394 -0.06529626404837259 -0.03909338386410496 -0.02901873070200081 -0.07566616409686168
0 28 -0.021958996362393873 0.09782168862759066 0.06575265582414637 0.07981450570852276 0.0698752098786262 0.013441400030795726 0.04357219827692356 -0.012476867050528797 -0.09988628226625926 -0.033564589423994866
0 29 0.09774415320608836 0.05690269939738458 0.009196362121349892 0.09184309366855761 -0.050081248427155854 0.040553306372675985 -0.024734495999008812 -0.053191032254001056 0.06803502313001523 0.026401411669154454
0 30 -0.05520879409758858 0.01026328573537619 -0.059325966168661266 -0.020889688620686984 -0.06038109145261428 -0.07653114539205802 -0.04391186411805246 0.04966922791660649 -0.020651021820893192 0.014289349088304901
0 31 0.06826145211269033 0.07207982421530268 0.051966516206978945 -0.015508983903167137 0.05636362285238228 -0.07330319594575498 -0.040326991587723585 0.02753936506556961 -0.03959395974518881 -0.07656411694564454
0 32 -0.06170901705601494 -0.07803656624460521 -0.07360557587734584 0.06409490600192773 0.01401945400125115 -0.006590650683584663 -0.028224139511630178 -0.08099378926444607 -0.010490414435750309 -0.05578963546964483
0 33 -0.030905222268266946 0.02554321600141378 -0.07839571994733087 0.007712302534821337 -0.05697564574638633 0.09452717473804796 0.05558374906466061 -0.0806464262568845 -0.08350895799218669 -0.06174663772805916
0 34 0.007024171838649809 0.011679232246956838 0.06828894892598793 0.017048378030742557 -0.06586656953010749 -0.06294067165508117 -0.0702601971229313 0.08221806260995532 -0.055684486148801206 -0.0830462964646141
0 35 -0.0036762624097709845 0.04996551391147999 -0.07509263670410025 0.04542941220399218 -0.0032588278877825126 0.06450752090114112 -7.463634207445886E-4 -0.06120026693484174 -0.08750625235943708 -0.07154150513563728
0 36 0.023541615059618097 -0.037457284117364494 0.02157609780236242 -0.018914975053053323 0.04184922800987676 -0.007362342226946339 -0.019150401780333705 0.08170928319981732 0.01975304850957601 -0.012031576014009962
0 37 -0.07737222639716963 -0.01925208685056965 0.062825923538995 -0.05570425533203148 0.09734281889970563 -0.0440763692749586 0.08002951135532861 -0.08086727052436637 -0.0376281510868901 -0.09738971830769279
0 38 0.07136179713051632 -0.04518592112817535 -0.030692250240883928 -0.08478245646052011 -0.03206252097173731 0.08001906261999317 -0.0224513628206689 0.01424267982575556 -0.0669064145656245 0.026411099015749815
0 39 0.011107628328040391 -0.023318019768234836 0.08742801946648307 0.030753146153592134 -0.014451642731834049 0.052470552197272854 -0.0021208975518156458 -0.07121463433850952 0.052122541843945436 -0.043490948971870655
0 40 -0.017578056311879482 0.05987864258694206 0.006611292636701722 -0.09851192538165031 -0.03777192657222749 -0.032238651289264106 -0.01790773728529586 0.03399521480823283 -0.09056580845803684 0.0915414491545407
0 41 0.048504249724346984 0.037594185778788036 -0.09574721335962982 -0.09570857264869354 -0.07825159504254776 -0.010754088595768012 0.06233434828735765 0.05168682061634923 -0.04881039486221246 -0.0776680562955139 -0.052932143211364455
1 0 0.07665936648845713
1 1 -0.004711014218628447
1 2 -0.008040714077651565
1 3 0.025378275662660533
1 4 0.09732848405838011
1 5 0.052349358797073406
1 6 -0.05592735484242461
1 7 -0.04616581276059145
1 8 0.003179383231326931
1 9 -0.05186501145362868
