## RankNet
## Epochs = 100
## No. of features = 41
## No. of hidden layers = 1
## Layer 1: 10 neurons
1 2 3 4 5 6 7 8 9 10 11 12 13 14 15 16 17 18 19 20 21 22 23 24 25 26 27 28 29 30 31 32 33 34 35 36 37 38 39 40 41
1
10
0 0 -0.2515285228719304 0.2146511123318003 0.00270376759150604 0.07894115264528923 -0.09433964167945692 -0.16097734438587993 -0.09610103899318892 0.16276511279852837 -0.055660073209854444 -0.19202559665885957
0 1 -0.336033371485266 0.26977957686164405 -0.12739237849446322 0.2968020830163233 -0.03885792957553816 -0.03840582532158748 -0.08263421913898446 0.08518369020087167 -0.004213794051883341 -0.1959889871995144
0 2 -1.0271596011581785 0.778797671258681 -0.21274131557832598 0.8295431238622556 -0.011779506701530858 -0.4153141630514056 -0.5506659501438936 0.531675986552791 -0.11298079861074571 -1.0935607021321152
0 3 -0.29512371833280104 0.32681405559044363 -0.0725611787167929 0.24557395592340747 4.003153530516605E-5 -0.17106347370308217 -0.13203366506019285 0.07555743529750168 -0.04017725714301456 -0.4538222143620482
0 4 0.24365310878447882 -0.13489510494565507 0.10020560003696265 -0.1913185826407371 -0.03291286039142603 0.03220518788816846 0.0989304062924713 -0.1821110581335352 -0.07130309336442012 0.2788747270526149
0 5 -0.43203201627387694 0.3648921798247393 -0.08765955444199927 0.4094013256010843 0.043137085344954425 -0.12662606496708675 -0.09612147668389676 0.2635220032103666 -0.11608932835294053 -0.5225959488669435
0 6 -0.13785478157335046 0.20707324593533594 0.05148590017963698 0.17959579827506905 0.03045050147088653 -0.017753372846699398 -0.13946631335894472 0.033031750080024014 0.08747717944192177 -0.263221473807514
0 7 0.09348708774731254 -0.11466893681525979 0.040151045831536634 0.035023834428172515 0.0042560756437414774 0.02788092859283355 0.03476785537408859 0.027308781040298796 0.0391053663855066 -0.05097333689776392
0 8 -0.07664830517951247 0.10155582918989683 -0.07728775545735037 0.1304336154496448 0.09852941455497961 -0.01761458011713651 -0.11214075573243061 -0.030156748911602013 -0.10201919254873654 -0.07273690617008502
0 9 -0.316043575580933 0.31961229596525265 -0.1376038418455939 0.35856729644435725 0.049344886474852974 -0.18429441564898552 -0.1602692199319849 0.25505084968082486 -0.0907014667720155 -0.4547040553816825
0 10 -0.2074811026036713 0.1838948934305063 -0.04863602142244167 0.1947579976161397 0.02103763112928923 -0.19375917953082322 -0.2300247890683345 0.10066644120184426 -0.07401297201306939 -0.4515782417076885
0 11 0.217248567252237 -0.18814675745620307 0.09859576093767784 -0.10868972413771705 0.07540949522096968 -0.027752416893764315 0.1516543674075414 0.00833907222197379 -6.814282441135478E-4 0.11453010152836622
0 12 -0.39531606480688053 0.3432352365214322 -0.04544583773000994 0.2864838224762799 -0.08157786018380599 -0.05566007739403582 -0.08229314107141326 0.10859023794754247 0.07332543338421399 -0.29835071515778144
0 13 -0.29234365799827955 0.22641106009328907 -0.1196118653602442 0.2677597705891745 0.09532760638647238 -0.11247542078687324 -0.18480750197131218 0.2441023611188951 0.009768431587301982 -0.49966720880849474
0 14 -0.1921242700923129 0.121956117716703 -0.0038704181527795508 0.29710102884125045 -0.07666757937091562 -0.1677343197999294 -0.10390494360199037 0.20447142440817798 0.07291478304703045 -0.24110041641584568
0 15 -0.006961301284093058 -0.13232741601259043 -0.04771014931070231 0.03795708096651301 -0.06757758890804241 0.01815749303313508 -0.010147792563542401 -0.04988544304043385 -0.0030625873546119196 -0.005017752401922376
0 16 -0.12292087409855047 0.11833751379631682 0.07968491612687398 0.10424620398105239 0.025897815634163258 -0.06369502908515275 0.01631682631923913 0.0863646354545699 0.08357827183724202 -0.029355572962606456
0 17 -0.13354613342982202 0.13796722538499787 -0.07703985409469283 0.14666958973512106 -0.026582456461635148 -0.09558097377753924 0.058279036613985306 0.03316996056148718 0.06876675181764508 -0.06731424624620912
0 18 -0.2821495811828373 0.26970431242669674 0.009585327815940332 0.2811550362765855 0.08118724096846038 -0.1855962785833633 -0.08204587679781124 0.04226431282174273 0.041095110693809736 -0.3707406286002098
0 19 -0.2356537909500669 0.13344301724122046 -0.08105778796563716 0.08295737292925692 0.03060839048450967 -0.06464823727934652 -0.149354581315981 0.11400297690390086 -0.03292984156460546 -0.25394644924934523
0 20 -0.08451404285359065 0.0316696138538009 0.040544489244184446 0.13279983878699889 0.037745878479508256 -0.12923096885198138 -0.12259769826570575 0.11295171602474124 0.03227300520089766 -0.11022739592592916
0 21 -0.07743215562369762 -0.05932171407105195 -0.037040932311638936 0.05317185608196436 0.05294418568802664 -0.037576367497529795 -0.10065010267563561 -0.06758264345003905 -0.09462481507743191 -0.12932289370328526
0 22 -0.17989433177995723 0.2759888797006178 -0.13164604819823023 0.2346043976445373 0.06005028285184723 -0.03704987091544923 -0.12856893120852644 0.11976548664961917 -0.014716525360645974 -0.283301085618011
0 23 -0.051189685254724795 -0.08970754889686038 0.078369085433245 -0.15020264211942716 0.06861538901340393 -0.011217068765204582 0.109658332258199 0.02995591595373037 -0.07890371772045236 0.05305186337199219
0 24 -0.04514519979564326 0.07230441693916276 0.04349736508019917 0.09977774679162807 0.04805669874236364 -0.059775820168183114 -0.13895604899596842 0.02121478590232262 0.02367135594460924 -0.1573349050732335
0 25 0.18767307454938664 -0.08567434527780332 -0.035526064654838735 -0.10463148945070264 -0.03393228669355579 0.08982586143446494 0.05125572202064051 -0.16881122910461438 0.007509534878057024 0.1530865000528679
0 26 -0.017660180303359543 0.039096214406236986 -0.0013107163923933502 0.11018124781821188 -0.04434464282664756 -0.09247208237715837 -0.010964696381215812 0.12249135296497891 0.0698853200809705 -0.03515227466773446
0 27 -0.1893347354258577 0.026218009480525363 0.003823739681366312 0.17185185441234782 0.006511088485958039 -0.03351554477148064 -0.0590387732564184 0.08389706012908209 0.07472143841402164 -0.11647948460779216
0 28 0.06667662036989042 -0.03452670020155672 0.07354729173718308 -0.1120162720888309 0.06337583026232733 -0.004674405977484238 0.06343223350999908 -0.09515506703096048 0.04896375820252351 0.03603959433818034
0 29 -0.036899640482961786 0.02469907218742706 -0.06846904198845413 0.12891237202003133 0.031615598171569614 -0.11619101599885656 -0.03286547347161623 0.06426837133569277 -0.04636063222597596 -0.1367134508453932
0 30 -0.005027787061298376 -0.04057460173448771 0.0615622530627736 0.07420581899368141 -0.05423430365710209 -0.0010912136492321853 -0.11443905747923076 -0.026694849659193054 0.019149317518676354 -0.12431755509945863
0 31 -0.10752455970625016 0.11092947325245475 -0.08974375874624184 0.08809075953384957 0.07640675572607332 -0.054119309638080475 -0.0560014816186434 0.0880738726683712 -0.009667844422680759 -0.058273431436634666
0 32 2.1142255161065457E-4 -0.044562367920269894 0.00286048539515932 0.1042712979987251 0.028153041610214515 -0.08868496300178574 -0.02602594794674353 -0.00835307187013194 -0.03959573828112734 -0.1706947560709196
0 33 -0.06271663821430826 0.06847865573261572 0.002523567729727804 0.06722094426573909 -0.09940672443546579 -8.117671422135664E-5 0.00740961803856785 -0.052559717397320724 -0.00858358969443956 0.0024678345653307543
0 34 -0.025276598725411447 -0.08667630170810062 -0.0458430803374739 -0.1054966780869151 0.08899490374591706 -0.07625111570440335 0.09400431868378858 -0.06495213633400293 0.08816922308854311 0.006937493374686626
0 35 0.08198239910738142 -0.12088913194374822 0.004437620862640025 -0.024408436377659916 -0.039018386874232036 0.10676840519437188 0.06125836270364393 -0.011247218689350377 0.08006546172501372 -0.030046937154812544
0 36 -0.08483316005439999 -0.03474476370553782 -0.025656872471365205 0.007403210699765283 0.0698223759502907 0.05306579483130294 0.06041468439118828 -0.08584467887369622 0.07039514975272045 -0.10613946169057928
0 37 -0.0011371075706400073 -0.017892039722944647 0.006742460768346963 -1.9188802225180942E-4 0.010639537035935776 -0.06820846491978354 -0.07741554966410016 0.08576396727026982 -0.003634151077459793 -0.08172377074416604
0 38 -0.10255826788110838 0.0760013020128111 -0.07157169328502243 0.0714147830066221 0.043502344471582785 -0.09470298333370637 -0.09275547329025671 -0.03375536143400245 0.009767341620983265 -0.08879510124259347
0 39 -0.011737502206729889 0.01577392120144734 -0.09660281517045007 0.02364664300705372 -0.013916113288515962 0.01690094329022021 0.036154868396986214 -0.06740283546219031 -0.03986693492506083 0.0545202858791228
0 40 -0.06564630300029752 -0.03430587937050459 -0.05837333846369587 -0.057289117348239126 -0.002773281929479356 0.005168267839671901 0.02709225413068149 0.011197397646194235 0.07408918351921708 0.06267617262761835
0 41 0.048806404248830156 -0.14447244003817386 0.030449209501403156 -0.15055037065586066 -0.01142167142420307 0.08506507185722484 -0.06716933089620207 -0.09564811924932162 -0.04980594494565086 -0.007292249715065111 -0.1914352950155871
1 0 -1.5098523692959658
1 1 1.193807965924844
1 2 -0.41686044589574484
1 3 1.2512412507971011
1 4 -0.05950449101968606
1 5 -0.7212077872173106
1 6 -0.8467899181917924
1 7 0.7189931302678128
1 8 -0.18478990425887432
1 9 -1.6678728205072102
