## LambdaRank
## Epochs = 100
## No. of features = 41
## No. of hidden layers = 1
## Layer 1: 10 neurons
1 2 3 4 5 6 7 8 9 10 11 12 13 14 15 16 17 18 19 20 21 22 23 24 25 26 27 28 29 30 31 32 33 34 35 36 37 38 39 40 41
1
10
0 0 0.05650071277956085 -0.03306690965538662 -0.007791958475378908 0.07580044396921268 0.028971858057888076 0.017902444552161046 -5.942260858872457E-4 -0.010955537971235434 0.08577472827980523 0.016315638592247036
0 1 0.02175926473981149 -0.041608626552765864 0.010647192541281748 -0.01588619771610256 0.061311188872712266 -0.020485497447789058 0.00681690424047071 0.03727254880347055 -0.014185598960276543 -0.0953496254815666
0 2 -0.08898196914489476 0.020696004472607218 0.09988813327784019 0.037533518126794556 0.09908339640018225 -0.09818432567958714 0.09735155521596799 0.048172666290975795 0.07885395898828669 0.05383333714052414
0 3 -0.07477899504004261 0.0529974521680777 0.09420594102150402 0.06275053513655697 0.04900563960062425 0.08974536839600611 0.07591434606168854 -0.030582729615259215 -0.025103039691231583 0.08982147408428365
0 4 0.03045648944517956 -0.027401673853790085 -0.05352037195378161 -0.02390493585114487 -0.08195049253675761 0.01780693750793941 -0.08946399792532497 -0.056250305532655163 -0.02223389065561425 -0.04435018201283967
0 5 0.056347525432321355 -0.01303826451720067 0.08494537081113768 0.013021761248751061 0.09487161687942217 -0.015382224914794575 -0.009105175722030293 -0.06192210117367448 0.02702631858840091 0.07552058892128209
0 6 -0.024325950839661763 -0.070137307078248 -0.07465429514237276 0.08030453144478181 0.07444822606475435 0.07609815664119192 -0.05272128956171953 0.012343641930669834 0.09129057119532909 0.031268255240280235
0 7 -0.09826352991479351 -0.07158500836592172 -0.0471293209156052 0.011344199291294413 0.0066309170424650845 0.06103250176393136 -0.0419226545838574 0.041613927605168584 -0.02134060952694757 0.09907377653501158
0 8 -0.02657707695347888 -0.07178105134806781 -0.06276764900704426 0.0011066167747120442 0.025264539201466027 0.05372270343540248 -0.08920005495546285 0.05286507894605689 0.09495825053022043 0.031068696478703892
0 9 0.052714614631682914 0.059560974899465456 0.052415808574505285 0.05199375024228699 0.05188641706752798 -0.016587647272815982 -0.006903912004478901 -0.05408940395911108 0.08472073372118967 -0.09019918753251636
0 10 -0.05960421271456703 0.05033386836360122 0.07390152450885687 0.038019476159148594 0.0698924334392081 0.06717483487328556 -0.0713980749279664 -0.025964501989464924 0.041747469068840574 -0.04553270524419226
0 11 0.047310149454419685 0.01838754613631547 0.056066967886555685 0.0195865447279096 -0.03609485953547282 -0.02748388116855017 0.057773439062564595 0.02916059602379632 0.04054359650548416 -0.00818714766902628
0 12 0.009044135177402797 -0.004661242768400398 -0.09426571149619456 0.07795462121857293 0.03659042509807826 0.0903096867451011 -0.04212286607260529 -0.01866149209912112 0.035282175925884014 -0.031570051389921
0 13 0.029682336640996485 0.09558064915606798 0.03318095146577559 0.061833062136753665 -0.08155234442616345 -0.08608496775435469 -0.09540030743886745 -0.06695504028821439 -0.01260379411428729 -0.0666897574266235
0 14 0.013807838102364241 -0.09257212021685814 0.03652024119722367 -0.052663106060623716 -0.03338153653492414 -0.08847591195303066 0.029104773847756574 -0.017820792156254588 -0.07073781314311153 -0.048789723881326026
0 15 -0.05871475733438978 0.04501411786520577 -0.009044880518921156 0.017165152294645308 0.01777817442495547 0.08088222768149127 -0.09529757806017482 -0.07554799614259462 0.07686376147872884 -0.06677611187516534
0 16 -0.02327245426505211 0.02156994936140732 0.03517376621878795 -0.02184686928009457 0.05872461569911024 0.07394249744073794 0.06063046673525683 0.039098855404157126 -0.05046609819415891 -0.012229419877562209
0 17 -0.09507996873496558 0.03329639308577385 -0.0802435670983545 -0.0721037752899478 0.052740609985975885 -0.05110180628517225 -0.016646660583595898 0.0668572190129905 -0.05173353791396001 0.013072419138990708
0 18 -0.08246851628618306 -0.09839406472746814 0.00292554844313131 -0.0049245820204662175 0.08920176836320026 0.057364821562650506 -0.024282216849281613 0.08093645190057357 0.06270034318954296 0.08251027984883959
0 19 -0.0623880361978673 -0.070615787852143 0.06702449014652588 0.0660904657368115 -0.08153711197422513 0.00370964061188106 -0.029655485571111556 -0.04444846035278621 0.02090067399175268 0.0820832415160152
0 20 -0.08507315403247702 0.014552888927496076 -0.033988516650057594 -0.028881199076272162 -0.08613412702987364 0.04642429344832873 -0.09552379191805746 0.04034173929305822 -0.07327197380731958 0.04322697866401559
0 21 -0.002754881997943386 0.05240448733084603 -0.05591738198787493 0.01786819844894932 -0.00451803382869599 -0.006255673771622376 0.03445389196173358 -0.01131764687121127 -0.062034030900380885 -0.0660645476159004
0 22 0.08435934779811076 0.07893867340471335 -0.08332390073918326 0.09726830783899794 -0.030193302158056202 0.00945590647694126 0.07514182097570248 -0.061264073458833314 -0.0630539911865761 0.02088245820527358
0 23 -0.026846187136072654 0.021960615715845434 0.08943641977491897 0.0019815472283566393 0.07031903744137168 0.08570404376116923 0.05784316134046564 -0.022002224095678327 0.0663894325702663 0.01665925450285934
0 24 -0.07897849857550315 -0.04315700542434425 -0.026439536903996808 -0.07998307672593886 -0.03789097998010321 -0.0039359120375724735 -0.013812430296092254 -0.06642281488135626 0.0011485503828322229 0.031399828287488864
0 25 -0.06505951383989071 0.03817959168593058 0.03808556975702415 -0.05965329681673546 -0.030745438860432635 -0.025994858391068833 -0.006265798128744407 0.09902520805389059 0.06846182814502752 -0.07066783151713536
0 26 -0.0020065051875175 0.006426741522247267 -0.007836036688853626 0.07382491291840365 0.037088073145060386 0.04965595401984698 -0.07157509324849107 -0.06679248561259934 -0.08617676360396982 0.04677762264803285
0 27 -0.06000095954964511 -0.06249602747840063 -0.04176557925596585 0.09172875943976573 -0.09432891797318696 -0.07819140526217747 -0.024079191430873163 -0.03817752016438294 0.07290048831702751 -0.050637541734308546
0 28 -0.02201574948520651 0.029444283445163942 0.015461596309141172 0.07750706404154513 -0.07986024394543575 0.00529622204215901 0.05672517507234012 0.02811096234585051 0.004878780470664758 0.009202323229541202
0 29 -0.004073726323865623 0.06003791081508724 -0.04214755544420418 -0.04910130252588291 0.09297755293412772 -0.07130457030644519 0.052649304860439464 -0.03544533976238194 -0.0570614906642657 -0.09165170012773535
0 30 0.03497066970257334 0.030997244355293038 0.08011564795063866 -0.08888698970725817 -0.050509775414843285 5.088713752078158E-4 0.012107402438569408 0.024687988954117994 -0.048297477565593876 -0.039404443498104624
0 31 0.012791188949812803 -0.04496433313204207 -0.03651983566345567 0.09509243064037125 -0.032394421742119185 -0.03120414631950687 0.014628642225630288 -0.06764571837132365 0.05215227200833868 0.0709521946911842
0 32 0.06306717756275093 0.09199965780436882 0.08348701339460309 0.02760760418765061 -0.08402001545011814 -0.058108882177574976 0.07085736552542397 -0.0025580425760021197 0.004257855573223648 0.021549546650753346
0 33 -0.04850784603998866 0.0882790051399483 0.07405189531837796 0.09418895724333504 0.0806990926679674 -0.0018573448410752573 -0.049386147990664 -0.08011485721164982 0.05114769031292311 0.07507281539471945
0 34 0.09727344969086442 -0.04223522775433559 -0.07591083469319054 0.05455422596905288 -0.04584728759767047 0.039495607739003104 0.08413647358140329 -0.027109455614229214 0.09194717695306344 -0.0772587181715392
0 35 -0.050654381987800715 0.047386887996477715 -0.08145403131097767 -0.050939920829249044 0.06216786574475519 0.08777518277611923 0.01016222914339755 -0.04397483870642553 -0.07451040877230727 0.06998349020505566
0 36 0.02101272690409006 -0.060399442950115234 -0.045386833123142886 -0.06900653054449034 -0.037788749872969 0.036652783591844686 -0.03219470482355121 0.09471215207138939 0.0363451738130706 -0.07688846977027561
0 37 0.005337070901513402 0.07052449441894645 -0.0495774976207607 -0.09917992890508842 0.06315244987800887 0.025992363187520556 0.09324329104478324 0.06349274923134916 -0.026624891545989973 -0.011754258979126787
0 38 0.026571894888431064 -0.0780520624240013 0.057222853984028196 0.030008950605949453 0.08652186436906857 -0.040944491750668055 0.06793953121677758 0.04164895779874354 0.08703294048127103 0.08344126711026262
0 39 -0.09109112621670637 -0.07722867595729986 0.03673999108686863 -0.02494762567670091 0.025811824917711064 -0.031268806727851935 0.008300903233292882 0.036376226852762227 -0.012615637029534107 0.06410335587889855
0 40 0.08755768312771989 -0.035946580571389164 0.07285292896438561 0.0701448508760937 -0.041341447290418845 -0.008977469220237157 0.006856598828937513 0.09699085226505821 0.06906453050829153 0.05158090455810456
0 41 0.09211305016826805 -0.010229357496662374 -0.09700890187179208 -0.03872768150777464 -0.05601530695976332 0.06527857618240081 -0.07129515336437124 -0.08526191946260032 -0.023758798376924906 0.06980758689115621 0.023437529802322183
1 0 0.06607426702976299
1 1 -0.015898276120424083
1 2 -0.04503531008958791
1 3 0.08705200254917182
1 4 -0.0018005013698711885
1 5 0.05085109546780562
1 6 -0.016088593751192252
1 7 -0.09335417300462782
1 8 0.045846290886402116
1 9 -0.0709666386246686
