## LambdaRank
## Epochs = 100
## No. of features = 41
## No. of hidden layers = 1
## Layer 1: 10 neurons
1 2 3 4 5 6 7 8 9 10 11 12 13 14 15 16 17 18 19 20 21 22 23 24 25 26 27 28 29 30 31 32 33 34 35 36 37 38 39 40 41
1
10
0 0 0.016677551101624083 0.03255366575830753 -0.08328270531340165 -0.09032647706559703 0.03517567867552677 0.07099842993266217 -0.06836697881972602 0.084355372951875 -0.08813228437869663 0.05892756414643789
0 1 -0.09852682269977941 0.00995424523829841 -0.09453825350643745 0.04651396170844978 0.07831185077694874 0.021326362780375672 -0.015983536086937734 0.07290988182785307 -0.004673376280432072 -0.06192940765220863
0 2 0.09142330629653822 0.05168104453043385 0.025671885486816003 -0.02362350918241032 -0.011787794603201156 -0.08278435226922852 0.07284347853644793 -0.08300697848631937 -0.033673372386576035 -0.05999497958936578
0 3 -0.059923831394252836 0.07688631012053566 0.060481141889724484 -0.07767358986011023 -0.016108264324198814 -0.07455954971425095 -0.06464318416214934 -0.019458921920153055 -0.061656688229332485 -0.08806589422073967
0 4 -0.08492998436140785 0.027282357711939292 -0.040251487785155124 -0.037811953380165804 0.009137472261648863 0.009819991750759248 0.09356619602296122 -0.05657232856094202 -0.04514961531563877 -0.04488181867215086
0 5 -4.184200061754408E-4 0.07364319261350273 0.08967625388920251 0.0748556669815819 -0.007818708201390244 -0.06304948382330824 -0.026497834846193186 -0.06813426717932755 -0.04572926686169786 0.08537373116069565
0 6 0.028923460571187675 -0.04705171307968226 -0.05584229958193534 -0.07429650210410621 0.08955747733393103 -0.03829756960180345 0.0611679320994956 0.042430313777972725 0.07529085503759199 0.007831999583794545
0 7 0.07004322731589725 0.08914217870502478 0.08864768035987856 0.08318511881128687 -0.039088642366422725 0.09457787577718392 0.018769714677433314 -0.05021216892743711 0.015070921570377305 0.07340034863058015
0 8 -0.08196192310337351 0.03336712817647495 -0.03931589614860491 0.04612718622087205 0.08445174320556399 0.037079505734854724 0.026569026829657574 0.0568370481273518 -0.0874423624252808 -0.026038096694334774
0 9 -0.019715593064785777 -0.026986249326593208 -0.01973213170349466 -0.07203924583290496 -0.08699596678904656 0.09401319771291906 -0.060662372623442026 -0.07897936604974343 -0.04755632141537229 -0.02177018322874879
0 10 -0.013292723276636718 -0.026208887355257563 0.0049975034501563214 0.008718627241050011 -0.0962922852698822 -0.0369438377052177 -0.022671275495946146 0.04359039455427369 -0.011115311475063644 -0.08762761488074976
0 11 -0.09710453959901089 0.07419866774012945 -0.08118921846878085 -0.022466650390507773 0.07216605854073266 0.06345033310495338 0.019168608772189972 -0.02682361111526075 -0.09090788085637579 0.001249308556727981
0 12 0.04979139156108427 -0.044999238970219166 -0.09877528824986821 0.03186627225410286 -0.006136907524311334 -0.09507569210028555 -0.0965315151302866 -0.033293501539479006 0.019786500369605005 -0.0495820853556121
0 13 -0.09244960436437032 -0.05390326130755371 0.047258067798344655 0.09875892829488284 -0.01538214447894356 -0.07322253308441634 0.009381113084670599 0.008838352691840665 -0.03616663474861286 -0.0035752885777588163
0 14 -0.07192238540235579 -0.017603649726618657 -0.08434360538531818 -0.08898535497052973 -0.06328207539465469 -0.08923772852405666 -0.06762465199904387 -0.09082145212484274 -0.006150104041818225 -0.057329701089217124
0 15 0.07317517165162528 -0.07368421585582545 -0.03992658849005372 0.046879999470292116 -0.07528636259836892 -0.01345011763088909 -0.023202885368264307 -0.05797207475124782 0.08390084945781859 -0.057706581981524833
0 16 -0.03550137117743827 0.031862307639725806 -0.04193988550605336 -0.06026477894876248 0.042306661415266275 -0.09662462522738423 0.02034140284725104 -0.09725354332582853 -0.04833222099995213 -0.007382656609409807
0 17 -0.0654136289043801 -0.04782791570313731 -0.03994611611910751 0.05469596479673241 -0.024894331132288918 -0.08805225009504485 0.009622638705183229 0.013022882260232568 -0.016186190007737182 -0.00417418334591026
0 18 -0.06307941088279706 0.04127416112685865 0.0029267669547305823 -0.07794267846970303 0.03256790968058601 -0.0274967945112931 -0.014940597563124597 -0.03517170139677474 -0.058631550448674734 0.09023606965334774
0 19 0.08026962296267322 -0.0773314080419849 0.05723340303672661 0.01099819105634156 -0.03787247554513106 -0.03486647280023063 0.058947883415894076 0.07399332731572837 -0.06490164668585091 0.09117525942895623
0 20 -0.09268561540060073 -0.03207937745697581 -0.08344600376348187 -0.026428302434947967 0.08750713637604554 0.0010882002749884401 -0.008158559639642498 -0.021459895283577758 0.083494669344274 -0.009069564444895447
0 21 -0.058447793863973 -0.04451502262348122 -0.0742559416722649 0.09048518619871004 -0.08648422623861088 0.013975824712762284 -0.05281700617470524 -0.02178292735297366 -0.06658697204178125 0.09619027689308864
0 22 -0.09551930042712863 0.03997641010136002 0.049090395576206924 0.04803522289806001 0.09860660427699405 -0.07220854136564901 0.008203862008175033 0.06063835254029596 0.07698408880523881 0.03136184447811455
0 23 -0.0026098520639570794 -0.09343224813098656 0.04492426288452349 8.452383495338393E-4 0.0236052757334394 -0.015036153756798029 -0.02531175065316578 -0.03985178668771143 0.028007993683161734 -0.0825181905752638
0 24 0.07583458142429715 0.08796979473975265 0.038829843253238995 -0.0972332358316101 -0.07717108608418519 -0.04073282067530208 -0.05107573903205771 0.0730579029859341 -0.003208981560714006 0.09419602898540283
0 25 -0.09721825388236165 0.041876290418189105 -0.07991497248656801 0.029824080198670434 0.011597610140932926 -0.09785168409751756 0.045691540031028655 0.02234365966366564 0.08351902760345001 0.051621826624148937
0 26 0.044391395992772184 0.002169534150029594 0.0016247337828480478 0.028001601752053056 0.020556415573455826 0.0035562634470551586 0.07628457135332953 0.08790953259720266 -0.033066611134007544 0.05357973043538319
0 27 0.070458321866059 -0.09673472441490649 0.07618072848777317 -0.039455181054776065 0.08428812804532836 0.096620626853471 -0.07387259970149591 0.0012839496984314123 -0.014013411390778892 -0.0577506143329584
0 28 -0.0156869497913075 0.0540288579012636 0.05132742282497354 0.09996046987787106 0.013693972818740262 0.038303058581153446 -0.096997678975639 -0.07799308789222575 -0.09023804715338271 -0.03639165548209586
0 29 -0.03785343875647017 -0.01951435396459629 0.05143062553617709 0.06527780032604474 -0.076998517360433 0.08735384874914069 -0.0623476707285096 -0.07902959805523999 0.011829247141812878 -0.01587353128430627
0 30 0.014181094054953906 0.06761080388322976 -0.027150888117044674 0.03523969748285036 0.06827002912559718 -0.04168645151129177 -0.007788889034364226 -0.05518629232548737 0.06741015049171388 -0.029734680466595435
0 31 -0.07703401140792884 0.026960735868669074 -0.028882506824610698 0.0956203588854311 -0.03672366052110823 0.04013118708062676 -0.07207971761283738 0.004827565891707259 0.01857194043559015 -0.03939006487868444
0 32 0.08818629612515955 0.02913624140751545 0.0553015929330249 -0.06622578592850267 0.02930042207072903 -0.0819817292069818 -0.04702295165728166 -0.03940236648123923 -0.0800830093589121 0.0185348100902162
0 33 -0.02750518889741047 0.08962778697671452 -0.07623310997749387 0.018787791912468963 0.032890721548236856 0.053983897636060416 -0.05094892364386035 -0.09527944906207192 0.03702892272055123 -0.01806213229227954
0 34 0.02322072274518486 -0.03169512368453194 -0.04541899553556159 -0.06595938596271347 -0.08976955883950759 -0.06404628619050776 -0.03346946339680907 -0.06092432598537575 0.04626264755919299 0.06170968197501509
0 35 0.07363064420678431 0.033909552758581 -0.04285526143365832 0.0518566661879413 0.020615016126739764 -1.0773837878299898E-4 0.07427433693912196 -0.058300211697947614 0.015060162443831246 0.06037805074727456
0 36 0.014805332359822461 -0.09342639318970422 0.020061055966784654 -0.06795485601369376 -0.03594406599687445 -0.04871807141899058 0.028910581071262882 -0.05717430755253267 0.0840958853872104 0.0824932994186464
0 37 0.06794244024906264 -0.04243337521229175 -0.05565396209772308 -0.08542324872151877 -0.07237558319953602 -0.08129568094818841 0.08113043038121955 0.04499764798792757 -0.029187577061433677 -0.09951171884081653
0 38 -0.01122075174646662 0.08951911709496513 0.06911684659438763 0.04039440297036643 -0.013127920450780635 0.013539179655536143 0.035633883443521336 0.07818650251566579 0.0965999894866754 0.03218583552980891
0 39 -0.07642041480607303 0.09232826442353763 0.029169666159059006 -0.007472311019982662 0.08292042723387397 0.050065218805466466 -0.049988015497059536 -0.022142134192113843 0.05045904568785526 0.08639420373733532
0 40 -0.05893978356157083 0.05058056289093114 0.043483781099242426 0.0017005064137467316 -0.03915619536566575 -0.09162904759580778 -0.02810959235631115 -0.020961499521478306 -0.0732255943118454 0.08051337064395729
0 41 0.09416911562985045 -0.08587155930713283 -0.04985500580187359 0.025289603415758487 -0.020454276181527512 -0.07587187422774373 0.028907851686487858 0.07550263979002711 -0.06880291809140528 0.07083466519304807 0.04054986312985336
1 0 0.07887038588523919
1 1 0.06768770515918737
1 2 -0.01837688125669937
1 3 0.09824114292860076
1 4 -0.07228028774261376
1 5 0.016277676448225937
1 6 -0.04692737013101534
1 7 -0.027904098853468777
1 8 -0.06017341464757912
1 9 -0.07295012474060128
