## ListNet
## Epochs = 1500
## No. of features = 41
1 2 3 4 5 6 7 8 9 10 11 12 13 14 15 16 17 18 19 20 21 22 23 24 25 26 27 28 29 30 31 32 33 34 35 36 37 38 39 40 41
0
0 0 0.018337555792478987
0 1 0.015186721771144236
0 2 -0.06064427149328575
0 3 0.0829513633788126
0 4 -0.03708047901859542
0 5 -0.04733903962170184
0 6 -0.052111150991778474
0 7 0.06987782544628388
0 8 -0.08011187756454027
0 9 0.07777494570677904
0 10 -0.053849231410780754
0 11 -0.0929539607619862
0 12 -0.014120027635179633
0 13 -0.0962388726786184
0 14 0.014801888145025196
0 15 -0.07224667508606925
0 16 0.060742196135379574
0 17 -0.027339979539565552
0 18 0.04284310311354001
0 19 -8.458565495344256E-4
0 20 0.08003376020520539
0 21 0.09330744414475531
0 22 0.057665245498811926
0 23 0.09170749011311664
0 24 -0.022549179512319398
0 25 -0.08754556699384192
0 26 -0.08953534591988853
0 27 -0.0928961187718462
0 28 0.003815617408064144
0 29 -0.07500820532696224
0 30 0.05857777175753309
0 31 -0.04175121099085749
0 32 -0.02256898318205608
0 33 -0.052137432650008614
0 34 -0.07423820928156503
0 35 0.028904190475194345
0 36 -0.029424829369035878
0 37 0.05367330757559991
0 38 0.04295501281854605
0 39 0.060045630151199805
0 40 0.036536844976390176
0 41 0.09980234503746033
