## LambdaRank
## Epochs = 100
## No. of features = 41
## No. of hidden layers = 1
## Layer 1: 10 neurons
1 2 3 4 5 6 7 8 9 10 11 12 13 14 15 16 17 18 19 20 21 22 23 24 25 26 27 28 29 30 31 32 33 34 35 36 37 38 39 40 41
1
10
0 0 0.051975155315778315 -0.045772237010500025 0.030004279639214596 0.043543793235061176 0.05717958707939659 -0.0784189173381207 0.04505915266294667 -0.06466270617340805 -0.04417980948729055 -0.04226256131140987
0 1 0.007284920804448577 0.03212275788061424 0.051999313610887485 0.08939296922581877 -0.010501580921435829 -0.09847183216890198 0.015942951979183266 -0.03912957318576731 -0.0837243103195431 -0.0933639992288393
0 2 -0.04630486405133068 -0.04193720353619315 0.099019885262241 -0.07661666896292388 -0.04248225108794185 -0.0998238021354605 0.0848092223870913 0.0023558831290158362 0.03647352145296391 -0.020185696200199995
0 3 0.040115823691368076 -0.01882171121186107 0.0012459293221505304 0.011716430372337478 -0.004211331071534847 -7.034684513103648E-6 -0.06753765084702697 -0.0980182092969843 -0.06081300055586881 -0.09438728421836755
0 4 -0.05914955900563797 0.020835784353206308 -0.05870422200377992 -0.020080982079651834 -0.004238281043565834 0.06015805430698042 -0.07893714318212115 0.007131041792582675 0.08077919438565485 0.07941803387711543
0 5 -0.011276440305840754 -0.015819459644870325 -0.023380309053737527 -0.028330352681002022 0.09256090297164088 0.00994638892276862 0.05294517531113716 0.013852620441295989 -0.004734086246612114 0.07515173918349208
0 6 -0.0011795962332366745 0.04833122461793824 -0.0708883602194515 0.09998118227369161 -0.05258018847263793 -0.0346378665912507 -0.057458322239553467 0.03732374029765984 0.07821798697355635 0.042306414260528606
0 7 -0.0528867263134488 -0.0638615305060883 0.013692450349498009 -0.053748312284192114 -0.008398475274501035 -0.04350484343565453 -0.019937078258957058 -0.0338766254156047 0.012826355463432745 -0.0750872481875513
0 8 -0.06623031072761582 0.08317354825357208 -0.018399111101519188 0.0842419406420338 -0.008873473114934407 -0.09479001546439876 -0.05683739658900947 -0.06389269846614883 0.05027843208682952 0.01863343460513985
0 9 -0.05913203304324301 -0.03309028481347931 -0.04077163586244475 -0.07748124077321204 -0.044938191657905704 0.014907570969148243 -0.03463298461242348 0.04608719035436832 0.052182860490606844 -0.07202063762397203
0 10 -0.001124482374449289 -0.029207783071930532 0.06573936328326707 -0.057589519074822015 -0.08828878577954433 -0.015937090377075046 0.03693588049133447 -0.049971590603824834 0.05029628067370228 -6.778949048745388E-4
0 11 -6.170205748061841E-4 -0.05492483130561842 0.08271730117738739 -0.07527741917888668 0.07587267656404943 0.03268473937201128 0.046379949102900116 0.09890393119655297 0.05733128853449309 0.01440908581646542
0 12 -0.03037859862408251 -0.05185327238563719 0.039285385514663505 -0.032848660419323744 0.07700371552629431 0.0413286902111884 -0.06021115174128339 -0.06299869003897969 -0.08056002592448064 -0.032938899377223094
0 13 0.009435432971369112 0.028458753484420226 0.08569205109424262 -0.015582337529279363 0.025846244580246827 -0.06885297553415115 -0.028708887432332353 -0.08362338803451858 0.007441834433933758 0.010319854893536857
0 14 0.00748260845578887 -0.05518678571595384 0.06086413814647911 -0.0036274096859767895 0.015337328729234526 -0.08702521853960243 0.03806895807520298 -0.014122354373483052 -0.05515793535141981 -0.07236162391013717
0 15 0.06161103068764745 0.06682491964631898 0.01612219886098847 -0.0189347064387059 -0.08602781332214679 -0.02924719297291387 0.02094745946412704 0.02586347610242347 0.006873226033506349 0.03240264580532167
0 16 0.048571366363222165 0.0709484962456628 0.03775767374868639 -0.09262184343701692 0.07783437615250902 0.09891428269329694 -0.06090205859492725 0.07340715494896047 0.05091663041568609 0.09912072970396592
0 17 -0.08182701229941726 -0.001739807841927618 -0.0030441681315605943 0.023415001495376835 0.043482120479025665 -0.08060739472211872 -0.007362527112294391 -0.05443711438337712 -0.02925596027663231 -0.016717560409300735
0 18 0.05569113653677391 -0.08421071613742735 -0.01923362174484953 0.08841776971916188 -0.022033346957421193 -0.022182893456109378 -0.06209573157310432 0.024643576276543226 0.07810691881565 0.0643641977550738
0 19 -0.02721944514759025 0.06336435959323047 -0.0673425276901234 -0.08441353596863924 -0.086201581436399 0.09043155434579464 0.009406898367503528 0.0387524969137895 -0.04604610556576296 -0.020635803530370166
0 20 -0.06540333381581702 0.061899944128608254 0.050143554695912265 0.019146110922805007 0.01856914031492687 0.02390183623403581 0.05747254070915296 0.0793839809270144 0.06697509603900452 -0.03455279502755458
0 21 -0.06846839497399032 -0.006625080655270425 -0.01611716392010688 0.023987207618306767 -0.0700885269317642 0.06773190603262406 -0.04330939423054861 -0.014365866338496491 0.05219042433919538 -0.041287903157197256
0 22 0.07835595672950998 0.052735100651035934 0.007459703217437342 -0.03842424528731873 -0.009280543275011363 -0.026578767094388202 0.02438597339397405 -0.09354796701775546 -0.003290519027474538 0.011461799880442557
0 23 0.0676704548187494 0.05683569915228886 0.03136864269718672 0.046024417633205514 0.09264130095791707 0.011393576867526735 -0.09733297702075117 0.043768659353940184 -0.01743806878175543 0.07358032970562846
0 24 0.001872368085472472 -0.058157349379487036 -0.001949006551140869 -0.09429335097162149 -0.028984261981415425 -0.019108815046951333 -0.07373099888350289 -0.0930658882317796 -0.0716872468812068 0.07313443138501029
0 25 0.07842812490066473 0.01938154543509489 0.031090691501490623 0.09838990640135338 0.08688390930811295 0.09134952941604325 -0.0827258108040499 0.09719285516951665 -0.042631270214263245 0.04914095800946294
0 26 -0.01988119916524147 0.07842011942253475 0.023879774198373244 0.06570713628541053 0.0325900347433936 0.035942189649795876 0.06520585509562747 -0.04162880878288216 -0.05935980736752701 0.04854490372132442
0 27 0.023351872219894942 0.09671660163873311 0.07706237469298167 0.09648192382514648 -0.0742705669901315 0.025536273275104927 -0.0075289731775309895 -0.06985787188519796 -0.07038057758609773 -0.0637176764958532
0 28 -0.03394645422226357 0.006977288039852167 -0.0556847553416491 0.039878325249787086 0.007175803602700311 -0.08088777868568081 0.09874517780243017 0.05514053144729669 0.053115268592602266 0.06600083654734304
0 29 0.0866863830996441 -0.0338118961601438 -0.009503271515598256 0.09257484675823774 -0.039323946540162885 0.04528471093965055 0.08007641868153603 -0.09520121696779044 -0.006067381571804299 0.07136861743677961
0 30 -0.050469141198716226 -0.009741794669787255 0.05786637797254709 -0.04107591011323753 -0.09852280607271964 -0.06172418828899693 -0.01703379050798351 7.012478130637443E-4 -0.012313995384685193 0.00971850486651108
0 31 -0.05685359224453102 -0.02149538797257512 -0.05628698798408755 0.08277359489117347 0.058472846287944545 0.07445946933556086 -0.04041509057789811 -0.0536896279859884 -0.03274550928849858 0.015164496557710792
0 32 -0.09434409738972753 0.03993239323682027 -0.005219706224258338 0.030483008189243897 0.0026655069612395088 0.01770833338333394 0.01240910969563723 0.095071250788353 0.037568142321800876 0.057019452090789534
0 33 0.07686146212828962 -0.07373114490451148 -0.003314390239089087 -0.06436893760269895 -0.013310665271360503 0.0858112295873764 0.021288542672867703 -0.025367338201893366 -0.06653695597353389 0.01469224357187496
0 34 -0.09708050043201802 -0.09596640895100769 0.09867685972143278 0.00660406180910973 -0.05504159252920765 0.07826325116771035 0.022023246618550877 0.05616040061609076 -0.061809302340719026 0.05722534353381969
0 35 -0.021504621875150395 -0.005091186068682514 -0.05214821587759726 0.04336208564275732 0.03164803519517414 0.036832401979897025 -0.021328752093896102 -0.08058866310171287 -0.082588780513304 -0.04250948155691929
0 36 -0.07675552891734988 -0.03693268076164168 0.01557723923357851 0.06821274563180138 -0.03359479991977663 -0.09317963054955512 -0.042532978816018724 0.04714140272499855 -0.08224511710940173 0.06636610215493974
0 37 0.004242454522281017 0.024126704391949312 0.08572359006639545 -0.018782627822736146 0.05806142838890308 0.043987094138492396 0.04921974137360848 -0.05708476115306675 -0.05909520166252523 0.07978706779121943
0 38 -0.05167839676141739 0.06288428604602814 -0.054876744747161865 0.018619751557707787 -0.04382538050413132 0.027973735705018044 0.08677126467227936 0.09245405346155167 -0.014517640694975853 0.04575948789715767
0 39 0.02535343001643331 0.08428979999207344 0.05064495929605866 0.07626665020539045 -0.02647681149833873 -0.07871961371666862 -0.057552171257281313 0.025857861801472547 0.029986106475443086 -0.05504333858085716
0 40 -0.0593204686368387 -0.043969137203614 -0.022878178164365583 0.03988909830707268 0.06874032801493511 0.04149719048593703 0.05327351766195419 -0.045457835777625195 -0.0029977415360105696 -0.07766679010770666
0 41 -0.02106782342042952 0.014645204495908847 0.07130600342217094 -0.057817768102549384 -0.09871497253372304 0.0039572921388396146 0.08601525199003042 0.024737202217239383 -0.03287682582244662 0.07674154644871387 -0.0016298890113830642
1 0 0.01603868044912827
1 1 -0.023265611380338617
1 2 0.021315187215805234
1 3 -0.044486828148364424
1 4 -0.017764847725629855
1 5 0.047569978982210284
1 6 0.07855650037527018
1 7 -0.007401424460112899
1 8 0.007886392064392502
1 9 0.0332851484417908
