## RankNet
## Epochs = 100
## No. of features = 41
## No. of hidden layers = 1
## Layer 1: 10 neurons
1 2 3 4 5 6 7 8 9 10 11 12 13 14 15 16 17 18 19 20 21 22 23 24 25 26 27 28 29 30 31 32 33 34 35 36 37 38 39 40 41
1
10
0 0 0.14356519886563385 0.19221501065799831 -0.008800160171453932 0.18126498920549697 0.022543933886164744 0.11908808979956974 -0.0473745721132746 0.17573853164586684 0.04794412808727446 -0.05641587973536645
0 1 0.1337989576170397 0.17814784039721224 0.0893620897475767 0.10451698730109601 0.03029524345957608 0.22677967240304342 -0.18472190656231027 0.053684449740882996 0.07013418827526875 -0.041377644482082254
0 2 0.31147320195507777 0.6771168362895936 0.025731708653964017 0.3352354706316451 -0.16713145561017245 0.9577571166692809 -0.6604817270316229 0.5742410505008212 0.01033528663849227 -0.3148243983739188
0 3 -0.005228309011282941 0.21266516644386102 0.12345732772775166 0.24358429489268602 -0.07837795456539974 0.29629148767791236 -0.2920010408238614 0.17819358042820252 -0.07991880577749604 -0.06411924549906933
0 4 -0.0998818027559632 -0.16818344247104813 0.08654603500424861 -0.1246771087942112 0.09519029604497271 -0.1411055067364152 0.0357564488294796 -0.1074949102603133 -0.08258348995251405 0.08823957936211403
0 5 0.1095398246223632 0.20750684861318267 0.047386461632858735 0.18866845434755042 -0.16778941174745388 0.38293266785934593 -0.2617930874550351 0.2505379584896653 -0.08588661826121549 -0.1895149477074123
0 6 -0.0019196617518292577 0.08290019006815467 -0.043750906581765135 0.012317898482258397 0.0062067701794727426 0.20788665519709823 -0.23998320880758253 0.04541025808413658 0.015562531671776451 -0.15951254713854496
0 7 0.04318976400910309 -0.14671226874415097 -0.04420172358985786 -0.09204693543429504 -0.03807050724356903 -0.0275632757036992 -0.021073535190099524 -0.020286898885406503 -0.02513062676793583 -0.07897655403708528
0 8 0.0018863871369628304 0.12545031791161174 0.07541304568047297 0.135375768969341 -0.004006285992243902 0.1695369782439124 -0.13478805131735735 0.10410717161346915 0.013777447315277165 0.0550635914021696
0 9 0.10573927193787164 0.26008854278393145 0.009814697788628328 0.21015212142906703 -0.14865855006335735 0.35804595015344737 -0.2407239755826071 0.19413562671957943 -0.05958262481310052 -0.13345967017501775
0 10 0.09563616563825182 0.21884749442330073 -0.04110294450071707 0.1218803505783598 -0.002652072152645207 0.22699014318046412 -0.2517767118188566 0.18721041487873083 -0.07112656587152519 -0.12433710703917834
0 11 -0.023576825162958524 -0.036598692732948856 -0.02237544824668158 0.019245299912357586 -0.029156162686804345 -0.1382811935880839 0.02180757339297076 -0.18467280329372313 0.07341282024283366 0.052117049488390715
0 12 0.07287369159997713 0.3124280786418894 0.1227633102773348 0.1627329523573145 -0.14913732675941813 0.20146036226474717 -0.2364098890330539 0.17181093922976023 0.047275241374773805 -0.02286623993944927
0 13 0.07501387317933109 0.3017189980721113 -0.022951642162273193 0.2239156779674081 -0.008727708202227692 0.3935097521403349 -0.26358553847575267 0.27388209580833056 -0.11346034070590236 -0.16595567451955143
0 14 0.027627536404450544 0.2753193463410228 -0.048334966985168606 0.1361021943410338 -0.0031023193537650213 0.26647776355916647 -0.17937818791860213 0.05623947867133831 0.016248090406554106 -0.16316810839919155
0 15 0.05821253538168675 -0.08009927896070507 -0.04471609758786386 -0.10188355941991031 0.030636088481797125 0.05479078617070739 0.09613568848909287 0.023539017520967095 0.022686069531003668 0.06514194398664655
0 16 0.13069980215057553 0.15183032757884782 0.037386065400203956 0.1020514533077163 0.039718854005799414 0.19423856483317975 -0.08943250607072438 0.007363818322487781 -0.08552753844236675 0.010701067479206646
0 17 0.03695230882771929 0.1092192634432994 0.0017863069173345023 0.040722598994457765 -0.11118518099344644 0.05494113033607123 -0.0593804189951174 -0.029912611877454094 -0.0959710684889517 -0.12936473274387628
0 18 0.025618378592524634 0.19960002013294045 0.004463784111793128 0.12723437655597566 -0.029568191194032072 0.17997382137481976 -0.120161759532396 0.18107696276805402 0.07899931300721305 -0.03924281572427773
0 19 -0.03509786388338439 0.06538027168212478 -0.008641928286921908 0.08877782700223688 0.0056138080344925395 0.13419956207921582 -0.07124643009911989 0.1423739516945606 -0.024338140630684305 -0.10164498275279181
0 20 0.06524533929081802 0.1160476840473495 0.08458435932090198 0.16919792683463192 -0.13400536789305742 0.1341577742467492 -0.15098393682958183 0.04807233053220708 0.07188108862729048 -0.11498893243880602
0 21 -0.03418455074645752 0.08099363538252839 0.03506887504989206 -0.020698331682993443 -0.054277446561722086 -0.032326914054540246 -0.1158213273824872 -0.04716213093022442 -0.0021585883694972634 -0.09813101850370555
0 22 0.007869067065316692 0.09298033691880954 0.1112301018484736 0.06108326544358561 0.021176823448542482 0.213711576857308 -0.05965191402110597 0.062336660480896706 0.05407436303521876 -0.12487809764526858
0 23 -0.05492915120159628 -0.09711925305466278 0.03194850865579712 -0.12407476723916719 -0.05937355749857654 -0.05567342713413303 -0.03996070955345766 -0.05166361580692602 0.013175841118545563 0.012643988387821
0 24 0.10422547557781182 0.09847997467013403 -0.033918465858967295 -0.028836343420077785 -0.1041409114430749 -0.012431037247764334 -0.12741288279984614 0.024924776981987248 -0.08939511025594409 -0.07840538699983392
0 25 0.009936729226359539 -0.2201313693608064 -0.06083492635599039 -0.09830691286420862 -0.026138508052608003 -0.2668358750800634 0.03781586168628372 -0.02955977074992502 -0.060332780435244475 -0.033676079686826225
0 26 -0.0537172396347785 0.10488137533247763 0.09923733856479587 0.05424846938274083 0.06997121436189788 0.032881416175300694 -0.06560029689406678 0.00943092046053166 -0.07209300043018511 0.0014164184004970674
0 27 0.10510663147404704 0.062171288641664706 -0.03144337897595021 -0.04066214258930424 -0.09520912428687674 0.19019417788350068 -0.024967770557866295 0.1048932651906732 0.02404032501756285 0.003022056037766091
0 28 -0.06715246510839659 -0.00695541792274697 0.01788835794235768 -0.016734644647050857 -0.008913855987587664 0.01045671317292204 -0.004585187872741394 0.02204722520619531 -0.02979593486341213 0.11192318178389915
0 29 0.005524358699009005 0.0366171271069727 0.04423728195596897 0.030756935509075805 0.067092375315369 0.11565635042666905 -0.08834426346939708 -0.05033431037300472 -0.05576841939816707 0.07129105134708139
0 30 0.07984491754066889 0.09760033417575038 0.048578568080252 -0.045774003771134886 -0.07356105974542332 -0.029386156069932428 0.04614042622167531 0.05003913067210938 -0.028765396678801566 -0.042653845986214085
0 31 -0.023368794126221934 0.09150390139445488 -0.03853701428002991 0.0159113497965822 0.017598487814435976 0.18254538337209705 -0.14834624811769945 0.1163663771860791 0.07606608182167683 0.04202603033763435
0 32 -0.02320846629775626 0.11163455966599473 0.09017276377870558 0.04142277234333337 -0.05799953475864884 0.15953484627209427 -0.052914708636894785 -0.026849356638323753 0.09074697402139652 -0.009849471587756382
0 33 0.011547859050866674 0.12068357547782578 -0.06265757941362633 0.04908984266133971 0.014281467467439989 0.07381667160355822 0.040674940671799845 -0.04188018177238768 0.048898309409288764 -0.04499219182509126
0 34 0.07814353944710653 0.05106664474515594 0.004284939708833441 -0.037592733098707656 -0.05713664667973505 -0.033035881518107296 0.08957328244074558 0.0213339149741397 -0.007222397423451957 0.009014384065428935
0 35 0.031858744103116524 0.03451576994707405 0.08264344871455431 0.01744004324325992 0.08927222358254776 -0.020818440696373994 0.03866747499674993 0.04091725063494949 -0.08007776401835782 0.07880335064988218
0 36 0.04476820054306316 -0.04942529676056729 0.042688548171142794 -0.003945862953046441 -0.08362102336354389 -0.09275555903081155 -0.049250852425879045 -0.10595490263731158 0.008995281228244336 -0.09477138419014144
0 37 -2.513326097578327E-4 -0.011845627194434395 -0.06104184225261117 -0.10103454168442229 -0.07730941615914934 -0.09322622156325237 0.015292173816292947 0.02805380997404263 0.0543595401914105 0.08963365462345875
0 38 -0.09115433749174424 0.07645121775878554 -0.018397250754589946 -0.042331324357025545 0.07071407055170498 0.10163661558260598 -0.005965990550950483 -0.0916093989046872 -0.08672747321140419 -0.0874537834601792
0 39 0.09782760590314865 0.03143806383013725 0.025380033999681473 0.09352387487888336 -0.0364387109875679 0.013388645835220814 -0.057086072862148285 0.006075239274650812 0.07465972006320953 -0.08422553539276123
0 40 0.006247500032574617 0.02804259604808219 -0.00623004669997693 -0.10690817567116563 -0.04457703118189456 -0.053678479157057035 -0.0853751570410341 -0.14244571358758473 -0.033365669631042344 -0.06974283010652793
0 41 0.07907696616993069 -0.12223361571456651 0.06160371836303207 -0.019204785161049318 -0.063657910742053 -0.04276068909535594 0.037348407027087915 -0.03379109158394854 0.009383883412354833 0.005593493328839664 -0.12000291378785596
1 0 0.3425322388820465
1 1 1.0730248964754197
1 2 0.05316960715027082
1 3 0.6401014057454433
1 4 -0.31716464202508127
1 5 1.3747799160077117
1 6 -0.998448843013852
1 7 0.8054947220290388
1 8 -0.0962153856924609
1 9 -0.5569458743621472
